 Number of surface minima:    65
   #       a.u.         eV      kcal/mol           X/Y/Z coordinate(Angstrom)
     1  0.10371248    2.822160   65.080620      -8.206115  -0.184122  -1.573657
     2  0.10025409    2.728053   62.910444      -8.028669  -0.724623   1.022839
     3  0.10153612    2.762938   63.714931      -7.268676  -1.310476  -2.790406
     4  0.10223891    2.782062   64.155941      -7.050396  -2.278381   1.588282
     5  0.10755531    2.926729   67.492032      -6.659703  -0.566917   2.107013
     6  0.09424094    2.564426   59.137132      -5.902142  -3.280393  -2.182436
     7  0.09755533    2.654615   61.216944      -5.745439  -3.888362  -0.480177
     8  0.15806563    4.301185   99.187766      -5.613145   1.629250  -0.844740
     9  0.14373605    3.911257   90.195812      -5.089485   0.964777   0.231192
    10  0.14844285    4.039335   93.149374      -4.679315   0.341121   0.903113
    11  0.15222385    4.142222   95.521989      -4.595408   0.466739  -2.454448
    12  0.14956229    4.069797   93.851835      -4.556703   1.928763  -0.147596
    13  0.09299434    2.530505   58.354881      -4.160874  -3.084959  -1.331584
    14  0.12282121    3.342135   77.071538      -4.094375  -2.105004   2.633661
    15  0.13138486    3.575164   82.445314      -3.893319  -0.405570  -1.688911
    16  0.11508639    3.131660   72.217858      -3.400440  -3.155478   1.164244
    17  0.12813841    3.486824   80.408136      -3.493357  -1.112811  -0.946936
    18  0.13635333    3.710363   85.563079      -3.364141   0.549190  -2.057094
    19  0.13821433    3.761003   86.730872      -2.305787   0.810771  -1.663218
    20  0.11221535    3.053535   70.416252      -2.296737  -2.166149   0.268494
    21  0.02503483    0.681232   15.709607      -1.135559   0.593975   2.354717
    22  0.03274452    0.891024   20.547512      -0.982844  -3.491479  -0.342129
    23  0.13466805    3.664504   84.505547      -0.865910   2.718237   1.283353
    24  0.15156178    4.124206   95.106534      -0.747288   4.251359  -1.133106
    25  0.03063933    0.833739   19.226487      -0.583086  -1.226122  -2.237709
    26  0.04301932    1.170615   26.995051      -0.511556  -3.417074   1.120534
    27  0.13369554    3.638041   83.895287      -0.467259   3.645176   1.419435
    28  0.03157486    0.859196   19.813543      -0.220619  -0.063136  -1.788234
    29  0.15988689    4.350744  100.330625      -0.189047   5.504583  -0.673627
    30  0.15153260    4.123412   95.088220       0.062022   4.970120   1.420274
    31  0.14619738    3.978233   91.740321       0.398684   4.313885  -1.276584
    32  0.12991855    3.535263   81.525186       0.725022   3.778409   1.290381
    33  0.03919664    1.066595   24.596282       0.808185  -4.417539   3.101747
    34  0.15167856    4.127383   95.179811       0.982585   3.643106  -1.500010
    35  0.09138307    2.486660   57.343791       1.150928  -4.005809   0.541375
    36  0.02955042    0.804108   18.543184       1.276009  -2.031379   2.767987
    37  0.12672600    3.448390   79.521829       1.379285   2.843225   0.992388
*   38  0.00818963    0.222851    5.139072       1.453232  -0.526226   3.349911
    39  0.11181582    3.042663   70.165545       2.192219   1.026300   0.688267
    40  0.10526683    2.864456   66.055988       2.330796   7.493564  -0.273655
    41  0.08151968    2.218263   51.154415       2.372346  -3.179059   1.468531
    42  0.04361403    1.186798   27.368240       2.562756  -0.777484   0.981944
    43  0.10218225    2.780520   64.120381       2.560688   6.945610   1.550695
    44  0.11211952    3.050927   70.356120       2.783464   4.640541  -2.860632
    45  0.13061747    3.554282   81.963772       3.250574   1.825439  -2.082014
    46  0.09393777    2.556177   58.946891       3.265837   3.146922   1.826354
    47  0.10383256    2.825428   65.155969       3.255146   6.183429  -2.271886
    48  0.10524222    2.863787   66.040549       3.885915  -3.946158   0.194567
    49  0.10919366    2.971311   68.520117       3.917276  -2.691694  -2.119339
    50  0.09531837    2.593745   59.813229       3.973177   4.904193   2.165615
    51  0.10333394    2.811859   64.843078       4.276181  -2.962302   0.714699
    52  0.10986109    2.989472   68.938935       4.290283  -1.782760  -1.629494
    53  0.10748821    2.924903   67.449925       4.358684   4.738610  -1.996640
    54  0.11177281    3.041493   70.138554       4.551409  -1.781531   1.143478
    55  0.09749456    2.652962   61.178813       4.734748  -3.491479  -2.598897
    56  0.09620499    2.617871   60.369592       4.838439  -4.811678  -0.279414
    57  0.10203795    2.776594   64.029833       4.848741   3.919823   0.913704
    58  0.09306845    2.532521   58.401382       5.469846  -2.697713   0.853729
    59  0.09897207    2.693167   62.105963       5.427875  -1.507065  -1.539164
    60  0.09524097    2.591639   59.764661       5.746149  -4.561881  -0.175169
    61  0.09733661    2.648664   61.079698       5.764779  -3.347092  -2.538386
    62  0.09612411    2.615670   60.318839       6.165743  -3.485259   0.394741
    63  0.09954560    2.708773   62.465857       6.087516  -2.242068  -1.937878
    64  0.11416152    3.106493   71.637494       7.144718  -4.152951  -0.219204
    65  0.11579285    3.150884   72.661170       7.094937  -3.217134  -2.248855
 
 Number of surface maxima:    89
   #       a.u.         eV      kcal/mol           X/Y/Z coordinate(Angstrom)
     1  0.16303343    4.436365  102.305107      -8.291910  -1.779066  -1.622118
     2  0.16120622    4.386644  101.158514      -8.186566  -2.228366   0.488957
     3  0.11757775    3.199453   73.781212      -7.605334  -0.036341  -2.529593
     4  0.13434973    3.655842   84.305798      -7.467260  -0.576489  -0.275212
     5  0.11480639    3.124041   72.042156      -7.332971  -1.135488   1.921274
     6  0.17687746    4.813080  110.992376      -7.301650   1.197014  -1.144681
     7  0.15869269    4.318248   99.581253      -7.126729  -3.502074  -1.107551
     8  0.16963050    4.615881  106.444836      -7.110833   0.678706   1.165001
     9  0.14017125    3.814254   87.958860      -7.062153  -1.901016  -0.669718
    10  0.13049598    3.550976   81.887533      -6.307916  -1.909049  -2.008075
    11  0.17220671    4.685983  108.061432      -5.877733  -0.419801  -3.266384
    12  0.17014027    4.629752  106.764718      -5.810805   0.609644  -0.739063
    13  0.22247908    6.053964  139.607846      -5.715447   1.542768  -2.379448
    14  0.17483926    4.757618  109.713386      -5.533850  -1.802124   2.183778
    15  0.10702186    2.912213   67.157290      -5.228857  -3.807862  -1.358364
    16  0.16381474    4.457626  102.795385      -5.197993  -0.154634  -1.853154
    17  0.18998079    5.169640  119.214847      -5.017609  -2.763649   1.509370
    18  0.17449690    4.748302  109.498549      -4.856084  -1.411475   0.649246
    19  0.17463239    4.751989  109.583570      -4.897672  -1.188475   0.781540
    20  0.15758016    4.287974   98.883127      -4.687084  -2.330239  -2.710386
    21  0.16488811    4.486834  103.468939      -4.424910  -3.353789   0.382685
    22  0.19074655    5.190478  119.695369      -4.362879   2.197176  -1.937023
    23  0.21920069    5.964754  137.550623      -3.696850   0.938408   0.316538
    24  0.13067160    3.555755   81.997736      -3.433081  -2.697713   2.300133
*   25  0.24383614    6.635119  153.009616      -3.226462   3.267349  -2.120558
    26  0.18067219    4.916340  113.373608      -3.174072  -1.052406   3.162838
    27  0.17613406    4.792851  110.525882      -3.123909  -0.074036   1.694953
    28  0.20671007    5.624867  129.712636      -3.071971   0.127339  -0.891413
    29  0.24286466    6.608683  152.400003      -2.887600   4.313885   0.487524
    30  0.21667638    5.896064  135.966595      -2.438081   2.921125  -0.541403
    31  0.15569669    4.236722   97.701228      -2.173493  -3.055076   1.064517
    32  0.16062929    4.370945  100.796485      -2.107824  -1.176808   0.450326
    33  0.06186557    1.683448   38.821263      -1.598344  -2.923199  -1.972990
    34  0.19007385    5.172172  119.273242      -1.512021   4.908960   0.450556
    35  0.16665816    4.534999  104.579665      -1.247433  -2.063102   3.235879
    36  0.14063685    3.826923   88.251030      -1.247609  -1.639393   0.781912
    37  0.16287953    4.432177  102.208531      -1.246214  -0.308730  -0.262857
    38  0.13913067    3.785938   87.305886      -0.321372  -0.670817   2.146965
    39  0.22255323    6.055981  139.654377      -0.450081   6.164507   0.515537
    40  0.16469263    4.481514  103.346274      -0.209660   0.860105   0.768835
    41  0.22049272    5.999912  138.361385      -0.086857   3.065896  -0.938286
    42  0.20399805    5.551069  128.010819       0.085670   2.860896   0.652589
    43  0.16578952    4.511362  104.034584       0.712911  -2.338591   0.244140
    44  0.14576209    3.966388   91.467170       0.736982  -1.010542  -0.871912
    45  0.17975899    4.891491  112.800562       0.902306   1.692254  -1.556232
    46  0.17163423    4.670405  107.702194       0.867891   5.375237  -0.411923
    47  0.17810777    4.846559  111.764406       0.740126   6.963209  -0.804654
    48  0.16402893    4.463454  102.929794       1.021308   4.990906   0.942147
    49  0.17021967    4.631913  106.814548       1.241466  -5.925853   0.860759
    50  0.17152089    4.667321  107.631075       1.163394   6.181872   2.098120
    51  0.18898019    5.142412  118.586956       1.302451  -3.862185  -1.180565
    52  0.16095587    4.379832  101.001419       1.372045   1.138821   0.184571
    53  0.14618452    3.977883   91.732247       1.494386   0.060972   0.380132
    54  0.11403157    3.102957   71.555951       1.534658  -1.371160   1.444260
    55  0.17295542    4.706356  108.531256       1.626572   5.740758  -2.534623
    56  0.11843256    3.222714   74.317614       1.630885   7.442581   0.772920
    57  0.05160415    1.404220   32.382118       2.023896   1.528639   2.879131
    58  0.17989780    4.895268  112.887668       2.169967  -2.036242  -1.646808
    59  0.18721046    5.094256  117.476437       2.212753   0.889462  -2.496964
    60  0.17365252    4.725325  108.968694       2.423990  -3.768251  -1.240043
    61  0.17829470    4.851646  111.881708       2.456808   3.414039  -0.890947
    62  0.19587089    5.329918  122.910942       2.574468  -5.082701  -1.874206
    63  0.14517235    3.950341   91.097103       2.583865  -2.679745   0.779398
    64  0.13694233    3.726390   85.932679       2.587555   6.297776  -0.937227
    65  0.15635414    4.254612   98.113784       2.609726   4.318434   2.662865
    66  0.13150518    3.578438   82.520817       2.997637   5.661795   1.318385
    67  0.16466598    4.480789  103.329549       3.373394  -4.420739   2.625559
    68  0.14601801    3.973352   91.627764       3.306745  -1.847777   0.440829
    69  0.17072848    4.645758  107.133831       3.273683   0.492305   0.274172
    70  0.18110010    4.927984  113.642122       3.537800   3.300565  -2.229517
    71  0.11926995    3.245500   74.843087       3.515162   5.077094  -2.713713
    72  0.14206735    3.865849   89.148683       3.608261   1.138821  -1.226775
    73  0.14263996    3.881431   89.508004       3.557937   5.679602   0.009621
    74  0.16465465    4.480481  103.322436       3.650965   7.226487   0.387015
    75  0.19699470    5.360498  123.616142       4.032332   2.855185  -1.079350
    76  0.14377345    3.912275   90.219280       4.169758  -5.213736  -2.002841
    77  0.17168556    4.671802  107.734405       4.099750   2.594059   0.384658
    78  0.18895934    5.141845  118.573873       4.333815  -0.269409   0.563958
    79  0.10957082    2.981574   68.756785       4.392445   3.889758   1.791118
    80  0.16503478    4.490825  103.560976       4.506764   6.154827  -1.242166
    81  0.15118145    4.113857   94.867874       4.942105  -2.762044  -1.599757
    82  0.16138511    4.391512  101.270770       4.888161   5.554589   0.939222
    83  0.14841074    4.038462   93.129221       5.038545  -3.555628  -0.208669
    84  0.18327210    4.987087  115.005074       5.751506  -5.928786  -2.416896
    85  0.14269620    3.882961   89.543289       5.698305  -0.977887   0.186503
    86  0.13874319    3.775394   87.062737       6.690226  -4.735695  -1.753522
    87  0.13993053    3.807703   87.807807       7.422887  -2.578394  -0.711695
    88  0.18527388    5.041559  116.261214       7.373794  -1.097861   0.131951
    89  0.18352322    4.993921  115.162656       8.149949  -3.886549  -1.335413
