 Number of surface minima:    68
   #       a.u.         eV      kcal/mol           X/Y/Z coordinate(Angstrom)
     1  0.13966734    3.800542   87.642655      -6.694119  -1.057988  -2.236755
     2  0.13031526    3.546058   81.774127      -6.320968  -3.150818  -2.578399
     3  0.13075417    3.558002   82.049550      -6.032648  -1.196834  -0.083204
     4  0.12359269    3.363128   77.555648      -6.092760   1.096547  -0.512281
     5  0.12839298    3.493751   80.567876      -5.834731  -0.795310  -1.312606
     6  0.11189248    3.044749   70.213651      -5.768059   1.093229   1.477784
     7  0.11875183    3.231402   74.517963      -5.647152  -3.375589  -0.441520
     8  0.13032695    3.546377   81.781462      -5.700739   3.343825  -1.642817
     9  0.11156631    3.035874   70.008973      -5.216945  -3.346186  -1.626250
    10  0.13050712    3.551279   81.894521      -5.304848  -0.530016  -2.634843
    11  0.12529342    3.409407   78.622874      -5.079573  -0.807235  -0.281676
    12  0.14154742    3.851701   88.822420      -5.169500  -0.596345  -3.784854
    13  0.12788058    3.479808   80.246343      -5.141894   4.911285  -0.594800
    14  0.10650503    2.898149   66.832974      -5.024013   3.058176   2.805470
    15  0.11469698    3.121063   71.973500      -4.859479  -3.136090  -2.839438
    16  0.12568387    3.420032   78.867886      -4.923285  -0.016159   0.233650
    17  0.11545126    3.141588   72.446819      -4.688284   4.734006   2.100002
    18  0.10640310    2.895376   66.769011      -4.567427  -3.361648  -0.708673
    19  0.13539821    3.684373   84.963729      -4.445116  -1.195153   0.713681
    20  0.13594068    3.699134   85.304136      -4.318614  -0.340601  -2.835431
    21  0.11822736    3.217130   74.188853      -3.794992  -3.127319   0.336121
    22  0.11767287    3.202042   73.840905      -3.917490  -2.974145  -3.098484
    23  0.15222075    4.142137   95.520043      -3.519056  -0.385124  -1.800281
    24  0.11544265    3.141354   72.441417      -3.593948   3.826770   2.912591
    25 -0.01498131   -0.407662   -9.400919      -3.386762  -0.199462   4.262872
    26  0.12033173    3.274393   75.509366      -3.254243  -3.108561  -0.978410
    27  0.12691999    3.453669   79.643566      -2.968991  -2.950116  -2.023563
    28  0.12754204    3.470595   80.033904      -2.845422  -1.910568   0.614639
    29  0.18564522    5.051663  116.494234      -2.706588   0.731721   0.080270
    30  0.19001775    5.170646  119.238038      -2.622912   1.515759  -1.127155
    31  0.20013286    5.445892  125.585372      -2.670958   2.368462  -1.985368
    32  0.03853411    1.048567   24.180541      -2.063819  -1.786994   1.352427
    33  0.18287163    4.976190  114.753774      -2.074554   2.781604   1.510427
    34  0.19919409    5.420347  124.996283      -2.086885   4.130453  -0.856135
    35  0.18778373    5.109855  117.836167      -1.824103   3.582844   0.287369
    36  0.19762077    5.377535  124.009012      -1.636270   1.532458  -1.614410
    37  0.09450383    2.571580   59.302096      -1.467124  -3.639114  -0.384651
    38  0.02754230    0.749464   17.283069      -0.452184  -4.145250   1.019066
    39  0.20186512    5.493029  126.672378      -0.381204   0.926835  -1.256915
    40  0.01820238    0.495312   11.422178      -0.236767   0.186961   2.949423
    41  0.21121285    5.747394  132.538175      -0.073050   3.115737   0.213994
    42  0.17847817    4.856638  111.996837      -0.013126   4.232529  -3.098055
    43  0.04133735    1.124846   25.939599       0.317479  -5.297343  -0.981346
    44  0.17695490    4.815188  111.040966       0.473990   2.490821  -3.582835
*   45 -0.01571208   -0.427547   -9.859485       0.496013  -2.424170   3.959783
    46  0.04140076    1.126572   25.979389       1.498272  -3.373408  -0.719862
    47  0.05022951    1.366815   31.519523       1.508127  -1.989677  -0.919441
    48  0.18544133    5.046115  116.366288       1.501212   3.635748  -2.696245
    49  0.17884461    4.866609  112.226781       1.508127   5.015942  -0.025637
    50 -0.00422195   -0.114885   -2.649317       1.801438  -1.904460   3.569196
    51  0.16094862    4.379635  100.996870       1.772716   4.147662   1.624283
    52  0.16149978    4.394633  101.342728       2.034259   1.395644   1.134340
    53  0.20359463    5.540092  127.757666       2.533415   3.627370  -1.162949
    54  0.16583156    4.512506  104.060963       3.036358   5.033009   0.444338
    55  0.15990460    4.351225  100.341735       3.470836   1.773507   1.100328
    56 -0.00948104   -0.257992   -5.949446       3.889425  -3.979023  -1.484485
    57  0.17577137    4.782982  110.298291       3.915657   0.351466  -1.873410
    58  0.15184162    4.131821   95.282133       4.193720   1.159791   0.924191
    59  0.17516138    4.766384  109.915517       4.159994   1.788106  -1.626908
    60  0.18475077    5.027324  115.932953       4.683191   2.711013  -1.189357
    61  0.11189922    3.044933   70.217878       5.451466  -0.469364  -3.371592
    62  0.08595851    2.339050   53.939823       5.563630  -1.303437   1.399952
    63  0.08886413    2.418116   55.763131       6.799899  -1.953372   0.192815
    64  0.09804626    2.667974   61.525009       6.677955  -1.367211  -2.425441
    65  0.10788237    2.935629   67.697265       6.933096   0.330369  -3.224475
    66  0.09343406    2.542470   58.630810       7.215626  -0.715682   1.407492
    67  0.11430711    3.110455   71.728856       7.668799   2.160252  -1.510523
    68  0.10999940    2.993236   69.025724       7.790521   1.717220   0.473891
 
 Number of surface maxima:    92
   #       a.u.         eV      kcal/mol           X/Y/Z coordinate(Angstrom)
     1  0.20064185    5.459743  125.904770      -7.384800  -2.190776  -2.850035
     2  0.19278440    5.245930  120.974141      -6.748304  -2.502649   0.287413
     3  0.15544565    4.229891   97.543700      -6.743059  -2.075722  -1.378229
     4  0.18027817    4.905619  113.126356      -6.740695   2.049541   0.450267
     5  0.18661899    5.078161  117.105283      -6.381370   3.925774  -0.438670
     6  0.14426158    3.925557   90.525582      -6.164942  -0.773680  -2.327098
     7  0.17639079    4.799838  110.686987      -6.032648   3.967783   1.664540
     8  0.16112999    4.384570  101.110678      -5.946928  -1.810457  -3.673807
     9  0.13468607    3.664994   84.516856      -5.733866   0.363909   0.226246
    10  0.16334512    4.444847  102.500696      -5.422020   3.080183   0.473891
    11  0.14907489    4.056534   93.545982      -5.106588  -2.082937   0.544592
    12  0.16131201    4.389523  101.224898      -5.222993   2.322602  -0.841174
    13  0.14384176    3.914133   90.262145      -5.175916   2.314130   1.462918
    14  0.14593302    3.971039   91.574431      -4.974294   4.374610  -1.775112
    15  0.20772141    5.652387  130.347260      -4.905848  -1.555290  -5.014023
    16  0.19748354    5.373801  123.922899      -4.701050   0.603962  -1.376921
    17  0.16749942    4.557891  105.107563      -4.529629   0.065127   1.580027
    18  0.15823336    4.305749   99.293014      -4.513649   4.298544   0.473891
    19  0.12426631    3.381458   77.978350      -4.284000   4.185332   2.760976
    20  0.16941375    4.609983  106.308822      -4.207124  -2.619314  -1.916945
    21  0.18066063    4.916026  113.366352      -4.315108  -1.006523  -1.642225
    22  0.20878526    5.681336  131.014839      -4.175264   2.717489  -2.427082
    23  0.17853532    4.858193  112.032700      -3.773764  -2.043242   1.413373
    24  0.15989881    4.351068  100.338104      -3.675521   2.446424   3.194873
    25  0.21644804    5.889851  135.823312      -3.386991   1.653311   1.400009
    26  0.20598850    5.605232  129.259843      -3.318994   5.027784  -0.881979
    27  0.20970554    5.706378  131.592323      -3.223090   2.475983  -1.228950
    28  0.19102097    5.197945  119.867566      -3.033242   4.941068   1.528068
    29  0.20839459    5.670705  130.769687      -2.857585   3.680592  -0.432199
*   30  0.26496115    7.209960  166.265772      -2.592802   3.769760  -2.304384
    31  0.16116235    4.385451  101.130989      -2.459766  -2.448962  -0.185874
    32  0.17451746    4.748862  109.511453      -2.348644  -5.233045  -1.260138
    33  0.15923871    4.333106   99.923885      -1.935480  -2.720059  -0.437311
    34  0.23356947    6.355749  146.567179      -1.869062  -1.195354  -3.891821
    35  0.21513926    5.854237  135.002040      -1.830587  -0.993228  -2.232969
    36  0.23473037    6.387338  147.295653      -1.666936  -0.261153  -1.013522
    37  0.03059322    0.832484   19.197554      -1.534642  -2.713054   4.119720
    38  0.19386066    5.275217  121.649502      -1.546062   0.047325   1.263191
    39  0.26433951    7.193044  165.875683      -1.385422   1.291794  -0.416150
    40  0.23380852    6.362254  146.717187      -1.137759   3.558331  -2.039700
    41  0.14047724    3.822580   88.150876      -1.060411  -0.860933   1.664540
    42  0.19980932    5.437088  125.382345      -1.031178   1.592226   2.133285
    43  0.11618026    3.161426   72.904276      -0.907884  -2.585690   1.109939
    44  0.26427556    7.191304  165.835558      -0.940500   2.511389   0.538856
    45  0.24362378    6.629340  152.876359      -0.960964   3.130233  -3.715026
    46  0.23796256    6.475291  149.323885      -0.472965  -1.124247  -2.293770
    47  0.18584285    5.057041  116.618246      -0.225807  -4.055014  -3.274452
    48  0.20539221    5.589006  128.885668      -0.273041  -0.128510   0.209303
    49  0.19727499    5.368125  123.792028      -0.011702  -1.719291  -0.384466
    50  0.24443415    6.651391  153.384873       0.370755   4.075903   0.642368
    51  0.12330415    3.355277   77.374587       0.563680  -0.734589   2.560732
    52  0.24959183    6.791739  156.621366       0.818733   4.816734  -1.799115
    53  0.07896768    2.148820   49.553006       0.925197  -4.751221  -0.055286
    54  0.11085480    3.016513   69.562496       0.983145  -2.714029   2.064169
    55  0.24090190    6.555274  151.168350       0.847049   1.651810  -1.510909
    56  0.23099123    6.285591  144.949304       0.984312   2.586391   0.609640
    57  0.25902947    7.048550  162.543581       1.116753   2.740215  -0.702628
    58  0.19239432    5.235316  120.729362       0.981839   3.640404  -3.228535
    59  0.17903620    4.871823  112.347009       1.358873  -0.072168   0.864061
    60  0.13016285    3.541911   81.678489       1.766097  -1.903361   0.487261
    61  0.24928391    6.783360  156.428144       1.799231   2.042510  -2.689322
    62  0.18239014    4.963088  114.451639       1.830856   5.092310   0.473891
    63  0.13978518    3.803748   87.716596       2.058935  -4.284438   1.268757
    64  0.17231450    4.688916  108.129074       2.449860  -1.093954   0.198252
    65  0.20742930    5.644438  130.163958       2.366003  -0.626130  -1.578707
    66  0.24125969    6.565010  151.392869       2.538674   4.898248  -1.245934
    67  0.25596971    6.965290  160.623550       2.801859   1.123481  -1.164641
    68  0.23156659    6.301247  145.310350       2.942231   0.850419   0.436723
    69  0.22275029    6.061344  139.778035       3.295630   4.401667   1.732217
    70  0.06285388    1.710341   39.441438       3.712807  -1.003137   2.565147
    71  0.22030239    5.994733  138.241954       3.666439   3.546381  -0.034169
    72  0.18613543    5.065003  116.801842       4.387815   0.977152  -1.824541
    73  0.20276737    5.517581  127.238553       4.727094  -0.728639  -0.956542
    74  0.15636907    4.255019   98.123155       4.924832  -1.527272  -2.583574
    75  0.19232038    5.233304  120.682959       5.080073   2.049541  -1.052626
    76  0.24676232    6.714744  154.845823       5.072923   3.503682   0.071799
    77  0.14101860    3.837311   88.490583       5.284676  -2.243863   0.179792
    78  0.18482500    5.029344  115.979535       5.227208   1.661302   0.347804
    79  0.18461934    5.023748  115.850479       5.408166   1.319280  -3.230349
    80  0.15967928    4.345094  100.200342       5.991453   0.185168   2.043002
    81  0.19334669    5.261231  121.326981       6.060358   2.975601  -1.720887
    82  0.11867929    3.229428   74.472443       6.252502  -0.469098  -3.389443
    83  0.18460490    5.023355  115.841422       6.387557   2.419005   1.205367
    84  0.10158932    2.764386   63.748314       6.667605  -1.455092   1.267657
    85  0.12806386    3.484795   80.361351       6.545913  -0.972324  -1.104686
    86  0.14579474    3.967277   91.487660       6.682927   1.269032  -1.909659
    87  0.13733385    3.737044   86.178362       6.911509   0.715837   0.564163
    88  0.14606559    3.974647   91.657620       7.226155   0.197421  -0.966192
    89  0.12945132    3.522549   81.231996       7.432542   2.784951  -0.334160
    90  0.16549235    4.503276  103.848107       7.940296  -0.345340  -2.336665
    91  0.15925121    4.333446   99.931727       8.132110  -0.856432   0.074503
    92  0.17048503    4.639134  106.981063       8.513066   1.133225  -0.849228
