 Number of surface minima:    60
   #       a.u.         eV      kcal/mol           X/Y/Z coordinate(Angstrom)
     1  0.07319808    1.991821   45.932524      -5.798521   2.523007  -0.050819
     2  0.17414995    4.738861  109.280835      -5.453155  -0.867163  -0.291733
     3  0.18634218    5.070629  116.931580      -5.202543  -0.055151  -2.247069
     4  0.18477730    5.028046  115.949606      -4.862768  -2.952575  -0.967187
     5  0.19660939    5.350014  123.374357      -4.854153  -2.158810  -2.942986
     6  0.16798701    4.571159  105.413530      -4.392763  -1.751486  -0.241264
     7  0.18954160    5.157689  118.939247      -4.386347  -0.964309  -2.732461
     8  0.06355293    1.729363   39.880098      -4.394800   2.382636   1.528635
     9  0.15547915    4.230803   97.564724      -4.103024  -0.703572   0.210933
    10  0.18960321    5.159366  118.977911      -3.979806   0.090194  -2.316007
    11  0.17329329    4.715550  108.743274      -3.486320  -2.697734  -0.526961
    12  0.19905071    5.416445  124.906314      -3.432091  -1.727464  -2.966413
    13  0.05520403    1.502178   34.641082      -3.537997   1.079291   1.680528
    14  0.07845264    2.134805   49.229815      -3.193860   3.538329  -1.017394
    15  0.06199803    1.687052   38.904385      -2.659897   2.479744   1.096933
    16  0.17488139    4.758765  109.739820      -2.381612  -2.423398  -0.313031
    17  0.00271862    0.073977    1.705963      -1.820922  -0.968161   3.662192
    18  0.05949524    1.618948   37.333855      -1.811599   2.721667   1.061975
    19  0.07049921    1.918381   44.238958      -1.631710   1.751467   0.002386
    20  0.05031984    1.369272   31.576201      -0.558266   4.519378   1.945551
*   21 -0.00612143   -0.166573   -3.841261      -0.425971  -0.835866   4.181495
    22  0.22546517    6.135219  141.481646      -0.271370  -3.053432  -3.525248
    23  0.21820019    5.937529  136.922798      -0.187881  -3.220263  -2.087656
    24  0.22241863    6.052319  139.569913      -0.059162  -0.897603  -3.541988
    25  0.12104617    3.293834   75.957681      -0.158951   3.001356  -0.102114
    26  0.02785956    0.758097   17.482153       0.107963  -2.284178   1.893728
    27  0.21450335    5.836933  134.602998       0.211291  -0.614075  -2.230897
    28  0.03660247    0.996004   22.968416       0.311443   2.443663   2.751787
    29  0.20696507    5.631806  129.872651       0.524295  -3.447586  -2.726746
    30  0.20898862    5.686870  131.142449       1.090561  -0.906865  -3.012810
    31  0.04316355    1.174540   27.085560       1.281116  -2.839824   2.503063
    32  0.10189307    2.772651   63.938920       1.234843   3.000668   1.194828
    33  0.19884909    5.410959  124.779790       1.614570  -3.690215  -2.190902
    34  0.19413309    5.282630  121.820452       1.797168  -3.669491  -1.028396
    35  0.20919730    5.692548  131.273401       1.786225  -3.537764  -3.553930
    36  0.04739260    1.289618   29.739331       1.916503   0.481629   1.600021
    37  0.21168521    5.760248  132.834589       2.304671  -1.515900  -3.679003
    38  0.04006804    1.090307   25.143096       2.237970  -1.107858   2.397275
    39  0.20304162    5.525044  127.410650       2.385089  -1.223025  -2.477343
    40  0.19649639    5.346939  123.303449       2.546740  -1.170512  -1.129447
    41  0.12980823    3.532261   81.455959       2.605787   3.343014  -0.520666
    42  0.13602287    3.701371   85.355713       2.717453   0.875951   0.932597
    43  0.19498752    5.305880  122.356617       2.898095  -3.747479  -1.554242
    44  0.12373699    3.367055   77.646202       3.133808   2.808490   0.403681
    45  0.20049297    5.455691  125.811345       3.452153  -1.736481  -1.665618
    46  0.11885433    3.234191   74.582282       3.411422   4.059981  -1.424775
    47  0.12357690    3.362698   77.545738       3.702645   1.980674   1.368789
    48  0.13234392    3.601261   83.047133       3.830577   1.840801  -2.864782
    49  0.07693015    2.093376   48.274437       4.316758  -3.746341   1.298083
    50  0.13977015    3.803339   87.707166       4.299885   0.307607   0.284618
    51  0.10914644    2.970026   68.490481       4.357066   2.892139   0.573953
    52  0.11573546    3.149322   72.625161       4.357555   4.086953  -1.279218
    53  0.13869631    3.774119   87.033323       4.498010   2.633104  -3.535999
    54  0.12479259    3.395779   78.308597       4.718812   0.685363  -0.868985
    55  0.12669065    3.447428   79.499648       4.733506   1.869205  -2.689036
    56  0.11349526    3.088363   71.219409       4.893068   3.449223  -0.182958
    57  0.12504223    3.402572   78.465247       5.278492   1.297300  -1.677808
    58  0.13104022    3.565786   82.229048       5.860711   0.883959  -0.499219
    59  0.13110277    3.567488   82.268297       5.850857   3.985725  -1.233988
    60  0.13780813    3.749950   86.475980       6.188744   2.127955  -2.297992
 
 Number of surface maxima:    60
   #       a.u.         eV      kcal/mol           X/Y/Z coordinate(Angstrom)
     1  0.24887734    6.772297  156.173022      -6.282512  -0.448803  -1.446290
     2  0.21576213    5.871186  135.392894      -5.486765  -1.770284  -1.841829
     3  0.25898829    7.047430  162.517744      -5.384484  -3.280787  -2.379226
     4  0.22846576    6.216869  143.364549      -4.676947   0.613148   0.052220
     5  0.19554329    5.321003  122.705369      -4.546957  -0.318960  -2.517672
     6  0.19925131    5.421904  125.032187      -4.241563   2.762805  -0.351545
     7  0.24183108    6.580558  151.751419      -4.196254   1.214800  -1.755910
     8  0.22990323    6.255985  144.266576      -3.629783  -3.353842  -2.365373
     9  0.06822365    1.856460   42.811023      -3.731470  -1.231307   2.280464
    10  0.07724697    2.101997   48.473248      -3.368244   2.195258   1.827397
    11  0.25203700    6.858276  158.155738      -3.231877  -1.424233  -0.558408
    12  0.27228232    7.409179  170.859877      -2.966589  -0.835866  -2.015776
    13  0.21124554    5.748283  132.558686      -2.833323   0.686794   0.229676
    14  0.19626874    5.340744  123.160595      -2.560796   1.540584  -0.250666
    15  0.22966861    6.249601  144.119347      -2.533404   1.024361  -1.288252
    16  0.11068961    3.012017   69.458838      -2.467410   2.847482  -2.086750
    17  0.15117978    4.113811   94.866826      -2.145797   2.268966   3.267086
    18  0.28523376    7.761605  178.987039      -2.150441  -4.012805  -2.495284
    19  0.14254334    3.878801   89.447370      -1.961236   0.751665   1.113553
    20  0.20271325    5.516108  127.204594      -1.357555  -0.980113   0.173777
    21  0.27251616    7.415542  171.006617      -1.342076  -2.421463  -2.482779
    22  0.12180880    3.314586   76.436237      -1.087443   0.588813   2.871628
    23  0.09066335    2.467075   56.892157      -1.216347   3.526910   2.277137
*   24  0.29680227    8.076401  186.246395      -1.042603  -1.871175  -4.158619
    25  0.13039501    3.548229   81.824170      -0.541702  -1.238656   2.175088
    26  0.20642714    5.617168  129.535095      -0.280770   1.306708   0.306725
    27  0.19158826    5.213382  120.223551      -0.300299   4.864006  -0.767727
    28  0.21964566    5.976862  137.829847       0.076285  -0.492648  -0.234630
    29  0.24037976    6.541066  150.840705       0.049694   2.044276  -1.611085
    30  0.24578286    6.688092  154.231203       0.554440  -2.127323  -4.071165
    31  0.27796432    7.563794  174.425388       0.732688  -2.878102  -1.438473
    32  0.12764529    3.473405   80.098699       0.693745   1.209910   1.943441
    33  0.22044114    5.998508  138.329020       1.013824  -2.996327   0.426842
    34  0.15065808    4.099615   94.539449       0.958401  -0.571278   1.414331
    35  0.28261663    7.690390  177.344762       1.089605  -1.304705  -1.557573
    36  0.23975103    6.523957  150.446169       1.277005   0.486454  -1.162701
    37  0.21605241    5.879085  135.575047       1.334703   1.978005  -1.766851
    38  0.23277244    6.334060  146.067034       1.200472   3.030122  -2.860632
    39  0.04309801    1.172757   27.044435       1.534652  -0.451620   4.465855
    40  0.22838759    6.214742  143.315497       1.570870  -1.365993   0.557471
    41  0.16649434    4.530541  104.476864       1.621559   2.270018   0.622251
    42  0.21991505    5.984193  137.998891       1.803974  -1.135749  -3.289137
    43  0.17948327    4.883988  112.627544       1.986620   4.741967   1.370804
    44  0.27648762    7.523611  173.498745       2.154811  -2.620796  -4.600342
    45  0.24038809    6.541292  150.845928       2.334328  -3.619985   0.012620
    46  0.16677106    4.538071  104.650506       2.336329   1.671501   0.665270
    47  0.23372926    6.360097  146.667446       2.901008  -2.683561  -3.015552
    48  0.25265457    6.875081  158.543272       3.218634  -1.821562  -0.102336
    49  0.19636044    5.343239  123.218141       3.317190  -2.798975   1.788706
    50  0.18865668    5.133609  118.383953       3.705522   0.549405   1.547524
    51  0.18088506    4.922133  113.507182       3.936812   1.657234  -1.571122
    52  0.17074361    4.646170  107.143324       3.844314   3.045535  -0.754518
    53  0.26489880    7.208263  166.226647       4.039033  -2.962786  -1.976369
    54  0.20628157    5.613207  129.443745       4.204329   4.191317  -3.874084
    55  0.15310883    4.166303   96.077321       4.935621   1.148548   0.761250
    56  0.15998050    4.353291  100.389363       5.303138   3.560962  -2.855761
    57  0.14168227    3.855371   88.907044       5.667591   1.854938  -2.349880
    58  0.15587829    4.241664   97.815186       6.376615   2.499332  -0.840524
    59  0.19521064    5.311952  122.496630       6.583201   1.553573   0.557292
    60  0.20045287    5.454600  125.786182       6.850215   3.397551  -2.158041
