 Number of surface minima:    75
   #       a.u.         eV      kcal/mol           X/Y/Z coordinate(Angstrom)
     1  0.11127219    3.027870   69.824409      -8.635766  -0.056934  -0.104904
     2  0.11304595    3.076137   70.937466      -8.139143   1.376129   1.552006
     3  0.09258921    2.519481   58.100657      -7.642045  -1.042792   0.224794
     4  0.09283053    2.526047   58.252086      -7.414552  -0.134897  -0.718108
     5  0.09454376    2.572667   59.327158      -7.064217   0.720849   2.128116
     6  0.09373431    2.550640   58.819215      -6.886744  -1.648441   0.552592
     7  0.09582667    2.607576   60.132196      -6.811949   1.626051   1.165699
     8  0.08960164    2.438185   56.225923      -6.416576   0.037581  -1.217411
     9  0.09485030    2.581008   59.519515      -6.334495   0.132781   2.464886
    10  0.09446834    2.570614   59.279830      -5.824005   1.799404   0.693079
    11  0.10341472    2.814058   64.893771      -5.736524  -1.523405   0.085749
    12  0.10106870    2.750219   63.421618      -5.523293  -0.774800  -0.699340
    13  0.10625824    2.891434   66.678108      -5.149022   0.259718   1.928828
    14  0.10555203    2.872217   66.234955      -5.110906   0.319929  -1.580161
    15  0.10525421    2.864113   66.048068      -5.031326   1.044185   1.124360
    16  0.11407160    3.104046   71.581071      -4.734635   1.854820  -0.045551
    17  0.08657473    2.355818   54.326511      -3.968327  -1.880343  -0.979370
    18  0.03662794    0.996697   22.984402      -3.393304  -3.933690  -2.413957
    19  0.09489736    2.582289   59.549045      -3.509166   2.159192   0.482632
    20  0.09168655    2.494918   57.534227      -3.501342   3.837960  -0.791430
    21  0.07576262    2.061606   47.541802      -3.179219  -2.920615   0.039892
    22  0.03733512    1.015940   23.428162      -2.920598   0.398308  -1.175095
    23  0.02990537    0.813767   18.765921      -2.690589  -1.586106  -2.494269
    24  0.09460821    2.574420   59.367595      -2.447430   2.162572   2.731635
    25  0.06643448    1.807774   41.688301      -2.239698   2.095540  -1.290042
    26  0.10276386    2.796347   64.485351      -2.294293   5.822375   0.283325
    27  0.08207564    2.233392   51.503284      -2.158479   0.731698   0.551433
*   28  0.00647946    0.176315    4.065923      -1.911233  -0.224870  -3.331683
    29  0.10413063    2.833539   65.343013      -1.830397   1.667771   0.350338
    30  0.04216463    1.147358   26.458728      -1.563778  -3.425673  -0.714051
    31  0.06017183    1.637359   37.758422      -1.591253   0.920177   0.993458
    32  0.09861531    2.683459   61.882093      -1.330322   3.646280   3.333721
    33  0.10378429    2.824114   65.125678      -1.291849   5.704146   1.943409
    34  0.02812560    0.765336   17.649095      -1.203255  -3.452030   0.850070
    35  0.09578969    2.606570   60.108986      -0.642277   1.857133   2.861962
    36  0.11383895    3.097715   71.435079      -0.655357   6.191215   0.474628
    37  0.03071449    0.835784   19.273647      -0.534698  -0.981564   2.410117
    38  0.03177024    0.864512   19.936145      -0.308892   0.067693   1.739549
    39  0.07449926    2.027228   46.749030      -0.234462  -4.622248  -1.632003
    40  0.06036964    1.642742   37.882555      -0.110571  -3.901883   0.151270
    41  0.10576092    2.877901   66.366033      -0.111596   2.911511  -1.502171
    42  0.07918608    2.154763   49.690056       0.418415  -5.687243  -0.443376
    43  0.09383558    2.553396   58.882766       0.572705  -2.860701  -1.237194
    44  0.02564100    0.697727   16.089986       0.947046  -0.658620  -2.293717
    45  0.14011712    3.812781   87.924893       0.991416   3.749299   0.790854
    46  0.14914930    4.058559   93.592679       1.068968   4.762131   0.214539
    47  0.08373217    2.278468   52.542775       1.546228  -3.468089  -3.549224
    48  0.12930822    3.518656   81.142202       1.697374  -0.414936   1.805575
    49  0.12489346    3.398524   78.371896       1.712315   1.180811  -1.687418
    50  0.10896965    2.965215   68.379548       1.925035  -2.857858   1.327589
    51  0.12628663    3.436434   79.246125       1.906488   2.140062  -2.118057
    52  0.14584406    3.968619   91.518603       2.067193   3.996756   0.146804
    53  0.13018992    3.542648   81.695477       2.339876  -0.987780   2.403902
    54  0.09032200    2.457787   56.677958       2.519885  -2.018962  -3.221608
    55  0.11003199    2.994123   69.046174       2.783112   0.787450   3.547632
    56  0.09590358    2.609669   60.180454       2.990346  -6.158258  -0.412005
    57  0.15339817    4.174176   96.258885       2.973423   3.194822  -0.005320
    58  0.10426030    2.837067   65.424383       3.170854   3.513466  -3.281514
    59  0.09145737    2.488682   57.390413       3.461375  -3.643322  -3.426704
    60  0.11701942    3.184260   73.430857       3.505834   0.045885   4.186873
    61  0.10665455    2.902218   66.926797       3.743890  -1.183967   4.177617
    62  0.10664538    2.901968   66.921045       3.792067   1.522766  -2.758622
    63  0.13719581    3.733288   86.091745       3.987819  -2.373471  -0.300093
    64  0.11449086    3.115455   71.844161       3.906396   2.536290  -3.173471
    65  0.11376222    3.095627   71.386931       4.185027   4.561612  -1.042719
    66  0.09809523    2.669307   61.555736       4.366552  -5.274522  -1.618252
    67  0.14736259    4.009940   92.471502       4.519730  -3.020321   0.396301
    68  0.15253922    4.150803   95.719888       4.475629  -0.546667   1.011810
    69  0.14447736    3.931429   90.660991       4.602734  -1.741173   0.747221
    70  0.11727670    3.191261   73.592300       4.866496   1.303077   1.937870
    71  0.11668077    3.175045   73.218348       4.883849   2.502414  -0.503253
    72  0.12260404    3.336226   76.935261       4.942528   3.465573  -0.962451
    73  0.12999156    3.537250   81.571005       5.036349   4.761548  -1.772286
    74  0.12293701    3.345286   77.144204       5.531744   0.509560   2.599341
    75  0.11383655    3.097650   71.433571       5.759011  -0.743708   2.467047
 
 Number of surface maxima:   102
   #       a.u.         eV      kcal/mol           X/Y/Z coordinate(Angstrom)
     1  0.18105240    4.926686  113.612189      -9.420633   0.927486   0.722506
     2  0.13625942    3.707807   85.504150      -8.577406  -0.130869   1.610710
     3  0.18103295    4.926157  113.599985      -8.322902  -1.471155   2.747456
     4  0.13620792    3.706406   85.471829      -8.148004   1.456663  -0.146320
     5  0.11467868    3.120565   71.962016      -7.798067   1.518117   1.431757
     6  0.17978553    4.892213  112.817219      -7.373628   2.372911  -1.345848
     7  0.14134370    3.846158   88.694583      -6.668863  -1.661978   2.467047
     8  0.14658407    3.988755   91.982969      -6.452452  -0.515598   0.092056
     9  0.14730047    4.008250   92.432518      -6.090257   0.518808   1.252835
    10  0.13507368    3.675542   84.760083      -5.801380   1.720438  -1.104492
    11  0.16541698    4.501225  103.800808      -5.589590  -2.644460  -1.789916
    12  0.19314720    5.255803  121.201800      -5.164903  -2.372890   2.592387
    13  0.17055209    4.640958  107.023140      -4.339662  -1.582654   1.669093
    14  0.17345425    4.719930  108.844279      -4.221751   1.572627  -1.349255
    15  0.16424235    4.469262  103.063715      -4.161910  -4.843679  -0.046545
    16  0.14067684    3.828012   88.276126      -4.107399  -0.275177  -0.620226
    17  0.14142667    3.848415   88.746651      -3.966630  -1.208645  -0.587359
    18  0.15744188    4.284212   98.796356      -4.030233   3.705666   0.747221
    19  0.10761771    2.928427   67.531191      -3.669962   2.654968  -0.700519
    20  0.18542677    5.045719  116.357151      -3.411278  -2.246262   1.805220
    21  0.17827803    4.851192  111.871245      -3.314669  -0.139781   1.623137
    22  0.12352174    3.361197   77.511124      -3.352876   1.445467  -0.352023
    23  0.12309344    3.349543   77.242366      -3.252269   1.341714  -0.039100
    24  0.16012324    4.357175  100.478935      -2.809027   3.837960   2.863930
    25  0.16486526    4.486212  103.454602      -2.794595   5.403794   1.673281
    26  0.12217908    3.324662   76.668596      -2.549111   2.625545   1.276398
    27  0.14754313    4.014853   92.584789      -2.335221   3.837960  -1.854126
    28  0.13800339    3.755263   86.598507      -2.425001   3.904828   1.276398
    29  0.12696535    3.454903   79.672025      -2.416523   4.499432   0.063328
    30  0.15887614    4.323240   99.696366      -2.208463  -1.689661  -0.026942
    31  0.10318583    2.807829   64.750139      -2.253834  -0.534331  -1.517614
    32  0.11554175    3.144051   72.503602      -2.044480   1.242579  -0.392923
    33  0.14745536    4.012464   92.529712      -1.832951   1.059532   2.214280
    34  0.13543426    3.685354   84.986355      -1.565808   0.696528  -0.559746
    35  0.14572262    3.965314   91.442399      -1.433514  -0.355424   0.919549
    36  0.10872414    2.958534   68.225482      -1.454860   2.504139   3.359650
    37  0.17180601    4.675079  107.809990      -1.168925   5.690081  -1.036742
    38  0.11792367    3.208866   73.998285      -1.144985   6.251184   0.766745
    39  0.04756994    1.294444   29.850615      -1.027088   1.715620  -3.335527
    40  0.13236547    3.601848   83.060657      -1.064634   4.357979   2.023507
    41  0.15887086    4.323096   99.693056      -0.962608   1.927569  -0.205043
    42  0.06170299    1.679024   38.719243      -0.485965  -2.909049   2.514155
    43  0.15757838    4.287926   98.882007      -0.567115  -2.776755  -3.089314
    44  0.16544794    4.502067  103.820236      -0.565407   4.102549  -0.633676
    45  0.13787198    3.751687   86.516046      -0.347818  -1.169105  -1.996901
    46  0.12592180    3.426507   79.017191      -0.271246  -2.292438  -0.584442
    47  0.08668004    2.358684   54.392595      -0.191740  -5.106927  -0.681268
    48  0.11542060    3.140754   72.427578      -0.175158  -2.841342  -0.904898
    49  0.17378272    4.728868  109.050392      -0.133908   2.108699   1.241339
    50  0.15658228    4.260821   98.256947       0.301486   4.393722   0.493333
    51  0.16671917    4.536659  104.617949       0.351118   0.330820  -0.840311
    52  0.17303292    4.708465  108.579887       0.406762   2.641898   1.255478
    53  0.17072704    4.645719  107.132923       0.320887   3.333043   2.883255
    54  0.17452299    4.749012  109.514919       0.353050   5.528334   1.607725
    55  0.16788386    4.568352  105.348803       0.568792  -0.778866   0.373294
    56  0.21920985    5.965003  137.556374       0.526614   5.510090  -0.985628
    57  0.14396207    3.917407   90.337639       0.917245  -5.879195  -1.958337
    58  0.14117307    3.841515   88.587513       0.944897  -5.013825   1.006747
    59  0.13706863    3.729827   86.011939       1.019121  -2.247578  -3.113600
    60  0.19427441    5.286475  121.909133       1.023763   2.194113  -1.161215
    61  0.15541357    4.229018   97.523571       1.117627  -2.617867  -0.288202
    62  0.11194436    3.046161   70.246205       1.276616  -4.035454  -2.231304
    63  0.21626729    5.884932  135.709889       1.632226   2.564121   0.267147
    64  0.18206952    4.954364  114.250443       1.657700   4.812465  -1.341240
    65  0.11918394    3.243160   74.789115       2.065857  -5.362922  -0.575722
    66  0.12936241    3.520130   81.176205       2.162525  -4.841936  -1.847138
    67  0.19840971    5.399003  124.504076       2.138432  -1.453812   1.205647
    68  0.19883166    5.410485  124.768856       2.017598   1.076244   1.280545
    69  0.15082093    4.104046   94.641640       2.426511  -4.861335  -3.469723
    70  0.20652825    5.619920  129.598544       2.403021   5.884277  -2.295548
    71  0.16944056    4.610712  106.325644       2.415816  -1.979568  -1.371074
    72  0.10094177    2.746765   63.341970       2.695769  -2.909049  -3.698626
*   73  0.22461513    6.112088  140.948239       2.608839   2.647312   1.781564
    74  0.16089907    4.378286  100.965774       2.781358  -3.860834   0.606788
    75  0.19747008    5.373434  123.914450       2.932198   0.318292  -0.788033
    76  0.15703875    4.273242   98.543383       3.164418  -6.102872  -2.055699
    77  0.16705016    4.545666  104.825649       3.196787  -5.422641   1.084264
    78  0.19799554    5.387733  124.244180       3.168665   1.049035   0.333237
    79  0.17207777    4.682474  107.980521       3.126347   2.576872  -2.233693
    80  0.21456459    5.838599  134.641424       3.337123  -1.184443   0.214466
    81  0.17337696    4.717827  108.795777       3.356703  -0.390591   3.020569
    82  0.12603131    3.429486   79.085910       3.593670  -4.079342  -1.982577
    83  0.16656597    4.532491  104.521814       3.701231   2.243454   2.839248
    84  0.18089369    4.922368  113.512603       3.656645   3.107170  -0.840311
    85  0.15507256    4.219739   97.309581       3.854346  -3.280933  -0.178648
    86  0.15598987    4.244700   97.885200       3.837877   5.118386  -2.572657
    87  0.16555338    4.504936  103.886399       4.143433  -2.353647  -2.535352
    88  0.11301313    3.075244   70.916871       4.271788  -5.693994  -0.436843
    89  0.21719421    5.910155  136.291536       4.295870  -4.099698   1.449421
    90  0.18210343    4.955286  114.271726       4.397089  -2.781792   2.110596
    91  0.22252250    6.055145  139.635092       4.492729  -0.177971  -0.851528
    92  0.18049923    4.911634  113.265072       4.516342  -0.119362   1.955895
    93  0.20328858    5.531763  127.565614       4.717607   2.448306   4.252455
    94  0.17086178    4.649386  107.217477       5.067256  -3.956121  -0.827187
    95  0.15757055    4.287713   98.877096       5.237527   0.851517   4.375493
    96  0.16460062    4.479011  103.288534       5.195973   1.054377  -1.626235
    97  0.20673731    5.625608  129.729730       5.330032  -3.140898   3.264802
    98  0.19749508    5.374115  123.930140       5.414583   4.881237  -3.226027
    99  0.15682436    4.267408   98.408856       5.512264  -1.586106   3.988758
   100  0.15610757    4.247903   97.959059       5.629726   3.324052  -2.648632
   101  0.19856297    5.403173  124.600247       6.057649  -0.420737   5.063320
   102  0.20137469    5.479684  126.364633       6.419098   1.853546  -2.512889
