 Number of surface minima:    60
   #       a.u.         eV      kcal/mol           X/Y/Z coordinate(Angstrom)
     1  0.12979595    3.531927   81.448257      -6.774326  -1.113860  -0.708009
     2  0.14338155    3.901610   89.973356      -6.698437   0.251707  -2.337849
     3  0.12416892    3.378808   77.917238      -6.211876  -2.733833  -2.218686
     4  0.12365998    3.364959   77.597874      -6.076076  -0.220610  -1.160699
     5  0.13450775    3.660142   84.404960      -6.078427  -1.319550  -3.703967
     6  0.11964062    3.255587   75.075687      -5.738590  -0.857113  -0.341965
     7  0.11347561    3.087828   71.207078      -5.422328  -2.103701  -2.922819
     8  0.13608351    3.703021   85.393764      -5.439004  -1.733425   0.381846
     9  0.11207776    3.049791   70.329913      -5.161075  -2.753325  -2.105883
    10  0.13216803    3.596475   82.936762      -5.212295   0.591144  -1.804183
    11  0.11864005    3.228360   74.447818      -4.630841  -1.288495  -3.568542
    12  0.13158511    3.580613   82.570970      -4.519794  -0.728957  -0.081516
    13  0.13714098    3.731796   86.057337      -4.543595   1.521685  -0.609053
    14  0.16605035    4.518460  104.198256      -4.599351   3.082625  -2.752354
    15  0.13268328    3.610496   83.260082      -4.259267   0.613706  -1.501207
    16  0.14276611    3.884863   89.587162      -4.108126   2.917813   1.702268
    17  0.13090084    3.561993   82.141584      -4.133409   3.766694   0.745731
    18  0.15715130    4.276304   98.614014      -4.092606   4.942414  -1.686331
    19  0.14419021    3.923615   90.480802      -4.008581   4.345083  -0.308049
    20  0.12077284    3.286396   75.786167      -3.855082  -2.659471  -1.748054
    21  0.13799448    3.755021   86.592917      -3.842503   0.000795  -0.681683
    22  0.11714511    3.187680   73.509726      -3.593734  -1.264482  -3.262926
    23  0.15189389    4.133243   95.314933      -3.490791   2.305653  -2.338677
    24  0.12347209    3.359846   77.479970      -3.191261  -1.991015  -2.273536
    25  0.06892795    1.875625   43.252980      -3.072651   2.100966   4.326139
    26  0.05790922    1.575790   36.338612      -3.052641  -1.073687   3.016727
    27  0.14231088    3.872476   89.301502      -2.954898   4.615382  -1.093615
    28  0.09391507    2.555559   58.932647      -1.631939  -2.966373  -1.614443
    29  0.02606037    0.709139   16.353145      -1.080142  -0.613332   3.577448
    30  0.07159281    1.948139   44.925202      -0.746614  -0.737708  -1.085265
    31  0.04134312    1.125004   25.943222      -0.550965  -5.387629  -1.432830
    32  0.02566446    0.698366   16.104707      -0.411541  -4.374170   0.761514
    33  0.18919766    5.148330  118.723422      -0.025544   2.996031   0.346858
    34  0.01199438    0.326384    7.526593       0.151949  -0.108547   2.939222
    35  0.16954977    4.613684  106.394174       0.211250   3.823653  -3.264163
*   36 -0.01062266   -0.289057   -6.665823       0.316659  -2.923356   3.486599
    37  0.04477559    1.218406   28.097134       0.507390  -3.187945  -1.553944
    38  0.16229253    4.416204  101.840187       0.924552   2.145801  -3.174771
    39  0.03174587    0.863849   19.920849       1.054580  -1.827939  -1.577380
    40  0.15013566    4.085399   94.211626       1.565744   3.660076   2.026175
    41  0.16913844    4.602491  106.136063       1.527459   3.803526  -2.280217
    42 -0.00644688   -0.175428   -4.045480       1.698038  -2.718994   3.087926
    43  0.16460803    4.479212  103.293183       1.584111   4.780425   0.516854
    44  0.13078835    3.558932   82.070998       2.076758   1.045473   1.257310
    45  0.18244414    4.964558  114.485524       2.439462   2.051486  -1.217560
    46  0.05726281    1.558200   35.932985       2.756393  -3.655833  -1.848869
    47  0.15735087    4.281735   98.739242       2.910253   4.754514   1.168205
    48  0.12691726    3.453594   79.641851       3.973637  -0.409764   0.558570
    49  0.04165011    1.133357   26.135862       4.079336  -2.791062   0.429609
    50  0.06225825    1.694133   39.067675       4.597086  -2.283220  -3.395360
    51  0.11520281    3.134828   72.290914       5.804010   2.108693   1.573127
    52  0.12475294    3.394700   78.283717       5.768510   3.162182  -0.882345
    53  0.12585597    3.424715   78.975879       6.102988   0.019243  -1.962013
    54  0.10421055    2.835713   65.393162       6.305708   0.119413   0.718919
    55  0.11320673    3.080512   71.038355       6.300699   1.112997  -1.746737
    56  0.11798274    3.210474   74.035348       6.440896   1.163213   1.120546
    57  0.12545855    3.413901   78.726493       6.439380   2.236122  -1.261875
    58  0.13282240    3.614281   83.347383       7.016777   2.526024   1.467205
    59  0.13782465    3.750399   86.486344       6.969851   3.424500  -0.548257
    60  0.12851639    3.497109   80.645321       7.373159   1.172841  -1.501536
 
 Number of surface maxima:    88
   #       a.u.         eV      kcal/mol           X/Y/Z coordinate(Angstrom)
     1  0.19732397    5.369458  123.822765      -7.555939  -2.257624  -1.348255
     2  0.15865733    4.317286   99.559064      -6.968450  -1.006300  -2.475567
     3  0.20685320    5.628762  129.802454      -7.023448  -0.000957  -3.725461
     4  0.21994740    5.985073  138.019193      -6.409403   3.284259  -0.447177
     5  0.15718386    4.277190   98.634441      -6.084781  -2.516221  -0.542059
     6  0.16883082    4.594120  105.943025      -5.382275   0.447580  -3.667573
     7  0.17811474    4.846749  111.768783      -5.313560   2.434677   0.568527
     8  0.18288486    4.976550  114.762076      -5.311070   3.692372  -1.612840
     9  0.20407638    5.553201  128.059972      -5.078172  -3.252426   0.502266
    10  0.21549837    5.864009  135.227380      -4.924678   1.707611   1.838715
    11  0.17560743    4.778521  110.195416      -4.770223  -0.390301  -1.341895
    12  0.22744620    6.189126  142.724764      -4.805061   4.485125  -2.992341
    13  0.16935471    4.608376  106.271776      -4.545627   2.757064  -2.458846
    14  0.16884888    4.594612  105.954364      -4.391376  -1.639466  -2.293512
    15  0.22087864    6.010413  138.603553      -4.012716   1.260334  -4.128034
    16  0.18374644    4.999995  115.302729      -3.759458  -2.548575   0.237678
    17  0.18339818    4.990518  115.084195      -3.821481  -2.246440   0.369972
    18  0.09949874    2.707498   62.436457      -3.651259   2.972363   3.222921
    19  0.24622807    6.700206  154.510575      -3.341858   1.305765   1.684144
    20  0.20645475    5.617919  129.552420      -3.306504   2.152053  -1.037040
    21  0.19229897    5.232721  120.669528      -3.215767   4.088242  -2.843665
    22  0.19290265    5.249148  121.048343      -3.149007  -3.140101   1.031443
    23  0.17333113    4.716580  108.767015      -3.037355  -5.424413  -0.669668
    24  0.11385227    3.098078   71.443440      -2.948616  -4.382367  -1.890937
    25  0.19222069    5.230591  120.620406      -2.942887  -0.957427   0.717578
    26  0.17803731    4.844641  111.720190      -2.993063   0.587790  -2.937386
    27  0.18936506    5.152885  118.828471      -3.056541   0.656750   3.686452
    28  0.20515113    5.582446  128.734389      -3.006600   3.484727  -0.267733
    29  0.18873441    5.135725  118.432732      -2.667674   2.431652   1.798449
    30  0.17578383    4.783321  110.306112      -2.567155  -0.411900  -0.441354
    31  0.16792588    4.569495  105.375167      -2.133269  -1.334674  -1.480235
    32  0.17795967    4.842529  111.671470      -1.900353  -3.996353  -3.254950
    33  0.04342860    1.181752   27.251881      -1.894069  -3.063612   3.569588
    34  0.21604489    5.878880  135.570329      -1.753236  -0.051030   1.938199
    35  0.22498055    6.122032  141.177542      -1.638998   0.377301  -2.296112
    36  0.24624989    6.700800  154.524268      -1.607505   3.957415  -3.319230
    37  0.22470603    6.114562  141.005283      -1.477624   1.839120   2.750886
    38  0.23715185    6.453230  148.815154      -1.333871   1.191887  -0.282604
    39  0.21739635    5.915656  136.418386      -1.221112   2.624609  -2.280495
    40  0.16057460    4.369457  100.762167      -1.140582  -2.586913   0.603101
    41  0.21807531    5.934131  136.844441      -0.947848   3.632763  -1.746737
    42  0.06313562    1.718008   39.618232      -0.838818   0.509648   4.459653
*   43  0.25105088    6.831442  157.536935      -0.896917   2.419347   0.553197
    44  0.23249220    6.326435  145.891182      -0.535244   2.511076  -3.728762
    45  0.18255754    4.967643  114.556685      -0.173131  -0.150985   0.076516
    46  0.14398588    3.918055   90.352580      -0.046394  -1.742449  -0.734122
    47  0.20518036    5.583242  128.752728       0.004365   3.562932  -0.553118
    48  0.23051416    6.272609  144.649938       0.343834   3.683178   0.879366
    49  0.23293688    6.338535  146.170222       0.352011   4.845411  -1.887048
    50  0.08127184    2.211519   50.998895       0.428106  -4.775476  -0.899960
    51  0.11517634    3.134108   72.274305       0.527793  -1.183628   2.358478
    52  0.10075413    2.741659   63.224226       0.711334  -3.055650   1.632271
    53  0.21279718    5.790506  133.532355       1.003345   1.564955  -1.399551
    54  0.20745293    5.645081  130.178786       1.040567   2.253776   0.904587
    55  0.17848128    4.856723  111.998789       1.036567   3.494861  -3.133884
    56  0.22613285    6.153388  141.900624       1.157649   2.629631  -0.532086
    57  0.16171017    4.400358  101.474749       1.422785  -0.413655   0.761847
    58  0.12945141    3.522552   81.232057       1.611454  -2.129590   0.105383
    59  0.07217007    1.963848   45.287443       1.861155  -3.177487  -2.255344
    60  0.16977652    4.619854  106.536462       1.846637   4.744033   1.161309
    61  0.14615976    3.977209   91.716714       2.019224  -4.246299   0.000996
    62  0.23153276    6.300327  145.289125       2.164105   2.368416  -2.176034
    63  0.19319995    5.257238  121.234900       2.690367  -1.666439  -0.489820
    64  0.22551058    6.136455  141.510147       2.756393   4.882008  -0.486039
    65  0.22028515    5.994264  138.231132       2.859356  -0.943293  -2.165487
    66  0.23781876    6.471377  149.233649       2.888687   1.177767  -0.992809
    67  0.19403348    5.279920  121.757952       2.942253  -1.943730  -0.423794
    68  0.21577358    5.871498  135.400078       2.998846   0.648590   0.453014
    69  0.21113947    5.745397  132.492130       3.176744   3.836747   2.363233
    70  0.05261430    1.431708   33.016001       3.619875  -1.878297   2.327705
    71  0.19479555    5.300656  122.236154       3.642126   3.001885   1.155681
    72  0.20140363    5.480472  126.382793       3.593479   3.456164   0.128098
    73  0.18070299    4.917178  113.392931       4.077969  -2.791967  -2.016121
    74  0.22681800    6.172032  142.330566       4.476219   4.413370   1.134348
    75  0.17981236    4.892943  112.834055       4.522253  -0.231435  -1.746737
    76  0.18349922    4.993268  115.147598       4.740807  -0.409764  -1.641766
    77  0.19731199    5.369132  123.815245       4.779524  -1.054718  -0.649666
    78  0.08864512    2.412156   55.625700       4.997921  -0.936393  -3.454107
    79  0.19922670    5.421234  125.016744       5.026136  -1.203530  -1.217560
    80  0.17716471    4.820897  111.172628       5.269984   1.217869   0.634561
    81  0.18565265    5.051866  116.498894       5.268157   1.838181  -0.824278
    82  0.07071246    1.924184   44.372774       5.332290  -2.923356  -0.052529
    83  0.16904467    4.599939  106.077221       5.921092   3.821937   0.760018
    84  0.19247455    5.237499  120.779703       6.333705  -1.340705  -1.351356
    85  0.15404342    4.191735   96.663785       7.122105  -0.080138  -0.887933
    86  0.15779026    4.293691   99.014964       7.766832   2.096022   0.094371
    87  0.20413608    5.554825  128.097432       7.676847   3.705066   0.650190
    88  0.19636818    5.343450  123.222997       8.495431   0.690305  -0.521665
