 Number of surface minima:    55
   #       a.u.         eV      kcal/mol           X/Y/Z coordinate(Angstrom)
     1  0.13728536    3.735725   86.147936      -7.979085  -0.927895  -1.190706
     2  0.12979588    3.531925   81.448210      -7.377046  -2.861501   0.213154
     3  0.12562377    3.418397   78.830175      -7.185319  -1.533119  -0.115191
     4  0.13468550    3.664979   84.516496      -6.920731  -1.846250  -2.902827
     5  0.12380585    3.368929   77.689411      -6.919253  -0.318549  -0.577280
     6  0.11548468    3.142498   72.467789      -6.523848  -2.200143   0.670451
     7  0.12123660    3.299016   76.077180      -5.929501  -2.566804  -2.168143
     8  0.11845661    3.223368   74.332705      -5.708885  -1.480543  -2.659297
     9  0.10954831    2.980961   68.742659      -5.333199  -3.296153  -1.442255
    10  0.16493777    4.488185  103.500097      -3.813533   1.069571   0.542172
    11  0.14889717    4.051698   93.434461      -3.613373  -0.535930  -1.857095
    12  0.13693362    3.726153   85.927217      -2.497972  -0.053212  -1.506672
    13  0.17065937    4.643878  107.090460      -2.020226   2.591779  -1.231193
    14  0.03685249    1.002807   23.125304      -1.762131  -2.827031   1.800053
    15  0.14960833    4.071050   93.880720      -1.525878   2.048937   1.353578
    16  0.01247729    0.339524    7.829623      -1.208551  -1.508450   2.378177
    17  0.16166421    4.399107  101.445911      -1.202851   3.280376   1.444420
    18  0.13225163    3.598750   82.989217      -1.163682   6.164620  -0.776807
    19  0.14546548    3.958317   91.281046      -0.894479   7.295982  -0.375310
    20  0.12864553    3.500623   80.726355      -0.467028   5.620184   1.739000
    21  0.14351829    3.905331   90.059161      -0.286747   6.841702   1.694791
    22 -0.00657916   -0.179028   -4.128492      -0.041427  -3.818368   0.213154
    23  0.02142228    0.582930   13.442697      -0.137860  -0.549448  -1.889383
    24  0.13631520    3.709325   85.539150       0.067152   6.416075  -1.020017
*   25 -0.01207497   -0.328577   -7.577161       0.242464  -3.881201   1.554155
    26  0.13351344    3.633085   83.781018       0.684164   5.900031   1.467923
    27  0.12860176    3.499432   80.698888       0.989122   5.620071  -1.430226
    28  0.09931609    2.702528   62.321839       1.282636   1.798351   1.669021
    29  0.14214719    3.868022   89.198782       1.419244   6.698910  -1.098728
    30  0.12592746    3.426661   79.020743       1.539362   5.134229   1.136030
    31  0.02498969    0.680004   15.681279       1.737769  -1.581374  -1.447301
    32  0.04362538    1.187107   27.375365       1.914492  -0.450095   2.793028
    33  0.10905873    2.967639   68.435442       1.910190   0.727457   0.425830
    34  0.08101356    2.204491   50.836817       1.942988   0.806336  -1.308595
    35  0.14083504    3.832316   88.375398       1.947398   6.299526   1.008512
    36  0.11206858    3.049541   70.324152       2.931050  -1.314153  -1.638966
    37  0.05859003    1.594316   36.765828       3.028969   1.719231   2.911658
    38  0.08427163    2.293148   52.881290       3.374663   0.468649   0.440962
    39  0.10336471    2.812697   64.862390       3.590227  -2.242507  -2.373024
    40  0.11590618    3.153968   72.732290       4.051512  -0.065959  -2.171643
    41  0.09376647    2.551515   58.839397       4.292745  -2.765720  -1.440999
    42  0.09661050    2.628906   60.624057       4.756857  -3.047368  -0.553003
    43  0.10568015    2.875703   66.315352       4.692344  -0.234183  -0.856017
    44  0.08587056    2.336657   53.884638       4.911517  -2.641044  -2.506972
    45  0.10734939    2.921125   67.362817       5.177328  -0.523112   0.108043
    46  0.09577369    2.606135   60.098949       5.368403  -0.076861  -1.908709
    47  0.09074488    2.469294   56.943319       5.929745  -2.806480  -2.417948
    48  0.08890084    2.419115   55.786167       6.104185  -3.300496  -0.420655
    49  0.09794766    2.665291   61.463137       6.365514  -0.260986  -1.846740
    50  0.09758998    2.655558   61.238689       6.559819  -0.715362   0.075142
    51  0.08988193    2.445812   56.401809       6.628647  -3.172917  -1.319018
    52  0.09663958    2.629697   60.642301       7.079138  -0.621916  -0.721843
    53  0.11066419    3.011326   69.442883       7.430099  -2.831393  -2.432732
    54  0.10930770    2.974414   68.591675       7.659604  -1.072587   0.099827
    55  0.11505796    3.130886   72.200018       7.790513  -0.674984  -2.011704
 
 Number of surface maxima:    69
   #       a.u.         eV      kcal/mol           X/Y/Z coordinate(Angstrom)
     1  0.20480192    5.572944  128.515250      -8.339708  -1.349108  -2.546642
     2  0.19859034    5.403918  124.617427      -7.681166  -4.006587  -0.825228
     3  0.15977402    4.347672  100.259793      -7.672153  -2.556259  -1.612928
     4  0.16875727    4.592119  105.896875      -7.076280  -0.189283  -2.321055
     5  0.15629715    4.253062   98.078022      -6.243785  -3.737255   0.092637
     6  0.22520366    6.128103  141.317552      -6.126965   1.205688  -2.565026
     7  0.18755920    5.103745  117.695276      -5.853201  -1.124510  -0.190862
     8  0.18241905    4.963875  114.469775      -5.200905  -1.839626  -1.440965
     9  0.19827282    5.395278  124.418176      -4.927482  -4.157567   1.006545
    10  0.20842814    5.671618  130.790745      -4.883863   0.872848  -1.718807
    11  0.19226742    5.231863  120.649728      -4.255621  -2.284876   1.267699
    12  0.25733283    7.002382  161.478922      -4.010256   2.146775  -1.903555
    13  0.18640228    5.072264  116.969296      -3.745667  -2.891798   0.317475
    14  0.24104818    6.559254  151.260142      -3.745667  -0.204215   0.554842
*   15  0.25955993    7.062985  162.876450      -3.696986   3.279584   0.622984
    16  0.20174375    5.489727  126.596222      -3.450269  -1.222017   1.840006
    17  0.22588594    6.146669  141.745688      -3.084196   1.977767  -0.290501
    18  0.22771857    6.196538  142.895682      -3.065577  -0.827443  -0.683430
    19  0.23064522    6.276176  144.732182      -3.042302   5.655890   1.019676
    20  0.19552671    5.320552  122.694963      -2.409310   0.882990   1.157337
    21  0.21436449    5.833154  134.515861      -2.443234   4.312500   0.466730
    22  0.16548950    4.503198  103.846317      -1.879759  -2.027485   0.611959
    23  0.17575270    4.782474  110.286574      -1.761253   6.607818   0.788647
    24  0.19454076    5.293723  122.076272      -1.638816   1.266258  -1.390212
    25  0.05232524    1.423842   32.834609      -1.122839  -3.497981  -1.650118
    26  0.15410116    4.193306   96.700018      -1.081534  -0.963302  -0.157421
    27  0.24979371    6.797233  156.748052      -0.804452   2.724968  -0.911998
    28  0.10597611    2.883756   66.501066      -0.771698  -2.106427   1.006920
    29  0.21184106    5.764488  132.932382      -0.665201   8.065584   0.902162
    30  0.17848794    4.856904  112.002965      -0.321907   0.601701   0.717869
    31  0.24330848    6.620760  152.678502      -0.346298   2.446386   0.548265
    32  0.19800034    5.387863  124.247190      -0.176680   4.975526  -0.716569
    33  0.13572466    3.693256   85.168584      -0.067900  -0.857359   2.154714
    34  0.17658770    4.805196  110.810545       0.026640   1.137436   2.991335
    35  0.19619058    5.338617  123.111550       0.202831   4.831022   0.837835
    36  0.21722866    5.911092  136.313157       0.591729   2.184980  -1.817263
    37  0.16993944    4.624287  106.638698       0.653155   7.364945   0.377864
    38  0.12834980    3.492576   80.540784       0.818897  -1.177303  -0.910936
    39  0.03232501    0.879608   20.284267       1.167054  -3.625158   3.297420
    40  0.19607299    5.335417  123.037763       1.162894   1.142114  -0.042881
    41  0.10868785    2.957547   68.202713       1.281516  -2.485105   0.455339
    42  0.21265326    5.786589  133.442047       1.413810   3.254145  -1.289520
    43  0.14739339    4.010778   92.490828       1.483565   0.016543   0.080860
    44  0.21320525    5.801610  133.788426       1.805604   3.119465  -0.186875
    45  0.15766132    4.290183   98.934056       2.031930  -1.247003   1.258862
    46  0.21102939    5.742402  132.423054       2.296840   7.336094  -0.055392
    47  0.17327503    4.715053  108.731817       2.380006   5.675578  -0.426596
    48  0.13502301    3.674163   84.728290       2.629960   1.817815   0.897264
    49  0.17718793    4.821529  111.187201       3.000623  -0.844935  -2.830052
    50  0.11798958    3.210660   74.039638       2.965990   1.922012  -1.266745
    51  0.16034912    4.363321  100.620676       3.111118  -2.869042   0.204138
    52  0.22306350    6.069866  139.974577       3.095702   4.303590  -0.867098
    53  0.13529565    3.681582   84.899371       3.197564  -1.934987  -1.178156
    54  0.14463404    3.935692   90.759306       3.398225  -0.633794  -0.712906
    55  0.14683074    3.995468   92.137758       3.385785  -0.338507   0.075026
    56  0.18160181    4.941637  113.956953       3.621240  -2.041729   2.052135
    57  0.19471220    5.298388  122.183854       4.190056   2.590436   0.614246
    58  0.16924482    4.605386  106.202816       4.393574  -1.803501   1.208504
    59  0.13637550    3.710966   85.576992       4.469315  -0.972133  -3.211421
    60  0.18208918    4.954898  114.262779       5.052508   0.278127   2.661203
    61  0.14235087    3.873564   89.326594       5.490321  -2.472477  -1.248829
    62  0.19103338    5.198283  119.875358       5.580245  -2.369198   2.065275
    63  0.18183316    4.947932  114.102125       5.752694  -0.979272  -4.338256
    64  0.14832577    4.036149   93.075902       5.747603  -0.902462  -0.988501
    65  0.14034701    3.819036   88.069151       6.814665  -2.306531   0.988742
    66  0.13743343    3.739754   86.240852       6.972253  -1.374726  -3.228135
    67  0.13653424    3.715286   85.676601       8.128954  -2.046428  -1.129897
    68  0.18035759    4.907780  113.176193       8.424918  -2.431613   0.477400
    69  0.18195597    4.951274  114.179191       8.550850  -1.754453  -2.667786
