 Number of surface minima:    91
   #       a.u.         eV      kcal/mol           X/Y/Z coordinate(Angstrom)
     1  0.10921036    2.971765   68.530590      -5.934260  -2.624344  -2.779765
     2  0.10455285    2.845028   65.607960      -5.574994  -3.884464  -3.899042
     3  0.03660100    0.995964   22.967493      -5.567700   7.019947  -1.201857
     4  0.10103966    2.749429   63.403398      -5.351668  -2.104541  -4.298996
     5  0.12960782    3.526808   81.330205      -5.411494  -0.530537   4.091833
     6  0.12857890    3.498810   80.684546      -5.125971  -4.077283   1.474071
     7  0.14372525    3.910963   90.189029      -5.024309   1.076176   1.187983
     8  0.12058288    3.281227   75.666962      -4.979239  -3.779694   3.194996
     9  0.07036062    1.914610   44.151992      -4.914836   4.505086  -1.075426
    10  0.07044476    1.916899   44.204792      -4.997538   4.926008   0.146292
    11  0.03678580    1.000993   23.083458      -4.914692   6.830527  -2.312358
    12  0.07450638    2.027422   46.753500      -4.869909   4.260755   0.804343
    13  0.07266462    1.977305   45.597778      -4.741645   3.596627  -1.314254
    14  0.14060169    3.825967   88.228967      -4.601572  -0.096681   0.936740
    15  0.13917173    3.787055   87.331651      -4.377884   0.802259   0.385319
    16  0.14136965    3.846864   88.710870      -3.975851  -3.689658  -0.648074
    17  0.13954925    3.797328   87.568552      -3.789178  -1.575364   4.539681
    18  0.12303112    3.347847   77.203257      -3.597389  -3.162895   4.691837
    19  0.13116475    3.569174   82.307189      -3.466155  -5.612782  -0.796176
    20  0.12507700    3.403518   78.487066      -3.457772  -5.468496  -2.526818
    21  0.16366422    4.453530  102.700936      -3.442197  -1.180130   0.258644
    22  0.12844173    3.495077   80.598468      -3.412673  -4.199085  -4.097897
    23  0.14019265    3.814836   87.972289      -3.158712  -4.229212   1.315626
    24  0.10295786    2.801626   64.607084      -3.057343  -1.046186  -4.943058
    25  0.10346044    2.815302   64.922458      -2.916865  -5.285222   4.644131
    26  0.15943548    4.338460  100.047360      -2.931362   0.403343  -0.808488
    27  0.02890640    0.786583   18.139052      -2.643407   7.552633  -1.183763
    28  0.11481221    3.124199   72.045807      -2.441085   1.438844   2.051239
    29  0.05077820    1.381745   31.863826      -2.365733   5.312910   0.137591
    30  0.04842990    1.317845   30.390246      -2.226353   4.656443   0.935817
    31  0.05112843    1.391275   32.083603      -2.026052   3.575152   0.629765
    32  0.03974237    1.081445   24.938733      -2.087260   3.999715  -1.309217
    33  0.04759205    1.295045   29.864485      -1.969508   3.337157  -0.515302
    34  0.09938882    2.704507   62.367481      -1.713759  -0.778018   5.159180
    35  0.11213908    3.051459   70.368391      -1.816032  -0.616488  -3.953955
    36  0.11182482    3.042908   70.171191      -1.577430  -1.701769  -5.027156
    37  0.11007311    2.995242   69.071977      -1.583186  -5.544789   3.570097
    38  0.12638568    3.439129   79.308279      -1.343912  -0.579757   1.786962
    39  0.02364177    0.643325   14.835449      -1.415984   2.261171  -1.157077
    40  0.14761339    4.016765   92.628878      -1.168066  -1.143275  -1.731550
    41  0.10100721    2.748546   63.383033      -1.123796  -4.618133   4.956059
    42  0.16908880    4.601140  106.104913      -1.055082  -3.090248   0.129884
    43  0.16706712    4.546128  104.836290      -0.790494  -3.751708  -0.531587
    44  0.09460195    2.574250   59.363670      -0.720313  -0.804509   3.821592
    45  0.09736669    2.649482   61.098570      -0.596957  -1.941853   5.218310
    46  0.14103391    3.837728   88.500186      -0.393611  -5.227830  -3.919465
    47 -0.01083064   -0.294717   -6.796337       0.103930   3.518661   1.452827
*   48 -0.02065025   -0.561922  -12.958235       0.135567   4.310243   0.326836
    49  0.15617282    4.249678   98.000004       0.244009  -4.139613  -0.796176
    50  0.15161980    4.125785   95.142941       0.402372  -2.360774  -2.771774
    51  0.02655236    0.722527   16.661873       0.493644  -0.132552   1.791877
    52  0.15917196    4.331289   99.881998       0.949184  -3.692073  -0.359939
    53  0.14961734    4.071295   93.886379       1.179966  -1.823303  -2.233279
    54 -0.00727530   -0.197971   -4.565325       1.118972   3.615609  -2.326362
    55  0.02619535    0.712812   16.437846       1.358972   2.170330  -2.486921
    56  0.16464154    4.480124  103.314211       1.370964  -4.353544  -1.148309
    57  0.09189133    2.500490   57.662731       2.006400  -0.522620  -1.988171
    58  0.00189103    0.051458    1.186643       2.091335   3.145632   0.651042
    59  0.14371608    3.910713   90.183276       2.576286   0.203884   0.394473
    60  0.05546811    1.509364   34.806793       2.559448   0.693607  -4.060950
    61  0.13199739    3.591832   82.829681       3.054853  -0.915125  -1.323723
    62  0.06226037    1.694191   39.069003       3.213231   2.140108  -2.086605
    63  0.13016764    3.542042   81.681496       3.424299  -3.472385  -0.678094
    64  0.11271854    3.067228   70.732013       3.833487  -3.437981   1.185518
    65  0.11992602    3.263353   75.254779       3.840626  -0.780997   1.321406
    66  0.09200790    2.503662   57.735879       3.900889   3.380607   2.114299
    67  0.08678990    2.361673   54.461529       3.908725   4.049915   0.066508
    68  0.11764822    3.201371   73.825434       4.473550  -3.606201  -1.073161
    69  0.12914970    3.514342   81.042727       4.493013  -0.927518  -1.329014
    70  0.09196061    2.502375   57.706202       4.636107   2.275126   1.973232
    71  0.08672331    2.359861   54.419744       4.653773   3.187231  -0.490139
    72  0.11260813    3.064223   70.662728       4.798058  -3.515717   0.818974
    73  0.12571279    3.420819   78.886035       4.805363  -0.993925   2.005997
    74  0.11410952    3.105078   71.604867       5.138285  -3.600407  -0.277548
    75  0.12480237    3.396045   78.314733       5.076912  -0.867436   0.946202
    76  0.09955368    2.708993   62.470930       5.186868   1.335111   1.635467
    77  0.09600856    2.612526   60.246328       5.266618   2.324589  -0.796176
    78  0.07947783    2.162702   49.873131       5.296557   3.195537   2.374617
    79  0.07631261    2.076572   47.886926       5.430884   4.116929  -0.126441
    80  0.13948470    3.795572   87.528042       5.749208  -1.253495  -1.722236
    81  0.08531883    2.321644   53.538421       6.336988   3.044385   2.352267
    82  0.09024768    2.455764   56.631323       6.485693   1.202817   1.657418
    83  0.08328876    2.266402   52.264527       6.492835   3.986601  -0.117098
    84  0.08974186    2.442000   56.313915       6.595914   2.128877  -0.840477
    85  0.08782354    2.389800   55.110151       7.015237   1.998458   1.980971
    86  0.08684607    2.363202   54.496776       7.044916   2.952218  -0.491431
    87  0.07156119    1.947279   44.905365       7.350061  -3.753764   1.258841
    88  0.07196360    1.958229   45.157879       7.470193  -3.824367   0.526767
    89  0.07283062    1.981822   45.701945       7.676342  -3.620433   0.069229
    90  0.10583628    2.879952   66.413326       7.794369   3.185963   2.240267
    91  0.10501149    2.857508   65.895761       7.880779   3.920845   0.129884
 
 Number of surface maxima:   122
   #       a.u.         eV      kcal/mol           X/Y/Z coordinate(Angstrom)
     1  0.19308494    5.254108  121.162730      -6.263660  -0.927748   2.879761
     2  0.11542323    3.140826   72.429228      -5.946283  -2.894704  -3.570189
     3  0.17824017    4.850162  111.847491      -5.446409  -4.154299  -2.119119
     4  0.14607655    3.974945   91.664496      -5.353850  -2.434480   3.010821
     5  0.13695926    3.726851   85.943306      -5.286318  -3.690523   2.247456
     6  0.19357696    5.267497  121.471479      -5.165829  -2.610843   0.650973
     7  0.16947779    4.611725  106.349005      -5.288276  -1.176032  -2.912336
     8  0.17133696    4.662316  107.515653      -5.100233  -3.540713   4.760185
     9  0.14620446    3.978426   91.744762      -5.154645  -1.705524   4.232169
    10  0.21516700    5.854992  135.019446      -5.134666   1.744526   2.516678
    11  0.09235131    2.513007   57.951370      -5.052724   5.561489  -0.681724
    12  0.16256812    4.423704  102.013122      -4.883837  -3.412924  -5.158538
    13  0.19101536    5.197792  119.864051      -4.873128  -4.869483  -1.313684
    14  0.18071642    4.917544  113.401359      -4.685730   0.276757   2.775770
    15  0.17986635    4.894412  112.867935      -4.373609  -1.711499   1.711362
    16  0.10186292    2.771831   63.920002      -4.362440   8.288224  -1.457647
    17  0.12578445    3.422769   78.930999      -4.240783   3.846280  -0.141286
    18  0.18977655    5.164082  119.086681      -4.056967  -5.225170   2.015542
    19  0.16144613    4.393173  101.309060      -4.206774  -3.277852  -1.706919
    20  0.20812757    5.663439  130.602132      -4.085571  -1.850122  -0.405267
    21  0.10386869    2.826411   65.178640      -4.148999   5.568529  -2.037973
    22  0.10461378    2.846686   65.646195      -4.226621   6.354722   0.532776
    23  0.15096860    4.108064   94.734303      -4.024930  -4.365686  -2.681520
    24  0.18696786    5.087654  117.324204      -4.029947  -0.184516   4.828089
    25  0.16127854    4.388612  101.203894      -3.941353   6.275510   2.159809
    26  0.13607831    3.702879   85.390501      -3.905359  -1.972247  -4.175630
    27  0.14299137    3.890993   89.728517      -3.803443  -1.953167   4.535906
    28  0.14795027    4.025932   92.840274      -3.624388  -4.144670   3.304948
    29  0.14950811    4.068323   93.817833      -3.688369  -3.695152   0.787693
    30  0.16004353    4.355006  100.428914      -3.599048   4.629368  -3.359049
    31  0.12324830    3.353757   77.339542      -3.695021   4.640284   2.245334
    32  0.14997830    4.081117   94.112883      -3.563925  -1.698450  -2.642716
    33  0.16447947    4.475714  103.212513      -3.570184   2.261370   1.850123
    34  0.18075073    4.918477  113.422889      -3.461190   3.187231   2.994038
    35  0.15092926    4.106994   94.709620      -3.304085  -4.116843  -0.196833
    36  0.17115615    4.657396  107.402195      -3.278906  -0.210841  -3.541858
    37  0.21269946    5.787847  133.471041      -3.325760  -0.181109   0.465784
    38  0.12099783    3.292518   75.927348      -3.416165   3.195813  -2.515184
    39  0.17656168    4.804488  110.794219      -3.247836  -5.655114  -4.179579
    40  0.14388966    3.915437   90.292198      -3.203114  -3.359855  -4.300493
    41  0.14136855    3.846834   88.710176      -3.061565  -5.712142  -1.730004
    42  0.17739225    4.827089  111.315412      -3.139675  -5.517065   2.925347
    43  0.18096162    4.924216  113.555225      -3.019872   1.645540  -2.354921
    44  0.18062386    4.915025  113.343281      -2.926122   1.326073  -0.696793
    45  0.13790587    3.752610   86.537315      -2.774908  -3.008131   4.805502
    46  0.16657185    4.532650  104.525500      -2.802418  -2.378972  -5.737511
    47  0.15982488    4.349056  100.291711      -2.810709  -0.523851   3.287006
    48  0.10727602    2.919129   67.316776      -2.671756   4.237925  -0.152932
    49  0.15940774    4.337705  100.029950      -2.544210  -4.140918   2.232670
    50  0.16046695    4.366528  100.694618      -2.509797  -4.353910   5.820768
    51  0.19688630    5.357549  123.548123      -2.401609  -1.317912  -0.807805
    52  0.20672930    5.625390  129.724702      -2.275515  -2.248640   0.127142
    53  0.15133679    4.118083   94.965347      -2.113437  -4.088955  -4.161608
    54  0.16427021    4.470020  103.081201      -2.236708  -0.125345   3.715453
    55  0.19316238    5.256216  121.211328      -2.213646   0.172680   1.599778
    56  0.15336675    4.173322   96.239171      -1.978368  -5.550723  -2.502710
    57  0.19770072    5.379710  124.059176      -1.898059  -5.279604  -0.183915
    58  0.15997108    4.353034  100.383452      -1.975317  -2.101990   6.082372
    59  0.11544605    3.141447   72.443554      -1.716554  -5.471712   4.363302
    60  0.11826338    3.218110   74.211455      -1.793367  -0.990705  -4.632711
    61  0.13523262    3.679867   84.859820      -1.673672   1.890830   0.419178
    62  0.15518796    4.222879   97.381995      -1.440109  -5.262350  -3.830160
    63  0.18797293    5.115003  117.954892      -1.294345  -4.332254  -1.310123
    64  0.21102033    5.742155  132.417369      -1.308443  -3.835837   0.915517
    65  0.13240015    3.602791   83.082418      -1.264631  -3.266648   4.550636
    66  0.14706674    4.001889   92.285848      -1.236875  -3.057568   3.040359
    67  0.19609130    5.335916  123.049250      -1.252710  -2.104541   0.990611
    68  0.10623681    2.890851   66.664662      -0.888112  -1.017321   4.912465
    69  0.17748419    4.829590  111.373101      -0.687962  -2.633718  -3.101896
    70  0.15716559    4.276693   98.622980      -0.656689   0.544163   0.658805
    71  0.10573118    2.877092   66.347372      -0.785281   2.254768   0.126103
    72  0.05483028    1.492008   34.406548      -0.670962   2.241110   3.135217
    73  0.18699948    5.088515  117.344046      -0.577122  -1.853132  -3.604384
    74  0.17177778    4.674311  107.792276      -0.262564  -4.484308   3.572736
    75  0.20028025    5.449903  125.677861      -0.287703  -3.833842  -4.616580
    76  0.20379621    5.545577  127.884163      -0.244796  -6.042820  -2.510753
    77  0.13040004    3.548366   81.827330      -0.246202   1.746995  -1.589444
    78  0.22436013    6.105150  140.788224      -0.012091  -2.798915  -0.266999
    79  0.21783329    5.927545  136.692569      -0.004420  -1.819189  -1.605254
    80  0.18653837    5.075967  117.054693      -0.121614  -0.116898  -3.043645
    81  0.16900161    4.598768  106.050199       0.128423  -2.353042   3.722674
    82  0.17575688    4.782588  110.289197       0.034570  -0.102860  -0.878143
    83  0.02130444    0.579723   13.368749       0.135670   4.896726  -1.578004
    84  0.19775174    5.381098  124.091193       0.533890  -4.222198  -2.648461
    85  0.08392181    2.283629   52.661777       1.065128   2.791184   0.527326
    86  0.20267707    5.515123  127.181887       1.438151  -2.119810   0.603241
    87  0.13658050    3.716544   85.705630       1.434479   0.875814   0.993531
    88  0.16896712    4.597829  106.028560       1.698778  -0.828565  -0.677999
    89  0.20629554    5.613587  129.452517       1.845042  -1.958145   2.275813
    90  0.11526106    3.136413   72.327467       1.772460   2.178238  -1.060764
    91  0.16497886    4.489303  103.525886       1.987687   0.608772  -0.331866
*   92  0.23834861    6.485796  149.566138       2.140368  -4.237177  -2.526404
    93  0.19957282    5.430653  125.233943       2.288978  -2.613497  -1.941236
    94  0.13081714    3.559715   82.089063       2.625806   1.467405  -1.113841
    95  0.21936774    5.969300  137.655449       3.146508  -2.376294  -3.189234
    96  0.14956546    4.069883   93.853824       3.170800   4.268442   1.329475
    97  0.17434878    4.744272  109.405604       3.326592   0.692245   1.218046
    98  0.15869215    4.318233   99.580912       3.420722  -2.119338   2.322312
    99  0.13844622    3.767313   86.876389       3.457874   1.882153  -1.029664
   100  0.16806214    4.573203  105.460674       3.999382  -2.995367   0.018527
   101  0.19581852    5.328493  122.878078       3.860888  -0.395627  -0.412581
   102  0.17611675    4.792381  110.515024       4.202261  -1.361574  -0.146005
   103  0.16231007    4.416681  101.851189       4.131385   2.547544  -3.957323
   104  0.16952120    4.612906  106.376245       4.643098  -2.367270  -2.501104
   105  0.11801889    3.211457   74.058037       4.765867   4.672808   1.465890
   106  0.19824672    5.394568  124.401798       4.929530  -2.077583   3.084267
   107  0.19412469    5.282401  121.815181       4.915517  -0.245582  -2.768844
   108  0.13881324    3.777300   87.106697       5.830273   2.266085   1.467161
   109  0.13347567    3.632058   83.757317       5.822433  -3.551934   0.396349
   110  0.14820116    4.032759   92.997708       5.848871  -1.829177   1.721589
   111  0.15624389    4.251612   98.044604       5.984593  -1.004326   0.024687
   112  0.19268986    5.243358  120.914816       5.943237  -0.447292  -0.556620
   113  0.13636419    3.710658   85.569894       5.931543   2.790348  -0.051512
   114  0.16717330    4.549017  104.902917       5.988419   5.632388   1.913570
   115  0.20599379    5.605376  129.263164       6.353399  -2.392574  -2.431255
   116  0.15506458    4.219522   97.304577       6.412167  -1.781184  -0.796176
   117  0.13966828    3.800567   87.643244       7.014870   0.469101  -0.033163
   118  0.12696779    3.454969   79.673560       7.236838   4.502830   1.562629
   119  0.13157130    3.580237   82.562309       8.386919   2.429881   0.821165
   120  0.14110035    3.839536   88.541882       8.498336  -2.348100   1.072055
   121  0.17831795    4.852278  111.896299       8.667446   0.870978   0.262179
   122  0.17512465    4.765384  109.892471       8.803022   3.917029   1.423559
