 Number of surface minima:    68
   #       a.u.         eV      kcal/mol           X/Y/Z coordinate(Angstrom)
     1  0.13365381    3.636905   83.869100      -6.703643   1.114814   1.190975
     2  0.14330837    3.899619   89.927438      -6.551061  -0.320136   2.666500
     3  0.12177071    3.313549   76.412336      -6.103216  -1.176781   0.500957
     4  0.11751090    3.197634   73.739266      -5.983067  -0.801460  -1.430381
     5  0.12747859    3.468869   79.994091      -6.036343   0.194582   1.593686
     6  0.13363389    3.636363   83.856600      -5.947770   1.102855   4.200471
     7  0.12584696    3.424470   78.970227      -5.674208   0.848753   0.792620
     8  0.12606964    3.430529   79.109961      -5.679041  -3.690765   1.000827
     9  0.11252020    3.061830   70.607551      -5.221241  -2.508759  -3.279867
    10  0.13850011    3.768780   86.910202      -5.244510  -0.733411   2.253225
    11  0.11298203    3.074397   70.897353      -5.272525   1.994458   3.390948
    12  0.12322377    3.353089   77.324149      -5.065942  -4.945674  -0.327984
    13  0.12758806    3.471848   80.062785      -5.004061   0.065435   0.009302
    14  0.11205505    3.049173   70.315663      -4.928823   2.593821   2.669982
    15  0.11435052    3.111636   71.756093      -4.733380  -4.202239  -2.806700
    16  0.15045414    4.094065   94.411478      -4.662073  -1.360973   2.982345
    17  0.13947013    3.795175   87.518900      -4.394209   0.754229   0.433508
    18  0.11666197    3.174534   73.206551      -4.450053   1.119401   3.973742
    19  0.14307440    3.893252   89.780615      -4.073046  -0.903546   1.967698
    20  0.13061024    3.554086   81.959235      -4.005630  -0.533109  -2.716743
    21  0.14658913    3.988893   91.986143      -3.745616   0.078474   0.864817
    22  0.11986986    3.261825   75.219537      -3.618374   2.508342   2.265293
    23  0.11775842    3.204370   73.894588      -3.530775  -3.037937  -3.490953
    24  0.11354530    3.089725   71.250808      -3.436586   1.079656   3.661812
    25  0.11987780    3.262041   75.224516      -2.944752   1.849416   2.680915
    26  0.18309124    4.982166  114.891583      -2.654147  -2.663243   1.480453
    27  0.16686806    4.540711  104.711377      -2.524945  -1.609795   0.859344
    28  0.17082834    4.648475  107.196490      -2.653836  -0.789178   0.080647
    29  0.18224554    4.959153  114.360896      -2.108407  -4.174136  -0.016698
    30  0.17160805    4.669693  107.685769      -2.005818  -2.383830  -1.912586
    31  0.13353826    3.633761   83.796595      -2.112935   0.803477   3.125982
    32  0.07304336    1.987611   45.835438      -2.053330   2.722358  -2.195008
    33  0.16872269    4.591178  105.875174      -1.889720  -3.356292  -1.031128
    34  0.14052992    3.824014   88.183931      -1.776036   3.131946   0.057444
    35  0.02736352    0.744599   17.170880      -1.741971   4.629173  -3.117668
    36  0.17213057    4.683911  108.013656      -1.463498  -1.789824   1.329106
    37  0.01370331    0.372886    8.598961      -0.765748   4.784616  -0.544199
    38  0.05497322    1.495898   34.496248      -0.544268   0.817694   1.530540
    39  0.16287966    4.432181  102.208616      -0.303652  -1.110292   1.082578
    40  0.18662748    5.078392  117.110610      -0.152609  -3.061877  -0.777740
    41  0.15977974    4.347828  100.263385      -0.039104  -4.827438   2.128026
    42  0.15492011    4.215591   97.213918       0.490035  -3.103705   2.925700
    43  0.01312933    0.357267    8.238784       0.393802   3.845222  -2.161907
    44  0.02999711    0.816263   18.823487       0.785505   0.110795  -2.616798
    45  0.16304555    4.436695  102.312713       1.289504  -4.820690  -1.172582
    46  0.01581436    0.430331    9.923672       1.470755   1.510581   1.719037
    47  0.16473815    4.482753  103.374839       1.472346  -4.215304   1.823214
    48  0.14627799    3.980427   91.790904       1.736633  -3.676625  -2.528655
*   49 -0.00781774   -0.212731   -4.905708       1.757607   4.284292  -0.051301
    50  0.14066779    3.827765   88.270448       2.079552  -1.185816  -1.427950
    51  0.17835391    4.853257  111.918864       2.304467  -2.376465   0.938484
    52  0.04325252    1.176961   27.141386       2.428454   2.253835   1.327059
    53 -0.00490381   -0.133439   -3.077188       2.523746   3.448377  -1.488635
    54  0.15126802    4.116212   94.922198       2.907266  -4.882432  -1.369283
    55  0.14156469    3.852171   88.833259       3.270945  -1.505808  -1.506538
    56  0.15526165    4.224884   97.428237       3.960863  -1.052606   1.668076
    57  0.15239248    4.146810   95.627808       4.107720  -2.111877   1.168982
    58  0.13132968    3.573662   82.410687       4.096018  -0.776571  -1.119192
    59  0.16738575    4.554798  105.036233       4.603169  -3.037937   0.431224
    60  0.09682798    2.634823   60.760523       5.195799   1.755996   1.431504
    61  0.07654611    2.082925   48.033447       5.537302   1.471815  -0.986454
    62  0.10109521    2.750940   63.438253       5.726227  -0.619123   3.312533
    63  0.09179161    2.497777   57.600150       6.989867   0.399407   2.587110
    64  0.09808958    2.669153   61.552191       7.130418  -1.576322   2.722633
    65  0.08310970    2.261530   52.152167       7.067354   1.724658   0.145011
    66  0.08531596    2.321565   53.536620       7.259653   0.797222  -1.359876
    67  0.10500337    2.857287   65.890666       7.664809  -2.724918   0.610171
    68  0.10122656    2.754515   63.520680       7.664809  -1.714994  -1.187882
 
 Number of surface maxima:    97
   #       a.u.         eV      kcal/mol           X/Y/Z coordinate(Angstrom)
     1  0.19991120    5.439860  125.446276      -7.440235   2.245877   1.919221
     2  0.20509867    5.581019  128.701469      -6.897367  -0.133905   4.064640
     3  0.17938652    4.881355  112.566833      -6.778010  -1.987640  -0.727073
     4  0.15940446    4.337616  100.027893      -6.835765   1.087300   2.874757
     5  0.18335026    4.989214  115.054119      -6.368468  -3.966684  -0.325414
     6  0.17587233    4.785729  110.361644      -6.108102  -3.442212  -2.442421
     7  0.13457384    3.661940   84.446432      -5.829210  -0.322571  -0.078381
     8  0.16207361    4.410247  101.702808      -5.958114   2.520983   1.006858
     9  0.16018960    4.358981  100.520575      -5.482019  -2.784032  -1.005564
    10  0.16604153    4.518220  104.192719      -5.368302  -0.592614   3.917528
    11  0.15593983    4.243339   97.853804      -5.167739  -2.444907   0.541728
    12  0.14641260    3.984089   91.875369      -5.125148  -1.820673  -1.860830
    13  0.14010117    3.812347   87.914886      -4.909930  -4.641905   0.900836
    14  0.21289482    5.793163  133.593631      -4.892690   3.301425  -0.025304
    15  0.18490098    5.031412  116.027217      -4.783027  -0.803165   1.398664
    16  0.18339375    4.990398  115.081413      -4.765061   0.274161  -1.503259
    17  0.18392794    5.004934  115.416621      -4.648086   0.395899   1.661016
    18  0.15299979    4.163336   96.008896      -4.577140  -4.034870  -1.312823
    19  0.12596504    3.427683   79.044320      -4.473210  -3.403383  -3.480841
    20  0.20199819    5.496650  126.755882      -4.263133  -3.183559   1.918964
    21  0.16842762    4.583149  105.690017      -4.201356   1.477443   2.763136
    22  0.17565179    4.779728  110.223254      -3.874654  -1.582699  -3.541719
    23  0.21455017    5.838207  134.632374      -3.914860  -1.450405   4.376641
    24  0.19322083    5.257806  121.248000      -3.687913   2.276939   0.085848
    25  0.16893552    4.596969  106.008729      -3.447913   5.187600  -1.065187
    26  0.19756517    5.376022  123.974120      -3.389779  -5.154646  -0.152730
    27  0.19464402    5.296533  122.141068      -3.315619  -2.669172   0.681601
    28  0.19905971    5.416690  124.911958      -3.439085  -1.309260  -1.632153
    29  0.19992068    5.440118  125.452227      -3.414824  -0.904970  -1.104442
    30  0.19032383    5.178975  119.430106      -3.253037   0.798598  -3.296077
    31  0.18594152    5.059726  116.680163      -3.048690  -4.359505  -2.565713
    32  0.20334101    5.533190  127.598515      -3.018791   3.174337  -0.560869
    33  0.19290434    5.249194  121.049399      -2.882416  -3.651984  -0.295282
    34  0.17447255    4.747639  109.483267      -2.909528  -0.796502   3.133763
    35  0.20687997    5.629490  129.819252      -2.717753   0.999581  -0.379495
*   36  0.24877384    6.769481  156.108074      -2.526253  -4.234253   1.417405
    37  0.18193741    4.950769  114.167543      -2.112001   2.785118   1.272899
    38  0.16176481    4.401844  101.509039      -1.962847   1.210495   1.830648
    39  0.20129309    5.477464  126.313428      -1.590799   0.274409  -0.972371
    40  0.22004391    5.987699  138.079754      -1.536636  -0.524345   2.490679
    41  0.23851154    6.490229  149.668376      -1.316419  -1.298700   0.240247
    42  0.14998075    4.081184   94.114423      -1.340125   2.646733  -0.027483
    43  0.21368845    5.814758  134.091637      -1.186977  -3.939013   1.150817
    44  0.19531160    5.314699  122.559979      -1.089247  -1.059961  -2.330865
    45  0.22490709    6.120033  141.131449      -0.940059  -3.837607   2.999612
    46  0.24508856    6.669199  153.795525      -0.960710  -2.286178  -0.984737
    47  0.15939685    4.337409  100.023119      -1.062121   1.199155  -0.976187
    48  0.15614133    4.248822   97.980248      -0.833980   1.846990  -3.544507
    49  0.14888532    4.051376   93.427026      -0.802027   2.710460  -0.083023
    50  0.13994731    3.808160   87.818337      -0.744954   6.676620  -2.136381
    51  0.17851149    4.857545  112.017742      -0.249977   0.154473  -0.020309
    52  0.07002237    1.905406   43.939737      -0.316049   5.011707  -2.179797
    53  0.13394383    3.644797   84.051093       0.143516   1.741281   1.033220
    54  0.22627174    6.157167  141.987781       0.283842  -3.679050  -1.623033
    55  0.13529913    3.681677   84.901556       0.564726   1.363979  -2.111449
    56  0.22950604    6.245177  144.017336       0.787203  -5.151204   0.744356
    57  0.17221977    4.686338  108.069630       0.849192  -4.360880   2.393684
    58  0.20839589    5.670740  130.770503       0.901030  -2.381397  -1.135636
    59  0.21239376    5.779528  133.279209       0.908669  -1.984207   1.136861
    60  0.04072488    1.108180   25.555268       0.878494   4.571251   1.790879
    61  0.23299004    6.339981  146.203581       1.050093  -2.843621   0.080993
    62  0.09296235    2.529634   58.334806       1.014871   3.170626  -1.112613
    63  0.16205858    4.409838  101.693380       1.446976   0.380729  -0.761427
    64  0.16732582    4.553167  104.998624       1.739306  -4.853369  -1.622460
    65  0.22467017    6.113586  140.982775       1.893530  -2.737800   2.090152
    66  0.11283883    3.070501   70.807495       1.869681   2.020449   0.106263
    67  0.22482075    6.117684  141.077268       2.250553  -5.004470   0.208538
    68  0.15267703    4.154553   95.806360       2.530052   1.112304   0.213288
    69  0.17926721    4.878109  112.491968       2.569066   0.036978   1.800819
    70  0.23069681    6.277580  144.764558       2.915295  -1.421091   0.863748
    71  0.21040623    5.725445  132.032014       2.902214  -0.788934  -0.632289
    72  0.20909624    5.689798  131.209980       3.301679  -4.088921  -2.556979
    73  0.20142791    5.481132  126.398026       3.490585  -3.567114  -0.653578
    74  0.05167373    1.406114   32.425782       3.655850   1.716739  -2.325765
    75  0.15399208    4.190338   96.631572       4.025442   2.583297   2.262576
    76  0.16242244    4.419739  101.921706       4.476006  -1.459017   1.512917
    77  0.17289899    4.704821  108.495846       4.619430  -0.129239   1.535193
    78  0.16937727    4.608990  106.285933       4.894671   0.273175   1.144948
    79  0.23021541    6.264480  144.462469       5.020312  -3.438951  -0.974398
    80  0.17474465    4.755044  109.654015       5.153317  -2.244482   0.479186
    81  0.16752365    4.558550  105.122766       5.198254  -1.667956  -0.845067
    82  0.15319420    4.168626   96.130894       5.419574   0.786312   2.856896
    83  0.17145894    4.665635  107.592200       5.603409  -2.321156   2.726879
    84  0.13894299    3.780831   87.188118       5.698044   2.142416   0.488472
    85  0.14924418    4.061141   93.652215       5.914281   0.257701  -2.088779
    86  0.18138921    4.935851  113.823543       6.053090  -3.489539   0.727898
    87  0.17383305    4.730238  109.081979       6.274760  -2.143715  -1.970527
    88  0.10898413    2.965609   68.388634       6.591370  -0.660833   3.251724
    89  0.11964768    3.255779   75.080116       6.673784   0.469045   1.206677
    90  0.13389538    3.643479   84.020690       6.797976  -1.920354   1.330870
    91  0.09383311    2.553329   58.881217       6.873514   1.597272  -0.842207
    92  0.12633650    3.437791   79.277417       7.025164  -0.772888  -0.848802
    93  0.11975906    3.258810   75.150006       7.387043  -2.945723  -0.600371
    94  0.13619506    3.706056   85.463765       7.319928  -0.619192   0.636022
    95  0.15672799    4.264785   98.348380       8.146050  -0.535593   2.035118
    96  0.15138702    4.119450   94.996871       8.261352   0.534009  -0.082285
    97  0.16218038    4.413153  101.769813       8.527882  -1.513392   0.184100
