 Number of surface minima:    55
   #       a.u.         eV      kcal/mol           X/Y/Z coordinate(Angstrom)
     1  0.13449373    3.659760   84.396160      -7.980478  -0.147616  -1.479045
     2  0.12735127    3.465404   79.914198      -7.662897  -2.151045  -0.175117
     3  0.12249641    3.333297   76.867719      -7.319007  -0.833334  -0.444938
     4  0.13187183    3.588415   82.750895      -6.954700  -1.074900  -3.200096
     5  0.12024816    3.272119   75.456926      -6.922124   0.291510  -0.804009
     6  0.11194611    3.046209   70.247306      -6.725508  -1.610540   0.365388
     7  0.11824137    3.217511   74.197641      -5.996064  -1.962702  -2.402675
     8  0.10654673    2.899284   66.859137      -5.599181  -2.789136  -1.739269
     9  0.11502783    3.130067   72.181116      -5.725181  -0.886297  -2.885588
    10  0.16298039    4.434922  102.271826      -3.747060   1.289992   0.487740
    11  0.14509031    3.948108   91.045623      -3.614766  -0.153689  -2.014296
    12  0.13242317    3.603418   83.096862      -3.474709  -2.038198  -0.874507
    13  0.18533639    5.043260  116.300436      -2.618856   3.616911  -0.422849
    14  0.13339245    3.629793   83.705098      -2.420014   0.174829  -1.557226
    15  0.16946654    4.611419  106.341948      -1.791012   2.760414  -1.084608
    16  0.04573504    1.244514   28.699194      -1.639999  -2.736527   1.879000
    17  0.01462159    0.397874    9.175193      -1.386362  -1.410272   2.377214
    18  0.14678986    3.994355   92.112106      -1.304491   1.897086   1.420694
    19  0.15811036    4.302402   99.215832      -0.849921   3.212342   1.599894
    20  0.12890297    3.507628   80.887904      -0.859013   6.248901  -0.402595
    21  0.14235717    3.873735   89.330545      -0.562668   7.337219   0.056582
    22  0.12498408    3.400990   78.428758      -0.146802   5.495921   2.061194
    23 -0.00431665   -0.117462   -2.708743      -0.165765  -3.805019  -0.085688
    24  0.02031029    0.552671   12.744909      -0.107451  -0.416549  -1.947936
    25  0.14047035    3.822393   88.146547       0.056009   6.778519   2.097232
*   26 -0.00830612   -0.226021   -5.212176       0.184589  -3.989212   1.215537
    27  0.13268520    3.610548   83.261292       0.326001   6.395092  -0.690394
    28  0.00602799    0.164030    3.782626       0.358196  -2.199513   3.476767
    29  0.13018211    3.542435   81.690575       1.009585   5.748346   1.753358
    30  0.12459735    3.390466   78.186085       1.160072   5.738055  -1.144704
    31  0.09428732    2.565688   59.166234       1.476771   1.632497   1.556070
    32  0.04159929    1.131974   26.103968       1.681378  -0.741285   2.812666
    33  0.02696382    0.733723   16.920069       1.731764  -1.649217  -1.496295
    34  0.10583092    2.879806   66.409964       1.920508   0.697131   0.532936
    35  0.12220777    3.325443   76.686598       1.920233   5.059564   1.318685
    36  0.13799771    3.755109   86.594944       2.263538   6.159792   1.284482
    37  0.05807560    1.580317   36.443017       2.986085   1.341852   3.147522
    38  0.08966470    2.439901   56.265498       3.505953   0.170095   0.662666
    39  0.10549660    2.870708   66.200170       3.586175  -2.279283  -2.420064
    40  0.09538983    2.595689   59.858075       4.172606  -2.896028  -1.425090
    41  0.09745742    2.651951   61.155504       4.687018  -3.271796  -0.525403
    42  0.11084717    3.016305   69.557710       4.775779  -0.428208  -0.732102
    43  0.08776112    2.388102   55.070983       4.862021  -2.732061  -2.475913
    44  0.10955280    2.981083   68.745479       5.222772  -0.806169   0.243699
    45  0.10095125    2.747023   63.347922       5.491554  -0.256864  -1.690817
    46  0.08981034    2.443864   56.356887       6.024938  -3.557231  -0.499242
    47  0.09199885    2.503416   57.730198       5.966281  -2.941947  -2.451859
    48  0.11429542    3.110137   71.721519       6.043736  -0.219506  -2.873159
    49  0.09090866    2.473750   57.046091       6.542183  -3.404602  -1.315947
    50  0.09903894    2.694987   62.147927       6.543780  -1.060732   0.291438
    51  0.10061446    2.737859   63.136578       6.474020  -0.473218  -1.650673
    52  0.09814167    2.670571   61.584876       7.078541  -0.888000  -0.648350
    53  0.11154296    3.035238   69.994324       7.373242  -2.990730  -2.470713
    54  0.11030723    3.001612   69.218892       7.604018  -1.459987   0.291193
    55  0.11628268    3.164213   72.968547       7.836043  -0.939891  -1.710929
 
 Number of surface maxima:    71
   #       a.u.         eV      kcal/mol           X/Y/Z coordinate(Angstrom)
     1  0.20252957    5.511110  127.089331      -8.306230  -0.496410  -2.897464
     2  0.19616340    5.337878  123.094496      -8.052249  -3.201869  -1.225941
     3  0.15694739    4.270756   98.486055      -7.862437  -1.679514  -1.958408
     4  0.16583032    4.512472  104.060184      -6.853580   0.559937  -2.634334
     5  0.15400691    4.190741   96.640874      -6.596683  -3.201540  -0.360404
     6  0.18275601    4.973044  114.681226      -5.980239  -0.596181  -0.466823
     7  0.22289675    6.065329  139.869938      -5.841861   1.808701  -2.741702
     8  0.19552406    5.320480  122.693300      -5.495473  -3.791569   0.642419
     9  0.17790587    4.841065  111.637715      -5.191497  -1.266226  -1.678858
    10  0.20507306    5.580322  128.685398      -4.740460   1.367908  -1.750687
    11  0.17750569    4.830175  111.386594      -4.631051  -2.161968   0.962539
    12  0.17305071    4.708949  108.591048      -4.121513  -2.690214   0.068367
    13  0.23411097    6.370484  146.906976      -3.748328   0.051991   0.437945
    14  0.25418710    6.916783  159.504950      -3.728472   2.557323  -1.814571
*   15  0.25602880    6.966898  160.660632      -3.438357   3.377005   0.962539
    16  0.15743846    4.284118   98.794208      -3.059525  -3.923864   2.340217
    17  0.17645251    4.801517  110.725713      -3.061409  -0.994848   1.789259
    18  0.22192735    6.038950  139.261633      -3.092849  -0.624245  -0.766054
    19  0.21928879    5.967151  137.605909      -2.821000   2.214720  -0.492698
    20  0.21999975    5.986498  138.052044      -2.896349   2.218620  -0.204849
    21  0.22758395    6.192874  142.811207      -2.743047   5.703387   1.359422
    22  0.19279830    5.246308  120.982860      -2.321628   0.910817   1.166919
    23  0.21087062    5.738081  132.323421      -2.250758   4.278383   0.830245
    24  0.15366398    4.181410   96.425685      -1.970249  -1.939449   0.565656
    25  0.17284406    4.703326  108.461378      -1.365763   6.593359   1.332995
    26  0.05165506    1.405606   32.414065      -1.181941  -3.374166  -1.896408
    27  0.15535529    4.227432   97.486996      -1.110406  -0.752561  -0.244477
    28  0.10776835    2.932526   67.625716      -0.885954  -2.121112   0.830245
    29  0.24347575    6.625312  152.783468      -0.586887   2.823146  -0.793761
    30  0.20964332    5.704685  131.553279      -0.413196   8.016289   1.377868
    31  0.18091980    4.923078  113.528982      -0.289924   0.578569   0.696401
    32  0.23624790    6.428632  148.247919      -0.204641   2.414571   0.647253
    33  0.13605408    3.702220   85.375293      -0.117061  -0.984387   2.078946
    34  0.17866923    4.861837  112.116727      -0.042820   1.086803   2.896679
    35  0.19433814    5.288210  121.949127       0.061719   5.072149  -0.425049
    36  0.19143560    5.209228  120.127756       0.460993   4.669728   1.083748
    37  0.19065280    5.187927  119.636540       0.645732   1.919041  -1.777338
    38  0.03502186    0.952993   21.976566       0.883240  -3.866429   3.079248
    39  0.12749813    3.469401   80.006353       0.766309  -1.142234  -0.994060
    40  0.16682249    4.539471  104.682779       1.001613   7.319580   0.821028
    41  0.10876619    2.959679   68.251872       1.147829  -2.542796   0.196206
    42  0.18402190    5.007491  115.475583       1.233125   1.056322  -0.010519
    43  0.14729071    4.007984   92.426390       1.464573  -0.035174   0.066159
    44  0.19759694    5.376886  123.994056       1.677763   3.486558  -1.141280
    45  0.15971257    4.346000  100.221232       1.922647  -1.416265   1.219832
    46  0.13007537    3.539531   81.623595       2.140457  -0.285349   0.565656
    47  0.19845103    5.400127  124.530006       2.091024   3.097693  -0.092409
    48  0.20804092    5.661081  130.547755       2.585683   7.317767   0.289499
    49  0.16986892    4.622368  106.594447       2.647273   5.645533  -0.204563
    50  0.13134958    3.574204   82.423177       2.858657   1.520644   1.074887
    51  0.16095485    4.379804  101.000777       2.985760  -3.021800   0.031057
    52  0.13754494    3.742788   86.310822       3.115452  -2.077204  -1.161208
    53  0.18137701    4.935519  113.815887       3.064668  -0.816376  -2.809277
    54  0.14915001    4.058578   93.593126       3.396832  -0.799870  -0.757287
    55  0.15084480    4.104696   94.656623       3.379970  -0.512738   0.161198
    56  0.21763199    5.922068  136.566252       3.304288   4.298278  -0.745243
    57  0.18162049    4.942145  113.968671       3.512116  -2.347417   1.987436
    58  0.19672928    5.353276  123.449590       3.586057   1.500203  -1.683347
    59  0.16965086    4.616435  106.457609       4.302013  -2.080913   1.190159
    60  0.19301986    5.252337  121.121891       4.442172   2.149287   0.980679
    61  0.13999676    3.809506   87.849369       4.561203  -1.024111  -3.176532
    62  0.18140880    4.936384  113.835834       4.906807  -0.297180   3.001691
    63  0.19191837    5.222364  120.430696       5.419365  -2.699640   2.070457
    64  0.14452827    3.932814   90.692934       5.491115  -2.640085  -1.294571
    65  0.15110829    4.111866   94.821964       5.788309  -1.131557  -0.881933
    66  0.18380356    5.001549  115.338574       5.890697  -1.028090  -4.245334
    67  0.14108014    3.838986   88.529199       6.641023  -2.733215   1.031667
    68  0.13884151    3.778070   87.124437       6.987748  -1.533859  -3.144394
    69  0.13733503    3.737076   86.179102       8.081877  -2.336332  -1.099426
    70  0.18106438    4.927012  113.619712       8.290183  -2.860074   0.564616
    71  0.18292334    4.977597  114.786224       8.524690  -1.955240  -2.609407
