 Number of surface minima:    62
   #       a.u.         eV      kcal/mol           X/Y/Z coordinate(Angstrom)
     1  0.11306192    3.076571   70.947488      -7.903050  -2.024134   1.604517
     2  0.10959870    2.982332   68.774282      -7.125787  -3.950734   2.387230
     3  0.09453325    2.572380   59.320558      -6.976990  -1.874680   0.477634
     4  0.09538852    2.595654   59.857250      -6.447812  -2.010798  -0.379897
     5  0.09556042    2.600331   59.965120      -6.568136  -1.283298   1.618444
     6  0.08907703    2.423909   55.896727      -6.183224  -4.256927   1.339929
     7  0.08811506    2.397733   55.293079      -5.654047  -4.385928   0.546163
     8  0.08990596    2.446466   56.416892      -5.735727  -3.658271   2.448897
     9  0.09347780    2.543660   58.658256      -5.541491  -0.917186   1.593740
    10  0.10583966    2.880044   66.415446      -5.179684  -1.541562  -0.302417
    11  0.10415870    2.834302   65.360627      -4.860281  -1.079069   0.611773
    12  0.08571650    2.332465   53.787962      -4.715966  -3.267276   2.554808
    13  0.08450966    2.299625   53.030658      -4.704251   1.782796   0.562293
    14  0.09628165    2.619957   60.417700      -4.449286  -3.928483   0.559602
    15  0.11281813    3.069937   70.794506      -4.342756  -0.633468   1.864533
    16  0.09405682    2.559416   59.021594      -4.013538  -3.393683   1.525200
    17  0.09164112    2.493682   57.505722      -3.776478  -0.460762  -0.876667
    18  0.10390306    2.827346   65.200209      -3.466999  -2.599917   2.468622
    19  0.10105773    2.749921   63.414738      -3.369575  -1.363541  -2.071776
    20  0.09191102    2.501026   57.675084      -3.405043   1.865894  -0.976755
    21  0.07742514    2.106845   48.585047      -3.472223   2.691855   2.992575
    22  0.05869817    1.597258   36.833688      -3.285867   0.971609  -3.156685
    23  0.13683583    3.723492   85.865851      -2.836843   5.752783  -1.928405
    24  0.12036886    3.275403   75.532663      -2.411742   4.611217  -1.767893
    25  0.13827411    3.762630   86.768384      -2.318515   6.581733   0.070329
    26  0.09336557    2.540606   58.587831      -2.180613   1.280972  -1.282189
    27  0.03051899    0.830464   19.150970      -1.802326  -1.660691   1.493684
    28  0.04221507    1.148731   26.490380      -1.658307  -0.960308  -2.841412
    29  0.12314286    3.350887   77.273373      -1.687419   5.734219   0.545592
    30  0.15279694    4.157816   95.881610      -1.577295   2.552431  -1.050345
    31  0.13092785    3.562728   82.158536      -1.582967   5.272585  -2.297174
    32  0.13364458    3.636654   83.863311      -0.916699   6.387159  -0.027389
    33  0.15494767    4.216340   97.231211      -0.785986   3.343347  -1.617677
    34  0.14226014    3.871095   89.269658      -0.700382   6.292006  -2.834713
    35  0.12682630    3.451119   79.584769      -0.463659   5.091541  -2.587954
    36  0.02705696    0.736257   16.978511      -0.111968  -0.350914   1.970500
    37  0.14460614    3.934933   90.741802      -0.129847   7.263560  -0.918764
*   38 -0.00531881   -0.144732   -3.337608       0.299197  -3.980039  -1.363136
    39  0.13133877    3.573910   82.416392       0.271713   6.254511  -0.296134
    40  0.00146706    0.039921    0.920592       0.456464  -3.739373   0.068179
    41  0.01826467    0.497007   11.461266       1.320307  -1.155338  -2.423219
    42  0.18289254    4.976759  114.766897       1.336706   3.069341   0.915832
    43  0.01862366    0.506775   11.686531       1.561211  -2.528551  -2.658552
    44  0.14965706    4.072376   93.911301       1.828303   2.294972   3.133624
    45  0.02595848    0.706366   16.289208       2.171930  -3.908995  -1.028489
    46  0.12212033    3.323063   76.631727       2.935545  -1.942621   0.687386
    47  0.16042046    4.365263  100.665441       3.073195   3.611323   2.264439
    48  0.15074716    4.102039   94.595352       3.349110   2.592271  -2.085746
    49  0.15820395    4.304948   99.274558       3.464951   4.405945  -1.683080
    50  0.17664034    4.806628  110.843582       3.598032   1.370259   0.027995
    51  0.15530994    4.226198   97.458542       3.672281   2.757581   3.390069
    52  0.16060173    4.370195  100.779193       4.036642   3.509455  -0.493717
    53  0.11565759    3.147203   72.576295       4.682395  -3.258509   0.960393
    54  0.11469054    3.120888   71.969458       4.744418  -1.065170   3.456638
    55  0.10291793    2.800539   64.582033       4.912770  -2.780093   2.001400
    56  0.05403876    1.470470   33.909864       5.067384  -2.724688  -3.014852
    57  0.13285729    3.615231   83.369279       5.855558  -1.276974   4.037088
    58  0.12089331    3.289674   75.861760       6.047329  -2.143557  -0.379897
    59  0.12227177    3.327184   76.726757       6.332107   0.390225   1.869106
    60  0.10991585    2.990962   68.973294       6.586784  -1.300006   0.546163
    61  0.12280142    3.341597   77.059118       6.858213  -0.671202   1.472223
    62  0.13637924    3.711068   85.579335       7.253186  -0.109135   2.782466
 
 Number of surface maxima:    85
   #       a.u.         eV      kcal/mol           X/Y/Z coordinate(Angstrom)
     1  0.18050014    4.911658  113.265641      -8.397746  -3.113333   2.530578
     2  0.17911323    4.873919  112.395344      -7.971308  -4.123413  -0.580450
     3  0.13502514    3.674221   84.729629      -7.864939  -3.499589   0.967030
     4  0.13563650    3.690857   85.113257      -7.032533  -2.390871   3.004212
     5  0.13904688    3.783658   87.253306      -6.384486  -3.727239  -1.041369
     6  0.18009756    4.900704  113.013021      -6.026468  -1.648267   4.119684
     7  0.14625094    3.979690   91.773928      -5.793898  -1.925693   0.792465
     8  0.14198454    3.863596   89.096721      -5.257164  -3.326340   1.339929
     9  0.19034963    5.179677  119.446297      -5.089850  -3.632573  -2.053861
    10  0.18295653    4.978500  114.807052      -5.124869   1.029244  -1.248742
    11  0.13479918    3.668072   84.587830      -4.656757  -1.470333   3.059755
    12  0.17823995    4.850156  111.847350      -4.664793  -1.213780  -3.491767
    13  0.10949452    2.979497   68.708907      -4.407411   1.925630  -0.588499
    14  0.16749188    4.557686  105.102827      -4.087688  -2.873122  -1.212662
    15  0.20925998    5.694254  131.312732      -3.801926   4.279387   0.345199
    16  0.20154307    5.484266  126.470289      -3.670029   1.766069   1.737164
    17  0.14438104    3.928808   90.600547      -3.484714  -1.224350   0.598787
    18  0.18061698    4.914838  113.338964      -3.275066  -2.997388  -1.968258
    19  0.14855711    4.042445   93.221074      -3.399386  -0.996903  -0.373098
    20  0.12139512    3.303329   76.176650      -3.285270   0.906062  -1.196803
    21  0.20675000    5.625954  129.737694      -3.278877   6.955088  -1.154889
    22  0.16736062    4.554114  105.020460      -3.195114   5.470036  -0.409693
    23  0.13725201    3.734817   86.127007      -3.033429  -2.339976   1.187119
    24  0.17661443    4.805923  110.827318      -3.123364  -1.136142   2.666756
    25  0.10308357    2.805047   64.685972      -2.956466  -0.166925   2.265989
    26  0.22183027    6.036309  139.200713      -2.875866   3.260260   0.546163
    27  0.10024195    2.727722   62.902825      -2.886243   3.862539   2.731572
    28  0.16120240    4.386540  101.156116      -2.675814  -3.393683   0.084744
    29  0.22270125    6.060009  139.747261      -2.629720   3.088738   0.104241
    30  0.21900023    5.959299  137.424837      -2.226124   1.041770   0.258637
    31  0.19523209    5.312535  122.510091      -2.084915   3.615073   0.943017
    32  0.16447560    4.475609  103.210085      -1.893756  -1.647253  -1.249907
    33  0.14482607    3.940918   90.879807      -1.625107  -0.218619  -0.055198
    34  0.16705574    4.545818  104.829150      -1.670533   7.051754  -1.552725
    35  0.23074431    6.278872  144.794365      -1.516408   1.916921   1.905622
    36  0.11386980    3.098555   71.454436      -0.984787  -2.678977  -0.212954
    37  0.13419722    3.651692   84.210097      -0.886552  -1.141966   0.952608
    38  0.19132857    5.206315  120.060589      -0.962599   4.440470  -1.509399
    39  0.03880497    1.055937   24.350507      -0.661348  -3.931128  -3.082722
    40  0.19443231    5.290772  122.008219      -0.616562   5.090322  -0.107361
    41  0.21135774    5.751337  132.629095      -0.334268   7.719039  -2.317429
    42  0.19024794    5.176910  119.382483      -0.250742   1.309956  -2.628900
    43  0.23332674    6.349143  146.414860      -0.160705   2.364247  -0.776780
    44  0.18306356    4.981413  114.874212      -0.036430   0.603830  -0.715524
    45  0.13898530    3.781982   87.214664       0.039439  -0.879048  -2.086968
*   46  0.24229491    6.593180  152.042479       0.180200   2.844120   0.689685
    47  0.17572211    4.781642  110.267379       0.741431   6.441447  -1.967429
    48  0.12004950    3.266713   75.332263       0.960669  -1.995709  -0.834043
    49  0.16092428    4.378972  100.981597       0.967272  -0.609054   0.291632
    50  0.06061411    1.649394   38.035958       1.408796  -3.129094   1.920351
    51  0.20438161    5.561506  128.251503       1.489846   1.735085   1.407798
    52  0.22687637    6.173620  142.367191       1.489846   3.289647   1.869106
    53  0.20252918    5.511099  127.089086       1.463301   4.014798  -1.754197
    54  0.20562617    5.595373  129.032476       1.742030   4.541893  -0.783922
    55  0.19745423    5.373003  123.904502       1.857126   3.607874   0.493328
    56  0.23134161    6.295125  145.169175       2.109610   5.580656  -2.113359
    57  0.18861873    5.132577  118.360141       2.215932  -2.102125  -1.173663
    58  0.05726993    1.558394   35.937451       2.274883  -1.785644  -3.690128
    59  0.20568982    5.597105  129.072420       2.345971   1.664836  -0.846715
    60  0.21876213    5.952820  137.275422       2.442572   2.308065   0.428709
    61  0.21625291    5.884541  135.700866       2.582331   3.908045  -2.849463
    62  0.21044880    5.726603  132.058726       2.751957  -0.544040   0.943046
    63  0.21115892    5.745926  132.504335       2.919696   1.619665   4.076194
    64  0.16732008    4.553011  104.995025       2.955966   3.234092   3.067802
    65  0.22430574    6.103670  140.754094       3.310388   4.926136  -0.144787
    66  0.21133761    5.750789  132.616465       3.574520  -0.949819  -1.967429
    67  0.23398788    6.367134  146.829737       3.548999   0.289419  -0.126555
    68  0.17035546    4.635608  106.899755       3.753793  -3.101110  -2.468622
    69  0.19315182    5.255928  121.204702       3.738849   0.972029   2.857424
    70  0.16836496    4.581444  105.650697       3.937731   3.684503  -1.438252
    71  0.22328578    6.075915  140.114061       4.023175   2.021675  -0.769176
    72  0.21428720    5.831051  134.467359       4.246325  -2.480628  -0.434959
    73  0.19866046    5.405826  124.661424       4.356614   1.491276   2.106333
    74  0.17364348    4.725079  108.963018       4.535223  -1.273715   2.135829
    75  0.22122577    6.019859  138.821384       4.553279   3.232682   2.148270
    76  0.16805788    4.573087  105.457997       4.788524  -1.406108  -0.770093
    77  0.22548007    6.135625  141.490997       4.829162   1.561908   3.781928
    78  0.18838495    5.126215  118.213442       5.483587  -3.479153  -0.333073
    79  0.18296673    4.978778  114.813450       5.557834  -0.488941   1.179925
    80  0.08241323    2.242578   51.715127       5.873605  -1.925351  -2.219993
    81  0.16806352    4.573241  105.461538       5.960800   0.376904   3.655278
    82  0.15133234    4.117962   94.962556       6.252441  -3.040193   0.923387
    83  0.15693532    4.270427   98.478482       7.142127  -1.702219   2.916784
    84  0.20368780    5.542627  127.816131       7.230108  -0.591071   4.169717
    85  0.19505084    5.307603  122.396353       7.512402  -3.129094   2.105120
