 Number of surface minima:    70
   #       a.u.         eV      kcal/mol           X/Y/Z coordinate(Angstrom)
     1  0.10019168    2.726354   62.871282      -9.214364  -1.535592  -1.624132
     2  0.08595261    2.338890   53.936123      -8.226535  -2.119624  -0.998594
     3  0.07698537    2.094878   48.309090      -8.148954   0.215980   0.280893
     4  0.08544727    2.325138   53.619015      -8.063604  -1.538462  -2.023885
     5  0.07436600    2.023602   46.665406      -7.961493   0.791095  -0.733657
     6  0.09399396    2.557706   58.982150      -7.490759  -2.405812  -0.521169
     7  0.08077707    2.198056   50.688418      -7.311793  -0.117228   0.839036
     8  0.09112851    2.479733   57.184052      -7.086767  -1.365043  -2.363200
     9  0.07530604    2.049182   47.255293      -6.966258   0.983568  -1.089387
    10  0.09143850    2.488168   57.378571      -6.394159   0.002890   0.567949
    11  0.17971552    4.890308  112.773284      -4.594423  -2.932564  -0.782832
    12 -0.01368953   -0.372511   -8.590320      -4.422688   3.636040  -1.425737
    13  0.17248510    4.693558  108.236128      -4.041965  -2.136172  -1.319642
    14  0.15276445    4.156932   95.861221      -4.001561  -1.186768   1.120572
    15  0.17797952    4.843069  111.683931      -3.756858  -0.800283  -1.689039
    16  0.15878869    4.320860   99.641489      -3.202565  -1.845050   1.392133
    17  0.16392603    4.460654  102.865222      -2.601988  -5.087309   1.076461
    18  0.20153092    5.483935  126.462668      -2.461766  -3.853694  -0.645813
    19  0.15866339    4.317451   99.562867      -1.886495  -1.313013   1.354331
    20 -0.00603071   -0.164104   -3.784332      -1.854954   2.156596   3.523293
    21  0.04984693    1.356404   31.279448      -1.648898   1.853384  -1.023537
    22  0.04546119    1.237062   28.527352      -1.579938   3.392950  -0.964286
    23  0.18317264    4.984381  114.942663      -1.438203  -3.644485  -2.245923
    24  0.15964381    4.344129  100.178085      -1.326352  -3.956307   2.067481
    25  0.17619965    4.794636  110.567043      -1.170204  -5.041438   0.531233
    26  0.03686657    1.003190   23.134140      -0.652108   5.409812  -1.061142
*   27 -0.01643210   -0.447140  -10.311310      -0.561538   2.777928   3.858114
    28  0.17473878    4.754884  109.650330      -0.291852  -2.764154  -3.368837
    29  0.02049936    0.557816   12.863550      -0.105648   4.343407   1.079356
    30  0.17611548    4.792346  110.514227       0.142260  -4.445319  -2.549445
    31  0.20917099    5.691832  131.256889       0.364517  -3.011097   0.426383
    32  0.19886109    5.411286  124.787325       0.363550  -0.889471  -1.161149
    33  0.01615360    0.439562   10.136548       0.400435   0.145844   3.000502
    34  0.07764477    2.112822   48.722871       1.327622   3.954575  -0.305728
    35  0.19500958    5.306480  122.370459       1.531214  -1.341803  -1.554263
    36  0.03720559    1.012416   23.346882       1.956898   2.128705   1.234084
    37  0.18323338    4.986034  114.980779       2.293416  -2.395552   1.555122
    38  0.18451767    5.020981  115.786681       2.425536  -3.251051   0.426383
    39  0.19121728    5.203287  119.990756       2.456592  -1.073300  -1.028503
    40  0.19310487    5.254651  121.175234       2.557637  -3.770619  -0.631972
    41  0.20423900    5.557626  128.162012       2.602837  -2.137302  -2.065602
    42  0.18032452    4.906880  113.155441       2.705043  -0.318160   0.029500
    43  0.15781673    4.294411   99.031573       3.105086   0.363003  -1.959779
    44  0.12660746    3.445164   79.447449       3.090196   2.981482  -2.099797
    45  0.11885337    3.234165   74.581680       3.504430   3.011385  -1.033310
    46 -0.01483446   -0.403666   -9.308772       3.753139   0.984166   3.938395
    47  0.14492113    3.943504   90.939457       3.797904   0.251848  -3.144621
    48  0.11691593    3.181444   73.365913       3.874688   2.837780   0.282461
    49  0.11958932    3.254191   75.043492       3.930260   2.920935  -3.130230
    50  0.13596711    3.699853   85.320721       4.373236   0.844011   0.490883
    51  0.14979141    4.076031   93.995607       4.583341   0.388846  -4.061905
    52  0.12607754    3.430744   79.114920       4.707282   0.379445  -0.492721
    53  0.10658372    2.900291   66.882350       4.687353   2.998580  -0.771583
    54  0.14174777    3.857153   88.948146       4.825828   0.230960  -2.885979
    55  0.12322575    3.353143   77.325388       4.949989  -0.711187  -0.110505
    56  0.11800240    3.211009   74.047685       4.957722   2.875492  -3.018772
    57  0.13315628    3.623367   83.556900       5.387898   0.277563  -1.540819
    58  0.11460970    3.118689   71.918735       5.387826   2.924181  -1.672297
    59  0.10249756    2.789100   64.318241       5.601063  -3.650543   1.155806
    60  0.13165093    3.582404   82.612277       5.792356   0.563116  -0.319190
    61  0.09557275    2.600667   59.972858       5.790509  -1.065284   1.774647
    62  0.11635422    3.166159   73.013438       5.866490  -0.682877  -0.661929
    63  0.13534095    3.682814   84.927797       6.269433   2.629794  -2.766601
    64  0.15077073    4.102680   94.610142       6.367259   0.514923  -2.277689
    65  0.09912720    2.697388   62.203309       6.527251  -3.648860   0.628312
    66  0.10279091    2.797083   64.502324       6.549790  -3.454224  -0.635630
    67  0.11208462    3.049978   70.334218       6.690034  -3.660823   1.779717
    68  0.09841970    2.678136   61.759346       6.839500  -1.048568   1.101862
    69  0.10860278    2.955232   68.149328       6.795828  -0.850941  -0.112484
    70  0.11554925    3.144255   72.508309       7.755833  -3.457500   0.165907
 
 Number of surface maxima:    78
   #       a.u.         eV      kcal/mol           X/Y/Z coordinate(Angstrom)
     1  0.16947229    4.611576  106.345559     -10.312008  -0.511322  -1.193250
     2  0.12617951    3.433519   79.178902      -9.400152  -1.168196   0.062709
     3  0.17567176    4.780272  110.235789      -9.169938  -1.983324   1.461141
     4  0.12473035    3.394086   78.269544      -8.985606  -0.014255  -2.152121
     5  0.17211820    4.683574  108.005891      -8.134251   0.796449  -3.424484
     6  0.13059689    3.553722   81.950854      -7.116462  -0.018758  -0.374219
     7  0.14102661    3.837529   88.495609      -7.052870  -1.463219  -1.126828
     8  0.20409847    5.553802  128.073833      -5.900044  -2.395552   1.824695
     9  0.19273814    5.244671  120.945109      -5.140346  -1.998669   0.634785
    10  0.24731622    6.729817  155.193403      -4.839839  -3.759429   0.414284
    11  0.19534062    5.315488  122.578190      -4.873600   0.359739  -2.880975
    12  0.18288578    4.976575  114.762658      -4.819571   0.426848  -0.455458
    13  0.20340879    5.535035  127.641050      -4.525044   0.007277  -1.384331
    14  0.05956154    1.620752   37.375459      -3.676069   0.903383   2.641825
    15  0.21972561    5.979038  137.880017      -3.347385  -3.713240   0.436732
    16  0.22130912    6.022127  138.873684      -2.843135  -4.362227   2.306179
    17  0.23263653    6.330362  145.981751      -2.901768  -1.006926   0.624360
    18  0.25740400    7.004319  161.523583      -2.727480  -1.354404  -0.914120
    19  0.13574246    3.693740   85.179749      -2.570706   4.087319   0.823421
    20  0.20600206    5.605601  129.268353      -2.438273   0.487659  -1.468999
    21  0.17253918    4.695030  108.270058      -2.545949   1.057947   0.185412
    22  0.23863156    6.493495  149.743691      -2.288315  -5.136170  -0.594409
    23  0.13125879    3.571733   82.366201      -1.924890   1.833116   0.549769
    24  0.24681647    6.716218  154.879804      -1.570531  -2.056987  -2.542410
    25  0.18022536    4.904181  113.093213      -1.461625  -5.041438   1.138442
    26  0.17666462    4.807289  110.858818      -1.391225   0.113108   0.937329
    27  0.07601380    2.068441   47.699421      -1.379919   4.672968  -0.337126
    28  0.10697380    2.910905   67.127129      -1.120257   2.863033   1.990006
    29  0.24873535    6.768433  156.083918      -0.830858  -4.746270  -1.271617
    30  0.25749737    7.006860  161.582176      -0.831086  -2.763060  -0.482609
    31  0.23915478    6.507733  150.072019      -0.840175  -1.730091  -1.284035
    32  0.19055874    5.185367  119.577517      -0.820407  -3.824429  -2.866086
    33  0.22907499    6.233447  143.746844      -0.787212  -2.527846   0.886795
    34  0.12021765    3.271289   75.437780      -0.557033   0.938490   2.581742
    35  0.19436819    5.289027  121.967981      -0.078987   1.837866  -0.415720
    36  0.24228440    6.592894  152.035883      -0.018474  -3.822296   0.978812
    37  0.20061782    5.459089  125.889690       0.317642   0.250334   0.249210
    38  0.23268210    6.331602  146.010345       0.294439   1.700874  -2.369844
    39  0.18711625    5.091692  117.417319       0.502804   4.242779  -3.236468
    40  0.12229435    3.327799   76.740930       0.711223   2.831875   0.891214
    41  0.24184895    6.581045  151.762637       1.133673  -3.519102  -3.343053
    42  0.13321951    3.625087   83.596574       1.051699   1.176394   1.667352
    43  0.26391425    7.181472  165.608828       1.264350  -2.266039   0.704994
    44  0.19845659    5.400278  124.533493       1.337164  -1.337198   2.217405
    45  0.26186905    7.125819  164.325450       1.396940  -1.071067  -0.363700
    46  0.23117460    6.290581  145.064371       1.365072   0.459691  -1.042015
    47  0.03010051    0.819076   18.888370       1.396978   3.160416   3.997760
    48  0.18457624    5.022575  115.823435       1.571594   0.302641   1.252944
    49  0.21309435    5.798592  133.718836       1.600212   1.378344  -2.414436
    50  0.23213522    6.316721  145.667171       1.550203   1.598650  -3.919380
    51  0.16024473    4.360481  100.555172       1.815981   2.925607  -0.615381
    52  0.16526698    4.497143  103.706684       1.945381   5.817510  -0.886596
    53  0.15956511    4.341988  100.128704       2.553452   2.357652  -0.160557
*   54  0.26518977    7.216181  166.409231       2.853499  -3.525394  -2.158696
    55  0.17721170    4.822176  111.202116       3.223485   1.429994  -4.251129
    56  0.21732669    5.913760  136.374669       3.317498  -1.931553  -1.293443
    57  0.21521280    5.856238  135.048186       3.250677  -1.733854   1.617108
    58  0.20293623    5.522176  127.344516       3.507345  -0.678194   0.968454
    59  0.17503396    4.762916  109.835563       3.748197   1.777201   1.291779
    60  0.19749855    5.374209  123.932317       3.911610  -2.528215   2.940032
    61  0.23496767    6.393795  147.444561       3.956965  -1.577904  -2.571275
    62  0.18786562    5.112084  117.887558       4.088535   0.835485  -1.917996
    63  0.17201284    4.680707  107.939776       4.146759   2.433823  -2.020429
    64  0.21229312    5.776790  133.216057       4.667373   1.428059  -5.187250
    65  0.14894332    4.052954   93.463422       5.075898   1.559407   0.365164
    66  0.15829156    4.307332   99.329539       5.492786  -2.934615   0.027021
    67  0.14338568    3.901723   89.975946       5.478475  -2.672157   2.631156
    68  0.15823257    4.305727   99.292522       5.636603  -1.335844   0.296454
    69  0.15599484    4.244835   97.888319       5.790613   0.284127  -2.595827
    70  0.16770069    4.563368  105.233863       5.763974   1.420749  -3.850056
    71  0.16171572    4.400508  101.478229       6.622255   1.440983  -1.625811
    72  0.19581767    5.328470  122.877548       6.737780   1.597430   0.077246
    73  0.18116028    4.929622  113.679886       7.237829  -2.773611   2.968595
    74  0.20889981    5.684453  131.086719       7.219211   1.410385  -3.084071
    75  0.20319818    5.529304  127.508889       7.251074  -1.720273  -2.624650
    76  0.14893546    4.052740   93.458488       7.745468  -2.127776  -1.154649
    77  0.13924151    3.788954   87.375441       7.797250  -2.488856   1.364128
    78  0.18653123    5.075773  117.050211       8.896081  -2.406885   0.134678
