 Number of surface minima:    75
   #       a.u.         eV      kcal/mol           X/Y/Z coordinate(Angstrom)
     1  0.11485351    3.125323   72.071729      -6.007279  -1.129103   2.502548
     2  0.12656313    3.443958   79.419630      -5.475830  -2.318458   2.502390
     3  0.14063681    3.826922   88.251005      -5.042324   0.461652   0.834138
     4  0.13967017    3.800619   87.644427      -4.914906  -4.331280  -1.349768
     5  0.13706078    3.729613   86.007009      -4.888034  -3.560521   2.713630
     6  0.12269449    3.338687   76.992019      -4.640223  -2.770651   1.765416
     7  0.12809219    3.485566   80.379128      -4.584986   1.356188  -0.029588
     8  0.05964642    1.623062   37.428725      -4.485963   3.729593  -2.036019
     9  0.05505325    1.498075   34.546464      -4.528520   4.703053  -1.978368
    10  0.06147490    1.672817   38.576114      -4.526246   4.704738  -0.132320
    11  0.05499081    1.496376   34.507285      -4.557899   5.342980  -0.938884
    12  0.12634535    3.438032   79.282973      -4.051167  -3.934398  -0.618395
    13  0.10786055    2.935035   67.683577      -4.142955  -0.344233   4.247099
    14  0.13184403    3.587659   82.733450      -3.654284  -4.992752  -1.297585
    15  0.11924963    3.244948   74.830338      -3.516181  -2.483539  -2.793696
    16  0.11986134    3.261593   75.214190      -3.601460  -1.500276   4.127122
    17  0.13843346    3.766966   86.868382      -3.257401  -6.051106  -2.211568
    18  0.12707457    3.457875   79.740561      -3.125107  -3.537515  -3.406773
    19  0.16019096    4.359018  100.521432      -3.090877   0.447654  -1.050950
    20  0.11377421    3.095954   71.394455      -2.789693  -1.975434   3.545121
    21  0.12333134    3.356017   77.391651      -2.585710  -5.627885  -1.493000
    22  0.13172720    3.584479   82.660136      -2.680992  -0.076832   2.533999
    23  0.10164869    2.766001   63.785569      -2.544994   1.926607   1.580537
    24  0.11851364    3.224920   74.368496      -2.058352  -4.054417  -3.584875
    25  0.16399480    4.462526  102.908379      -1.889093  -4.021326  -0.291414
    26  0.13222628    3.598060   82.973314      -1.879245  -0.439533   1.880508
    27  0.02955148    0.804137   18.543850      -1.811156   3.736532  -2.016739
    28  0.03833558    1.043164   24.055958      -1.822930   3.733860  -0.040340
    29  0.03317177    0.902650   20.815617      -1.871996   4.696192  -1.911390
    30  0.03482196    0.947554   21.851128      -1.862262   4.736928  -0.058211
    31  0.03545879    0.964883   22.250744      -1.895178   5.224399  -0.927921
    32  0.03637850    0.989909   22.827872      -1.797661   3.214125  -1.213681
    33  0.15122827    4.115131   94.897254      -1.479060  -2.420645  -2.275828
    34  0.01683704    0.458159   10.565409      -1.387778   2.012284  -1.582915
    35  0.15660425    4.261418   98.270736      -0.696007  -4.548066  -0.375905
    36  0.14733540    4.009200   92.454435      -0.213261  -3.008301  -2.408570
    37  0.02512871    0.683787   15.768516      -0.019635  -0.097863   1.825295
    38 -0.01144814   -0.311520   -7.183820       0.193171   3.484381   1.037058
*   39 -0.02103918   -0.572505  -13.202293       0.206283   4.047629  -0.247046
    40  0.15040042    4.092603   94.377765       0.286711  -3.934398   0.318003
    41  0.15972342    4.346295  100.228042       0.557092  -4.728163  -0.338685
    42  0.13760268    3.744359   86.347058       0.872848  -2.479160  -1.830971
    43 -0.00722468   -0.196594   -4.533561       1.175105   2.812612  -2.805006
    44  0.02498762    0.679948   15.679984       1.516354   1.383541  -2.659767
    45  0.08679199    2.361730   54.462844       1.657419  -1.262233  -1.728519
    46  0.00288678    0.078553    1.811481       2.166665   2.745253   0.337761
    47  0.13876027    3.775859   87.073459       2.240263  -0.288854   0.708244
    48  0.12319600    3.352334   77.306725       2.729973  -1.640465  -0.786951
    49  0.05320573    1.447802   33.387131       2.632302  -0.558286  -3.794606
    50  0.10114534    2.752305   63.469713       2.849944  -3.930276   1.960263
    51  0.11114308    3.024357   69.743395       3.342611  -1.313079   1.819338
    52  0.06449137    1.754899   40.468977       3.351565   1.092355  -1.881001
    53  0.10655133    2.899409   66.862028       3.611677  -4.465840  -0.137572
    54  0.09869178    2.685540   61.930076       3.897946  -4.190335   1.827291
    55  0.11815847    3.215255   74.145619       4.034766  -1.530517   2.632097
    56  0.09123372    2.482596   57.250070       3.951536   3.077201   1.825295
    57  0.12045290    3.277690   75.585397       4.120738  -1.885312  -0.688297
    58  0.08794988    2.393238   55.189431       4.124431   3.194839  -0.338979
    59  0.10021014    2.726857   62.882867       4.271823  -4.483967   0.628681
    60  0.11597598    3.155867   72.776087       4.522883  -1.611617   1.547899
    61  0.09114518    2.480187   57.194514       4.415820   1.754941   1.959506
    62  0.08805782    2.396175   55.257164       4.812551   2.119820  -0.614243
    63  0.09941245    2.705150   62.382304       4.916502   0.816508   1.912256
    64  0.13213098    3.595467   82.913513       5.275420  -2.413174  -0.952885
    65  0.09758685    2.655473   61.236725       5.212967   1.094691  -0.688855
    66  0.07951614    2.163744   49.897174       5.209674   2.812344   2.224963
    67  0.07767027    2.113516   48.738871       5.637356   3.104346  -0.383920
    68  0.09328086    2.538301   58.534674       6.143531   0.567515   2.086929
    69  0.08633555    2.349310   54.176424       6.273386   2.549483   2.354171
    70  0.09233784    2.512641   57.942920       6.552812   0.845979  -0.529652
    71  0.08493875    2.311301   53.299912       6.544690   2.822637  -0.275646
    72  0.09047889    2.462056   56.776408       6.686566   1.242919   2.249448
    73  0.08925536    2.428762   56.008633       7.165941   1.609943  -0.334073
    74  0.10777565    2.932724   67.630296       7.706173   2.408855   2.326005
    75  0.10704766    2.912915   67.173475       7.987614   2.734754   0.159906
 
 Number of surface maxima:    83
   #       a.u.         eV      kcal/mol           X/Y/Z coordinate(Angstrom)
     1  0.19997711    5.441654  125.487637      -6.174631  -1.820893   5.009825
     2  0.20489771    5.575550  128.575359      -6.046821   1.240582   3.547730
     3  0.15721951    4.278161   98.656816      -5.903287  -0.451242   4.117801
     4  0.20783385    5.655447  130.417819      -5.718982  -3.776113  -2.488405
     5  0.21162916    5.758722  132.799414      -5.241816   2.623225   1.900496
     6  0.16024679    4.360537  100.556461      -5.035993  -2.802515   4.206592
     7  0.18004819    4.899360  112.982037      -5.041697   1.225080   2.422297
     8  0.18466084    5.024877  115.876521      -4.584913  -1.421865   1.953932
     9  0.22600775    6.149984  141.822124      -4.571394  -1.410432  -0.685561
    10  0.16427572    4.470170  103.084658      -4.430376  -4.841129  -2.921012
    11  0.20666178    5.623553  129.682333      -4.167662  -4.167252   3.942004
    12  0.10667003    2.902639   66.936511      -3.974070   4.121316  -0.985343
    13  0.15328632    4.171133   96.188699      -3.779898   2.822674   1.173117
    14  0.20526474    5.585538  128.805680      -3.726596  -6.123418  -3.671083
    15  0.21798964    5.931800  136.790678      -3.603348   0.073821   0.260475
    16  0.17667518    4.807576  110.865441      -3.520521  -0.890716   3.016474
    17  0.09825272    2.673592   61.654564      -3.400515   6.632766  -0.824906
    18  0.17099551    4.653024  107.301392      -3.282703  -3.575528   2.608441
    19  0.16561628    4.506648  103.925870      -3.250500   3.873672   2.238615
    20  0.14865013    4.044976   93.279440      -3.272542   4.261637  -4.285316
    21  0.09795249    2.665423   61.466170      -3.323768   5.458498  -3.135961
    22  0.14903145    4.055352   93.518725      -3.285593   6.858278   0.843778
    23  0.14562006    3.962523   91.378046      -3.246037   7.070567  -2.525826
    24  0.16962153    4.615637  106.439208      -3.105927   1.396302  -2.766078
    25  0.17644618    4.801345  110.721744      -2.976119   1.371439  -1.062111
    26  0.20623060    5.611820  129.411762      -2.881182  -1.288511  -0.746583
    27  0.21371693    5.815533  134.109508      -2.848880  -2.076185   0.250937
    28  0.19212198    5.227905  120.558465      -2.608507  -4.095989  -1.085180
    29  0.19829092    5.395770  124.429533      -2.617488   0.556288   1.417870
    30  0.18770567    5.107731  117.787183      -2.327524  -3.266584  -2.409335
    31  0.08948963    2.435137   56.155640      -2.346305   4.129878  -0.964469
    32  0.16605788    4.518665  104.202981      -2.183625  -5.771691  -3.194018
    33  0.23008724    6.260992  144.382043      -2.066753  -3.578579   1.543471
    34  0.20720019    5.638204  130.020191      -1.934458  -2.029010   1.163823
    35  0.13278727    3.613325   83.325337      -1.682125   1.884467   0.096054
    36  0.15455093    4.205545   96.982256      -0.951037   0.460629   0.559713
    37  0.23157574    6.301496  145.316093      -0.743810  -3.008337   0.030843
    38  0.10454885    2.844919   65.605451      -0.790167   2.151140  -0.181843
    39  0.05256354    1.430327   32.984148      -0.743810   2.593562   2.796894
    40  0.21826825    5.939381  136.965510      -0.489128  -6.037257  -2.935992
    41  0.22175996    6.034395  139.156593      -0.453734  -2.214572  -1.298190
    42  0.17967260    4.889140  112.746355      -0.339998  -0.623303  -2.935509
    43  0.17179390    4.674750  107.802389      -0.230199  -0.370176  -0.834128
    44  0.12897766    3.509661   80.934775      -0.186463   1.245418  -1.839556
    45  0.19725211    5.367503  123.777671      -0.086761  -4.763940  -2.035970
    46  0.02227681    0.606183   13.978924       0.583770   4.410544  -2.137525
    47  0.19905786    5.416640  124.910800       0.831536  -2.218866   1.012586
    48  0.19417525    5.283777  121.846912       0.971294  -2.065584   2.629244
    49  0.13696889    3.727113   85.949349       1.100469   0.713713   1.028645
    50  0.16598324    4.516634  104.156141       1.204127  -1.293768  -0.453001
    51  0.08604073    2.341287   53.991418       1.156416   2.463834   0.285868
*   52  0.23541730    6.406031  147.726711       1.301973  -5.063678  -1.685283
    53  0.18791431    5.113408  117.918107       1.692954  -3.405220  -1.349768
    54  0.16391487    4.460350  102.858221       1.695871   0.092815  -0.233031
    55  0.11437592    3.112327   71.772032       1.808108   1.527994  -1.217474
    56  0.14563992    3.963064   91.390506       2.588686  -2.327878   2.916400
    57  0.12422633    3.380370   77.953264       2.531958   0.775647  -1.099053
    58  0.20701642    5.633203  129.904875       2.758927  -3.342136  -2.540417
    59  0.17146887    4.665905  107.598434       2.991478   0.326448   1.466518
    60  0.15298577    4.162955   96.000102       3.221202  -3.676287   0.764996
    61  0.19031236    5.178663  119.422911       3.414966  -1.156217   0.137069
    62  0.13510643    3.676433   84.780636       3.429908   1.033086  -0.952885
    63  0.14949072    4.067849   93.806924       3.389141   3.861025   0.783807
    64  0.16327666    4.442984  102.457735       3.603226  -2.114332   0.493516
    65  0.15713851    4.275956   98.605989       4.151080  -3.437251  -1.686624
    66  0.18720554    5.094122  117.473351       4.045316  -2.453457   3.816180
    67  0.17309544    4.710166  108.619119       4.271578  -0.378848   0.230309
    68  0.19155203    5.212396  120.200812       4.547962  -1.621142  -2.143534
    69  0.16288418    4.432304  102.211453       4.470965   1.148083  -3.731066
    70  0.11823182    3.217251   74.191647       4.949900   4.018216   1.039196
    71  0.14466270    3.936472   90.777293       5.080156  -2.872022   2.487275
    72  0.14539762    3.956470   91.238458       5.182778  -1.827038   0.764152
    73  0.18867173    5.134019  118.393399       5.647751  -1.501603   0.253116
    74  0.13913959    3.786181   87.311481       5.738611   1.541092   1.612129
    75  0.19521665    5.312115  122.500398       5.745692  -3.805489  -1.485453
    76  0.14970545    4.073692   93.941665       5.815545  -3.420150   0.209317
    77  0.13915136    3.786501   87.318869       5.934639   1.754257   0.036908
    78  0.16794733    4.570079  105.388632       6.379605   4.894340   1.287856
    79  0.19200521    5.224728  120.485191       6.466323  -3.338980   1.759241
    80  0.12829763    3.491156   80.508044       7.429711   3.551377   1.282962
    81  0.18548634    5.047340  116.394532       8.265263  -0.498530   0.906090
    82  0.13515333    3.677709   84.810066       8.255380   1.226952   1.167611
    83  0.17728978    4.824300  111.251110       8.857214   2.801059   1.394683
