 Number of surface minima:    61
   #       a.u.         eV      kcal/mol           X/Y/Z coordinate(Angstrom)
     1  0.13570222    3.692645   85.154499      -6.643774  -0.499327  -2.018793
     2  0.12626808    3.435929   79.234481      -6.249959  -2.215795  -1.218778
     3  0.11774279    3.203944   73.884778      -5.917586  -1.110018  -1.184111
     4  0.13287984    3.615844   83.383430      -5.725210  -1.053623  -3.906208
     5  0.12556261    3.416732   78.791791      -5.447190   0.076647  -1.320389
     6  0.11719627    3.189073   73.541834      -5.314896  -1.856135  -0.638557
     7  0.12407966    3.376379   77.861226      -4.860222   0.873407   1.430885
     8  0.13292643    3.617112   83.412666      -4.889865   2.292585   0.888362
     9  0.11317103    3.079540   71.015953      -4.653425  -1.849025  -3.401795
    10  0.11922055    3.244156   74.812087      -4.653425   2.380589   2.532014
    11  0.11899886    3.238124   74.672973      -4.256542  -0.596245  -3.580813
    12  0.11154607    3.035323   69.996276      -4.124247  -2.569316  -2.907998
    13  0.13050710    3.551279   81.894512      -4.111851  -1.431339  -0.164920
    14  0.13809001    3.757620   86.652864      -3.860182  -0.505691  -0.323739
    15  0.12051383    3.279348   75.623634      -3.325383  -0.238939  -3.230308
    16  0.18207800    4.954594  114.255764      -3.088719   2.530226  -0.727322
    17  0.12304998    3.348360   77.215093      -2.930886  -2.094761  -2.427517
    18  0.11113521    3.024143   69.738455      -2.861870  -1.229365   1.210134
    19  0.05248538    1.428200   32.935102      -2.505314  -2.359448   3.715055
    20  0.12770210    3.474951   80.134347      -2.654076  -1.159418  -2.569438
    21  0.10675643    2.904990   66.990725      -2.536716   3.107751   4.092012
    22  0.18017911    4.902923  113.064192      -2.402381   1.742408  -0.448658
    23  0.17361195    4.724221  108.943233      -2.295394   4.245551   0.457318
    24  0.17757969    4.832189  111.433031      -2.024655   2.532030  -1.647363
    25  0.18538154    5.044488  116.328769      -1.731675   3.483343  -2.558040
    26  0.07234483    1.968603   45.397103      -1.314819  -0.450321   3.179826
    27  0.16792652    4.569513  105.375571      -1.336319   3.740701   0.881573
    28  0.16559844    4.506163  103.914678      -1.236334   4.376284   0.060036
    29  0.18089149    4.922308  113.511220      -1.229634   5.024468  -1.121859
    30  0.09686576    2.635851   60.784234      -1.176620   1.609382   4.086032
    31  0.10922324    2.972115   68.538673      -0.930912   3.340460   3.669316
    32  0.10644116    2.896411   66.792895      -0.684595   1.396914   2.778058
    33  0.17247660    4.693327  108.230789      -0.715159   2.466901  -2.237493
    34  0.03586018    0.975805   22.502624      -0.566371  -2.908829   2.324529
    35  0.08775422    2.387914   55.066652      -0.287713  -0.310183  -1.178042
    36  0.16997988    4.625388  106.664077       0.090934   1.738974  -1.779204
    37  0.17215629    4.684611  108.029797      -0.008118   4.390493  -0.579708
    38  0.18212813    4.955958  114.287224       0.303857   2.597834  -2.635738
    39  0.18051394    4.912034  113.274301       0.609251   3.850611  -0.234394
    40  0.03422073    0.931194   21.473853       1.221401   1.237294   2.250636
    41  0.03099734    0.843481   19.451143       1.432113  -3.127327  -1.189781
*   42  0.00412436    0.112230    2.588078       1.554193  -3.659675   1.527793
    43  0.03985394    1.084481   25.008744       1.564860  -1.565701  -1.242947
    44  0.08419175    2.290974   52.831163       2.547175  -2.699623  -2.536717
    45  0.00572346    0.155743    3.591528       2.626027  -2.365158   2.476753
    46  0.14816805    4.031858   92.976933       2.876241   2.265705   0.722899
    47  0.10373135    2.822674   65.092459       3.154784  -1.300264  -3.754271
    48  0.08982873    2.444364   56.368424       3.546964  -1.699161   0.476584
    49  0.16359956    4.451770  102.660358       3.722546   2.570941  -1.980287
    50  0.14588136    3.969634   91.542009       3.838041   2.424774   0.642655
    51  0.15410419    4.193388   96.701922       4.232280   0.701973  -2.138912
    52  0.12819307    3.488311   80.442435       4.349784   0.425049   0.486758
    53  0.09398349    2.557421   58.975580       4.474882  -2.455132  -3.455286
    54  0.13498197    3.673046   84.702538       4.644247   1.375993   0.526549
    55  0.15165143    4.126645   95.162786       4.535172   1.641282  -2.108663
    56  0.16834487    4.580897  105.638091       5.136354   2.800030  -1.832073
    57  0.16015936    4.358158  100.501597       5.242479   2.661052   0.333901
    58  0.07854626    2.137352   49.288562       5.413450  -2.766511   0.502883
    59  0.14275410    3.884537   89.579626       5.494450   0.546866   0.199813
    60  0.15579266    4.239334   97.761450       5.403310   0.815279  -2.027730
    61  0.09164093    2.493677   57.505602       6.327003  -2.696229  -1.315085
 
 Number of surface maxima:    80
   #       a.u.         eV      kcal/mol           X/Y/Z coordinate(Angstrom)
     1  0.20180810    5.491478  126.636600      -6.958982  -0.255841  -3.515380
     2  0.19556649    5.321635  122.719931      -6.537629  -3.293028  -2.321208
     3  0.15513518    4.221443   97.348877      -6.413097  -1.708475  -2.855651
     4  0.16403349    4.463578  102.932657      -5.605125   0.678597  -3.118062
     5  0.15732033    4.280904   98.720079      -4.984303  -3.351798  -1.507481
     6  0.13625076    3.707572   85.498715      -5.047754   1.872717   1.273614
     7  0.17548726    4.775251  110.120008      -4.521130  -0.797772  -1.172498
     8  0.18100293    4.925340  113.581152      -4.595310   0.873730   2.990525
     9  0.21829235    5.940037  136.980633      -4.654355   2.014102  -3.089274
    10  0.19673835    5.353523  123.455281      -4.330044  -0.771916   2.461348
    11  0.19077138    5.191153  119.710950      -4.287018   1.011869  -0.120579
    12  0.19449110    5.292372  122.045112      -4.099897   3.625127   1.292581
    13  0.17045941    4.638436  106.964985      -3.863093  -1.201662  -2.578103
    14  0.20665736    5.623433  129.679559      -3.727364  -4.022188  -0.713715
    15  0.18353884    4.994346  115.172457      -3.613758  -3.848104   1.924903
    16  0.24768877    6.739954  155.427179      -3.672866   3.726090  -0.156790
    17  0.18151674    4.939322  113.903571      -3.453936   1.351096  -2.168454
    18  0.14852875    4.041673   93.203275      -3.369340   0.490941   1.520833
    19  0.14825068    4.034106   93.028785      -3.324452   2.433090   2.737596
    20  0.15120334    4.114452   94.881610      -2.933599   1.080204   2.783010
    21  0.19382430    5.274227  121.626687      -2.967981   2.260260   0.190667
    22  0.18733624    5.097678  117.555366      -2.870942  -2.693674  -0.386470
    23  0.16611884    4.520324  104.241236      -2.823979   1.600478   4.453834
    24  0.18596003    5.060230  116.691778      -2.640500  -2.849312  -0.823219
    25  0.18690809    5.086028  117.286697      -2.604221   2.296274  -1.045809
    26  0.20130408    5.477762  126.320320      -2.606213   3.064619   1.006111
    27  0.17996850    4.897192  112.932033      -2.383733  -0.213263  -0.434504
    28  0.20802216    5.660571  130.535988      -2.443998   4.122973  -1.260047
    29  0.17964210    4.888310  112.727217      -2.272127   4.211766   2.725937
    30  0.16612034    4.520364  104.242177      -2.040410  -0.163576   1.525344
    31  0.19711597    5.363798  123.692245      -1.914681  -3.425343  -0.054475
    32  0.23218050    6.317953  145.695584      -1.936538   1.324250  -1.517585
    33  0.17705347    4.817870  111.102821      -1.800765  -0.565142  -1.507481
    34  0.24989618    6.800021  156.812349      -1.768352   4.916739  -2.499198
    35  0.19039175    5.180823  119.472728      -1.667621   3.007653  -2.301247
    36  0.11702248    3.184344   73.432778      -1.500378   3.046913   4.165867
    37  0.09381368    2.552800   58.869021      -1.370836  -1.708224   3.744369
    38  0.19075494    5.190706  119.700631      -1.244327  -1.836490  -1.545495
    39  0.18602534    5.062007  116.732762      -1.109032   0.764570   0.727705
    40  0.15939172    4.337269  100.019900      -0.821130  -0.099972   1.147478
    41  0.24300676    6.612550  152.489174      -0.846621   2.085018  -0.854724
    42  0.19236611    5.234548  120.711659      -0.751723   2.865197   1.535288
    43  0.16909957    4.601433  106.111672      -0.684141  -1.962418   0.741861
    44  0.24098495    6.557534  151.220468      -0.375719   3.241201   0.124339
    45  0.21233397    5.777901  133.241692      -0.273761   4.111853  -2.406924
    46  0.18678875    5.082780  117.211811       0.093207   0.411902  -0.080416
    47  0.15938529    4.337094  100.015863       0.057569   2.390657   3.356850
    48  0.15332970    4.172313   96.215923       0.347300  -1.456784  -0.594756
    49  0.15119070    4.114108   94.873678       0.351313  -1.444659   4.138718
    50  0.14274785    3.884367   89.575704       0.649852  -0.224151   2.336166
    51  0.05174396    1.408025   32.469852       0.917597  -4.456423  -0.306107
    52  0.10710185    2.914389   67.207479       1.049181  -2.094859   1.966080
*   53  0.26152053    7.116336  164.106750       1.388475   3.841388  -2.698130
    54  0.16925801    4.605745  106.211093       1.756260   0.345996   0.668786
    55  0.23258592    6.328985  145.949993       1.761335   3.261546  -1.178259
    56  0.16018881    4.358959  100.520080       1.895313  -1.168799  -2.991221
    57  0.12952268    3.524491   81.276774       2.026616  -1.500356   0.344639
    58  0.25607602    6.968183  160.690266       2.661432   4.568197  -0.550507
    59  0.15458088    4.206360   97.001051       2.779138  -0.717480   0.080051
    60  0.09907975    2.696097   62.173532       2.810369  -2.436429  -1.639775
    61  0.11376047    3.095580   71.385830       3.125520  -2.688321   0.015766
    62  0.18222358    4.958556  114.347122       3.162188   0.030879  -2.021917
    63  0.22960927    6.247986  144.082112       3.198450   1.360463  -1.507481
    64  0.10876958    2.959771   68.254000       3.400851  -1.968422  -3.783041
    65  0.21704803    5.906177  136.199812       3.424667   1.352056   0.091393
    66  0.14871376    4.046707   93.319373       3.850792  -3.633437  -2.802058
    67  0.05660658    1.540344   35.521198       3.814255  -0.638480   2.726210
    68  0.11973067    3.258037   75.132193       4.066616  -2.774774  -1.247512
    69  0.20043119    5.454010  125.772579       4.054610   3.800505  -0.725852
    70  0.16801702    4.571976  105.432360       4.795648  -0.715739  -3.568012
    71  0.12555813    3.416610   78.788983       5.004060  -2.018060  -2.092154
    72  0.17860441    4.860073  112.076054       5.004060  -0.320339  -1.452787
    73  0.16037264    4.363961  100.635433       5.209673  -0.375033  -0.375808
    74  0.14598211    3.972375   91.605235       5.438339  -3.765050  -0.816450
    75  0.14735944    4.009854   92.469522       5.780959  -1.305353   1.133694
    76  0.18593086    5.059436  116.673473       5.783212   2.002924  -0.988173
    77  0.23297301    6.339518  146.192892       5.744090   3.672355  -0.740574
    78  0.22180002    6.035485  139.181729       6.458358   0.423880  -1.108654
    79  0.10256209    2.790856   64.358735       6.585740  -2.209560  -0.321282
    80  0.17010271    4.628730  106.741149       6.485170  -0.881264  -1.757258
