 Number of surface minima:    51
   #       a.u.         eV      kcal/mol           X/Y/Z coordinate(Angstrom)
     1  0.11466344    3.120151   71.952453      -7.625945   0.030372   1.921238
     2  0.11661053    3.173134   73.174274      -7.159039   2.220857   1.961177
     3  0.09549452    2.598538   59.923764      -6.895205  -0.292682   0.771052
     4  0.09652480    2.626573   60.570278      -6.406953  -0.372777  -0.096684
     5  0.09537471    2.595278   59.848583      -6.272996  -0.489531   1.940244
     6  0.09842774    2.678355   61.764390      -6.276452   2.282049   0.880110
     7  0.09895066    2.692584   62.092531      -5.827231   2.234710  -0.014248
     8  0.09947800    2.706934   62.423441      -5.700721   2.094146   1.965380
     9  0.09043902    2.460971   56.751386      -5.207553  -0.741083   2.074963
    10  0.10429395    2.837983   65.445498      -5.030967  -0.671749  -0.011920
    11  0.09699979    2.639498   60.868338      -4.694907   1.875451   2.134694
    12  0.09953782    2.708562   62.460979      -4.516776  -0.825944   0.900909
    13  0.11058085    3.009058   69.390591      -4.539637   1.916236   0.094060
    14  0.10953515    2.980603   68.734401      -4.152058   1.768857   1.148477
    15  0.10664452    2.901945   66.920503      -3.847828  -0.817242   2.097647
    16  0.03445283    0.937509   21.619498      -2.907427  -3.198292  -2.902713
    17  0.04854553    1.320991   30.462808      -2.947995  -2.296973  -0.314166
    18  0.11642413    3.168062   73.057308      -2.872426  -0.043974   1.555062
    19  0.04644547    1.263845   29.144996      -1.985196  -1.063517  -2.810650
    20  0.03019653    0.821689   18.948626      -1.853419  -0.440857   1.476929
*   21  0.01574000    0.428307    9.877005      -1.434199  -3.038484   0.677261
    22  0.03240800    0.881866   20.336343      -1.132241  -3.001114  -1.005195
    23  0.02333190    0.634893   14.641003      -0.635970   0.405631  -3.419399
    24  0.03148357    0.856711   19.756253       0.402010  -0.043974   1.880013
    25  0.17146465    4.665790  107.595782       0.369662   2.969356   1.492033
    26  0.13450735    3.660131   84.404709       0.963880   2.966179  -1.158077
    27  0.03578439    0.973743   22.455066       1.592599  -0.438092  -2.415759
    28  0.16247080    4.421055  101.952055       1.725632   3.559801   1.298929
    29  0.16779825    4.566022  105.295078       1.927254   4.709459   0.843498
    30  0.14328242    3.898913   89.911154       1.966217   3.267016  -1.486939
    31  0.13011989    3.540742   81.651531       2.224528  -2.956715   1.030325
    32  0.14900878    4.054735   93.504498       2.465269  -0.714588   1.576976
    33  0.15022464    4.087820   94.267466       2.622904   1.282590  -1.355020
    34  0.15259663    4.152366   95.755912       2.778124   2.489118  -1.581499
    35  0.16108173    4.383257  101.080396       2.905946   3.811375   0.926461
    36  0.16514059    4.493704  103.627372       2.883528  -3.086577  -1.619524
    37  0.13997863    3.809012   87.837988       3.019893  -2.687884   1.818027
    38  0.14983071    4.077101   94.020271       3.161986  -1.628251   2.096588
    39  0.17413770    4.738528  109.273151       3.642001   2.984328   0.832461
    40  0.17600512    4.789343  110.444972       3.836099   4.338913   0.256990
    41  0.14727230    4.007483   92.414843       4.073903   0.671364   3.328755
    42  0.15784914    4.295294   99.051913       4.086528  -2.815505  -0.829795
    43  0.18246821    4.965212  114.500625       4.493515  -0.700700  -0.139457
    44  0.16333829    4.444661  102.496408       4.634101  -3.727887  -0.171902
    45  0.15778574    4.293568   99.012129       4.890935  -2.547910  -0.042372
    46  0.14736594    4.010031   92.473600       5.243633   0.997273  -2.043243
    47  0.16209799    4.410911  101.718109       5.360219   1.538044   2.195267
    48  0.17265873    4.698283  108.345080       5.661434  -2.450683   1.096079
    49  0.15213064    4.139685   95.463498       5.995661   0.088320   2.815349
    50  0.15217569    4.140911   95.491765       6.159492   2.462354  -1.111802
    51  0.16171023    4.400359  101.474787       6.218785   1.031758  -0.427049
 
 Number of surface maxima:    62
   #       a.u.         eV      kcal/mol           X/Y/Z coordinate(Angstrom)
     1  0.18392142    5.004756  115.412530      -8.362651   1.286163   2.349289
     2  0.18395926    5.005786  115.436272      -8.139527   1.381384  -0.839277
     3  0.13927736    3.789930   87.397936      -7.901093   1.210461   0.791652
     4  0.13909722    3.785028   87.284897      -6.786497   1.020326   3.031136
     5  0.11851951    3.225080   74.372179      -6.813373   2.276067   1.806115
     6  0.14519034    3.950830   91.108392      -6.474200   1.033013  -1.319971
     7  0.18252647    4.966798  114.537185      -5.704827   0.626692   4.215397
     8  0.14927404    4.061953   93.670952      -5.597927  -0.048109   0.892472
     9  0.19718142    5.365579  123.733316      -5.208786   0.873176  -2.315674
    10  0.15062818    4.098801   94.520688      -5.211522   1.505168   1.015883
    11  0.17280258    4.702197  108.435344      -5.014532  -1.763800  -2.241601
    12  0.13764128    3.745410   86.371278      -4.452391   0.454108   3.215430
    13  0.17538326    4.772421  110.054747      -4.129293   0.474504  -1.356712
    14  0.15468893    4.209300   97.068850      -3.887581  -4.330967  -0.693941
    15  0.14059809    3.825869   88.226708      -3.286112  -0.440857   0.942057
    16  0.19066906    5.188369  119.646743      -3.231158   0.339304  -2.199975
    17  0.17800744    4.843829  111.701451      -2.915835   0.103519   2.887940
    18  0.18249895    4.966049  114.519917      -2.757273   1.459391  -0.404649
    19  0.13973509    3.802385   87.685169      -2.304438  -1.028160  -0.752067
    20  0.16059893    4.370119  100.777438      -1.778245  -0.058471  -1.277391
    21  0.13800689    3.755358   86.600704      -1.686109  -1.378622  -0.267347
    22  0.13807943    3.757332   86.646225      -0.719351  -0.319897   0.977062
    23  0.14824650    4.033993   93.026163      -0.756207   0.946866  -0.232278
*   24  0.24082207    6.553102  151.118257      -0.754614   3.131089   0.695375
    25  0.06205340    1.688559   38.939131      -0.423842   2.456645  -2.800699
    26  0.17034428    4.635304  106.892741      -0.043615   1.802914  -0.043067
    27  0.16009612    4.356437  100.461918      -0.021981  -2.159780  -3.333729
    28  0.05680373    1.545708   35.644910       0.207137  -3.268822   1.951945
    29  0.14977901    4.075694   93.987829       0.211128  -0.714903  -2.054445
    30  0.13653634    3.715343   85.677921       0.347064  -2.059211  -0.699425
    31  0.20201321    5.497059  126.765307       0.501956   4.016678   0.346046
    32  0.18581892    5.056390  116.603233       0.675679   2.089653   1.422768
    33  0.17236255    4.690224  108.159227       0.965398   0.551762  -0.826235
    34  0.16913324    4.602349  106.132797       1.250477  -0.882985   0.364413
    35  0.23653105    6.436337  148.425599       1.295722   5.473937  -0.183949
    36  0.16597028    4.516281  104.148012       1.309726  -2.282504  -0.550989
    37  0.22960440    6.247853  144.079056       1.742346  -3.830768  -1.305672
    38  0.22115241    6.017863  138.775351       1.988099   2.229604  -0.785356
    39  0.24028252    6.538420  150.779685       2.461363   2.460199   0.717171
    40  0.18192004    4.950296  114.156647       2.657653  -2.127866  -1.568776
    41  0.19573568    5.326239  122.826096       2.773132   4.750420  -0.540581
    42  0.21796103    5.931021  136.772728       2.806465  -1.738769   1.025885
    43  0.19499997    5.306219  122.364430       3.041817  -3.956739  -0.389937
    44  0.21073653    5.734433  132.239282       3.278030   0.754806   1.425498
    45  0.22473219    6.115274  141.021695       3.778474   1.901805   2.208076
    46  0.23755094    6.464090  149.065589       3.845359  -1.595461  -0.164764
    47  0.21031796    5.723043  131.976625       3.810723   0.350058  -0.708851
    48  0.23098723    6.285482  144.946795       4.042743  -4.853255   0.617809
    49  0.23450535    6.381215  147.154450       4.085897   0.768390   0.513013
    50  0.24025417    6.537648  150.761894       4.390523   4.638358  -1.061503
    51  0.16665323    4.534865  104.576570       4.603080  -3.246065  -0.356936
    52  0.19215210    5.228724  120.577363       4.739521  -3.488212   1.424786
    53  0.20734715    5.642203  130.112407       4.679521   3.075236  -0.589440
    54  0.21187896    5.765520  132.956164       5.026129  -0.531040   3.804065
    55  0.22386040    6.091551  140.474640       5.235895  -0.219779  -0.837023
    56  0.20478293    5.572427  128.503338       5.308444  -1.079484   1.983724
    57  0.16725398    4.551212  104.953547       5.372533   1.141585   2.866063
    58  0.21156942    5.757097  132.761926       5.372490   2.544634  -2.413767
    59  0.23779721    6.470791  149.220129       5.638552  -2.566127   2.601109
    60  0.22425311    6.102237  140.721068       6.167477   2.278588   0.570266
    61  0.16689695    4.541497  104.729503       6.235353   1.302284  -1.078404
    62  0.22443682    6.107237  140.836351       6.387569   0.682161   1.290474
