 Number of surface minima:    66
   #       a.u.         eV      kcal/mol           X/Y/Z coordinate(Angstrom)
     1  0.09928382    2.701650   62.301591      -6.406176  -0.930120  -1.548963
     2  0.11236120    3.057504   70.507774      -6.312066   1.439531  -1.314920
     3  0.10437229    2.840114   65.494654      -6.218142   0.091122  -1.508519
     4  0.08443523    2.297599   52.983950      -5.785476  -1.078175   1.061670
     5  0.07704569    2.096520   48.346942      -5.666497   4.001641  -0.044395
     6  0.08571262    2.332359   53.785526      -5.640571   0.104109   1.048238
     7  0.10183262    2.771007   63.900990      -5.369483   0.790401  -1.690287
     8  0.07425739    2.020646   46.597254      -5.005026   4.526071  -1.338462
     9  0.07341282    1.997665   46.067281      -4.724795   0.770576   0.912755
    10  0.16016501    4.358312  100.505147      -4.458273  -3.452750  -1.966460
    11  0.14952146    4.068686   93.826208      -3.932894  -3.720317   0.146930
    12  0.06153810    1.674537   38.615771      -3.938332   4.231528   0.392587
    13  0.08563172    2.330158   53.734761      -3.814377   3.085155  -3.322877
    14  0.10044911    2.733359   63.032823      -3.520872   1.216818  -3.529688
    15  0.14722402    4.006169   92.384542      -3.360956  -2.647115  -2.340278
    16  0.06814063    1.854201   42.758929      -3.151777   2.488709   0.519541
    17  0.12599335    3.428453   79.062089      -2.651983  -3.089668   0.190387
    18  0.16317689    4.440269  102.395132      -2.623728  -0.104879  -1.867639
    19 -0.00307389   -0.083645   -1.928898      -2.634639   0.610168   3.230610
    20  0.06103441    1.660831   38.299702      -2.217925   1.305381   0.394224
*   21 -0.00564672   -0.153655   -3.543370      -2.104357   2.233469   2.923095
    22  0.09395600    2.556673   58.958333      -1.896437   2.382060  -2.330997
    23  0.04049412    1.101901   25.410462      -1.300785   1.555924  -1.004214
    24  0.03553487    0.966953   22.298488      -0.440525  -2.214117   1.506212
    25  0.01737381    0.472765   10.902240      -0.325713   1.291336   3.737733
    26  0.16150705    4.394830  101.347291       0.043951  -0.399612  -2.246311
    27  0.04563902    1.241901   28.638940       0.148132   2.104087  -0.432619
    28  0.15718850    4.277317   98.637354       0.590709  -0.376980  -2.892843
    29  0.09198724    2.503100   57.722912       0.846350  -3.713505   2.387353
    30  0.15907040    4.328526   99.818268       0.948218  -3.020915  -2.899871
    31  0.03055365    0.831407   19.172719       0.885416   2.746573   2.964448
    32  0.10763029    2.928769   67.539085       1.150737  -0.622855   1.642237
    33  0.17833317    4.852692  111.905845       1.487930  -0.537609  -3.865509
    34  0.12673824    3.448723   79.529510       1.661142   3.275750  -1.603051
    35  0.17685218    4.812392  110.976510       1.857888  -2.701265  -3.862926
    36  0.03613777    0.983359   22.676811       1.848139   1.232512   4.952841
    37  0.10523418    2.863568   66.035502       1.986273  -4.670638   1.156315
    38  0.08322013    2.264535   52.221467       2.006572   0.038045   3.159544
    39  0.16725094    4.551130  104.951639       2.431910  -0.257306  -1.314872
    40  0.09415187    2.562003   59.081240       2.668044  -4.590509   2.762661
    41  0.11689409    3.180850   73.352208       2.659713   3.263512  -0.682834
    42  0.17646654    4.801899  110.734522       2.669504  -0.026820   0.912268
    43  0.10904519    2.967271   68.426950       2.924219   3.792861  -1.873095
    44  0.14168899    3.855553   88.911258       3.082939   0.888579  -1.737640
    45  0.13058579    3.553420   81.943887       3.346511   1.313599  -2.781489
    46  0.14189953    3.861283   89.043375       3.476363   1.971032  -3.841696
    47  0.12075051    3.285788   75.772152       3.430890   3.083151   0.056470
    48  0.14430887    3.926844   90.555261       3.743791  -0.273274   0.263096
    49  0.12886048    3.506472   80.861242       3.850337  -2.955277  -0.018479
    50  0.09719799    2.644892   60.992708       3.877119  -0.933240   3.965941
    51  0.14113203    3.840398   88.561760       3.858693   0.702009  -1.001729
    52  0.11359602    3.091105   71.282637       3.875563   3.959624  -1.988185
    53  0.13441612    3.657649   84.347457       4.217973  -0.090325  -1.749344
    54  0.14272055    3.883624   89.558575       4.366804  -0.195499  -0.552072
    55  0.13176656    3.585551   82.684837       4.375393   1.537593  -2.934867
    56  0.12793618    3.481321   80.281233       4.520164  -2.751817  -1.941963
    57  0.09683814    2.635100   60.766903       4.419825  -2.790047   3.848817
    58  0.13319428    3.624401   83.580741       4.653403  -2.808172  -0.806136
    59  0.15594508    4.243481   97.857098       4.756773  -0.617973   0.985647
    60  0.11385591    3.098177   71.445724       4.674157   3.402044  -0.282823
    61  0.14221642    3.869906   89.242226       4.943339  -2.761237   0.526114
    62  0.11321656    3.080779   71.044521       4.905031   3.755018  -1.096064
    63  0.13223968    3.598425   82.981719       5.070792   0.922741  -1.190842
    64  0.13073513    3.557484   82.037603       5.206430   1.324478  -2.114353
    65  0.13277304    3.612938   83.316412       5.270712   4.130853  -2.483855
    66  0.14445912    3.930933   90.649544       5.710813   2.139109  -3.303225
 
 Number of surface maxima:    88
   #       a.u.         eV      kcal/mol           X/Y/Z coordinate(Angstrom)
     1  0.18279034    4.973978  114.702765      -8.235648  -0.441639   0.211489
     2  0.14378265    3.912525   90.225048      -7.154932  -1.758218  -0.169725
     3  0.13679652    3.722423   85.841186      -7.121735   0.819359  -0.090613
     4  0.17527654    4.769517  109.987782      -6.724852   2.300344  -0.171719
     5  0.20172224    5.489141  126.582725      -6.674527  -3.288640  -0.387554
     6  0.14243029    3.875725   89.376429      -6.121670   3.379130  -1.661340
     7  0.12802135    3.483638   80.334677      -5.270356   1.953842  -1.074413
     8  0.18160641    4.941762  113.959839      -5.187285  -3.082835  -0.708795
     9  0.08230281    2.239573   51.645838      -5.266627   4.454029  -0.409417
    10  0.16223226    4.414564  101.802368      -5.023652  -0.440208  -1.244500
    11  0.11501377    3.129684   72.172290      -5.113656   2.097678   0.147071
    12  0.12677608    3.449753   79.553259      -5.123846   3.411496   1.198631
    13  0.15097347    4.108197   94.737361      -4.896838  -0.567927   0.373424
    14  0.14986802    4.078116   94.043681      -4.859420   1.828781  -3.447519
    15  0.22640419    6.160771  142.070894      -4.682730  -4.471907  -1.016167
    16  0.16360195    4.451836  102.661862      -4.192946  -3.064865  -2.127500
    17  0.10754064    2.926330   67.482826      -4.083593   3.284040  -2.006313
    18  0.13291280    3.616741   83.404111      -3.420555   4.862885  -1.070963
    19  0.05133287    1.396838   32.211888      -3.380192  -1.449543   2.783759
    20  0.22401971    6.095886  140.574605      -3.028024  -1.488018  -1.608138
    21  0.18911543    5.146093  118.671825      -3.010591  -4.131328  -1.336439
    22  0.10807968    2.940998   67.821078      -2.888317   1.981633  -3.661871
    23  0.10436559    2.839932   65.490454      -2.989715   3.287421  -1.318607
    24  0.19921726    5.420977  125.010826      -2.820245  -1.815656  -0.079741
    25  0.13849705    3.768696   86.908286      -2.853899   0.382368   0.292628
    26  0.17682359    4.811614  110.958569      -2.871437   0.644102  -1.197403
    27  0.17769944    4.835448  111.508177      -2.226845   0.546428  -2.744841
    28  0.14771066    4.019411   92.689915      -2.337985   3.677229  -2.905506
    29  0.09889678    2.691118   62.058719      -2.116435   2.211845  -1.751386
    30  0.11295017    3.073530   70.877359      -2.080295   0.900293   1.044311
    31  0.10263985    2.792972   64.407530      -1.936620   2.499913  -0.396258
    32  0.04330078    1.178274   27.171674      -1.711375   3.918033   1.832515
    33  0.16457908    4.478424  103.275017      -1.433080  -0.877451   0.513658
    34  0.24486589    6.663140  153.655794      -1.429410  -4.406087  -1.730871
    35  0.22591868    6.147560  141.766233      -1.069220  -2.554021  -2.191924
*   36  0.25251560    6.871299  158.456064      -1.097853  -1.913822  -4.046004
    37  0.08913499    2.425486   55.933098      -1.167092   0.896207   2.764998
    38  0.14160442    3.853252   88.858190      -0.612131   1.555924   0.175532
    39  0.14764695    4.017678   92.649938      -0.374725  -0.891473   2.167385
    40  0.17884562    4.866637  112.227412       0.134220  -0.163902  -0.187511
    41  0.20539162    5.588990  128.885296       0.561874  -1.742432  -4.101912
    42  0.15965351    4.344393  100.184176       0.576573  -1.307136   3.821016
    43  0.14679415    3.994472   92.114797       0.545155   1.554918   1.700394
    44  0.17577620    4.783114  110.301326       0.815437  -3.579617   0.645726
    45  0.20467516    5.569494  128.435709       0.833374   2.110484  -2.375128
    46  0.23276705    6.333914  146.063652       1.088008  -0.810697  -1.595855
    47  0.23945847    6.515996  150.262582       1.087179  -2.403179  -1.596694
    48  0.14807623    4.029359   92.919315       1.212807   3.606267   5.077593
    49  0.19452448    5.293280  122.066059       1.477740  -2.276502   0.518755
    50  0.13974982    3.802786   87.694410       1.370160  -1.343070   2.886726
    51  0.19461276    5.295683  122.121454       1.616609  -0.552182   0.254146
    52  0.11016579    2.997764   69.130133       1.711249  -4.717949   1.953777
    53  0.15176884    4.129840   95.236464       1.741984  -3.868142   3.746451
    54  0.15767867    4.290655   98.944944       1.632734   2.338103  -0.536812
    55  0.20132263    5.478267  126.331966       1.999273  -0.043646   0.246119
    56  0.18317782    4.984522  114.945912       2.148983   2.361245   1.051083
    57  0.24802895    6.749211  155.640648       2.148623  -1.613362  -4.786100
    58  0.16349082    4.448812  102.592126       2.174913   2.632835  -3.154536
    59  0.12861797    3.499873   80.709060       2.333033  -2.311690   3.159544
    60  0.20901323    5.687539  131.157895       2.923059  -1.486924  -3.596226
    61  0.20506157    5.580009  128.678183       3.038674   3.261490  -4.438271
    62  0.21544025    5.862427  135.190914       3.068158   0.633289   1.837856
    63  0.15425969    4.197619   96.799495       3.220490  -2.135733   4.608780
    64  0.19950166    5.428716  125.189289       3.304430  -0.737311  -0.951356
    65  0.12776972    3.476791   80.176779       3.446492  -3.239074   2.751271
    66  0.19265240    5.242338  120.891309       3.394727  -2.347693  -1.041694
    67  0.16312843    4.438950  102.364721       3.590377  -4.655254   1.328233
    68  0.19881005    5.409897  124.755294       3.507313   1.026747   0.823750
    69  0.18243209    4.964230  114.477958       3.726398   2.409315   3.351464
    70  0.16790543    4.568939  105.362335       3.858693   3.059356  -1.157974
    71  0.16205652    4.409782  101.692087       4.115351  -1.090988   1.436388
    72  0.17968869    4.889578  112.756449       4.009304   1.569804  -1.725316
    73  0.16095424    4.379788  101.000393       4.195980  -2.412905   1.247829
    74  0.23132781    6.294750  145.160515       4.235808  -1.362000  -4.146586
    75  0.18337518    4.989892  115.069761       4.554104  -0.117774   2.522679
    76  0.16197310    4.407512  101.639742       4.529088   3.154510  -3.705058
    77  0.22452161    6.109544  140.889558       4.935451   1.174421   1.463719
    78  0.11243470    3.059504   70.553899       4.976961  -1.691519   3.616341
    79  0.17803463    4.844569  111.718512       5.181636  -1.193222  -2.746926
    80  0.16871119    4.590865  105.867961       5.310894  -3.062919   2.374927
    81  0.14844519    4.039399   93.150840       5.310185   1.793989  -3.079207
    82  0.17061715    4.642729  107.063971       5.707980   1.704870   0.246562
    83  0.21301664    5.796478  133.670072       5.793404  -1.643968   1.257721
    84  0.17580641    4.783936  110.320278       5.819803  -1.360485  -0.297772
    85  0.20443674    5.563007  128.286100       6.174533   3.380625  -3.587465
    86  0.16224653    4.414953  101.811321       6.335403   2.738820  -2.026522
    87  0.21792263    5.929976  136.748628       6.606850  -1.228731  -1.756329
    88  0.20645618    5.617958  129.553317       7.118764   2.336709  -0.570972
