 Number of surface minima:    63
   #       a.u.         eV      kcal/mol           X/Y/Z coordinate(Angstrom)
     1  0.13053474    3.552031   81.911857      -7.066565   1.534800  -1.287238
     2  0.11221022    3.053395   70.413034      -6.218042   0.366415  -0.720465
     3  0.13912144    3.785687   87.300097      -6.003903   3.212175  -0.351643
     4  0.11345881    3.087371   71.196540      -5.960522   0.887629  -1.926440
     5  0.10749859    2.925185   67.456440      -5.682215  -0.292998  -0.184713
     6  0.13465397    3.664121   84.496715      -5.559749   1.964218   1.390512
     7  0.11573026    3.149181   72.621897      -5.069718   0.562205  -2.383158
     8  0.12649680    3.442153   79.378006      -5.023143   2.484499   0.342054
     9  0.12296989    3.346181   77.164838      -4.833696  -0.974785   0.552679
    10  0.12633014    3.437618   79.273426      -4.711375   2.938696  -0.800432
    11  0.11938795    3.248711   74.917133      -4.596001  -0.668152  -0.710562
    12  0.13827277    3.762594   86.767549      -4.614590   3.275863  -1.895470
    13  0.12669813    3.447631   79.504340      -4.391610   1.809173   0.845370
    14  0.12436367    3.384107   78.039444      -4.324338  -0.246213  -1.770631
    15  0.12969008    3.529046   81.381821      -3.794737   2.664686  -1.339031
    16  0.14074082    3.829752   88.316270      -3.424069   1.428101   0.352775
    17  0.09376138    2.551377   58.836203      -3.061420  -2.356133  -1.200373
    18  0.14403592    3.919417   90.383981      -3.125000   1.810471  -0.669295
    19  0.04279381    1.164479   26.853544      -2.516594  -4.253684  -2.710621
    20  0.04132053    1.124389   25.929048      -2.602734  -1.699672   1.114111
    21  0.02793724    0.760211   17.530897      -2.374994  -3.840395  -0.322973
    22  0.15451571    4.204586   96.960154      -2.111603   1.303471   1.263523
    23  0.10792742    2.936854   67.725533      -1.829356  -1.720060  -2.303733
    24  0.16549560    4.503364  103.850146      -1.817929   2.260196   0.505482
    25  0.13700611    3.728126   85.972705      -1.536510   4.295250  -0.932924
    26  0.07990422    2.174304   50.140697      -1.209300  -1.161166   3.199131
    27  0.15236449    4.146049   95.610240      -1.261436   5.356311  -1.451617
    28  0.17459126    4.750870  109.557761      -0.849549   2.331930  -0.494202
    29  0.14628160    3.980525   91.793164      -0.581065   4.185324  -1.815776
    30  0.05636303    1.533716   35.368365      -0.421624  -3.205026  -2.172133
*   31 -0.01834763   -0.499265  -11.513324      -0.327360  -4.142773   2.683909
    32  0.15291818    4.161115   95.957688      -0.260398   2.086702   2.975239
    33  0.16314594    4.439427  102.375709      -0.088478   3.160060   2.234933
    34  0.05412010    1.472683   33.960903       0.174425  -2.097576  -1.928658
    35  0.13994401    3.808070   87.816264       0.180722   3.236948  -2.126168
    36  0.14963363    4.071738   93.896597       0.159553   6.089798   0.101667
    37  0.13388130    3.643095   84.011852       0.312367   5.184258   0.783658
    38  0.15332374    4.172151   96.212178       0.537421   4.210566  -2.684674
    39  0.01473739    0.401025    9.247860       0.690415  -1.449292   2.749237
    40  0.10038698    2.731669   62.993837       0.832891  -2.791270  -2.177666
    41  0.17376967    4.728513  109.042203       0.796451   3.277030   1.251034
    42 -0.01096970   -0.298501   -6.883594       1.031379  -4.164616   2.058355
    43  0.14344170    3.903247   90.011100       1.150038   5.113587  -0.089519
    44  0.18136459    4.935181  113.808094       1.571325  -0.171950  -2.057903
    45  0.13751578    3.741995   86.292529       1.948223   4.185358  -0.350581
    46  0.10536654    2.867169   66.118557       2.072737  -3.230015  -1.058675
    47  0.15120231    4.114424   94.880961       2.016285   5.021815  -1.242542
    48  0.12286029    3.343199   77.096062       2.212725  -2.825627  -3.941128
    49  0.10626435    2.891600   66.681943       2.692455  -3.878184  -2.222631
    50  0.14029781    3.817698   88.038279       2.891824  -0.233113   0.981817
    51  0.14819346    4.032549   92.992877       3.292905  -0.450821  -2.704892
    52  0.11469962    3.121135   71.975161       3.486621  -2.092738  -0.605714
    53  0.13850109    3.768806   86.910816       3.968798  -0.438532   0.625059
    54  0.15372227    4.182996   96.462265       4.114870   0.288543  -2.193246
    55  0.12925869    3.517308   81.111122       4.222472   3.014195   0.052019
    56  0.15637906    4.255290   98.129421       4.361024  -0.701972  -2.855720
    57  0.11449544    3.115579   71.847035       4.528841   1.149000   1.957363
    58  0.14139899    3.847662   88.729278       5.036497   3.530297   0.641661
    59  0.13210371    3.594725   82.896396       5.278875   2.729090  -0.325736
    60  0.12153486    3.307132   76.264341       5.519866   1.019552   1.642571
    61  0.12106352    3.294306   75.968567       5.824298   1.810471  -1.223905
    62  0.11046281    3.005846   69.316521       6.058343   0.115734   0.830339
    63  0.13625099    3.707578   85.498861       6.726234   2.345909  -0.595225
 
 Number of surface maxima:    71
   #       a.u.         eV      kcal/mol           X/Y/Z coordinate(Angstrom)
     1  0.20124591    5.476180  126.283824      -7.358676   2.937281  -0.898180
     2  0.13220016    3.597349   82.956925      -6.799669   1.275637  -1.422424
     3  0.19787767    5.384525  124.170215      -6.694867   1.116772   1.775583
     4  0.15721535    4.278047   98.654206      -6.715388   1.942765   0.320346
     5  0.15989484    4.350960  100.335609      -6.122164   2.756729  -1.934954
     6  0.14271002    3.883337   89.551965      -5.507442   3.068690  -0.273556
     7  0.20549671    5.591850  128.951241      -5.310748   3.003361  -3.385046
     8  0.15635995    4.254771   98.117434      -5.165372   0.367032   1.538189
     9  0.16872771    4.591315  105.878326      -5.015379   0.512021  -1.117083
    10  0.17306891    4.709444  108.602470      -4.675276  -2.826245  -2.211194
    11  0.17876157    4.864350  112.174672      -4.217700   1.724349  -0.452961
    12  0.19501179    5.306541  122.371847      -4.055269  -0.638616   1.907877
    13  0.17050131    4.639577  106.991278      -3.878437   2.024845  -2.987012
    14  0.15992922    4.351895  100.357187      -3.427457  -0.927127  -0.053069
    15  0.16259734    4.424499  102.031455      -2.984796  -1.420263  -1.002597
    16  0.15932946    4.335575   99.980829      -2.744945  -0.946197   2.488941
    17  0.20107962    5.471655  126.179475      -2.663665   1.542349   4.027030
*   18  0.24300505    6.612504  152.488098      -2.532243   3.206238   2.774467
    19  0.18610996    5.064310  116.785860      -2.372727  -2.026064  -4.263326
    20  0.22730869    6.185384  142.638475      -2.506912   1.162466  -3.259016
    21  0.03335784    0.907713   20.932381      -2.267654  -3.613595   3.301508
    22  0.20589230    5.602614  129.199477      -2.255742   0.641280  -1.806906
    23  0.22935233    6.240994  143.920882      -2.275368   5.128261   1.390878
    24  0.12552532    3.415718   78.768394      -2.172366  -0.210950   4.289175
    25  0.10924582    2.972730   68.552842      -1.918834  -2.565071   0.421864
    26  0.20785911    5.656134  130.433672      -1.746788   3.684963   1.518576
    27  0.08406630    2.287560   52.752447      -1.501834  -4.449847  -1.936577
    28  0.22182904    6.036275  139.199941      -1.502036   0.563721  -0.353342
    29  0.14052652    3.823921   88.181796      -1.187607  -1.336434   1.548604
    30  0.22916050    6.235774  143.800503      -1.209300  -0.041649  -2.253510
    31  0.17915136    4.874956  112.419267      -1.331155   5.662178   0.062417
    32  0.17435058    4.744321  109.406734      -1.179478  -0.295482   1.658888
    33  0.19150000    5.210980  120.168163      -0.962533  -1.631553  -0.881365
    34  0.23920563    6.509116  150.103928      -0.697749   1.409706   0.574483
    35  0.21815439    5.936283  136.894064      -0.669732   6.723495  -1.126485
    36  0.14401067    3.918730   90.368135      -0.437634  -5.232142  -0.745412
    37  0.10542611    2.868790   66.155936      -0.302131  -3.795118   0.702636
    38  0.19230804    5.232968  120.675219      -0.354314  -0.438532   0.249271
    39  0.20487639    5.574970  128.561985      -0.401498   3.274372  -0.732791
    40  0.17030809    4.634319  106.870032      -0.237255  -0.281422   4.467454
    41  0.11264418    3.065204   70.685351       0.382992  -2.287403   1.913566
    42  0.23855362    6.491374  149.694782       0.408364   1.818418   1.647538
    43  0.17795190    4.842317  111.666595       0.432712   5.647006  -1.741883
    44  0.12950604    3.524039   81.266336       0.642821  -2.849697  -0.679063
    45  0.20446218    5.563699  128.302063       0.712913   3.864978   0.258144
    46  0.19062450    5.187156  119.618779       0.932688  -1.887707  -3.768010
    47  0.16274669    4.428563  102.125173       1.221518  -1.472532   0.369866
    48  0.22222651    6.047091  139.449358       1.333518   1.436849  -0.963912
    49  0.15310797    4.166280   96.076782       1.429132  -4.013292  -1.652233
    50  0.19118034    5.202282  119.967573       1.485731  -0.941240  -2.276395
    51  0.15916194    4.331017   99.875712       1.625483  -2.234050  -1.002597
    52  0.22113855    6.017486  138.766650       1.709094   5.159386  -2.731705
    53  0.12889556    3.507427   80.883255       1.886043  -3.428727  -3.463615
    54  0.18595945    5.060214  116.691413       1.907769   3.636431  -2.060952
    55  0.21356759    5.811470  134.015801       2.092762   1.278890   1.112148
    56  0.22608937    6.152205  141.873341       2.018452   1.863160  -0.049134
    57  0.24021023    6.536453  150.734319       2.494941   2.147143  -1.988868
    58  0.23309687    6.342888  146.270616       2.372812   2.724129   1.900114
    59  0.23292710    6.338269  146.164082       2.823119   0.154234  -1.399480
    60  0.05061830    1.377394   31.763488       2.939993  -3.878184   0.741962
    61  0.21191764    5.766572  132.980436       3.025328  -0.826666  -0.205889
    62  0.19051985    5.184309  119.553111       3.815309  -3.070140  -3.382982
    63  0.19217414    5.229324  120.591194       4.533399   1.599926  -0.473420
    64  0.18065950    4.915995  113.365645       4.746691   0.616281   0.724285
    65  0.22589615    6.146947  141.752096       5.268875  -1.869834  -2.573620
    66  0.18915692    5.147222  118.697860       5.405415  -0.677901  -1.606224
    67  0.20841498    5.671260  130.782481       5.369858   3.654400   2.111471
    68  0.16251486    4.422254  101.979700       6.304061   2.729168   1.097952
    69  0.21080066    5.736178  132.279525       6.993667  -0.438337  -1.531700
    70  0.16122386    4.387124  101.169583       7.062565   0.852712  -0.473420
    71  0.20218567    5.501752  126.873532       7.778768   2.070821   0.447147
