 Number of surface minima:    63
   #       a.u.         eV      kcal/mol           X/Y/Z coordinate(Angstrom)
     1  0.11311256    3.077949   70.979263      -7.566727  -3.732373   0.275788
     2  0.11599021    3.156254   72.785017      -6.899495  -3.596218   2.409965
     3  0.09361370    2.547358   58.743530      -6.603586  -2.782097  -0.321368
     4  0.09272371    2.523140   58.185054      -6.296732  -4.090296  -0.286755
     5  0.08878433    2.415945   55.713057      -5.946215  -2.123943  -0.591945
     6  0.09825795    2.673735   61.657844      -5.898684  -2.634824   2.228001
     7  0.09752998    2.653926   61.201041      -5.586585  -3.865240   2.257485
     8  0.09219693    2.508806   57.854494      -5.363043  -4.416166  -0.543715
     9  0.09484330    2.580818   59.515122      -5.236317  -1.808875   1.964308
    10  0.10646108    2.896953   66.805391      -5.021869  -1.072792  -0.733785
    11  0.09796683    2.665813   61.475168      -4.795039  -2.406052  -0.884523
    12  0.09887451    2.690512   62.044742      -4.659292  -4.257795   2.026926
    13  0.10035581    2.730820   62.974275      -4.506641  -3.459660  -0.876610
    14  0.11392199    3.099975   71.487189      -4.419397  -0.819936   1.366926
    15  0.10675798    2.905032   66.991698      -4.112465  -2.139779   1.636439
    16  0.07451240    2.027586   46.757279      -3.973543   2.628774   2.564268
    17  0.11052235    3.007466   69.353879      -3.827404  -3.313044   1.659535
    18  0.11720057    3.189190   73.544527      -3.673052  -0.916312  -0.060690
    19  0.07820605    2.128095   49.075082      -3.313924   0.688823   2.477592
    20  0.05346382    1.454825   33.549084      -3.344125   1.511428  -1.197810
    21  0.03308981    0.900420   20.764186      -2.839365  -0.415659  -0.930512
    22  0.13252367    3.606152   83.159927      -2.784747   4.927317   1.027430
    23  0.13409278    3.648850   84.144563      -2.515219   6.725782   0.443729
    24  0.11185623    3.043763   70.190901      -2.203430   5.032060  -1.617520
    25  0.11855562    3.226062   74.394837      -1.961127   5.861268   0.903027
    26  0.11316401    3.079349   71.011547      -1.594098  -3.038527  -1.225399
    27 -0.00200171   -0.054469   -1.256090      -1.300754  -0.358055  -3.464175
    28  0.13459175    3.662428   84.457669      -1.348664   2.752312  -1.039856
    29  0.12433322    3.383279   78.020342      -1.302309   5.822663  -1.897257
    30  0.04108840    1.118072   25.783383      -1.256308  -0.077868   1.505404
    31  0.12987256    3.534012   81.496330      -1.058102   6.608740   0.582313
    32  0.05823563    1.584672   36.543439      -0.942216  -1.316051   2.180479
*   33 -0.01050403   -0.285829   -6.591386      -0.829112  -1.606307  -3.723542
    34  0.13656500    3.716123   85.695906      -0.428932   6.981835  -2.107881
    35  0.07477067    2.034613   46.919341      -0.167144  -3.508278   0.567736
    36  0.14037301    3.819744   88.085470      -0.161268   7.606267   0.002139
    37  0.11962335    3.255117   75.064851      -0.095979   5.695429  -2.010407
    38  0.12704097    3.456960   79.719476       0.191095   6.529012   0.512417
    39  0.15003635    4.082697   94.149309       0.625855   3.543337  -1.452046
    40  0.05551494    1.510638   34.836178       0.818006  -3.468874   2.445556
    41  0.08348938    2.271861   52.390419       0.832954  -1.031376   1.286570
    42  0.13739505    3.738709   86.216766       1.077318   2.250641  -1.238016
    43  0.17846343    4.856237  111.987587       1.153058   3.096018   1.312840
    44  0.01410258    0.383751    8.849510       1.548357  -0.345258  -2.657614
    45  0.02592675    0.705503   16.269294       1.680575  -2.010487  -2.879046
    46  0.15358875    4.179362   96.378477       1.715063   0.378613   1.640738
    47  0.19205034    5.225955  120.513508       2.086842   4.029648   0.791232
    48  0.05772164    1.570686   36.220903       2.881645  -3.907786  -1.854429
    49  0.16580957    4.511908  104.047166       2.821535  -0.015285   2.299170
    50  0.17905091    4.872223  112.356234       3.437269   1.831440   0.178180
    51  0.19568881    5.324963  122.796682       3.731187   2.375755   1.397247
    52  0.13103035    3.565517   82.222854       4.700130  -0.868440   3.566214
    53  0.12207563    3.321847   76.603680       4.887093  -2.533290   2.036028
    54  0.06277646    1.708234   39.392854       5.168871  -1.991776  -3.104863
    55  0.13475168    3.666780   84.558025       5.205267  -1.818540   3.092936
    56  0.14573598    3.965678   91.450783       5.808258  -1.057174   4.177970
    57  0.13812434    3.758554   86.674406       5.967041  -2.898325   2.453336
    58  0.13413346    3.649957   84.170086       6.148048  -1.765873  -0.214422
    59  0.13266991    3.610132   83.251694       6.325593   0.719771   2.166876
    60  0.12223535    3.326193   76.703904       6.608149  -1.077130   0.635718
    61  0.13523041    3.679807   84.858437       6.868938  -0.417583   1.643483
    62  0.14614485    3.976804   91.707357       7.183777   0.159969   2.985918
    63  0.13807839    3.757304   86.645569       7.307151  -1.721347   1.240815
 
 Number of surface maxima:    75
   #       a.u.         eV      kcal/mol           X/Y/Z coordinate(Angstrom)
     1  0.18295732    4.978522  114.807551      -8.243122  -3.862285   1.613783
     2  0.13836838    3.765195   86.827544      -7.495383  -2.480409   1.373110
     3  0.18227589    4.959979  114.379943      -7.415047  -0.761471   1.131758
     4  0.13816063    3.759542   86.697176      -6.837660  -4.865454   1.400648
     5  0.11798204    3.210455   74.034912      -6.635806  -3.331382   2.408631
     6  0.18233760    4.961658  114.418668      -5.982266  -6.276106   1.229408
     7  0.13699935    3.727942   85.968461      -5.857837  -0.725771   0.700382
     8  0.14677167    3.993860   92.100694      -5.416816  -3.187972  -0.080868
     9  0.15036493    4.091638   94.355497      -4.969939  -3.028777   1.436920
    10  0.14281731    3.886257   89.619292      -4.472735  -5.533579   0.738947
    11  0.17953949    4.885518  112.662823      -4.476106   0.020532   0.207722
    12  0.08415452    2.289961   52.807806      -4.342139   2.372281  -0.993305
    13  0.19936635    5.425034  125.104376      -3.899181   1.807877   1.240815
    14  0.20238357    5.507137  126.997713      -3.897298   4.467185   0.145743
    15  0.14015101    3.813703   87.946158      -3.686208  -1.606307  -0.558938
    16  0.09686884    2.635935   60.786164      -3.331368   3.810065   2.550358
    17  0.16120215    4.386534  101.155962      -3.224328   5.669879  -0.367301
    18  0.09266025    2.521414   58.145236      -3.042065  -0.142275   1.907041
    19  0.20186266    5.492962  126.670840      -3.154830   7.379927  -0.731277
    20  0.19432546    5.287865  121.941170      -2.985384  -5.511185   0.246412
    21  0.16272128    4.427871  102.109228      -2.857219  -2.769142  -1.345249
    22  0.23107751    6.287939  145.003448      -2.784747   3.347266   0.314755
    23  0.17376331    4.728340  109.038214      -2.652452  -3.911446   0.314755
    24  0.17936206    4.880690  112.551483      -2.102939  -2.645990   1.005946
    25  0.20864758    5.677589  130.928443      -2.244275   1.168576   0.044697
    26  0.18127320    4.932695  113.750748      -2.056786   3.685465   1.108521
    27  0.06301550    1.714739   39.542855      -1.858687   1.795162  -2.860308
    28  0.18083430    4.920752  113.475331      -1.748814  -3.596258   3.208857
    29  0.22799544    6.204072  143.069421      -1.811433   1.989899   1.817247
    30  0.18973135    5.162853  119.058322      -1.605975  -4.103368  -0.208657
    31  0.10982380    2.988458   68.915535      -1.651449  -1.222485  -1.829684
    32  0.16257776    4.423966  102.019168      -1.594098   7.449167  -1.008188
    33  0.13779315    3.749542   86.466580      -1.567593   0.105423  -0.465986
    34  0.15581608    4.239971   97.776148      -1.064921  -2.452035  -0.634522
    35  0.12582997    3.424007   78.959562      -1.008206  -3.137124   1.694413
    36  0.16928520    4.606485  106.228158      -0.889898  -1.060369   0.579344
    37  0.18517836    5.038959  116.201273      -0.803837   4.874468  -1.146557
    38  0.19227770    5.232142  120.656179      -0.642665   5.322003   0.363762
    39  0.03746014    1.019342   23.506610      -0.300407  -3.635287  -3.401885
    40  0.22310612    6.071026  140.001322      -0.027412   2.750481  -0.649676
    41  0.20709551    5.635355  129.954501      -0.033947   8.256619  -1.288068
    42  0.24396770    6.638699  153.092171       0.019837   3.041579   0.880667
    43  0.17150365    4.666852  107.620253       0.255992   0.906590  -0.746238
    44  0.12325585    3.353962   77.344278       0.266147  -0.545004  -2.312815
    45  0.18561541    5.050852  116.475523       0.579219  -1.549699   4.207898
    46  0.12441527    3.385512   78.071828       0.839378  -1.571131   2.458709
    47  0.17773594    4.836441  111.531078       1.025627  -0.426040   0.144590
    48  0.17082027    4.648256  107.191429       0.976984   6.918018  -0.976868
    49  0.16420483    4.468241  103.040174       1.713260  -3.417001  -0.305290
    50  0.21200064    5.768831  133.032520       1.871947   4.651366  -0.460473
    51  0.21702934    5.905669  136.188079       2.337814  -1.878629  -1.165156
    52  0.23081595    6.280822  144.839320       2.366917   2.493582   0.839295
    53  0.22711169    6.180023  142.514858       2.358140   6.063268  -0.886647
    54  0.05533476    1.505735   34.723118       2.477386  -1.474013  -3.724308
    55  0.23676121    6.442600  148.570025       2.709397  -0.283364   0.976227
*   56  0.26706826    7.267297  167.588007       2.785879   2.642902   2.574083
    57  0.26116185    7.106575  163.881674       3.098748   3.880305  -0.314583
    58  0.08883927    2.417439   55.747531       3.439418  -4.106321  -0.470183
    59  0.22123621    6.020143  138.827935       3.669164  -0.609404  -1.934248
    60  0.24719719    6.726578  155.118706       3.609035   0.554056   0.050167
    61  0.18407577    5.008957  115.509388       3.982036  -2.751401  -2.435139
    62  0.21969837    5.978297  137.862924       3.887762   1.494255   2.621551
    63  0.23214430    6.316968  145.672870       4.461280  -2.139971  -0.501535
    64  0.19616661    5.337965  123.096512       4.586737  -1.114128   2.166876
    65  0.23492283    6.392575  147.416427       4.620548   1.809245   3.868418
    66  0.18218516    4.957510  114.323011       4.819636  -1.013523  -0.743599
    67  0.18142166    4.936734  113.843904       4.939152  -1.290890  -0.611305
    68  0.20413894    5.554903  128.099226       5.522634  -3.203503  -0.237604
    69  0.19682542    5.355892  123.509918       5.549679  -0.151007   1.375826
    70  0.17831467    4.852189  111.894237       5.787915   0.631719   3.835635
    71  0.09185975    2.499631   57.642912       6.010568  -1.505372  -2.066542
    72  0.16578232    4.511166  104.030062       6.343560  -2.727754   1.082526
    73  0.16916201    4.603132  106.150854       7.068630  -1.474013   3.066277
    74  0.21382558    5.818490  134.177687       7.111897  -0.429250   4.363835
    75  0.20653693    5.620156  129.603987       7.526635  -2.783633   2.299373
