 Number of surface minima:    57
   #       a.u.         eV      kcal/mol           X/Y/Z coordinate(Angstrom)
     1  0.12760173    3.472220   80.071365      -6.686080   0.358531   0.215131
     2  0.12377619    3.368121   77.670796      -6.517134  -0.816118  -1.753284
     3  0.13848860    3.768466   86.902979      -6.451470   2.083478  -0.838102
     4  0.13280171    3.613718   83.334402      -6.305284   0.996877  -2.737370
     5  0.12111267    3.295643   75.999410      -5.934289   1.211163  -0.026392
     6  0.11318186    3.079835   71.022748      -5.657704  -0.159268  -2.287083
     7  0.11923216    3.244472   74.819375      -5.543264   0.289913   0.538542
     8  0.11262685    3.064732   70.674472      -5.367076  -0.997439  -1.784833
     9  0.13158461    3.580599   82.570657      -4.971370   2.045280  -0.463581
    10  0.11819344    3.216207   74.167564      -4.857400   0.713932  -2.742371
    11  0.13478749    3.667754   84.580496      -4.364912   0.155171   0.674314
    12  0.12218342    3.324780   76.671315      -4.098922  -1.155126  -1.600153
    13  0.13792588    3.753154   86.549867      -4.039576   1.916988  -0.324326
    14  0.11804094    3.212057   74.071873      -3.805826   0.572775  -2.613594
    15  0.14406661    3.920252   90.403239      -3.777483   2.576005   2.564522
    16  0.14365669    3.909097   90.146010      -3.658711   0.853025   0.301299
    17  0.14815084    4.031389   92.966135      -3.591470   4.144435   1.860446
    18  0.12457690    3.389910   78.173248      -3.409595  -0.485873  -1.952218
    19  0.11129711    3.028548   69.840052      -2.614935  -2.894742  -0.688024
    20  0.13988779    3.806540   87.780990      -2.647229   3.816851   3.408863
    21  0.08890791    2.419307   55.790602      -1.925880  -1.903250  -1.927640
    22  0.16975269    4.619206  106.521509      -1.761122   1.426302   0.753725
    23  0.18939762    5.153771  118.848902      -1.749011   3.586674  -0.424812
    24  0.04367563    1.188474   27.406894      -1.534565  -4.558943  -2.201433
    25  0.17506422    4.763740  109.854551      -1.654444   2.322039   0.049863
    26  0.16862798    4.588601  105.815744      -1.407460   0.179338   1.754949
    27  0.03364076    0.915412   21.109914      -1.143163  -3.913817   0.161784
    28  0.07364473    2.003975   46.212806      -0.749479  -0.202136  -1.034025
    29  0.17746909    4.829180  111.363632      -0.789049   2.359524  -0.694350
    30  0.18411283    5.009965  115.532644      -0.391571   4.627083   0.949847
    31  0.16519087    4.495072  103.658926      -0.357330   2.560083   2.679314
    32  0.16932495    4.607566  106.253100      -0.165076   3.588026   1.820593
    33  0.04888927    1.330345   30.678509       0.030951  -2.602575  -2.011196
    34  0.16947499    4.611649  106.347252       0.134268   1.361122  -0.777189
*   35 -0.01130263   -0.307560   -7.092513       0.387356  -3.396341   2.926529
    36  0.17569294    4.780848  110.249078       0.536804   3.688456   1.163759
    37  0.03629599    0.987664   22.776098       0.804199  -1.558225  -1.967636
    38  0.01390092    0.378263    8.722967       0.960747  -0.614309   2.824849
    39  0.15798659    4.299034   99.138168       0.985506   3.373087  -2.707002
    40  0.16095419    4.379786  101.000366       0.941201   5.045831  -1.695953
    41  0.18611297    5.064391  116.787750       1.330757   2.945642   1.048020
    42 -0.00853150   -0.232154   -5.353601       1.800716  -3.346401   2.413503
    43  0.16630502    4.525390  104.358062       2.364663   4.122526  -1.833198
    44  0.16040616    4.364873  100.656467       2.793056  -1.152292  -2.619465
    45  0.11935014    3.247682   74.893406       3.079231  -1.535336  -0.221018
    46  0.14401494    3.918846   90.370817       3.073938   0.718275   0.953635
    47  0.16201563    4.408669  101.666427       3.206014   4.345610   0.798000
    48  0.15638549    4.255466   98.133458       3.713740   0.030239  -2.518591
    49  0.14456113    3.933708   90.713557       3.740105   3.090185   2.023218
    50  0.14245779    3.876474   89.393688       4.242202   0.572488   0.648473
    51  0.15484167    4.213456   97.164697       4.383945   1.092551  -2.107553
    52  0.13818137    3.760106   86.710194       4.725067  -0.088983   0.228316
    53  0.15023712    4.088160   94.275295       4.748554   4.002903   0.531398
    54  0.16842757    4.583147  105.689984       5.335104   1.904298  -1.561261
    55  0.12152405    3.306838   76.257556       6.023643  -2.287552  -1.921873
    56  0.12583174    3.424056   78.960677       6.388903  -0.880809  -3.132234
    57  0.12564021    3.418844   78.840490       7.151179  -0.888990  -1.436605
 
 Number of surface maxima:    65
   #       a.u.         eV      kcal/mol           X/Y/Z coordinate(Angstrom)
     1  0.19622831    5.339644  123.135230      -7.681611  -0.493783  -0.655339
     2  0.15624098    4.251533   98.042775      -7.000367   0.831842  -1.434784
     3  0.20305721    5.525468  127.420429      -6.992864   2.308502  -2.228807
     4  0.15743408    4.283999   98.791462      -6.137697  -1.230448  -0.072363
     5  0.16541226    4.501097  103.797849      -5.329168   2.556903  -2.152849
     6  0.20592588    5.603528  129.220548      -5.124893  -2.328220   0.567106
     7  0.17891211    4.868446  112.269140      -4.593138   0.856532  -0.356473
     8  0.17105484    4.654639  107.338621      -4.486184   0.037060  -1.719377
     9  0.21395585    5.822035  134.259436      -3.990711   2.928561   0.905434
    10  0.17976610    4.891684  112.805023      -3.908990  -3.913859  -1.273881
    11  0.18714106    5.092367  117.432884      -3.805584  -1.544220   0.502542
    12  0.21768236    5.923438  136.597858      -3.891968   3.264285  -2.613680
    13  0.15681912    4.267265   98.405565      -3.673290   3.672067   2.602607
    14  0.19532803    5.315146  122.570293      -3.184714  -2.620546   0.819643
    15  0.18025486    4.904984  113.111727      -2.887585   2.156366  -1.801194
    16  0.20453019    5.565549  128.344737      -2.867221   2.311008   3.758318
    17  0.20287015    5.520378  127.303049      -2.589499  -0.468331   1.124191
    18  0.17764616    4.833998  111.474739      -2.476157  -2.586735  -3.811052
    19  0.21193635    5.767081  132.992179      -2.354459   5.063559   2.279448
    20  0.17047132    4.638761  106.972460      -2.175394  -0.310913  -1.158443
    21  0.20550668    5.592121  128.957497      -2.042862   1.650133   2.413503
    22  0.21061394    5.731097  132.162356      -1.960608   3.915813   0.848044
    23  0.04406695    1.199123   27.652454      -1.825849  -2.853345   3.360844
    24  0.23286542    6.336590  146.125382      -1.661621   0.466212   3.093584
    25  0.22926636    6.238655  143.866935      -1.500414   1.554716  -1.394297
*   26  0.25246095    6.869812  158.421773      -1.417527   4.945838  -0.225668
    27  0.16088846    4.377998  100.959117      -1.351955  -2.133360   0.429089
    28  0.18414666    5.010885  115.553870      -0.735087   0.052502   1.503967
    29  0.23548906    6.407983  147.771739      -0.539375   1.752628   0.273836
    30  0.08502734    2.313711   53.355504      -0.392180  -4.358514  -1.567133
    31  0.15329365    4.171332   96.193298      -0.271925  -1.415135  -0.905475
    32  0.22715604    6.181230  142.542686      -0.322492   4.296695  -2.328098
    33  0.21633397    5.886747  135.751728       0.056595   4.325587  -0.496971
    34  0.18612685    5.064769  116.796458       0.146714   0.041897   0.155392
    35  0.17765004    4.834103  111.477176       0.205512   1.124264   2.720359
    36  0.24277834    6.606334  152.345833       0.341672   2.470741   1.401282
    37  0.10437841    2.840281   65.498497       0.437535  -3.264968   0.959418
    38  0.11365312    3.092659   71.318472       0.869127  -1.654195   2.061031
    39  0.14814335    4.031186   92.961436       1.086372  -4.580644  -0.759146
    40  0.12910609    3.513155   81.015363       1.363470  -2.335448  -0.499714
    41  0.21358030    5.811816  134.023777       1.481307   2.029694  -1.157777
    42  0.17368015    4.726077  108.986032       1.618482   4.409023  -2.264636
    43  0.16048212    4.366941  100.704137       1.798336  -0.845833   0.448652
    44  0.23553599    6.409260  147.801187       2.063791   2.605328  -0.206359
    45  0.22390462    6.092755  140.502390       2.140209   3.363569   1.647509
    46  0.22855437    6.219281  143.420150       2.077013   5.132143  -0.567618
    47  0.15458806    4.206555   97.005555       2.303640  -1.623341  -0.761560
    48  0.17631343    4.797732  110.638442       2.269777  -0.620719  -2.221737
    49  0.20767118    5.651020  130.315745       2.218621   2.098687   0.958266
    50  0.22701372    6.177358  142.453382       2.360473   2.556903  -2.216797
    51  0.22366123    6.086131  140.349657       3.042157  -2.403776  -2.150292
    52  0.23116991    6.290453  145.061430       3.208375   0.839254  -1.420173
    53  0.21154709    5.756489  132.747916       3.504020   0.068085  -0.055565
    54  0.05261821    1.431814   33.018454       3.708608  -3.008071   1.207029
    55  0.22426082    6.102447  140.725904       3.758265   4.409023  -0.715814
    56  0.16592447    4.515034  104.119263       3.801217   4.210461   1.156586
    57  0.18790632    5.113191  117.913096       4.264368  -1.466732  -2.139309
    58  0.16923173    4.605029  106.194601       4.644882   0.293255  -2.522844
    59  0.20042259    5.453776  125.767179       4.789827   2.556034  -0.226259
    60  0.19114688    5.201371  119.946579       5.183782  -1.942510  -3.277881
    61  0.20806359    5.661698  130.561985       5.268271   2.942753   1.598520
    62  0.23256321    6.328367  145.935741       6.297796   1.929058  -0.470889
    63  0.18299668    4.979593  114.832245       6.542652  -1.925593  -0.472344
    64  0.13730266    3.736195   86.158792       6.844341  -1.411926  -2.349092
    65  0.19649274    5.346839  123.301157       6.982443   0.512383  -2.248628
