 Number of surface minima:    72
   #       a.u.         eV      kcal/mol           X/Y/Z coordinate(Angstrom)
     1  0.07400470    2.013770   46.438689      -7.926425  -0.526037  -1.099140
     2  0.07741629    2.106604   48.579495      -7.787219  -2.469980   0.720304
     3  0.06990723    1.902273   43.867487      -7.784790   0.275166  -0.284363
     4  0.07402252    2.014255   46.449868      -7.522459  -1.676653   1.514178
     5  0.08013053    2.180463   50.282707      -7.143623  -0.981978  -1.650614
     6  0.07115485    1.936222   44.650379      -6.718310   0.593942  -0.063083
     7  0.07546041    2.053382   47.352164      -6.607712  -1.317794   1.804183
     8  0.08951003    2.435692   56.168437      -6.175172  -0.650894  -1.343635
     9  0.05665180    1.541574   35.549569      -5.560034   1.873961  -1.513080
    10  0.18014794    4.902075  113.044634      -4.068523  -3.398310  -1.241031
    11  0.16061622    4.370590  100.788283      -3.963955  -3.030877   0.871813
    12  0.16859943    4.587824  105.797826      -3.729490  -2.040432  -1.650614
    13  0.16605660    4.518630  104.202178      -3.682511  -0.897129  -1.752940
    14  0.14306429    3.892977   89.774270      -3.465999  -1.851853   0.951232
    15  0.17824945    4.850414  111.853312      -2.892528  -2.750094  -1.649351
    16  0.02423733    0.659531   15.209167      -2.855070   2.546793   0.653524
    17  0.15112087    4.112208   94.829858      -2.665672  -2.510649   0.962099
    18  0.00721405    0.196304    4.526888      -2.355007   1.777339   3.026622
    19  0.05660133    1.540200   35.517900      -2.188044   2.717153  -1.325336
    20  0.15905611    4.328137   99.809299      -1.959253  -5.511555  -0.707981
*   21  0.00166466    0.045298    1.044588      -1.719556   3.292006   2.262403
    22  0.15412892    4.194061   96.717439      -1.563815  -2.087243   0.893697
    23  0.05169695    1.406745   32.440351      -1.305240   1.760253  -0.711135
    24  0.15108655    4.111274   94.808319      -1.078282  -4.764377   0.957602
    25  0.17285934    4.703742  108.470968      -1.016334  -3.398819  -3.350622
    26  0.16950458    4.612454  106.365819      -0.325217  -5.077504  -0.785452
    27  0.16081415    4.375976  100.912487      -0.331690  -1.841543  -3.966988
    28  0.07931687    2.158322   49.772131      -0.143877   3.200184  -0.700241
    29  0.07746311    2.107878   48.608876      -0.127276   0.809036  -1.381761
    30  0.07833831    2.131694   49.158073       0.000270   4.420949  -1.341366
    31  0.01943132    0.528753   12.193348       0.284868   2.784525   3.257392
    32  0.16480291    4.484515  103.415477       0.510046  -3.572515  -4.044881
    33  0.03126025    0.850635   19.616117       0.556906  -1.261304   2.715098
    34  0.11267264    3.065978   70.703207       0.515591   3.688388  -3.965212
    35  0.08699833    2.367345   54.592323       0.415825   5.320818  -1.778970
    36  0.17356423    4.722923  108.913289       0.667738  -0.767339  -1.510946
    37  0.09021042    2.454750   56.607939       0.657660   0.935143  -0.726188
    38  0.19489766    5.303435  122.300232       0.714719  -3.296780  -0.671577
    39  0.08179251    2.225687   51.325615       0.682755   3.832874  -0.466152
    40  0.11131495    3.029034   69.851241       0.853913   6.420582  -2.649091
    41  0.10119109    2.753550   63.498424       1.256535   3.118963  -3.304824
    42  0.09073274    2.468963   56.935700       1.613348   5.872016  -1.477831
    43  0.17256053    4.695611  108.283455       1.726105  -1.046916  -2.047119
    44  0.05812836    1.581753   36.476129       1.605116   3.458449   1.936574
    45  0.10120036    2.753802   63.504237       1.599983   3.987713  -3.750523
    46  0.11778232    3.205020   73.909581       1.984684   5.278526  -4.218563
    47  0.07628556    2.075836   47.869949       2.093466   0.804343   1.330029
    48  0.11818913    3.216090   74.164863       1.992686   2.662937  -2.433158
    49  0.05266560    1.433104   33.048188       2.228388   0.826200   2.969651
    50  0.09108486    2.478545   57.156661       2.249273   5.505611  -0.785881
    51  0.03722374    1.012910   23.358271       2.406064   2.809524   4.335750
    52  0.17465659    4.752647  109.598755       2.653288  -3.409348  -0.718039
    53  0.16946301    4.611323  106.339735       2.762287  -0.960134  -1.665510
    54  0.17089824    4.650378  107.240355       2.754974  -0.436439  -0.195377
    55  0.13603994    3.701835   85.366420       2.747029   2.592112   1.195509
    56  0.10090138    2.745666   63.316624       2.767147   4.489457  -3.417705
    57  0.18655205    5.076339  117.063277       2.879154  -3.606587  -2.058773
    58  0.17100576    4.653303  107.307825       2.840680  -3.032192   0.396030
    59  0.06094647    1.658438   38.244517       2.846032   0.539755   2.847392
    60  0.17723005    4.822675  111.213629       2.956784  -1.530915  -2.662930
    61  0.11802979    3.211754   74.064874       2.909852   3.049751  -2.181334
    62  0.17655727    4.804368  110.791452       3.572216   2.014937  -0.681258
    63  0.10272971    2.795417   64.463918       3.456207   4.102174  -2.714143
    64  0.06587758    1.792620   41.338842       4.792436  -2.350149   3.023202
    65  0.10184852    2.771439   63.910963       5.292042  -2.967442   0.201506
    66  0.09941663    2.705264   62.384932       5.985283  -0.487805  -1.871097
    67  0.09126711    2.483504   57.271024       6.201197  -3.576525  -0.110264
    68  0.08967230    2.440107   56.270262       6.352408  -1.443882   0.599693
    69  0.09214898    2.507501   57.824409       6.870980  -2.243010  -2.591032
    70  0.09233055    2.512442   57.938344       6.878221  -1.039113  -2.181848
    71  0.08587816    2.336864   53.889404       7.148953  -3.030449  -0.059335
    72  0.08518643    2.318041   53.455337       7.255882  -1.973837   0.289634
 
 Number of surface maxima:    82
   #       a.u.         eV      kcal/mol           X/Y/Z coordinate(Angstrom)
     1  0.16402129    4.463246  102.925001      -9.987329  -1.079994   0.532863
     2  0.12205381    3.321253   76.589985      -9.049414  -1.984999  -0.492124
     3  0.17429087    4.742696  109.369262      -8.757966  -3.099483  -1.717906
     4  0.11655508    3.171625   73.139476      -8.690071  -0.226837   1.259860
     5  0.16090286    4.378390  100.968156      -7.923471   0.817513   2.340761
     6  0.12580038    3.423202   78.940995      -6.734960  -0.632541  -0.599490
     7  0.13060698    3.553997   81.957183      -6.633143  -1.751257   0.598389
     8  0.11764262    3.201218   73.821918      -6.368337   0.537811   1.784152
     9  0.08062835    2.194009   50.595093      -5.618164   0.776568  -2.312086
    10  0.20619892    5.610958  129.391885      -5.423797  -3.248009  -2.131020
    11  0.19215531    5.228812  120.579377      -4.657221  -2.515196  -1.016381
    12  0.15789889    4.296647   99.083129      -4.737229   0.689984   1.802757
    13  0.23883834    6.499122  149.873445      -4.341584  -4.186088  -0.039503
    14  0.21530982    5.858878  135.109067      -4.405658   0.389596  -0.195377
    15  0.05613768    1.527584   35.226957      -4.224585   2.520120   0.984394
    16  0.17812226    4.846953  111.773502      -3.961061   2.287017  -1.377884
    17  0.21825220    5.938944  136.955440      -3.307088   0.338368  -1.984295
    18  0.06736546    1.833108   42.272503      -3.262953  -0.227944   2.875731
    19  0.21069191    5.733218  132.211279      -2.844409  -4.024750  -0.658758
    20  0.21679967    5.899419  136.043961      -2.518682  -5.284135   0.737416
    21  0.24783494    6.743932  155.518905      -2.480734  -1.550345  -1.209144
    22  0.22080570    6.008429  138.557786      -2.475312  -1.410508   0.384223
    23  0.19931039    5.423511  125.069261      -2.390884   1.066134  -0.200571
    24  0.09732598    2.648375   61.073025      -1.858219   1.995042  -2.562979
    25  0.23579305    6.416255  147.962495      -1.572651  -1.965012  -2.838244
    26  0.23658134    6.437706  148.457157      -1.285063  -4.856273  -2.129924
    27  0.17762091    4.833311  111.458898      -1.082098  -0.437599   0.862977
    28  0.05262683    1.432049   33.023863      -1.135681   4.508584   0.615343
    29  0.10177191    2.769354   63.862890      -0.895856   1.915511   2.503323
    30  0.18072343    4.917735  113.405759      -0.949483   4.369529  -3.782594
    31  0.17396291    4.733771  109.163463      -0.791531  -5.415786  -0.458661
    32  0.17905804    4.872417  112.360710      -0.556037  -3.098747  -3.966173
    33  0.24639561    6.704765  154.615708      -0.508118  -2.855707  -1.209541
    34  0.22600182    6.149822  141.818401      -0.548384  -1.586093  -1.809311
    35  0.17353668    4.722173  108.896001      -0.472482   1.919123  -1.858777
    36  0.21937569    5.969516  137.660439      -0.294805  -2.899897   0.137717
    37  0.13579882    3.695274   85.215118      -0.367273   3.209555  -2.680643
    38  0.23803003    6.477126  149.366222      -0.106630  -4.584362  -2.818365
    39  0.14370540    3.910423   90.176577      -0.131199   0.021886   2.569750
    40  0.15698091    4.271668   98.507091      -0.026126   1.730403  -0.115321
    41  0.23110239    6.288616  145.019059       0.425206  -4.202116   0.217593
    42  0.19103575    5.198347  119.876845       0.549931   0.006184   0.192550
    43  0.14961624    4.071265   93.885688       0.545891   0.395616   4.466209
    44  0.13746962    3.740739   86.263564       0.429801   5.336411  -3.757346
    45  0.14691522    3.997767   92.190771       0.778580   2.385876  -0.564121
    46  0.15483421    4.213253   97.160013       0.878207   2.252165   1.361827
    47  0.22670527    6.168964  142.259821       1.191708  -2.225011  -4.435257
    48  0.18348542    4.992892  115.138937       1.308464   6.626541  -4.166336
    49  0.12724269    3.462450   79.846063       1.366766   0.430945   1.556737
    50  0.14356389    3.906572   90.087774       1.477141   4.676389  -1.359630
    51  0.21851650    5.946136  137.121292       1.587801  -3.068060  -2.864258
*   52  0.25120241    6.835565  157.632024       1.605630  -2.611506  -0.180875
    53  0.07790251    2.119835   48.884605       1.731332  -2.230576   3.777430
    54  0.24184346    6.580895  151.759190       1.743854  -1.147166  -0.833031
    55  0.20640522    5.616572  129.521340       1.786974  -2.171547   1.656743
    56  0.08035069    2.186453   50.420859       1.778438   1.656451   4.170335
    57  0.11990071    3.262664   75.238896       1.984684   4.881851  -4.088164
    58  0.21345556    5.808421  133.945500       2.047199  -0.588379   1.586964
    59  0.15390092    4.187857   96.574366       2.116979   3.773677  -2.517815
    60  0.15875333    4.319898   99.619304       2.381567   5.100826   3.175045
    61  0.13905012    3.783746   87.255340       2.621486   6.304484  -3.105852
    62  0.22073540    6.006516  138.513673       2.764076  -2.636303   1.779786
    63  0.20484276    5.574055  128.540882       2.779088   1.334086  -0.856634
    64  0.24817768    6.753258  155.733975       3.175333  -2.922525  -3.292209
    65  0.20122918    5.475724  126.273322       3.582863  -3.157655  -1.511143
    66  0.18848136    5.128839  118.273940       3.761474  -1.255402   3.036650
    67  0.23781680    6.471324  149.232419       3.912748  -1.071035   0.862977
    68  0.21398417    5.822805  134.277209       4.078241  -4.624663  -1.664189
    69  0.21892159    5.957160  137.375489       4.051300   1.980069   0.437787
    70  0.14744122    4.012080   92.520842       4.040337   5.158526  -1.422986
    71  0.18455579    5.022018  115.810603       4.041443   6.605636  -2.322182
    72  0.18444274    5.018942  115.739662       4.451913   2.776322   2.424712
    73  0.21569769    5.869433  135.352457       4.510644   0.696205   0.080107
    74  0.20587203    5.602063  129.186757       4.564726   4.045857  -0.261221
    75  0.08854184    2.409346   55.560887       5.155457  -2.883809   1.929798
    76  0.14869561    4.046213   93.307981       5.846553  -1.786533  -1.727899
    77  0.14116046    3.841171   88.579601       6.065045  -2.379303  -0.230146
    78  0.18304207    4.980828  114.860727       7.404338  -4.774730  -2.074779
    79  0.18487759    5.030775  116.012537       7.676102   0.672798  -0.326923
    80  0.13317084    3.623763   83.566035       8.009315  -3.296780  -1.650614
    81  0.13344505    3.631224   83.738101       8.183499  -0.921085  -0.869076
    82  0.17631060    4.797655  110.636662       9.212946  -2.118631  -1.417177
