 Number of surface minima:    64
   #       a.u.         eV      kcal/mol           X/Y/Z coordinate(Angstrom)
     1  0.14278732    3.885441   89.600473      -6.638909   0.535187   2.729016
     2  0.12999498    3.537343   81.573152      -6.537890   2.059120   1.474211
     3  0.12843391    3.494864   80.593561      -5.941740  -1.557093   0.650643
     4  0.12465096    3.391925   78.219726      -6.030728   0.973962   1.700094
     5  0.11834421    3.220310   74.262173      -5.748441  -1.009099  -1.308286
     6  0.13305141    3.620513   83.491092      -5.535364  -4.214541   1.099868
     7  0.13573102    3.693429   85.172574      -5.663865   1.606544   4.328914
     8  0.12463480    3.391485   78.209582      -5.520497   3.214547   3.149034
     9  0.12197929    3.319225   76.543223      -5.496134   1.640622   0.907116
    10  0.13674393    3.720992   85.808186      -5.366343  -0.081728   2.096825
    11  0.12969682    3.529230   81.386049      -5.107556  -5.267770  -0.293558
    12  0.11312741    3.078353   70.988579      -5.091126  -2.599113  -3.164564
    13  0.13972362    3.802073   87.677969      -5.057370   2.640111   0.308845
    14  0.13350367    3.632820   83.774890      -4.884987  -0.261934   0.089190
    15  0.11916331    3.242599   74.776167      -4.733452  -4.335148  -2.940587
    16  0.11492917    3.127382   72.119201      -4.840324   2.420381   3.580120
    17  0.13740878    3.739083   86.225385      -4.353073   1.339824   0.488721
    18  0.11282357    3.070085   70.797918      -4.417698   2.988663   2.932931
    19  0.12074906    3.285749   75.771243      -4.237728   1.333463   4.016357
    20  0.14666433    3.990939   92.033332      -3.924261   0.430774   0.910676
    21  0.12114977    3.296653   76.022693      -3.548376  -3.287821  -3.471183
    22  0.00909414    0.247464    5.706662      -3.510635   0.939240  -3.729725
    23  0.11976519    3.258976   75.153851      -3.278419   1.079469   3.668463
    24  0.12239389    3.330507   76.803393      -3.181526   2.651572   2.451506
    25  0.12613663    3.432352   79.151996      -2.703292   1.792594   2.795217
    26  0.19661540    5.350177  123.378127      -2.492595  -2.152059   0.967272
    27  0.20279049    5.518210  127.253061      -2.387749  -3.294490   1.646610
    28  0.19030875    5.178564  119.420645      -2.489889  -1.044473   0.090199
    29  0.19943935    5.427021  125.150189      -1.959898  -4.607200  -0.034054
    30  0.18808878    5.118156  118.027592      -1.966944  -2.664623  -1.907650
    31  0.05791178    1.575860   36.340220      -2.065865   2.420748  -2.268532
    32  0.19162405    5.214356  120.246010      -1.857861  -3.735259  -1.012811
    33  0.02370057    0.644925   14.872342      -1.727170   4.113966  -3.485426
    34  0.19602392    5.334082  123.006969      -1.325079  -2.375443   1.522650
    35  0.13287456    3.615701   83.380118      -1.261980   3.088882   0.513128
    36  0.19483882    5.301834  122.263308      -0.905063  -4.018767  -0.502552
    37  0.19645907    5.345923  123.280032      -0.375886  -1.634444   1.220299
    38  0.07932242    2.158473   49.775614      -0.458846   0.548054   1.335422
    39  0.01920072    0.522478   12.048647      -0.477479   4.545489  -1.080910
    40  0.20984816    5.710259  131.681819      -0.225962  -2.878681   1.970985
    41  0.20880359    5.681835  131.026341       0.007633  -3.314196  -0.765056
    42  0.01702191    0.463190   10.681420       0.413024   3.325163  -2.678896
    43  0.04547125    1.237336   28.533667       0.694620  -0.375704  -2.665465
    44  0.03089858    0.840793   19.389167       1.571743   1.464895   1.487343
    45 -0.00422900   -0.115077   -2.653741       2.070198   3.920199  -0.169149
    46 -0.00436229   -0.118704   -2.737378       2.192898   3.778310  -0.036855
    47  0.17566100    4.779979  110.229031       2.385542  -1.841985  -1.252974
    48  0.00144833    0.039411    0.908844       2.659341   3.048664  -1.759850
    49  0.18544125    5.046113  116.366239       3.309780  -2.900921   1.257027
    50  0.16894752    4.597296  106.016260       3.430453  -2.230126  -1.286011
    51  0.17308167    4.709792  108.610479       4.007847  -0.891056   1.839847
*   52 -0.02402969   -0.653881  -15.078873       4.149865   3.384355   2.005680
    53  0.17768624    4.835088  111.499893       4.225992  -2.230126   1.492268
    54  0.16264525    4.425802  102.061523       4.230987  -1.448438  -1.000384
    55  0.18704400    5.089726  117.371980       4.630633  -3.288480   0.972628
    56  0.17890287    4.868195  112.263340       4.711804  -2.698797  -1.095209
    57  0.08550767    2.326782   53.656915       5.715766   1.093990  -1.232275
    58  0.10521594    2.863071   66.024055       5.709804  -0.244188   3.404125
    59  0.09288687    2.527580   58.287443       6.786754   0.686948   2.486394
    60  0.08629002    2.348071   54.147852       6.999537   1.469005   0.077046
    61  0.10413072    2.833541   65.343066       7.099071  -1.237590   3.072390
    62  0.09340232    2.541606   58.610888       7.311501   0.420503  -1.366001
    63  0.11321954    3.080860   71.046396       7.747468  -2.891598   1.074901
    64  0.10987630    2.989886   68.948478       7.856008  -2.213585  -0.706660
 
 Number of surface maxima:    86
   #       a.u.         eV      kcal/mol           X/Y/Z coordinate(Angstrom)
     1  0.19772829    5.380460  124.076476      -6.861135   3.327752   2.349700
     2  0.20620752    5.611192  129.397280      -6.836584   0.570937   4.210789
     3  0.18470364    5.026042  115.903383      -6.651866  -2.241382  -0.601339
     4  0.15926988    4.333954   99.943443      -6.593718   1.810170   3.077381
     5  0.18936678    5.152932  118.829547      -6.298539  -4.324907  -0.284071
     6  0.18075559    4.918610  113.425938      -6.048088  -3.673737  -2.275522
     7  0.13980013    3.804155   87.725980      -5.652266  -0.650997   0.096069
     8  0.15930837    4.335001   99.967596      -5.413927   3.340523   1.414107
     9  0.16820458    4.577079  105.550057      -5.372251  -3.134064  -0.945196
    10  0.16895475    4.597493  106.020795      -5.376690  -0.220810   3.949365
    11  0.16584396    4.512844  104.068744      -5.138481  -2.837646   0.546274
    12  0.15051395    4.095693   94.449007      -5.072914  -2.097832  -1.691114
    13  0.14755895    4.015283   92.594720      -4.807258  -5.073966   0.889205
    14  0.16136324    4.390917  101.257045      -4.503569  -4.353283  -1.278845
    15  0.20086506    5.465816  126.044833      -4.496785  -1.446011   1.515358
    16  0.18306705    4.981508  114.876403      -4.586891   0.833891   1.694277
    17  0.12927250    3.517684   81.119785      -4.435179  -3.659808  -3.421081
    18  0.17896849    4.869980  112.304515      -4.366126  -0.031155  -1.227503
    19  0.22019744    5.991877  138.176098      -4.179686  -1.374933   4.196563
    20  0.20808729    5.662343  130.576854      -4.240713   3.928358   0.360028
    21  0.21188257    5.765618  132.958433      -4.105227  -3.560469   1.939838
    22  0.17332887    4.716518  108.765597      -3.973775   1.732011   2.861822
    23  0.17061349    4.642629  107.061669      -3.566106  -1.839501  -3.331769
    24  0.20672608    5.625303  129.722684      -3.286361  -5.470725  -0.198869
    25  0.22649454    6.163230  142.127586      -3.348031  -1.582901  -1.528692
    26  0.19059857    5.186451  119.602510      -3.343205   2.664763   0.303184
    27  0.21451857    5.837347  134.612546      -3.156601  -3.021546   0.762417
    28  0.18434604    5.016311  115.678982      -3.154066  -0.843923   2.936880
    29  0.16800794    4.571729  105.426662      -3.242286   5.069259  -1.492092
    30  0.19307654    5.253880  121.157459      -3.021772  -4.674278  -2.449095
    31  0.21233979    5.778060  133.245344      -2.793846  -4.014574  -0.314323
    32  0.20445881    5.563607  128.299950      -2.716157   1.382847  -0.392711
    33  0.18730192    5.096744  117.533825      -2.506278   0.486090   0.729656
    34  0.19775306    5.381134  124.092020      -2.492595   3.524634  -0.169149
    35  0.26614660    7.242217  167.009651      -2.349928  -4.726511   1.409128
    36  0.20769047    5.651545  130.327844      -2.240346  -2.780192   1.504322
    37  0.23778006    6.470324  149.209364      -1.831123  -0.852591   2.238744
    38  0.17625881    4.796246  110.604168      -1.849763   1.071885   1.804638
    39  0.18433409    5.015986  115.671483      -1.620578   2.526090   1.537866
    40  0.21371545    5.815493  134.108580      -1.506925  -0.053807  -1.035599
    41  0.26872623    7.312412  168.628393      -1.314209  -1.724694   0.299080
    42  0.21307660    5.798109  133.707699      -1.037357  -1.285366  -2.247480
    43  0.23663687    6.439217  148.492005      -0.882085  -4.165416   1.286088
    44  0.26980345    7.341725  169.304361      -0.933750  -2.678304  -0.881916
    45  0.16194384    4.406716  101.621382      -1.000306   0.838716  -1.075495
    46  0.15023596    4.088128   94.274567      -0.891785   1.229999  -3.599917
    47  0.16765077    4.562009  105.202534      -0.875946   2.436070  -0.277971
    48  0.14138843    3.847375   88.722653      -0.522676   6.235754  -2.816900
    49  0.19747754    5.373637  123.919129      -0.135138  -0.132764  -0.050314
    50  0.07215595    1.963463   45.278581      -0.186553   4.573922  -2.682741
    51  0.15146161    4.121480   95.043676       0.302254   1.485087   0.909926
    52  0.14854787    4.042193   93.215271       0.484019   1.011076  -2.219719
*   53  0.28674274    7.802667  179.933934       0.692825  -4.076288   1.692544
    54  0.04760636    1.295435   29.873465       0.911913   4.460377   1.409177
    55  0.10514501    2.861141   65.979546       1.048552   2.856176  -1.359798
    56  0.26630269    7.246465  167.107598       1.124640  -3.156186   0.378930
    57  0.18166945    4.943477  113.999398       1.476234  -0.007090  -0.753180
    58  0.28162057    7.663285  176.719723       1.971683  -4.407272  -0.579435
    59  0.12419659    3.379561   77.934604       1.946901   1.726046  -0.067921
    60  0.19889093    5.412098  124.806050       2.552712   0.031519   1.705340
    61  0.17049756    4.639475  106.988924       2.670204   0.813921  -0.035133
    62  0.25744235    7.005363  161.547650       2.843471  -1.568655   1.065793
    63  0.24455872    6.654781  153.463043       3.038229  -1.182434  -0.479641
    64  0.22461486    6.112081  140.948070       3.440147  -3.844934  -0.306616
    65  0.06261173    1.703752   39.289486       3.683509   1.200308  -2.443640
    66  0.19701356    5.361012  123.627981       4.887955   0.144704   1.136547
    67  0.19684401    5.356398  123.521582       4.902268   0.278150   0.880523
    68  0.25070924    6.822145  157.322552       5.039787  -3.937004  -0.293460
    69  0.19590196    5.330764  122.930441       5.151618  -2.498967   0.867663
    70  0.18860038    5.132077  118.348623       5.191589  -2.092573  -0.569972
    71  0.14767174    4.018352   92.665493       5.242001   0.874169   2.802852
    72  0.13624358    3.707376   85.494210       5.445063   1.834284   0.078719
    73  0.18003347    4.898960  112.972805       5.600988  -2.070310   3.149873
    74  0.16171679    4.400538  101.478902       5.991724  -0.480039  -2.010028
    75  0.19233584    5.233724  120.692665       6.179057  -3.612842   1.358610
    76  0.18511038    5.037110  116.158618       6.301501  -2.696631  -1.492092
    77  0.11355994    3.090123   71.259996       6.471909  -0.406066   3.393139
    78  0.12477451    3.395287   78.297251       6.650297   0.420362   1.161093
    79  0.10097978    2.747800   63.365824       6.871459   1.138475  -1.095209
    80  0.14340380    3.902216   89.987320       6.906328  -1.830005   1.688389
    81  0.13758230    3.743805   86.334270       6.965067  -1.107005  -0.698326
    82  0.14476812    3.939341   90.843443       7.349021  -0.759191   0.790584
    83  0.12904614    3.511524   80.977741       7.430197  -3.287499  -0.036399
    84  0.16261333    4.424934  102.041490       8.106192  -0.366846   2.221593
    85  0.15809699    4.302038   99.207441       8.253071   0.305954  -0.019240
    86  0.16967134    4.616992  106.470465       8.606379  -1.709069   0.482798
