 Number of surface minima:    56
   #       a.u.         eV      kcal/mol           X/Y/Z coordinate(Angstrom)
     1  0.17889997    4.868116  112.261518      -6.385080  -1.051429  -1.308756
     2  0.16671692    4.536598  104.616536      -5.604399  -2.773851  -0.118107
     3  0.16508689    4.492243  103.593675      -5.665547  -1.426084  -0.253516
     4  0.17554677    4.776870  110.157351      -5.591637  -0.153249  -0.570894
     5  0.16198222    4.407760  101.645461      -4.926965  -2.107472   0.543365
     6  0.17262193    4.697282  108.321987      -5.000535  -1.543092  -2.884335
     7  0.15230655    4.144472   95.573884      -3.899697  -2.053159  -2.102522
     8  0.16106711    4.382859  101.071221      -3.793324  -0.766839  -2.386087
     9  0.16410319    4.465475  102.976390      -3.655826  -2.457182   1.371493
    10  0.13890730    3.779860   87.165722      -3.158764  -2.508126  -1.320097
    11  0.18471063    5.026232  115.907767      -3.173428   3.596614  -1.076780
    12  0.18937519    5.153161  118.834823      -3.156505   4.935946  -0.518377
    13  0.16469314    4.481528  103.346589      -3.022142  -0.171045  -1.911633
    14  0.19505010    5.307583  122.395888      -3.036328   2.541504  -1.331619
    15  0.18501989    5.034647  116.101831      -3.052656   4.389968   1.554999
    16  0.17780657    4.838363  111.575402      -2.876083   1.899629   1.223569
    17  0.17515387    4.766179  109.910806      -2.899330   2.940612   1.453385
    18  0.13160279    3.581094   82.582068      -2.340943  -2.733480  -0.246075
    19  0.03331795    0.906628   20.907346      -1.943163  -1.684876   2.040790
    20  0.17974830    4.891200  112.793858      -2.032486   4.331963  -0.980572
    21  0.17263001    4.697501  108.327055      -1.802213   3.606896   1.529067
    22  0.18332435    4.988509  115.037862      -1.050853   3.732718  -1.197936
    23  0.18734613    5.097947  117.561569      -1.065336   4.929839  -0.701946
    24  0.16916381    4.603181  106.151980      -0.768547   3.077781   1.341036
    25  0.18185166    4.948435  114.113735      -0.798623   4.390008   1.425159
    26  0.04888433    1.330210   30.675407      -0.750421  -0.095014  -1.837111
    27  0.10499850    2.857154   65.887606      -0.123380   1.910299   2.145170
    28  0.16705446    4.545783  104.828345       0.029757   2.034272   0.937976
    29  0.00441127    0.120037    2.768117       0.108065  -3.449559  -0.382696
    30  0.20088980    5.466490  126.060361       0.129827   3.066757  -1.218343
    31  0.00441513    0.120142    2.770539       0.239307  -3.450611  -0.514990
*   32 -0.00504643   -0.137320   -3.166686       0.572578  -3.644125   0.954845
    33  0.14484895    3.941540   90.894164       0.657207   0.956081  -0.269135
    34  0.00552415    0.150320    3.466461       1.143889  -2.016852   3.121863
    35  0.04647596    1.264675   29.164130       1.338654  -0.216070   2.668023
    36  0.06774038    1.843309   42.507766       1.698033   2.138935   3.257934
    37  0.01938969    0.527620   12.167225       2.054236  -1.949465   0.592559
    38  0.10404474    2.831201   65.289115       2.534219   0.634792   1.442408
    39  0.10975642    2.986624   68.873254       3.077784  -1.541943   0.288137
    40  0.10338144    2.813152   64.872888       4.010385  -2.300556  -0.601492
    41  0.10267024    2.793799   64.426601       4.017454  -1.229849  -1.515200
    42  0.11154987    3.035426   69.998662       4.012449  -0.316709  -2.057298
    43  0.12001619    3.265807   75.311358       4.276521   1.010207   0.195678
    44  0.10841673    2.950169   68.032583       4.419972  -1.260449   1.250792
    45  0.11116540    3.024964   69.757402       4.313942   0.094847   0.735556
    46  0.08993646    2.447296   56.436031       5.161246  -1.829728  -1.322425
    47  0.10228425    2.783296   64.184393       5.075721   0.313887  -2.596253
    48  0.09523252    2.591409   59.759358       5.459499  -0.470076   0.948192
    49  0.10834099    2.948108   67.985055       5.420653   1.615248  -0.289156
    50  0.09596648    2.611381   60.219927       5.944556  -1.310886  -1.724472
    51  0.09927245    2.701341   62.294454       5.948429  -0.150271  -2.420036
    52  0.10350012    2.816381   64.947357       6.212388   1.217770  -0.160824
    53  0.10713656    2.915334   67.229265       6.300769  -1.093389   1.002557
    54  0.09988062    2.717890   62.676090       6.351902   0.020826   0.530255
    55  0.11591438    3.154191   72.737431       7.285246  -0.647503  -2.021839
    56  0.11798949    3.210657   74.039582       7.527179   0.425889  -0.134167
 
 Number of surface maxima:    52
   #       a.u.         eV      kcal/mol           X/Y/Z coordinate(Angstrom)
     1  0.24417275    6.644278  153.220842      -6.464447  -1.158645  -2.765410
     2  0.19826205    5.394985  124.411420      -5.735394  -2.281420  -1.773005
     3  0.23500231    6.394738  147.466298      -5.449358  -3.808002  -1.072633
     4  0.21344760    5.808204  133.940501      -5.467455   0.167244  -2.298832
     5  0.27148286    7.387424  170.358208      -5.192392   2.536061   0.113045
     6  0.26941540    7.331166  169.060858      -4.867117   1.751861  -2.228479
     7  0.24492274    6.664687  153.691469      -4.352570  -0.746294   0.027478
     8  0.19656300    5.348751  123.345248      -4.099451  -3.325406  -0.133295
     9  0.25150130    6.843698  157.819580      -4.158503   1.544475  -0.592997
    10  0.22056094    6.001768  138.404193      -4.143066   3.808915   0.411070
    11  0.25198472    6.856853  158.122933      -4.021508   1.622481  -0.852884
    12  0.25377128    6.905468  159.244018      -3.683613   5.411821   0.654118
    13  0.18564629    5.051692  116.494904      -3.626906  -1.628169   1.261543
    14  0.23425266    6.374339  146.995887      -3.419025  -1.127206  -1.244966
    15  0.22207942    6.043088  139.357058      -3.023692  -3.535339   0.940879
    16  0.19561850    5.323050  122.752565      -3.050956   4.400662  -0.845535
    17  0.16749271    4.557708  105.103349      -2.133450  -2.081759   0.260719
    18  0.26110866    7.105128  163.848298      -1.977069   2.813130  -0.809104
    19  0.21356897    5.811507  134.016666      -2.000833   5.135847   0.530651
    20  0.25411399    6.914793  159.459068      -1.899654   2.480381   0.739792
    21  0.17921797    4.876769  112.461068      -1.699199  -0.606677  -0.474311
    22  0.19294205    5.250220  121.073065      -1.170022   0.619695   0.731227
    23  0.17882377    4.866042  112.213702      -1.045259   0.573279   3.342501
    24  0.06554162    1.783478   41.128020      -0.940885  -3.018930  -2.296921
    25  0.15274552    4.156417   95.849340      -0.896782  -0.887079   1.998154
    26  0.21525712    5.857444  135.075996      -0.243961   2.201213  -1.259201
    27  0.25751830    7.007429  161.595309      -0.286385   5.451271   0.518196
    28  0.20248249    5.509829  127.059785       0.204022   1.622481   0.197582
    29  0.23086646    6.282196  144.871010       0.186746   3.892524   0.034307
    30  0.11421173    3.107859   71.669005       0.417510   1.678903   2.981083
    31  0.03481136    0.947265   21.844479       0.484403  -3.602398   2.991555
    32  0.16848097    4.584600  105.723492       0.436509  -0.489812  -0.882321
    33  0.11142142    3.031931   69.918053       0.826860  -2.088369   0.268130
    34  0.19514856    5.310262  122.457675       0.780822   0.428616   0.254152
    35  0.16503432    4.490812  103.560687       0.955924   0.041061  -0.906705
    36  0.11706197    3.185418   73.457557       1.223699  -0.879537   1.474786
*   37  0.27482053    7.478247  172.452629       1.222029   2.686040  -0.384060
    38  0.24303948    6.613441  152.509703       1.482861   1.618056  -1.166302
    39  0.18578372    5.055432  116.581141       2.078423  -0.288552  -1.705639
    40  0.22141418    6.024986  138.939613       2.109230   3.689339   1.072542
    41  0.15709900    4.274881   98.581192       2.567506   0.453374   0.720659
    42  0.22368328    6.086732  140.363495       3.307053   2.436935  -1.978831
    43  0.16541773    4.501245  103.801280       3.736877  -2.454404   0.826961
    44  0.18521979    5.040087  116.227270       4.007096   1.504849   2.539194
    45  0.15183824    4.131729   95.280015       5.073836  -0.437609  -1.516726
    46  0.15587190    4.241490   97.811175       5.156580   0.423108  -0.160844
    47  0.13123090    3.570974   82.348703       5.330459  -2.175661   0.411070
    48  0.19273095    5.244476  120.940597       6.620460   2.410835  -2.482490
    49  0.17766160    4.834418  111.484433       6.908917  -2.475581   0.423190
    50  0.14405148    3.919840   90.393744       7.230316   1.026806  -1.705639
    51  0.13814238    3.759045   86.685723       7.337835  -1.130235  -0.482093
    52  0.18493482    5.032332  116.048452       8.380249  -0.078190  -1.291829
