 Number of surface minima:    64
   #       a.u.         eV      kcal/mol           X/Y/Z coordinate(Angstrom)
     1  0.11942917    3.249833   74.942996      -7.022359   0.683065  -1.543048
     2  0.12297595    3.346346   77.168639      -6.696000   1.875171   0.381054
     3  0.12807699    3.485152   80.369589      -6.326668   2.266676  -2.667093
     4  0.13307204    3.621074   83.504039      -6.149125   3.430061  -0.856880
     5  0.10721490    2.917466   67.278425      -5.931927   0.153511  -1.605195
     6  0.10801964    2.939364   67.783405      -6.005228   1.024168  -2.167521
     7  0.11238781    3.058228   70.524477      -5.614958   1.585542   0.620603
     8  0.11419357    3.107365   71.657605      -5.656836   2.462097   0.039602
     9  0.11205523    3.049178   70.315775      -4.933079   1.574209  -2.715011
    10  0.11629405    3.164522   72.975680      -4.702741  -0.432023  -1.404840
    11  0.12172147    3.312210   76.381440      -4.609742   3.062585  -0.548241
    12  0.12442439    3.385760   78.077547      -4.423416   1.058700   0.755232
    13  0.11078394    3.014584   69.518028      -4.043184   1.152468  -2.596727
    14  0.11811719    3.214132   74.119717      -3.885310   0.100777  -1.898167
    15  0.13091616    3.562410   82.151200      -3.621571   1.602325   0.240503
    16  0.12472200    3.393858   78.264302      -3.720508   2.661973  -0.419676
    17  0.08891910    2.419612   55.797621      -3.382969  -2.826004  -0.341306
    18  0.03992064    1.086296   25.050602      -3.004065  -4.210173  -2.360618
    19  0.09052192    2.463227   56.803407      -2.883014  -1.678710  -1.687451
    20  0.13280777    3.613883   83.338204      -2.718066   0.770938  -2.325087
    21  0.17051304    4.639896  106.998640      -2.263112   2.664131   1.170014
    22  0.02157480    0.587080   13.538402      -2.131770  -4.017760  -0.021587
    23  0.11789562    3.208103   73.980681      -1.829715  -0.721312   1.322359
    24  0.15597222    4.244220   97.874126      -1.857237   1.777115   0.782124
    25  0.04394380    1.195772   27.575174      -1.488379  -0.578108   3.112146
    26  0.06345995    1.726833   39.821756      -1.264004  -0.307093  -1.120469
    27  0.16882546    4.593974  105.939665      -1.402643   2.730760   0.044796
    28  0.04163977    1.133076   26.129373      -1.139640  -2.562523  -2.169191
*   29 -0.01483200   -0.403599   -9.307230      -0.821843  -3.885466   2.611284
    30  0.16720998    4.550015  104.925932      -0.869808   3.260258   2.690801
    31  0.14033774    3.818784   88.063335      -0.631921   4.571000  -1.455964
    32  0.15263474    4.153403   95.779828      -0.277404   2.400836   2.758840
    33  0.15405905    4.192160   96.673595      -0.142858   5.608152  -2.001504
    34  0.02246319    0.611254   14.095875       0.073557  -1.761883  -2.069776
    35  0.00577254    0.157079    3.622323       0.111070  -1.047225   2.822664
    36  0.16913437    4.602380  106.133506       0.292108   1.480192  -0.939985
    37  0.16631599    4.525688  104.364946       0.292720   3.513591   1.850937
    38  0.14669111    3.991668   92.050141       0.380294   4.249182  -2.204520
    39 -0.01440186   -0.391895   -9.037312       0.580186  -4.017760   2.207079
    40  0.05202124    1.415570   32.643849       0.669391  -2.840235  -2.365661
    41  0.13815680    3.759438   86.694773       0.951079   3.253310  -2.350547
    42  0.13700771    3.728169   85.973710       1.082263   5.370124   0.426508
    43  0.17570035    4.781050  110.253729       1.212115   3.384815   1.085442
    44  0.15194085    4.134521   95.344403       1.221629   6.253427  -0.400168
    45  0.15266155    4.154132   95.796651       1.562896   4.108842  -2.941635
    46  0.05178459    1.409130   32.495351       1.698741  -3.957560  -1.543048
    47  0.14629966    3.981016   91.804501       2.022563   5.105440  -0.358808
    48  0.14082472    3.832035   88.368919       2.693481   4.050701  -0.486457
    49  0.13884057    3.778044   87.123848       2.805820  -0.445814   1.057160
    50  0.15364131    4.180793   96.411461       2.958783   4.844920  -1.412467
    51  0.11007150    2.995198   69.070964       3.140402  -2.515899  -0.438070
    52  0.14230311    3.872265   89.296627       3.373526  -0.957685  -2.570278
    53  0.13826248    3.762313   86.761087       3.901012  -0.721915   0.867043
    54  0.13063281    3.554700   81.973395       4.173177  -1.768757   0.086227
    55  0.15269992    4.155176   95.820725       4.313579  -1.504168  -2.676033
    56  0.15337766    4.173618   96.246013       4.425647  -0.161469  -1.945666
    57  0.11705981    3.185359   73.456202       4.549015   0.744835   2.094540
    58  0.13318744    3.624215   83.576451       4.678978   2.464274   0.036914
    59  0.14489205    3.942713   90.921207       5.533820   3.052582   0.838249
    60  0.12399758    3.374146   77.809724       5.731915   0.354234   1.773615
    61  0.13521867    3.679487   84.851069       5.745319   2.061621  -0.206844
    62  0.11323397    3.081253   71.055451       6.117644  -0.445814   1.195756
    63  0.12377920    3.368203   77.672687       6.236674   1.141718  -0.939049
    64  0.13861303    3.771852   86.981066       7.126688   1.470386  -0.352399
 
 Number of surface maxima:    64
   #       a.u.         eV      kcal/mol           X/Y/Z coordinate(Angstrom)
     1  0.19306488    5.253563  121.150145      -7.941320   1.261372  -0.389420
     2  0.15186735    4.132521   95.298282      -6.960589   2.398307  -1.278459
     3  0.19843642    5.399730  124.520839      -6.694690   3.655601  -2.203615
     4  0.15323231    4.169663   96.154805      -6.681069   0.224005   0.052593
     5  0.20205760    5.498267  126.793166      -5.980566  -1.053323   0.838249
     6  0.16909018    4.601178  106.105780      -5.161694  -3.643035  -1.013871
     7  0.15897514    4.325934   99.758489      -4.996258   3.491720  -2.217384
     8  0.16389884    4.459914  102.848160      -4.825573   0.884988  -1.633776
     9  0.16942807    4.610372  106.317809      -4.579030   1.803593  -0.352272
    10  0.18047016    4.910843  113.246830      -4.508090  -0.771496   0.573661
    11  0.18987226    5.166687  119.146742      -4.167504  -1.754250   1.110867
    12  0.17507901    4.764142  109.863830      -3.911477  -1.895244  -3.387832
    13  0.23959226    6.519637  150.346538      -3.640550  -0.172852   4.808639
    14  0.20904346    5.688362  131.176862      -3.388646   3.787602  -2.733692
    15  0.18492151    5.031970  116.040097      -3.022273   0.021298   1.173067
    16  0.04653909    1.266393   29.203745      -2.797113  -2.897053   3.219547
    17  0.16070058    4.372885  100.841222      -2.604348  -0.042365  -1.128488
    18  0.16824084    4.578066  105.572812      -2.699529   2.480220  -1.932967
*   19  0.24470035    6.658635  153.551915      -2.175113   3.900789   2.153880
    20  0.15780185    4.294007   99.022241      -2.135217  -2.102863   0.340367
    21  0.08160090    2.220473   51.205381      -1.780694  -4.106688  -2.043579
    22  0.18923976    5.149476  118.749841      -1.921669   2.336907   2.430602
    23  0.23206406    6.314784  145.622516      -1.544635   5.648215   0.713708
    24  0.13589226    3.697817   85.273753      -1.375772  -0.927518   1.414900
    25  0.21671086    5.897002  135.988230      -1.500965   1.564241  -1.520177
    26  0.17691231    4.814029  111.014241      -1.226319   0.128978   1.388412
    27  0.13730236    3.736187   86.158601      -0.995322  -1.495145  -0.989019
    28  0.21162722    5.758669  132.798195      -1.129511   4.206258   1.119005
    29  0.09225216    2.510309   57.889156      -0.639059  -3.546668   0.822563
    30  0.17177361    4.674198  107.789661      -0.347927  -0.182551   0.172134
    31  0.23997373    6.530017  150.585918      -0.387830   1.667092   0.288396
    32  0.18185490    4.948524  114.115769      -0.345874   5.988339  -0.508619
    33  0.14835524    4.036951   93.094397      -0.086983  -4.570536  -1.434154
    34  0.11171476    3.039913   70.102127       0.105451  -2.033346   1.951046
    35  0.20637437    5.615732  129.501982       0.285615   3.508823  -1.072369
    36  0.21975762    5.979909  137.900105       0.476343   6.886251  -1.527518
    37  0.12143814    3.304500   76.203649       0.459660  -2.689081  -0.602180
    38  0.24390060    6.636873  153.050064       0.606185   2.083556   1.402448
    39  0.23336916    6.350298  146.441485       1.210186  -4.952608  -4.113727
    40  0.15441930    4.201963   96.899656       1.110134  -1.371430   0.441793
    41  0.20737465    5.642951  130.129669       1.293188   3.956869   0.069021
    42  0.14715789    4.004370   92.343049       1.506247  -2.297934  -0.821889
    43  0.17928439    4.878576  112.502746       1.503932   5.636499  -2.065473
    44  0.17253298    4.694861  108.266169       1.746354  -0.988724  -2.261640
    45  0.21777328    5.925912  136.654909       1.754153   1.401671  -1.039116
    46  0.21412197    5.826555  134.363677       2.273745   1.268378   1.091617
    47  0.22736394    6.186888  142.673149       2.447274   1.694125   0.058921
    48  0.04481428    1.219459   28.121409       2.491988  -4.017760   1.162519
    49  0.23479018    6.388966  147.333186       2.626433   2.596955   1.764310
    50  0.18602147    5.061902  116.730331       2.692079   3.396901  -2.191169
    51  0.21108522    5.743921  132.458087       2.978862  -1.111708  -0.079791
    52  0.23244218    6.325073  145.859795       2.961484  -0.181225  -1.337961
    53  0.22133570    6.022851  138.890364       2.868946   4.885714  -2.865991
    54  0.23872788    6.496116  149.804130       3.083418   1.826010  -1.927824
    55  0.17005518    4.627437  106.711324       3.684898  -2.368286  -2.407166
    56  0.18178415    4.946598  114.071371       4.818774   0.212250   0.981371
    57  0.19485243    5.302204  122.271851       4.813604   1.141718  -0.289885
    58  0.22313130    6.071711  140.017119       5.324043  -2.414888  -2.189179
    59  0.19003763    5.171187  119.250515       5.475076  -1.191094  -1.362268
    60  0.21104641    5.742865  132.433735       5.851368   3.114932   2.275427
    61  0.16538568    4.500373  103.781167       6.706331   1.964501   1.386894
    62  0.21202472    5.769486  133.047632       7.074221  -1.250750  -1.153967
    63  0.16345456    4.447825  102.569371       7.264181   0.083363  -0.087811
    64  0.20465225    5.568871  128.421333       8.062884   1.215934   0.810740
