 Number of surface minima:    60
   #       a.u.         eV      kcal/mol           X/Y/Z coordinate(Angstrom)
     1  0.12141574    3.303890   76.189594      -7.400426  -2.303019   1.025170
     2  0.11750543    3.197485   73.735831      -6.845951  -4.361221   0.397892
     3  0.10426603    2.837223   65.427980      -6.354442  -1.569903   0.212808
     4  0.10532304    2.865986   66.091261      -6.222148  -1.849402   1.587853
     5  0.10082767    2.743661   63.270374      -5.671780  -1.208791  -0.402429
     6  0.09766461    2.657589   61.285521      -5.589875  -4.054161  -0.294178
     7  0.09969128    2.712738   62.557275      -5.466757  -4.332746   1.026534
     8  0.10855793    2.954011   68.121186      -5.428382  -1.698466   2.029145
     9  0.09132445    2.485065   57.307005      -4.805499  -3.670804  -0.957404
    10  0.11636529    3.166461   73.020385      -4.766911  -1.017863  -1.344258
    11  0.10145769    2.760804   63.665715      -4.667082  -4.190659   1.425682
    12  0.11611763    3.159721   72.864971      -4.634616  -1.049692   0.164327
    13  0.12146585    3.305254   76.221032      -4.502322  -1.284150   1.279077
    14  0.10688510    2.908491   67.071466      -4.035126   0.983966  -0.612473
    15  0.12680174    3.450451   79.569362      -4.099220   3.926888   1.034335
    16  0.10488030    2.853938   65.813440      -3.816332  -2.914581  -1.700562
    17  0.11744708    3.195897   73.699215      -3.840851   1.145964   1.641722
    18  0.10301383    2.803149   64.642208      -3.685056  -3.440676  -0.385783
    19  0.11016565    2.997760   69.130045      -3.604297  -3.658299   0.631493
    20  0.12585321    3.424640   78.974147      -3.283926   5.926362   0.675881
    21  0.11607509    3.158564   72.838281      -3.068443   4.578373   1.135691
    22  0.11371050    3.094220   71.354477      -2.945413   3.467906   1.374568
    23  0.10486970    2.853650   65.806788      -2.885334   4.078795  -1.438087
    24  0.09778789    2.660944   61.362876      -2.808702   2.989241  -1.252915
    25  0.10557639    2.872880   66.250242      -2.517908   1.410552  -0.998631
    26  0.01657094    0.450918   10.398433      -2.102727  -1.484326  -1.847534
    27  0.10065419    2.738940   63.161511      -2.108322   4.992526  -1.592034
    28  0.11032119    3.001992   69.227650      -2.239472   5.508740   1.036059
    29  0.10442550    2.841562   65.528047      -1.732765   2.453436  -1.090934
    30  0.08771368    2.386811   55.041211      -1.652299   0.471112  -0.053147
    31  0.16485087    4.485820  103.445570      -1.558278  -0.826529   1.201635
    32 -0.00794929   -0.216311   -4.988257      -0.643893  -0.399231  -3.550924
    33  0.05978916    1.626946   37.518294      -0.365307   0.252884   1.745514
*   34 -0.01224984   -0.333335   -7.686895      -0.336037  -1.699349  -3.528099
    35  0.12199930    3.319770   76.555784      -0.276086   1.804601  -0.959125
    36  0.08451031    2.299642   53.031062      -0.024007  -2.862372   1.289468
    37  0.07596850    2.067208   47.670995       0.053405  -0.251553   2.359983
    38  0.16458168    4.478495  103.276652       0.961099   5.530575   1.085728
    39  0.06449418    1.754976   40.470744       1.186333  -2.751408   2.889160
    40  0.15075153    4.102158   94.598093       1.179134   4.307039   1.556904
    41  0.15650732    4.258781   98.209910       1.194086   5.117560  -1.080604
    42  0.13440618    3.657378   84.341225       1.481631   3.815711  -1.039676
    43  0.01957868    0.532763   12.285815       1.691412   0.749081  -2.319722
    44  0.14946676    4.067197   93.791887       1.782866   0.287260   1.963100
    45  0.09465502    2.575694   59.396973       2.112654  -1.765760   1.168294
    46  0.14911752    4.057694   93.572733       2.337224  -0.051643   2.461709
    47  0.07385446    2.009682   46.344412       3.271027  -2.178905  -3.486777
    48  0.09702788    2.640263   60.885966       3.677599  -2.827356  -0.830386
    49  0.17025856    4.632971  106.838947       3.615383  -0.658404   3.333795
    50  0.08840660    2.405666   55.476023       4.370828  -0.556900  -3.689507
    51  0.15352344    4.177585   96.337496       4.355018   1.541487   1.705678
    52  0.10622569    2.890548   66.657680       4.398037  -3.335329  -0.013900
    53  0.10479016    2.851485   65.756872       4.519185  -3.047239   1.319919
    54  0.16893972    4.597084  106.011363       5.084362   0.810575   2.655407
    55  0.12177086    3.313554   76.412430       5.358030  -3.810646   0.904746
    56  0.10874839    2.959194   68.240703       5.616930  -1.038154  -1.211963
    57  0.11976929    3.259088   75.156428       6.191518  -2.043723  -1.612232
    58  0.11321207    3.080657   71.041709       6.287324  -1.558409  -0.449848
    59  0.10956642    2.981454   68.754024       6.420754  -1.292684   0.608768
    60  0.12417944    3.379094   77.923842       6.968000  -2.300830   0.349158
 
 Number of surface maxima:    68
   #       a.u.         eV      kcal/mol           X/Y/Z coordinate(Angstrom)
     1  0.18718512    5.093566  117.460537      -8.117671  -3.625512   0.744682
     2  0.14121163    3.842564   88.611710      -7.218185  -3.025136  -0.488174
     3  0.12353798    3.361639   77.521315      -7.148208  -2.096915   0.969224
     4  0.14459205    3.934550   90.732956      -6.887816  -3.487729   1.971759
     5  0.18148096    4.938348  113.881120      -6.945182  -2.589600  -2.067292
     6  0.11911805    3.241367   74.747765      -6.463569  -4.379116   0.393604
     7  0.19068250    5.188735  119.655178      -6.221365  -3.747970   3.417818
     8  0.13559762    3.689799   85.088865      -5.403312  -2.138242  -1.840723
     9  0.15842412    4.310939   99.412718      -5.163749  -1.897188   0.772406
    10  0.19549545    5.319702  122.675351      -5.111896   3.432234   0.011581
    11  0.17748360    4.829574  111.372732      -4.954666   1.659568   0.612824
    12  0.15259608    4.152350   95.755565      -4.766911  -3.415775   0.444131
    13  0.15177453    4.129995   95.240036      -4.225430   4.852332  -0.279169
    14  0.19495539    5.305006  122.336458      -4.031889   6.437736  -0.577017
    15  0.17058436    4.641836  107.043389      -3.902091  -1.632217  -2.331558
    16  0.14983350    4.077177   94.022019      -3.078583   0.069960  -0.972677
    17  0.21357841    5.811764  134.022586      -3.012625  -2.669137   3.170239
    18  0.19060841    5.186718  119.608680      -2.761004  -2.012127   1.859954
    19  0.19290631    5.249248  121.050637      -2.648218  -0.707585   1.029963
    20  0.18675229    5.081788  117.188930      -2.441222   0.428884   1.963100
    21  0.17075986    4.646612  107.153520      -1.838914   3.806449  -0.791879
    22  0.18136389    4.935162  113.807652      -1.856155  -2.955356   0.375569
    23  0.17855835    4.858820  112.047150      -1.855580   4.057571   0.773923
    24  0.21481063    5.845295  134.795821      -1.536221  -1.868340   2.151021
    25  0.13622680    3.706920   85.483677      -1.385210   0.087609  -0.682786
    26  0.16185831    4.404389  101.567708      -1.390040   1.542847  -0.216390
    27  0.05462227    1.486347   34.276019      -1.384974   1.675141  -3.254093
    28  0.18657546    5.076976  117.077967      -1.320959   1.813749   1.039163
    29  0.09803641    2.667706   61.518829      -1.083981  -1.112007  -1.917231
    30  0.19709915    5.363341  123.681690      -0.813437  -1.904726   4.228058
    31  0.19153554    5.211947  120.190464      -0.797020  -0.836409   0.507604
    32  0.20992939    5.712469  131.732793      -0.732647   7.032348  -0.418197
    33  0.14641289    3.984097   91.875555      -0.590295  -1.791514   2.212854
    34  0.12782249    3.478227   80.209891      -0.462187  -2.222382  -0.582757
    35  0.18912688    5.146404  118.679007       0.022610   5.814366  -0.129551
    36  0.15899113    4.326369   99.768522       0.392567   1.120020  -0.731187
    37  0.22989557    6.255777  144.261769       0.270994   3.257146   1.033763
    38  0.21506393    5.852187  134.954769       0.460670   3.066187  -0.482389
    39  0.03752844    1.021201   23.549470       0.708051  -3.484337  -3.196378
    40  0.12223862    3.326282   76.705953       0.789450  -0.441568  -2.203368
    41  0.18188329    4.949296  114.133581       1.186333  -0.018131   0.423690
    42  0.14557869    3.961397   91.352081       1.450922  -1.459024  -0.906476
    43  0.23141489    6.297119  145.215158       1.413089   6.295776  -0.156498
    44  0.16274734    4.428580  102.125586       1.583216  -3.427732   0.167584
    45  0.14405092    3.919825   90.393393       1.792051  -0.848171   2.324049
    46  0.20856120    5.675239  130.874238       2.065376  -0.452329   4.052204
    47  0.09987281    2.717677   62.671187       2.230699  -1.900992  -3.335702
    48  0.16155111    4.396029  101.374935       2.366828  -1.104801  -0.556669
    49  0.22377993    6.089362  140.424143       2.354401   2.549273   1.514289
    50  0.19286290    5.248067  121.023401       2.249947   4.852422   0.378724
*   51  0.25033742    6.812028  157.089234       2.524768   2.484760   3.292072
    52  0.21574041    5.870595  135.379263       2.700899  -0.249945   1.301628
    53  0.17818857    4.848758  111.815110       3.416916   0.087609  -1.245786
    54  0.09259531    2.519647   58.104486       3.578595  -0.969056  -3.849491
    55  0.20003999    5.443365  125.527095       3.593341   1.165294   3.321760
    56  0.24517577    6.671572  153.850245       3.553054   3.788386   0.631496
    57  0.15712835    4.275680   98.599608       3.814487   0.719723  -2.807286
    58  0.23211681    6.316220  145.655619       3.723061   0.763896   0.654792
    59  0.17401674    4.735236  109.197243       4.066794  -2.035226   0.488887
    60  0.23900139    6.503559  149.975764       4.737605   0.080880   3.939584
    61  0.15458702    4.206527   97.004903       5.043456  -2.047926  -3.603772
    62  0.17192429    4.678298  107.884214       5.021160   0.880881   2.246397
    63  0.17447175    4.747618  109.482770       5.183395  -0.942512   0.110980
    64  0.18559997    5.050432  116.465837       5.816634  -3.373875  -2.198676
    65  0.14773779    4.020150   92.706939       6.081222  -3.404499  -0.570704
    66  0.21368771    5.814738  134.091173       6.002757  -1.737796   3.207578
    67  0.15628022    4.252601   98.067401       6.207209  -2.680887   1.825418
    68  0.19346144    5.264353  121.398988       6.876975  -3.880035   0.776139
