 Number of surface minima:    81
   #       a.u.         eV      kcal/mol           X/Y/Z coordinate(Angstrom)
     1  0.09211432    2.506558   57.802657      -7.788914   0.962384   0.697834
     2  0.10015660    2.725400   62.849271      -7.861748   2.525330  -1.303098
     3  0.10154005    2.763045   63.717397      -7.496622   1.879268  -3.109312
     4  0.08751597    2.381431   54.917146      -7.460028  -0.853546   0.284434
     5  0.09109199    2.478739   57.161138      -6.560810  -1.696978  -2.089757
     6  0.09153825    2.490882   57.441168      -6.434049   0.011738   1.401372
     7  0.09388563    2.554758   58.914171      -6.399068  -0.549943  -3.621013
     8  0.07175890    1.952659   45.029426      -5.829694  -2.113274   2.252497
     9  0.06990449    1.902198   43.865764      -5.773197  -2.877495   1.358790
    10  0.07772568    2.115023   48.773644      -5.666056  -1.045904   2.271165
    11  0.07793986    2.120851   48.908042      -5.487130  -2.463658   0.312728
    12  0.09478046    2.579107   59.475685      -4.853417  -1.195573  -2.902866
    13  0.15772509    4.291918   98.974071      -4.874918   3.262178  -1.227721
    14  0.14534644    3.955078   91.206342      -4.593197   2.431887  -0.221089
    15  0.14711517    4.003207   92.316241      -4.478035   1.518466   0.468219
    16  0.15267198    4.154416   95.803194      -4.108752   2.120347  -2.933334
    17  0.15117113    4.113576   94.861397      -3.816563   3.243492  -0.452641
    18  0.13315170    3.623242   83.554026      -3.676443   0.974174  -2.213926
    19  0.12840397    3.494050   80.574778      -3.522910   0.063152  -1.516273
    20  0.06959066    1.893658   43.668837      -3.262726  -2.615053   2.812123
    21  0.06432946    1.750494   40.367379      -3.149456  -3.294063   1.744196
    22  0.07220405    1.964772   45.308763      -3.039822  -1.315135   2.784361
    23  0.06124255    1.666495   38.430313      -2.867205  -2.880309   0.695378
    24  0.07186925    1.955662   45.098673      -2.695010  -2.174066  -0.509332
    25  0.13572531    3.693274   85.168990      -2.731557   1.757402  -2.354060
    26  0.13778265    3.749257   86.459990      -1.832149   1.671970  -1.891869
    27  0.02712933    0.738227   17.023928      -1.609045  -2.779413  -1.042939
    28  0.03254654    0.885636   20.423280      -1.495251  -3.057227   0.284434
    29  0.01952195    0.531219   12.250221      -1.331106   0.613463   2.209101
    30  0.03382588    0.920449   21.226081      -0.906089  -4.750857   2.055652
    31  0.13599900    3.700721   85.340735      -0.401730   2.789919   1.424753
    32  0.02453879    0.667734   15.398336      -0.313788  -0.586610  -2.626041
    33  0.08068938    2.195670   50.633393       0.183421  -3.928773  -0.203341
    34  0.13470090    3.665398   84.526163       0.176724   3.632920   1.739671
    35  0.02172336    0.591123   13.631625       0.201422  -2.610551   2.450299
    36  0.02526605    0.687524   15.854700       0.255057   0.345280  -1.895616
    37  0.15284168    4.159034   95.909681       0.454789   4.544255  -0.724919
*   38  0.00292714    0.079651    1.836807       0.549114  -1.047119   3.326755
    39  0.15246714    4.148842   95.674653       1.056387   4.765195   1.967774
    40  0.15925442    4.333533   99.933743       1.085635   5.570463  -0.116073
    41  0.07418356    2.018637   46.550927       1.230940  -3.666764   1.101891
    42  0.13216411    3.596368   82.934302       1.402926   3.511402   1.739671
    43  0.14741637    4.011403   92.505243       1.509056   4.408929  -0.729377
    44  0.12722438    3.461952   79.834574       1.977598   2.511229   1.431156
    45  0.15075909    4.102364   94.602839       2.027043   3.599048  -0.989510
    46  0.02694683    0.733261   16.909408       2.245054  -1.238293   1.018817
    47  0.09833837    2.675923   61.708307       2.518109  -4.756857  -0.230971
    48  0.07358514    2.002354   46.175414       2.660808   0.010979  -0.116605
    49  0.07887528    2.146306   49.495030       2.744042   0.222218   1.313340
    50  0.09682579    2.634764   60.759149       2.876986  -4.142845   0.681317
    51  0.07772469    2.114996   48.773021       2.924625  -0.121473  -2.102611
    52  0.09097388    2.475525   57.087020       3.351043  -5.788492  -0.760361
    53  0.10425669    2.836969   65.422114       3.328418  -3.293764   1.605891
    54  0.07746624    2.107964   48.610839       3.400562  -0.576500   0.123838
    55  0.13062233    3.554414   81.966816       3.591918   1.913066   1.391996
    56  0.10232415    2.784382   64.209427       3.721199  -3.032384  -1.829391
    57  0.09381292    2.552779   58.868548       3.620712   2.815173   2.949604
    58  0.08136169    2.213964   51.055277       3.816557  -0.800351  -1.837262
    59  0.10213943    2.779355   64.093513       3.828822   6.697287   1.942800
    60  0.09915583    2.698167   62.221276       3.993014  -2.356649  -0.896389
    61  0.10747061    2.924424   67.438881       3.964614  -1.757099   0.152140
    62  0.10164607    2.765930   63.783928       3.894736   6.929271   0.019845
    63  0.08794923    2.393220   55.189024       4.037537  -4.437531   1.210494
    64  0.08315530    2.262771   52.180779       4.094428  -1.052121  -0.790901
    65  0.09035200    2.458603   56.696781       4.253389  -5.941505  -0.311620
    66  0.09387223    2.554393   58.905763       4.358100   4.449125   3.266583
    67  0.09346804    2.543395   58.652132       4.429062  -3.944917  -2.367215
    68  0.09561540    2.601827   59.999619       4.517978   3.253425  -1.633357
    69  0.09109984    2.478953   57.166059       4.568236  -5.229776   0.681317
    70  0.08505045    2.314341   53.370011       4.692823   1.906410  -2.075733
    71  0.09600502    2.612429   60.244107       5.113524  -2.700073  -0.509332
    72  0.09526398    2.592265   59.779101       5.052033   5.043775  -1.436617
    73  0.09453050    2.572306   59.318832       5.311744  -4.089385  -1.898689
    74  0.08663749    2.357526   54.365889       5.236590   1.391822   0.180537
    75  0.09362455    2.547654   58.750340       5.368266   3.243324   2.193077
    76  0.11012750    2.996722   69.106105       5.580662  -6.060744   0.144850
    77  0.08009597    2.179522   50.261025       5.508758   1.267107  -1.800152
    78  0.09766964    2.657726   61.288676       5.680346  -3.433352  -0.899540
    79  0.07967399    2.168039   49.996224       5.785930   1.015102  -0.668803
    80  0.09152282    2.490463   57.431484       5.841368   3.716194  -0.376603
    81  0.11374358    3.095120   71.375231       6.501312  -4.617228  -1.300611
 
 Number of surface maxima:   104
   #       a.u.         eV      kcal/mol           X/Y/Z coordinate(Angstrom)
     1  0.15294044    4.161721   95.971656      -8.488311   0.134172  -0.532537
     2  0.15998059    4.353293  100.389419      -8.490756   1.326026  -1.992437
     3  0.15456259    4.205862   96.989571      -7.725651  -0.753965  -2.698593
     4  0.10213607    2.779264   64.091408      -7.387266   0.015154   1.075949
     5  0.13442532    3.657899   84.353235      -7.259243   0.407607  -1.569922
     6  0.11616236    3.160939   72.893045      -7.342789   2.922213  -2.448025
     7  0.12035158    3.274933   75.521818      -6.731666  -0.650380  -1.041470
     8  0.12850393    3.496770   80.637504      -6.621113   0.794129  -2.806194
     9  0.17289989    4.704845  108.496412      -6.476778   3.444142  -0.786202
    10  0.16323194    4.441767  102.429672      -6.364481   1.722616   1.282182
    11  0.14418202    3.923392   90.475658      -6.088359  -1.354232   0.669193
    12  0.10541373    2.868453   66.148167      -5.915635  -1.386398  -3.166256
    13  0.17490841    4.759500  109.756775      -5.857563   2.370207  -3.552101
    14  0.16367895    4.453931  102.710178      -5.272651   2.530533  -1.166668
    15  0.15265485    4.153950   95.792447      -5.114806  -2.063664  -1.690770
    16  0.15879545    4.321044   99.645735      -5.095244  -4.442005   3.327203
    17  0.12453368    3.388734   78.146131      -5.040938  -1.717294   1.324077
    18  0.15938445    4.337071  100.015334      -5.008145   0.539050   0.285617
    19  0.17039575    4.636704  106.925040      -5.035264   1.668273  -2.292449
    20  0.11379844    3.096613   71.409662      -4.874918  -2.898736   3.654672
    21  0.16112033    4.384307  101.104617      -4.896813   0.135649  -3.797666
    22  0.22322585    6.074284  140.076451      -4.874918   3.370385  -2.758335
    23  0.11260938    3.064257   70.663513      -4.713691  -4.313303   1.633779
    24  0.16326381    4.442634  102.449676      -4.871860  -1.433550   4.658189
    25  0.16726337    4.551468  104.959434      -4.805387  -0.252850  -0.572095
    26  0.16132030    4.389749  101.230100      -4.451802  -4.829007   0.073990
    27  0.11753989    3.198423   73.757455      -4.112115  -3.303223  -0.557575
    28  0.18395706    5.005726  115.434895      -4.113694   1.137614   2.733252
    29  0.16408417    4.464957  102.964455      -3.701172  -2.243141  -1.726062
    30  0.11771091    3.203077   73.864775      -3.427948  -1.951909   1.601223
    31  0.17946287    4.883433  112.614744      -3.430994   0.795395   1.204688
    32  0.21733992    5.914120  136.382975      -3.287386   2.051906  -0.056696
    33  0.19195407    5.223336  120.453096      -3.373018   3.583684  -2.182496
    34  0.20621290    5.611338  129.400657      -2.756272   1.204850  -1.302152
    35  0.15104338    4.110099   94.781232      -2.493117  -0.516679  -0.112013
    36  0.14436495    3.928370   90.590450      -2.214728  -1.964008   2.529380
    37  0.05962358    1.622440   37.414393      -1.987469  -1.768012  -2.685965
*   38  0.24537924    6.677109  153.977929      -1.985632   4.326570  -2.096863
    39  0.24483719    6.662359  153.637782      -1.904504   4.906627   0.580187
    40  0.12853317    3.497565   80.655850      -1.625064  -1.190841   0.248800
    41  0.21739831    5.915709  136.419612      -1.567560   3.646413  -0.509332
    42  0.07570011    2.059905   47.502573      -1.371507  -3.496449   2.136554
    43  0.16126767    4.388316  101.197076      -1.061308   0.535336  -0.540825
    44  0.12587935    3.425351   78.990550      -0.795848  -0.656921   1.841479
    45  0.16456388    4.478011  103.265482      -0.407028  -5.876351  -0.311883
    46  0.19161485    5.214105  120.240232      -0.376911   5.226362   0.868757
    47  0.15928723    4.334426   99.954333      -0.082036   0.992945   0.736464
    48  0.15641432    4.256250   98.151552       0.137621  -2.241989  -0.259301
    49  0.18089742    4.922469  113.514940       0.627333  -3.434611  -1.977842
    50  0.13648306    3.713893   85.644482       0.697131  -0.777850  -1.013798
    51  0.20592712    5.603562  129.221330       0.755046   2.863522   0.945906
    52  0.21956514    5.974671  137.779322       0.813737   3.319096  -0.563756
    53  0.10432420    2.838806   65.464476       0.852576  -1.708088   1.381627
    54  0.22325323    6.075029  140.093637       0.932205   6.164843   1.315712
    55  0.13196582    3.590973   82.809873       1.408013  -0.187752   0.481827
    56  0.16029845    4.361943  100.588880       1.646805  -5.389417   2.043562
    57  0.15045227    4.094014   94.410304       1.664345   0.994641   0.416728
    58  0.18366571    4.997798  115.252067       1.717446   2.119107  -1.340839
    59  0.19099399    5.197211  119.850639       1.846984  -4.764100  -2.813962
    60  0.16695063    4.542958  104.763191       1.805605  -3.758989  -1.766467
    61  0.05079700    1.382257   31.875623       1.904284   0.701722   3.211580
    62  0.16558503    4.505798  103.906261       1.914603   5.213727   0.019845
    63  0.17050548    4.639690  106.993891       2.144651  -2.081259  -1.708726
    64  0.19105758    5.198941  119.890539       2.070756   2.260741  -2.956553
    65  0.16973349    4.618683  106.509465       2.129415   4.773290   1.473701
    66  0.17466780    4.752952  109.605789       2.127212   6.239875   2.293349
    67  0.13800497    3.755306   86.599497       2.401269  -2.838291   0.609468
    68  0.17437733    4.745048  109.423516       2.392582   6.648954  -0.648668
    69  0.15915983    4.330959   99.874386       2.749037   4.214754   3.327203
    70  0.16239188    4.418908  101.902530       2.992752   3.156247  -0.641626
    71  0.11691240    3.181348   73.363703       3.093485   7.196005   0.970215
    72  0.13288820    3.616072   83.388676       3.359610   1.230682  -3.243401
    73  0.16978125    4.619983  106.539434       3.268232   2.775198   0.522154
    74  0.13949551    3.795866   87.534826       3.395050  -5.476902  -2.558320
    75  0.12670070    3.447701   79.505953       3.567624   0.006747  -0.920868
    76  0.16599466    4.516944  104.163306       3.613974   0.955161   2.298141
    77  0.16621440    4.522924  104.301197       3.587577   4.651106  -2.098571
    78  0.14358786    3.907224   90.102815       3.796607  -4.678462  -0.112449
    79  0.17366470    4.725657  108.976336       3.820619  -1.848967   1.682801
    80  0.12922037    3.516265   81.087073       3.817833   5.291249   2.069768
    81  0.13118203    3.569644   82.318033       3.986415   5.566440  -0.377244
    82  0.14360112    3.907585   90.111141       4.523187  -3.547304  -1.013489
    83  0.15583499    4.240486   97.788017       4.490434   1.948351   1.993504
    84  0.17422559    4.740919  109.328297       4.609609   0.394916  -4.141321
    85  0.13270665    3.611132   83.274750       4.524193   1.337875  -0.902252
    86  0.10589888    2.881655   66.452607       4.580436   3.381555   3.125073
    87  0.17996728    4.897159  112.931268       4.771222  -6.491582  -2.817651
    88  0.12930223    3.518493   81.138441       4.711013   0.011738   1.403529
    89  0.13617345    3.705468   85.450200       4.713450   4.969806   1.009084
    90  0.13798760    3.754833   86.588598       5.013528  -2.787888   1.316370
    91  0.14926545    4.061719   93.665561       5.047155   2.324731  -0.577637
    92  0.12325531    3.353948   77.343940       4.976004   3.777122   0.874754
    93  0.16148126    4.394129  101.331107       5.091623   6.525644   0.969226
    94  0.12629512    3.436665   79.251453       5.311744  -0.328488  -2.833973
    95  0.10594832    2.883000   66.483630       5.342101   3.998314  -1.443027
    96  0.13530513    3.681840   84.905323       5.708626  -5.892706  -1.518887
    97  0.15611629    4.248140   97.964534       5.635883   4.833884   2.297505
    98  0.12852287    3.497285   80.649389       5.963807  -0.900666  -0.508861
    99  0.17947566    4.883781  112.622770       5.982696  -0.898859   1.231466
   100  0.15580753    4.239738   97.770783       5.934609   5.293232  -0.135771
   101  0.13691704    3.725702   85.916810       6.396146  -4.598362   0.430750
   102  0.18263984    4.969883  114.608325       6.436730  -3.457717   1.674009
   103  0.17330597    4.715895  108.751229       6.574769  -1.178910  -1.964569
   104  0.18088778    4.922207  113.508889       6.992456  -5.809211  -0.528720
