 Number of surface minima:    53
   #       a.u.         eV      kcal/mol           X/Y/Z coordinate(Angstrom)
     1  0.15294254    4.161778   95.972971      -6.375905   2.228640   0.466648
     2  0.16395300    4.461388  102.882147      -6.244552   0.705936   0.038237
     3  0.15887371    4.323173   99.694841      -5.554069  -0.165701  -3.379673
     4  0.14698584    3.999688   92.235084      -5.503437   0.914049   1.652866
     5  0.18194753    4.951044  114.173896      -5.331863  -2.747087  -1.385473
     6  0.16760070    4.560647  105.171118      -5.143027   1.321844  -2.586163
     7  0.17996225    4.897022  112.928113      -4.865477  -1.596289  -0.563759
     8  0.16689994    4.541578  104.731382      -4.808770  -2.643201  -0.327118
     9  0.17164112    4.670593  107.706522      -4.342555  -3.864239   0.091074
    10  0.16488605    4.486778  103.467645      -3.931028  -2.924997   0.741734
    11  0.17479581    4.756436  109.686116      -4.000381   4.213055  -0.531712
    12  0.15589213    4.242041   97.823873      -3.795787   0.641109  -3.573177
    13  0.17912237    4.874167  112.401076      -3.676817  -2.819174  -2.750696
    14  0.15023583    4.088125   94.274483      -3.091740   2.383865   1.435283
    15  0.17185101    4.676304  107.838225      -2.869727  -1.689826  -2.261170
    16  0.16064893    4.371480  100.808809      -2.950455   3.816172  -1.069317
    17  0.14838519    4.037766   93.113189      -2.760298   1.292070   1.220449
    18  0.17013746    4.629676  106.762956      -2.722213  -4.099579  -1.365385
    19  0.16453221    4.477149  103.245605      -2.735796  -2.939068  -1.918014
    20  0.17015442    4.630137  106.773600      -2.343984  -0.676647  -1.771723
    21  0.14088256    3.833609   88.405215      -2.408225   3.286995   1.457327
    22  0.16735013    4.553829  105.013879      -2.080585   4.749559  -0.859882
    23  0.16393443    4.460883  102.870492      -2.010349  -3.327720  -0.922978
    24  0.16263099    4.425414  102.052575      -1.751597   3.551583  -1.325697
    25  0.01772878    0.482425   11.124990      -1.392192  -1.343306   2.498016
    26  0.15908764    4.328995   99.829085      -1.216876  -3.130107   0.334353
    27  0.13237184    3.602021   83.064650      -1.212087   2.990285   1.198228
    28  0.17214791    4.684383  108.024533      -0.352625   3.023744  -1.376321
    29  0.04593059    1.249835   28.821903       0.312437   0.777283  -1.655070
    30 -0.00126289   -0.034365   -0.792473       0.637088   0.311390   3.444286
    31  0.04614682    1.255719   28.957590       0.865730  -2.930837   0.265033
*   32 -0.00716883   -0.195074   -4.498510       0.834513  -1.006414   3.581720
    33  0.06224624    1.693806   39.060140       1.105414  -1.063271  -1.788630
    34  0.02001034    0.544509   12.556688       1.254165  -3.284153   1.700864
    35  0.05117156    1.392449   32.110666       1.644055   1.167135  -0.582318
    36  0.05432132    1.478158   34.087174       1.651479  -3.452982  -2.175929
    37  0.07519773    2.046234   47.187326       2.664316  -2.407383   0.063644
    38  0.12235779    3.329525   76.780737       2.924043  -1.667067   0.275181
    39  0.10785064    2.934765   67.677356       4.264261  -0.026189  -1.657274
    40  0.10063512    2.738421   63.149542       4.511657   1.682999   0.312888
    41  0.10708823    2.914019   67.198936       4.821952  -0.776362  -1.083118
    42  0.09687741    2.636168   60.791544       4.786682   0.763773  -2.456798
    43  0.09302687    2.531390   58.375294       4.955354   2.521034  -0.446045
    44  0.10011767    2.724340   62.824839       5.101741   0.956643   0.875933
    45  0.09774267    2.659713   61.334503       5.791027   0.702733  -2.514497
    46  0.09590475    2.609701   60.181192       6.095926  -0.876733  -1.183488
    47  0.09472381    2.577566   59.440140       6.059519   2.426463  -0.526179
    48  0.09098876    2.475930   57.096358       6.294041   0.957612   0.743137
    49  0.09521020    2.590801   59.745353       6.532849  -0.141438  -1.878430
    50  0.09194828    2.502040   57.698464       6.805020   1.603059   0.105655
    51  0.11417094    3.106749   71.643405       7.207197   0.814726  -2.534798
    52  0.10755443    2.926705   67.491479       7.316934  -0.756853  -1.195902
    53  0.11234879    3.057166   70.499990       7.479786   2.253590  -0.839886
 
 Number of surface maxima:    59
   #       a.u.         eV      kcal/mol           X/Y/Z coordinate(Angstrom)
     1  0.16816508    4.576005  105.525272      -6.384208   1.095457   0.497221
     2  0.22952011    6.245560  144.026162      -6.277806   0.269199  -1.891229
     3  0.22678862    6.171232  142.312130      -6.101866   1.933017  -1.177959
     4  0.21127316    5.749035  132.576018      -5.794319   2.468819   1.861302
     5  0.22636015    6.159573  142.043260      -5.226971  -0.384976   0.620030
*    6  0.24755374    6.736280  155.342447      -5.184067  -2.863879  -2.906046
     7  0.21500814    5.850669  134.919755      -4.988406  -1.343817  -2.312949
     8  0.17349302    4.720985  108.868605      -5.111337   0.909954  -3.230044
     9  0.20700796    5.632973  129.899566      -4.854142   2.941098   0.230117
    10  0.23877846    6.497492  149.835869      -4.724167   4.488796   0.742323
    11  0.22062622    6.003545  138.445158      -4.362551  -0.823263  -4.088347
    12  0.20334453    5.533286  127.600729      -4.269000  -3.668639  -1.726391
    13  0.23923428    6.509896  150.121902      -4.057091   0.634658  -0.720642
    14  0.24155820    6.573133  151.580186      -3.815548  -4.949458  -0.732676
    15  0.24339845    6.623209  152.734958      -3.795922  -1.607413  -0.061835
    16  0.21347971    5.809078  133.960651      -3.884009   0.263270   0.466648
    17  0.23025956    6.265681  144.490176      -3.684217   1.792694  -2.454394
    18  0.19356112    5.267066  121.461540      -3.172160   4.684434   0.320542
    19  0.21813506    5.935757  136.881932      -3.033872   0.641109  -1.576802
    20  0.20472117    5.570746  128.464581      -2.748232  -4.006668   0.329196
    21  0.23876664    6.497171  149.828454      -2.472844  -1.754793  -1.023367
    22  0.24021988    6.536715  150.740375      -2.474775   2.362961  -0.857596
    23  0.21951524    5.973314  137.748010      -2.242939   2.201412   0.728100
    24  0.23071929    6.278191  144.778659      -1.798463  -3.851791   1.404481
    25  0.23443132    6.379201  147.107996      -1.568948   5.496493   0.191843
    26  0.21085401    5.737629  132.312997      -1.223126  -2.241700  -1.458697
    27  0.18518885    5.039245  116.207853      -1.217736  -2.204906   0.398813
    28  0.16655650    4.532233  104.515869      -1.149901   0.612146   0.800387
    29  0.19373426    5.271777  121.570185      -1.051366  -0.959723  -0.247942
    30  0.18744223    5.100562  117.621874      -0.620724   2.245593  -1.347983
    31  0.19987879    5.438979  125.425941      -0.639374   4.078341  -0.207569
    32  0.12093610    3.290839   75.888613      -0.356135  -0.665562   2.218450
    33  0.16495610    4.488684  103.511604      -0.088266   1.834622   0.204328
    34  0.06155216    1.674919   38.624596       0.015209   2.456053   2.968269
    35  0.14074386    3.829835   88.318177       0.705443   1.041243   0.468363
    36  0.23835924    6.486085  149.572805       0.657153   3.278604  -0.490131
    37  0.14233223    3.873057   89.314899       0.839411  -0.147083  -0.716995
    38  0.04283116    1.165495   26.876983       1.709515  -2.930837   3.193770
    39  0.12493222    3.399579   78.396219       1.630737  -0.150356   1.657731
    40  0.16471065    4.482005  103.357582       1.766996  -1.200679   0.603651
    41  0.19448714    5.292264  122.042624       2.577799   2.106357  -1.640010
    42  0.15121866    4.114869   94.891224       2.917176  -0.693258  -0.781265
    43  0.14921591    4.060371   93.634475       3.014959   0.276711  -0.924852
    44  0.14467582    3.936829   90.785526       3.087720   1.177756  -0.053351
    45  0.16477008    4.483622  103.394873       3.317044   0.444020   1.460208
    46  0.16916646    4.603253  106.153643       3.480399  -4.349871  -0.591707
    47  0.17828732    4.851445  111.877073       3.769205  -1.984990  -2.712535
    48  0.17752873    4.830802  111.401050       3.729061  -1.606106   1.518286
    49  0.14427746    3.925989   90.535548       4.057158   2.493229  -1.999363
    50  0.16625836    4.524120  104.328784       4.329783  -1.078717   0.755530
    51  0.18651677    5.075379  117.041138       5.218463   3.286995  -2.933174
    52  0.14964782    4.072124   93.905507       5.350248   0.269169  -1.375183
    53  0.18850230    5.129408  118.287077       5.599032  -1.711730   1.281919
    54  0.14627121    3.980242   91.786648       5.488821   1.315147  -0.173171
    55  0.13937389    3.792556   87.458508       6.590409   2.428175  -2.311533
    56  0.13916951    3.786995   87.330261       6.787757  -0.885470   0.466648
    57  0.13632349    3.709551   85.544353       7.928527   0.759634  -1.152879
    58  0.18239729    4.963283  114.456126       8.199996   1.945929  -2.179238
    59  0.17966970    4.889061  112.744533       8.364508  -0.535843  -0.068110
