 Number of surface minima:    78
   #       a.u.         eV      kcal/mol           X/Y/Z coordinate(Angstrom)
     1  0.09133354    2.485312   57.312707      -6.221851  -3.353030  -0.267064
     2  0.08934123    2.431099   56.062517      -6.042544  -3.051275   1.533998
     3  0.07992742    2.174936   50.155256      -5.905979  -0.547116  -0.321898
     4  0.11350696    3.088681   71.226751      -5.955415   5.380930  -1.003456
     5  0.08286482    2.254866   51.998504      -5.796388  -0.947912  -1.553447
     6  0.09020980    2.454733   56.607552      -5.370711  -1.923621   0.288953
     7  0.08321466    2.264386   52.218034      -5.328760  -0.901032   0.341357
     8  0.09733852    2.648716   61.080893      -5.335492   4.119420  -0.738867
     9  0.09285629    2.526748   58.268251      -5.178245   5.070432   0.054899
    10  0.10099065    2.748095   63.372646      -5.032374  -5.469406  -1.326590
    11  0.09259821    2.519725   58.106301      -4.720252  -4.500758   3.120787
    12  0.09659710    2.628541   60.615645      -4.827768   3.158497  -0.726224
    13  0.09103484    2.477184   57.125270      -4.467579   4.994799   0.843546
    14  0.11247974    3.060729   70.582160      -4.383987   6.261573  -2.326399
    15  0.10479152    2.851522   65.757729      -4.168095  -6.747857  -0.199296
    16  0.11475216    3.122565   72.008131      -4.185455  -1.846158   0.845477
    17  0.10009620    2.723756   62.811366      -4.022262  -6.102460   2.616672
    18  0.09406071    2.559522   59.024039      -4.147208   1.471169  -0.721269
    19  0.10692583    2.909600   67.097027      -3.979527   1.943559  -0.885562
    20  0.10193654    2.773834   63.966200      -3.933456   2.985123   0.180978
    21  0.09835217    2.676299   61.716971      -3.842210   0.850107  -1.959288
    22  0.10129213    2.756299   63.561822      -3.783179   3.894849   0.923901
    23  0.09517451    2.589830   59.722958      -3.452025   5.076826  -2.326399
    24  0.11226530    3.054894   70.447597      -3.337905  -5.970166  -1.532633
    25  0.07894270    2.148140   49.537332      -3.352564   0.922495   0.078138
    26  0.09243360    2.515246   58.003005      -3.270482   6.062014  -1.511005
    27  0.08752111    2.381570   54.920370      -3.084512   0.132036  -2.183472
    28  0.09424954    2.564660   59.142526      -2.989413   4.149448  -2.393447
    29  0.09935477    2.703581   62.346109      -2.952475  -4.759934   3.266900
    30  0.08317596    2.263333   52.193749      -2.746351   0.241534   1.232179
    31  0.07272661    1.978992   45.636676      -2.649581   0.190615  -0.240395
    32  0.11184623    3.043491   70.184627      -2.460813   2.888785  -2.193343
    33  0.09184615    2.499261   57.634380      -2.553146   5.975706  -0.738867
    34  0.15274849    4.156498   95.851206      -2.356051  -3.333943  -1.049050
    35  0.12172219    3.312229   76.381890      -2.161149  -2.371366   1.424722
    36  0.03365605    0.915828   21.119506      -2.082604   1.037252  -0.483607
    37  0.10381261    2.824885   65.143449      -2.121804   4.062091  -1.400339
    38  0.10127143    2.755736   63.548837      -1.931059   4.877967  -0.677898
    39  0.15090211    4.106255   94.692584      -1.887882  -4.225291  -0.815324
    40  0.12945167    3.522559   81.232214      -1.644071  -3.439393   1.673723
    41  0.16310734    4.438376  102.351485      -1.567514  -5.450650  -0.265635
    42  0.02887795    0.785809   18.121202      -1.507980   0.129376  -1.243728
    43  0.15114076    4.112749   94.842340      -1.298096  -4.779517   1.849322
    44  0.15355693    4.178497   96.358510      -0.850773  -4.497870  -0.840978
    45  0.13061297    3.554160   81.960944      -0.462427  -3.710847   1.660826
    46 -0.00752288   -0.204708   -4.720681      -0.219867   0.642408   3.490670
    47  0.05255894    1.430201   32.981260      -0.214228   1.701239  -1.798889
    48  0.13305223    3.620535   83.491606       0.179120  -2.933916   1.374847
    49  0.05650854    1.537676   35.459677       0.490451   3.718571  -0.024954
*   50 -0.01343315   -0.365535   -8.429439       0.686881   1.570609   3.446140
    51  0.15653242    4.259464   98.225658       1.376299  -1.669807  -1.929516
    52  0.05025464    1.367498   31.535289       1.508593   3.442911  -2.548218
    53  0.04420560    1.202896   27.739458       1.819167   2.385041  -0.031410
    54  0.00517581    0.140841    3.247870       2.105428   0.050735   2.106970
    55  0.15261756    4.152935   95.769047       2.375913  -1.795488  -2.590987
    56  0.04702796    1.279696   29.510518       3.016428   0.644549   1.774725
    57  0.04258365    1.158760   26.721666       3.199001   2.488085   1.223061
    58  0.15049772    4.095251   94.438822       3.361633  -1.067837  -2.461892
    59  0.15056845    4.097176   94.483209       3.374331  -0.159912  -1.641391
    60  0.15634975    4.254493   98.111029       3.496066  -3.316725  -0.742667
    61  0.04193013    1.140977   26.311573       3.493008   0.967146   2.758793
    62  0.16329122    4.443380  102.466871       3.629384  -2.128085  -3.241012
    63  0.04134347    1.125013   25.943439       3.625302   2.687309   2.097658
    64  0.04186659    1.139248   26.271706       3.775790   1.978440   2.832258
    65  0.15016122    4.086094   94.227665       4.312038  -2.666945  -0.592654
    66  0.15079724    4.103402   94.626778       4.417663  -1.734842   0.185755
    67  0.16306219    4.437148  102.323155       4.466406  -3.456574  -1.749883
    68  0.10526120    2.864303   66.052456       4.706238   1.302219  -3.102616
    69  0.10030357    2.729399   62.941492       5.993043   0.506446  -3.934276
    70  0.07321346    1.992240   45.942179       6.006599   0.436131   1.963190
    71  0.06610768    1.798881   41.483228       6.086848   2.335951   1.113253
    72  0.06628818    1.803793   41.596498       6.267773   1.459864   2.041861
    73  0.08955630    2.436951   56.197476       6.387458  -0.420017   0.955673
    74  0.09573682    2.605131   60.075815       6.324240   1.491367  -2.301747
    75  0.10578024    2.878427   66.378158       6.939578  -1.996906  -3.789351
    76  0.10288233    2.799571   64.559691       7.461837  -2.855568  -2.194104
    77  0.08785231    2.390583   55.128204       7.486080   0.390835  -0.196003
    78  0.09286154    2.526891   58.271542       7.743228  -1.330195   0.081633
 
 Number of surface maxima:   107
   #       a.u.         eV      kcal/mol           X/Y/Z coordinate(Angstrom)
     1  0.17868971    4.862394  112.129579      -6.625516   1.570609  -1.955168
     2  0.15311763    4.166543   96.082844      -6.504087  -4.457656   0.879198
     3  0.10165363    2.766136   63.788667      -6.167880  -2.659979   0.452126
     4  0.12766294    3.473885   80.109773      -5.905633   1.413529  -0.499709
     5  0.18253212    4.966951  114.540728      -5.919520   6.320530  -2.247701
     6  0.17084450    4.648915  107.206630      -5.766343   1.571758   1.245827
     7  0.16109143    4.383521  101.086481      -5.586204  -6.185659  -0.050815
     8  0.13327061    3.626478   83.628643      -5.634798   0.512751  -2.723198
     9  0.15779423    4.293799   99.017457      -5.441316  -5.643888   2.336367
    10  0.15367211    4.181631   96.430788      -5.220955  -2.646328  -1.244170
    11  0.18784005    5.111388  117.871507      -5.261205   3.281677  -3.296168
    12  0.13938166    3.792768   87.463385      -5.326127   4.769560  -2.546404
    13  0.12925133    3.517108   81.106505      -4.996938  -4.390847  -0.514912
    14  0.18035539    4.907720  113.174810      -5.090887  -0.405634  -4.042988
    15  0.13524219    3.680127   84.865827      -4.948729   6.636971  -0.996630
    16  0.13673250    3.720680   85.801009      -4.931344  -5.001622   0.871662
    17  0.12378131    3.368261   77.674013      -4.837442  -3.839629   1.925997
    18  0.15366162    4.181345   96.424201      -4.871185  -1.931349   1.844712
    19  0.13198309    3.591443   82.820711      -4.753973  -0.987717  -0.764103
    20  0.12302001    3.347545   77.196286      -4.576945   0.440343   1.438224
    21  0.17794471    4.842122  111.662087      -4.333945   7.519566   0.431582
    22  0.14626642    3.980112   91.783642      -4.184942   4.213017  -0.205930
    23  0.13896543    3.781442   87.202199      -4.075959   2.704038  -2.383619
    24  0.11794084    3.209334   74.009059      -3.940120  -6.286032  -1.319322
    25  0.10931779    2.974688   68.598004      -3.758713  -5.308694   3.277994
    26  0.17247637    4.693321  108.230649      -3.813208  -4.514929  -2.117241
    27  0.14011967    3.812850   87.926492      -3.814484  -1.271365  -3.183959
    28  0.13203071    3.592738   82.850589      -3.697173   0.238634  -1.036042
    29  0.15402397    4.191205   96.651583      -3.557878  -3.388805   3.352182
    30  0.16680244    4.538925  104.670196      -3.391265  -2.928765  -0.477291
    31  0.15670695    4.264213   98.335176      -3.516763  -0.412209   2.303990
    32  0.16185368    4.404263  101.564801      -3.373723  -2.396994   0.714128
    33  0.13650699    3.714544   85.659501      -3.232513   6.378096   0.893556
    34  0.14427041    3.925797   90.531123      -3.091135   4.765886  -1.253264
    35  0.17516011    4.766349  109.914722      -2.978513   1.568108  -1.937489
    36  0.13726129    3.735070   86.132835      -2.811068   2.278132   0.077366
    37  0.19922800    5.421270  125.017565      -2.592530  -2.345984  -2.935635
    38  0.17628755    4.797028  110.622200      -2.515144  -5.231308   0.687193
    39  0.16553060    4.504317  103.872105      -2.469334   2.781255   1.542503
    40  0.18405864    5.008490  115.498638      -2.398203  -6.437310  -0.147657
    41  0.17978305    4.892146  112.815664      -2.280309  -5.970166   2.086946
    42  0.15640451    4.255983   98.145393      -2.188601  -4.641474   1.651781
    43  0.16553055    4.504315  103.872077      -2.171884  -5.154382  -0.198367
    44  0.18419221    5.012125  115.582453      -2.027108  -2.104802  -1.353759
    45  0.18488290    5.030920  116.015868      -2.088226   5.794707   1.859914
    46  0.05911522    1.608607   37.095390      -1.938621  -0.947193   3.239292
    47  0.16196982    4.407423  101.637684      -1.961689   4.287027   1.316079
    48  0.15251385    4.150113   95.703963      -1.814746  -0.886069   0.473414
    49  0.14147265    3.849667   88.775502      -1.798764   2.818424  -0.813995
    50  0.16158589    4.396976  101.396761      -1.750005   4.397549   1.162012
    51  0.22625203    6.156631  141.975410      -1.422076  -6.156801   0.965712
    52  0.13225855    3.598938   82.993563      -1.401882   0.312184   0.648594
    53  0.21980161    5.981106  137.927707      -1.107558  -3.129817  -0.676699
    54  0.20445150    5.563408  128.295360      -0.971390  -2.767664   0.893757
    55  0.14189964    3.861286   89.043445      -1.124982   3.162288  -0.589313
    56  0.17029787    4.634041  106.863616      -0.991093   4.104078   1.917576
    57  0.11991129    3.262952   75.245533      -0.740410   1.745742   1.685268
    58  0.17217069    4.685003  108.038829      -0.792746   4.601816  -2.479804
    59  0.12354311    3.361779   77.524540      -0.697577   0.932992  -0.696035
    60  0.14194674    3.862567   89.073000      -0.322287   2.776576   0.465398
    61  0.19162458    5.214370  120.246339      -0.056350  -5.279789   0.603921
    62  0.16055329    4.368877  100.748795      -0.016462  -1.075277   0.778847
    63  0.15329941    4.171489   96.196915       0.035860   2.334542   0.443357
    64  0.10826613    2.946071   67.938082       0.820391   0.365302   2.108333
    65  0.18043438    4.909869  113.224380       1.075109  -0.163536  -0.401358
    66  0.22143716    6.025612  138.954034       1.244004  -3.656974  -0.674678
    67  0.24473215    6.659501  153.571874       1.504581  -5.028606   0.327637
*   68  0.25097557    6.829393  157.489681       1.484712  -4.293656  -2.334873
    69  0.03834538    1.043431   24.062111       1.614111   3.361205   2.903849
    70  0.10037404    2.731316   62.985712       1.885229   3.550254  -0.753356
    71  0.19744679    5.372800  123.899833       1.921196   0.267506  -1.923791
    72  0.16505154    4.491281  103.571490       1.939512   5.302963  -0.849137
    73  0.22259854    6.057214  139.682812       2.448425  -1.218669  -1.371726
    74  0.16775512    4.564849  105.268013       2.434653   0.326821  -0.237821
    75  0.19898521    5.414663  124.865207       2.848052  -3.549846  -2.567451
    76  0.22205410    6.042399  139.341169       3.096125  -2.171647  -0.209690
    77  0.17876828    4.864532  112.178881       3.505815  -1.220738   1.000841
    78  0.17745629    4.828831  111.355595       3.478775   2.092611  -1.558033
    79  0.09930074    2.702111   62.312208       3.757596   1.543493   1.705986
    80  0.22986119    6.254841  144.240195       4.295384  -3.415534  -3.234916
    81  0.18017312    4.902760  113.060437       4.314982  -1.699027   2.462041
    82  0.17167173    4.671425  107.725729       4.360417  -0.175369  -3.972581
    83  0.17852457    4.857901  112.025955       4.551362  -1.670881  -2.657415
    84  0.17223541    4.686764  108.079445       4.609817   0.041533  -0.871161
    85  0.15978446    4.347956  100.266344       4.839987   1.877834  -1.765033
    86  0.15991668    4.351554  100.349316       4.811569   4.473352   0.334085
    87  0.16179183    4.402580  101.525990       4.897782  -0.825246   0.029484
    88  0.16931846    4.607390  106.249025       4.960918  -2.672413  -1.664376
    89  0.18108187    4.927488  113.630684       5.144246  -2.429998  -3.982518
    90  0.12058361    3.281247   75.667422       5.259084   1.196901   1.113253
    91  0.10704285    2.912784   67.170458       5.319189   3.757877   1.712989
    92  0.11235347    3.057293   70.502927       5.483288   1.318781  -3.390274
    93  0.15547615    4.230721   97.562837       5.634197   0.668183   4.456559
    94  0.10544923    2.869419   66.170443       5.679518   2.070869   3.564352
    95  0.13398561    3.645934   84.077312       5.900590  -0.920487  -3.351572
    96  0.15248834    4.149419   95.687960       5.906896   3.696564   3.367274
    97  0.17580545    4.783910  110.319681       6.132626  -3.723187  -1.527226
    98  0.14249566    3.877504   89.417452       6.167751   0.962868   0.373218
    99  0.16365126    4.453177  102.692799       6.382740  -2.179164   0.716370
   100  0.12358922    3.363034   77.553470       6.551878   0.387283  -1.523813
   101  0.13198673    3.591542   82.822996       6.806181  -2.002600  -1.130510
   102  0.11976579    3.258993   75.154231       6.817020  -3.035680  -3.243455
   103  0.13765574    3.745803   86.380355       6.943367  -0.672140  -2.187624
   104  0.15866857    4.317591   99.566115       7.329542   0.542230  -3.198662
   105  0.10177172    2.769349   63.862771       7.439438  -0.607694   0.522481
   106  0.16299025    4.435190  102.278014       8.053378  -1.542090  -2.855576
   107  0.15442823    4.202206   96.905257       8.298108  -0.656990  -1.268044
