 Number of surface minima:    61
   #       a.u.         eV      kcal/mol           X/Y/Z coordinate(Angstrom)
     1  0.13408949    3.648761   84.142499      -7.164003   0.033098  -1.470841
     2  0.12169152    3.311395   76.362647      -6.790387  -1.962291  -1.111444
     3  0.11325138    3.081727   71.066374      -6.393504  -0.920637  -0.836088
     4  0.13225888    3.598947   82.993769      -6.401053  -0.113030  -3.459112
     5  0.11074484    3.013520   69.493492      -5.864327  -1.722312  -0.585230
     6  0.12132056    3.301300   76.129867      -5.752453   0.279554  -0.697333
     7  0.11101979    3.021002   69.666031      -5.457121  -1.030092  -3.320241
     8  0.16087470    4.377623  100.950484      -5.105906   3.407727   0.360665
     9  0.10790447    2.936230   67.711136      -4.922071  -1.964257  -3.059748
    10  0.11841518    3.222241   74.306709      -4.881332   0.154418  -3.182137
    11  0.12382191    3.369365   77.699484      -4.931486   0.421103  -0.392091
    12  0.12784290    3.478782   80.222701      -4.409090  -2.951997  -2.584311
    13  0.12136980    3.302640   76.160764      -4.525076  -1.562057  -0.110938
    14  0.15637058    4.255060   98.124105      -4.377301   2.033699   1.071647
    15  0.14769779    4.019061   92.681840      -4.334686   2.610119   0.199624
    16  0.12766348    3.473900   80.110110      -4.169347  -0.645820  -0.039806
    17  0.15326610    4.170583   96.176008      -4.168525   4.767625   1.696946
    18  0.16184123    4.403924  101.556989      -4.083648   3.522628  -0.800839
    19  0.11942050    3.249597   74.937556      -3.943277   0.223347  -2.848619
    20  0.11877438    3.232015   74.532112      -3.718804  -1.675198  -2.617465
    21  0.16555735    4.505045  103.888891      -3.850476   4.673100  -1.685387
    22  0.15139756    4.119737   95.003482      -3.463482   3.369163   2.546200
    23  0.00437464    0.119040    2.745130      -3.350735  -0.507054   4.399146
    24  0.12453159    3.388677   78.144820      -3.192608  -0.751721  -2.489043
    25  0.09071399    2.468453   56.923937      -3.102797  -1.731294   1.315870
    26  0.15449967    4.204150   96.950089      -3.116777   3.711668  -1.623208
    27  0.13817875    3.760035   86.708545      -3.173041   4.293102   1.866387
    28  0.15969803    4.345604  100.212109      -3.057592   5.986772  -0.112811
    29  0.03553828    0.967046   22.300623      -2.850561  -3.549823   3.241377
    30  0.10475561    2.850545   65.735195      -2.821558  -3.353386   0.718541
    31  0.15008390    4.083991   94.179147      -2.913232   5.083344   0.939772
    32  0.11507434    3.131332   72.210298      -1.895498  -0.935461   0.847113
    33  0.14735359    4.009695   92.465850      -1.991480   5.343138   0.145099
    34  0.03945257    1.073559   24.756879      -1.489730  -1.818726   2.909454
    35  0.02765452    0.752518   17.353486      -1.265288  -4.127372   1.438957
    36  0.18616889    5.065913  116.822842      -1.255037   2.091396  -1.245159
    37  0.08339154    2.269199   52.329025      -0.719964  -0.644531  -1.193216
    38  0.16388344    4.459495  102.838495      -0.104371   0.887191  -0.933134
    39  0.02747314    0.747582   17.239669       0.065908  -0.639348   2.858755
    40  0.19715618    5.364892  123.717472       0.587597   2.868832   0.855220
    41  0.17408370    4.737058  109.239264       0.769708   4.380707  -2.488643
    42  0.02634181    0.716797   16.529747       0.992037  -1.876539  -1.773441
    43  0.16549162    4.503256  103.847649       1.134787   2.644807  -2.840558
    44 -0.00836721   -0.227683   -5.250509       1.481771  -4.475883  -0.334045
    45  0.17644756    4.801382  110.722606       2.070594   3.857887  -1.853141
    46 -0.00275124   -0.074865   -1.726431       2.232724  -3.910685   1.071441
    47  0.17423727    4.741237  109.335630       2.173951   4.344322   1.041462
    48  0.14520731    3.951292   91.119040       2.310349   0.551301   1.256403
    49  0.15807126    4.301338   99.191295       2.470214   3.064892   2.445161
    50  0.19278433    5.245928  120.974097       2.579826   1.863276  -1.099549
*   51 -0.02585124   -0.703448  -16.221913       3.487810  -4.142782  -2.797078
    52  0.16690820    4.541803  104.736565       3.703538   4.165922   1.467456
    53  0.12488234    3.398221   78.364917       6.042160  -1.629272  -0.403956
    54  0.13339084    3.629749   83.704088       5.920303  -0.635541  -2.389155
    55  0.13456329    3.661653   84.439809       6.058669   2.403421  -1.031386
    56  0.12199008    3.319519   76.549997       6.315974   0.427733  -2.103128
    57  0.12548703    3.414676   78.744364       6.233998   1.140021   1.315870
    58  0.11313358    3.078521   70.992451       6.442952  -0.768773   0.261460
    59  0.13527206    3.680940   84.884572       6.726049   1.477361  -1.549095
    60  0.14164281    3.854297   88.882280       7.467197   1.465725   1.140548
    61  0.14640511    3.983886   91.870668       7.439302   2.477620  -0.800839
 
 Number of surface maxima:    76
   #       a.u.         eV      kcal/mol           X/Y/Z coordinate(Angstrom)
     1  0.20201715    5.497166  126.767784      -7.503565   0.683595  -2.806396
     2  0.19242897    5.236259  120.751102      -7.300177  -2.604042  -2.502892
     3  0.15324770    4.170082   96.164464      -7.088586  -0.911829  -2.539292
     4  0.16513815    4.493638  103.625841      -6.055273   1.345066  -2.280159
     5  0.15235578    4.145812   95.604776      -5.707213  -3.010761  -1.845310
     6  0.22303425    6.069071  139.956222      -5.548316   4.652424   1.051281
     7  0.16972034    4.618325  106.501209      -5.063421  -0.635506  -0.933794
     8  0.22180583    6.035644  139.185376      -4.915586   2.565939  -1.972084
     9  0.20066815    5.460458  125.921272      -4.540615  -3.942427  -1.331615
    10  0.16410605    4.465553  102.978189      -4.541384  -1.618489   2.750132
    11  0.18196765    4.951592  114.186520      -4.658899   3.336960   1.584890
    12  0.16739673    4.555097  105.043119      -4.414370  -0.773784  -2.396617
    13  0.21647042    5.890460  135.837352      -4.413723   2.142242   2.514848
    14  0.18587750    5.057984  116.639991      -4.469833   5.120858  -0.164125
    15  0.17626153    4.796320  110.605873      -4.371068  -4.312956   1.072678
    16  0.22793704    6.202482  143.032771      -3.871736   6.141444  -1.311724
    17  0.18033758    4.907235  113.163636      -3.494599  -2.916575  -0.942346
    18  0.21812400    5.935456  136.874991      -2.994389   1.335228   1.557029
    19  0.09823540    2.673121   61.643698      -2.795951  -1.662983   2.261756
    20  0.21687289    5.901411  136.089906      -2.885920   3.039233  -0.336024
    21  0.17499574    4.761876  109.811578      -2.686310  -0.502861  -0.269474
    22  0.18993528    5.168402  119.186290      -2.594030  -3.747066  -0.750279
    23  0.21707510    5.906914  136.216797      -2.556969   1.980709   2.304595
    24  0.19420829    5.284676  121.867645      -2.413579   5.305720  -1.570763
    25  0.17471451    4.754224  109.635104      -2.292381  -0.507054  -1.281285
    26  0.23351654    6.354308  146.533965      -2.227726   1.277427  -0.965616
    27  0.21188183    5.765598  132.957964      -2.194689   3.982502   0.727957
    28  0.18397793    5.006294  115.447989      -1.878448  -1.959182  -1.830787
    29  0.07639839    2.078906   47.940751      -1.636827  -3.410321   3.165210
    30  0.19451323    5.292974  122.058997      -1.379562  -0.132861   1.310759
    31  0.16598562    4.516698  104.157635      -1.294952  -2.684688   0.125221
    32  0.15061372    4.098408   94.511618      -1.101732  -1.099073   1.120733
    33  0.25217184    6.861945  158.240352      -1.112711   1.468875  -0.015023
    34  0.24881574    6.770621  156.134364      -0.976654   5.026839  -2.238530
    35  0.22127139    6.021101  138.850007      -0.763845   3.432415  -1.653601
    36  0.19634883    5.342923  123.210853      -0.664221   0.969121   2.547147
*   37  0.25843563    7.032391  162.170942      -0.401381   2.321136   1.071582
    38  0.23432449    6.376294  147.040962      -0.351949   3.455273  -3.072006
    39  0.22444682    6.107508  140.842621      -0.326056   4.092309  -0.940696
    40  0.14867001    4.045517   93.291915      -0.149827  -1.808645  -1.028821
    41  0.04170565    1.134869   26.170716      -0.038281  -4.865869  -1.722904
    42  0.18794014    5.114111  117.934315      -0.156162  -0.234681   0.126960
    43  0.13923425    3.788757   87.370887       0.064988  -3.555851   3.413846
    44  0.13092953    3.562774   82.159587       0.399250  -1.695187   2.109971
    45  0.10508954    2.859632   65.944739       0.594127  -3.417528   1.123592
    46  0.21363159    5.813211  134.055958       0.666245   3.509927   0.173372
    47  0.21888236    5.956092  137.350867       1.157543   1.617740  -1.184331
    48  0.23791981    6.474127  149.297060       1.030142   3.467599   1.450947
    49  0.24078505    6.552094  151.095028       1.180161   5.053158  -1.061627
    50  0.11890196    3.235487   74.612168       1.547588  -2.350836  -0.265110
    51  0.16932330    4.607521  106.252064       1.430688  -0.761429   0.662547
    52  0.21489466    5.847581  134.848550       1.512800   1.995986   1.133893
    53  0.23801424    6.476697  149.356313       1.544915   2.536716  -0.139408
    54  0.18368984    4.998455  115.267212       1.468026   3.914825  -2.520665
    55  0.16287773    4.432128  102.207404       2.340528  -1.691507  -0.400910
    56  0.18872637    5.135506  118.427685       2.267628  -0.741337  -1.929485
    57  0.23755585    6.464223  149.068668       2.418735   2.403421  -2.022036
    58  0.17896759    4.869956  112.303952       2.619585   4.272370   1.594937
    59  0.24965077    6.793343  156.658352       3.020038   0.808787  -1.034154
    60  0.22873749    6.224264  143.535061       3.108768   0.150597   0.373737
    61  0.23668486    6.440523  148.522118       3.373489   4.465795  -0.139368
    62  0.05584257    1.519554   35.041774       3.546258  -2.478222   1.987107
    63  0.22130023    6.021885  138.868105       3.976765   3.090783   2.557832
    64  0.21428127    5.830890  134.463642       4.118616   2.861174   0.257515
    65  0.20520199    5.583830  128.766300       4.218595   2.293570   1.225700
    66  0.18975143    5.163399  119.070920       4.534169  -1.565408  -0.954161
    67  0.19596718    5.332538  122.971365       4.478166  -1.031118  -1.826974
    68  0.23686239    6.445353  148.633520       5.274976   3.644651   1.234156
    69  0.19597199    5.332669  122.974381       5.423210   1.122999  -1.065428
    70  0.18842847    5.127399  118.240751       5.620378   0.419006   0.339743
    71  0.19248617    5.237815  120.786998       5.934856  -2.040335  -1.955477
    72  0.17848330    4.856778  112.000055       6.607854   2.829121   0.677673
    73  0.15906863    4.328477   99.817154       6.968220  -0.956462  -1.481456
    74  0.16621466    4.522931  104.301359       8.040559   1.090875  -0.394996
    75  0.21212048    5.772092  133.107719       8.254306   2.524143   0.367347
    76  0.20263733    5.514042  127.156952       8.555752  -0.313708  -1.136671
