 Number of surface minima:    63
   #       a.u.         eV      kcal/mol           X/Y/Z coordinate(Angstrom)
     1  0.13542464    3.685092   84.980314      -6.954029  -0.358452  -1.764454
     2  0.12420379    3.379757   77.939120      -6.664825  -2.068451  -0.679401
     3  0.11569154    3.148127   72.597599      -6.140544  -0.967772  -0.759049
     4  0.13301723    3.619583   83.469641      -6.004831  -1.249714  -3.539819
     5  0.12330960    3.355425   77.378005      -5.801946  -2.994873  -2.570824
     6  0.11356428    3.090241   71.262722      -5.654826  -1.679876  -0.159049
     7  0.12251803    3.333885   76.881291      -5.645957   0.163714  -1.112283
     8  0.13977666    3.803516   87.711250      -5.317207   2.090476   0.711667
     9  0.11298046    3.074355   70.896367      -5.111314  -2.075688  -2.943651
    10  0.11797364    3.210226   74.029640      -4.572732  -0.942808  -3.247677
    11  0.12285448    3.343040   77.092416      -4.704836   0.453434  -0.792037
    12  0.13355662    3.634260   83.808112      -4.602591   3.716247   2.105023
    13  0.11260540    3.064149   70.661014      -4.557533  -2.705727  -2.356957
    14  0.12513682    3.405146   78.524603      -4.440437  -1.286221   0.215312
    15  0.12902278    3.510888   80.963083      -4.254479   1.168790   0.980630
    16  0.12692992    3.453939   79.649796      -4.277517   1.925944   0.030139
    17  0.12924347    3.516894   81.101572      -4.043554  -0.365878  -0.066167
    18  0.11700179    3.183781   73.419796      -3.646671  -0.632867  -2.982624
    19  0.11640462    3.167531   73.045065      -3.382671   0.321284   1.588127
    20  0.12154096    3.307298   76.268168      -3.478721   3.118604   2.548384
    21  0.11860080    3.227292   74.423191      -3.472833   3.946546   1.610073
    22  0.12321621    3.352884   77.319404      -3.373746  -2.312907  -1.968172
    23  0.12395123    3.372884   77.780634      -2.983546  -1.396332  -2.245223
    24  0.10629623    2.892467   66.701945      -2.559326   2.323215   3.070756
    25  0.11405425    3.103574   71.570183      -2.339996  -0.209294   2.109181
    26  0.18180072    4.947049  114.081767      -1.915229   2.971050  -2.114376
    27  0.11383016    3.097476   71.429565      -1.662257  -0.672882   1.255666
    28  0.11387621    3.098729   71.458462      -1.728968  -0.406822   1.124843
    29  0.11226552    3.054900   70.447738      -1.529963  -0.309408   2.662295
    30  0.11031540    3.001835   69.224019      -1.658900   1.381038   3.308712
    31  0.17623853    4.795694  110.591443      -1.285611   4.653510  -0.799715
    32  0.16206982    4.410144  101.700431      -0.955987   2.076684  -1.827894
    33  0.07420275    2.019159   46.562965      -0.736197  -0.472405  -1.013661
    34  0.05202653    1.415714   32.647165      -0.599674  -4.042514   0.667668
    35  0.06562737    1.785812   41.181830      -0.470629  -2.456862  -1.851096
    36  0.16300968    4.435719  102.290205      -0.281749   4.083166  -0.206117
    37  0.16442560    4.474248  103.178710      -0.181160   1.385743  -1.318563
    38  0.04157496    1.131312   26.088703       0.129998  -5.102706  -1.211955
*   39 -0.01051835   -0.286219   -6.600372       0.360685  -2.303566   3.743673
    40  0.01317897    0.358618    8.269936       0.647855   0.615562   2.840195
    41  0.14782193    4.022439   92.759737       0.869646   2.848344  -3.546274
    42  0.15180279    4.130764   95.257767       0.851335   4.687072  -2.846585
    43  0.04267161    1.161154   26.776862       0.958850  -1.405589  -1.627993
    44  0.06933484    1.886697   43.508305       1.187272  -2.477184  -0.792860
    45  0.06258961    1.703150   39.275609       1.574457  -3.647469  -0.528271
    46 -0.00820946   -0.223391   -5.151516       1.777395  -1.927643   3.496315
    47  0.06894511    1.876092   43.263747       1.817965  -3.089670   0.950339
    48  0.15240749    4.147219   95.637224       2.174278   5.021073   0.133200
    49  0.15598179    4.244480   97.880130       2.249581   3.602840  -2.512686
    50  0.13606754    3.702586   85.383741       2.438866   4.046669   1.765848
    51  0.13553537    3.688105   85.049803       2.594862   1.512009   1.109329
    52  0.17218257    4.685326  108.046283       3.364927   3.598670  -0.990407
    53  0.12916898    3.514867   81.054824       3.653504   1.667492   1.091260
    54  0.15356077    4.178601   96.360921       3.629576   2.438080  -1.454306
    55  0.14177656    3.857936   88.966211       3.800504   4.858061   0.549128
    56  0.10147587    2.761299   63.677126       4.004322  -1.805196  -2.550224
    57  0.08116158    2.208519   50.929701       4.225229  -2.257989   0.067443
    58  0.16345343    4.447794  102.568661       4.952458   2.570363  -1.273307
    59  0.11092045    3.018299   69.603692       5.320006  -1.398466  -2.574111
    60  0.09840244    2.677667   61.748517       5.469780  -1.933202  -0.018553
    61  0.10496507    2.856245   65.866634       5.864917  -0.347049  -2.402828
    62  0.09379083    2.552178   58.854682       6.073129  -1.001583   0.195517
    63  0.11975577    3.258720   75.147943       6.672284  -1.133877  -2.455452
 
 Number of surface maxima:    74
   #       a.u.         eV      kcal/mol           X/Y/Z coordinate(Angstrom)
     1  0.20190681    5.494164  126.698542      -7.286692  -0.340111  -3.200554
     2  0.19503183    5.307086  122.384426      -7.064572  -3.227162  -1.696449
     3  0.15475424    4.211077   97.109832      -6.879665  -1.675667  -2.281942
     4  0.16312339    4.438813  102.361558      -5.895675   0.503418  -2.909569
     5  0.20667230    5.623839  129.688932      -5.974729   3.231835   1.483406
     6  0.15583489    4.240483   97.787951      -5.462010  -3.346098  -0.905966
     7  0.15975720    4.347214  100.249241      -5.036591   2.142090   2.382203
     8  0.17125408    4.660060  107.463646      -4.837320  -0.800869  -0.856735
     9  0.21583738    5.873234  135.440116      -4.776016   1.776598  -3.112853
    10  0.17128930    4.661019  107.485751      -4.806326   3.628718   0.411248
    11  0.19541713    5.317571  122.626206      -4.705253   0.983840   3.571130
    12  0.20437376    5.561293  128.246578      -4.339659  -3.973353   0.000906
    13  0.16984525    4.621724  106.579593      -4.243502  -1.466119  -2.183457
    14  0.22851331    6.218163  143.394387      -4.050067   4.441833  -0.940605
    15  0.14369309    3.910088   90.168850      -3.236730   0.738150   3.171759
    16  0.18493205    5.032257  116.046708      -3.149403  -2.906186  -0.276289
    17  0.19099538    5.197249  119.851513      -3.025130   1.632771   0.641859
    18  0.18741007    5.099687  117.601694      -2.826413  -1.363620   0.973017
    19  0.20875507    5.680514  130.995893      -2.721096   3.761412  -0.925841
    20  0.17195249    4.679065  107.901910      -2.672319  -0.291819  -0.215391
    21  0.18691367    5.086180  117.290197      -2.582843   2.843410   1.591965
    22  0.19461306    5.295691  122.121644      -2.478196  -3.429743   0.649867
    23  0.18172301    4.944935  114.033005      -2.257406  -4.507206  -2.016273
    24  0.16786284    4.567780  105.335611      -2.130281  -0.808135  -1.260884
    25  0.22497509    6.121883  141.174116      -2.105636   1.068630  -1.477558
*   26  0.24784991    6.744339  155.528297      -2.059140   4.483931  -2.115803
    27  0.17684034    4.812070  110.969084      -1.880998  -2.456820  -1.057449
    28  0.04443168    1.209048   27.881324      -1.891700  -2.289380   3.837441
    29  0.15552134    4.231951   97.591194      -1.784173   0.207223   3.433243
    30  0.08485261    2.308957   53.245858      -1.503923  -0.478491   2.658248
    31  0.17033240    4.634980  106.885285      -1.223021   0.380851   1.220331
    32  0.15495866    4.216640   97.238111      -1.106283  -2.273409   0.794672
    33  0.14423889    3.924940   90.511346      -1.000785  -0.561980   1.498862
    34  0.23192784    6.311077  145.537039      -1.024021   1.726120  -0.446455
    35  0.16663788    4.534447  104.566937      -0.667356   1.750240   2.117615
    36  0.23593661    6.420162  148.052583      -0.485694   2.834090   0.525287
    37  0.21713209    5.908465  136.252560      -0.342826   3.905071  -3.572918
    38  0.17182634    4.675632  107.822744      -0.211029   0.056772   0.125462
    39  0.16679616    4.538754  104.666258       0.021475  -1.676960  -0.457689
    40  0.17312325    4.710923  108.636569       0.467161  -3.776785  -3.548204
    41  0.11361159    3.091529   71.292410       0.572892  -0.739253   2.511408
    42  0.08502845    2.313742   53.356202       0.721394  -4.574404  -0.129689
    43  0.10796765    2.937949   67.750781       0.828229  -2.589114   1.932626
    44  0.11000616    2.993420   69.029964       0.918042  -3.448467  -1.851214
    45  0.21516343    5.854895  135.017202       1.027960   4.194141   0.825558
    46  0.20833557    5.669099  130.732653       1.231261   1.770968  -1.480705
    47  0.14172610    3.856563   88.934548       1.380512  -4.391916   1.456143
    48  0.20217040    5.501336  126.863945       1.491984   2.687636   0.648427
    49  0.15798227    4.298916   99.135452       1.619758  -0.139006   0.863482
    50  0.22843966    6.216159  143.348170       1.568862   2.891008  -0.660566
    51  0.16476648    4.483524  103.392616       1.624444   3.865899  -3.164911
    52  0.12953293    3.524770   81.283208       1.795537  -1.785631   0.395270
    53  0.22109016    6.016169  138.736287       1.885119   4.890545  -1.647741
    54  0.21701931    5.905396  136.181790       2.054430   2.033868  -2.776841
    55  0.17284096    4.703242  108.459431       2.240883  -2.919392  -1.387726
    56  0.15058376    4.097592   94.492813       2.449981  -1.137861   0.019518
    57  0.16847150    4.584343  105.717549       2.339679  -0.583567  -1.673919
    58  0.15708430    4.274481   98.571972       2.671778   5.035851   0.785258
    59  0.22639114    6.160416  142.062707       3.104947   1.116285  -1.188404
    60  0.21489461    5.847580  134.848514       3.240417   4.947223  -1.044117
    61  0.20370824    5.543183  127.828959       3.288698   0.746452   0.321560
    62  0.04810675    1.309051   30.187466       3.713666  -1.411031   2.620392
    63  0.13828917    3.763040   86.777835       3.793563  -3.073295  -1.563899
    64  0.19849886    5.401429  124.560021       4.002338   4.152523   1.840069
    65  0.19347926    5.264839  121.410173       4.186767   3.377776   0.016538
    66  0.17357450    4.723202  108.919735       4.555575  -0.604700  -1.764647
    67  0.16174579    4.401327  101.497099       4.707709  -0.981532  -0.233441
    68  0.18498471    5.033690  116.079753       5.235654  -3.918257  -1.854279
    69  0.22850011    6.217804  143.386103       5.707412   3.090430  -0.022985
    70  0.18640530    5.072346  116.971188       5.755645   1.517536  -0.521914
    71  0.14340913    3.902361   89.990665       6.254163  -2.615910  -1.726568
    72  0.15026773    4.088993   94.294501       7.166340  -0.348803  -1.213096
    73  0.20692113    5.630610  129.845081       7.230833   1.270696  -0.771230
    74  0.18872494    5.135467  118.426786       7.731556  -1.927093  -1.586496
