 Number of surface minima:    59
   #       a.u.         eV      kcal/mol           X/Y/Z coordinate(Angstrom)
     1  0.13316332    3.623558   83.561315      -7.157740  -0.108028  -1.314133
     2  0.12302085    3.347568   77.196815      -6.812076  -1.963769  -1.154913
     3  0.11420273    3.107614   71.663356      -6.274865  -0.991442  -0.722594
     4  0.12963579    3.527569   81.347751      -6.280514   0.134416  -3.307674
     5  0.11944919    3.250378   74.955560      -5.984766  -1.960214  -3.264684
     6  0.12167931    3.311062   76.354983      -5.877982   0.247493  -0.563215
     7  0.11318974    3.080050   71.027696      -5.771813  -1.857060  -0.564289
     8  0.10904374    2.967231   68.426038      -5.435441  -0.884832  -3.242395
     9  0.11463913    3.119489   71.937199      -4.947063   0.272188  -3.037791
    10  0.12580799    3.423410   78.945772      -4.891139   0.401433  -0.194995
    11  0.15091215    4.106529   94.698885      -4.884746   3.947824   0.008810
    12  0.10682745    2.906923   67.035296      -4.807912  -1.708403  -3.044882
    13  0.12527283    3.408847   78.609952      -4.395517  -1.705689  -0.077960
    14  0.13307804    3.621238   83.507800      -4.140339  -0.652579   0.035577
    15  0.13917399    3.787117   87.333073      -4.054208   2.979794  -0.058714
    16  0.14109993    3.839524   88.541620      -3.999229   4.952686   1.781882
    17  0.11451988    3.116244   71.862369      -3.924902   0.391867  -2.680841
    18  0.11700351    3.183827   73.420872      -3.587487  -1.550107  -2.586177
    19  0.14250328    3.877712   89.422235      -3.712507   3.993427  -0.868484
    20  0.14823620    4.033712   93.019698      -3.456535   0.432556   3.075792
    21  0.14631184    3.981348   91.812146      -3.340369   5.184418  -1.544117
    22  0.12079476    3.286993   75.799922      -3.232096  -0.554902  -2.431762
    23  0.10268395    2.794172   64.435208      -2.983857  -1.742089   1.188430
    24  0.12527903    3.409016   78.613845      -2.988804   4.353891   1.977427
    25  0.04654272    1.266492   29.206022      -2.674756  -3.699690   3.109608
    26  0.13198907    3.591605   82.824460      -2.727909   4.180647  -1.503748
    27  0.13201452    3.592298   82.840430      -2.776313   5.222928   1.258359
    28  0.14183586    3.859550   89.003419      -2.635801   6.289500   0.208222
    29  0.12453289    3.388712   78.145631      -2.241524  -0.921510   2.057737
    30  0.12548537    3.414631   78.743325      -1.641866  -1.181566   2.394052
    31  0.12361799    3.363817   77.571526      -1.668333   0.258139   3.670007
    32  0.12612384    3.432004   79.143971      -1.716220   5.489255   0.598626
    33  0.06524579    1.775428   40.942383      -1.268067  -2.128615   3.172888
    34  0.03050642    0.830122   19.143086      -1.085421  -4.038399   1.389928
    35  0.15634599    4.254391   98.108673      -1.192069   3.632109   1.519660
    36  0.16027631    4.361340  100.574987      -0.874508   2.463287  -1.236693
    37  0.07510255    2.043644   47.127601      -0.718504  -0.392333  -1.124356
    38  0.14400270    3.918513   90.363136       0.001391   1.518211  -1.123415
    39  0.16125807    4.388055  101.191053      -0.034766   3.848348   0.805722
    40  0.02416242    0.657493   15.162160       0.578324  -3.314199  -2.279997
    41  0.15982411    4.349035  100.291228       0.843419   2.906543   1.021755
    42  0.02998612    0.815964   18.816591       0.892783  -1.446331  -1.974110
*   43 -0.00485455   -0.132099   -3.046280       1.127310  -4.604242   0.122945
    44  0.01821911    0.495767   11.432675       1.168539  -0.237445   2.537075
    45  0.01270833    0.345811    7.974606       2.069746  -2.104263   3.064732
    46 -0.00185658   -0.050520   -1.165023       2.200335  -3.820671   1.338471
    47  0.15521047    4.223492   97.396122       2.572217   1.980512  -1.208850
    48  0.07357394    2.002049   46.168385       2.694019  -2.974166  -1.049544
    49  0.12171006    3.311899   76.374277       2.643839   0.930610   1.254445
    50  0.10205884    2.777162   64.042941       2.919215  -2.443269  -2.901664
    51  0.13309225    3.621624   83.516715       3.783619   1.197100   1.202574
    52  0.11204308    3.048847   70.308151       6.050439   2.650436  -1.268677
    53  0.10723242    2.917942   67.289415       6.321083   0.693457  -2.202738
    54  0.10523887    2.863695   66.038446       6.317544   1.459787   1.118400
    55  0.09939823    2.704763   62.373383       6.528718  -0.459257   0.206475
    56  0.11533298    3.138370   72.372601       6.696587   1.742243  -1.720696
    57  0.10941703    2.977389   68.660279       6.853952   0.533727   0.601257
    58  0.12724984    3.462644   79.850546       7.274968   2.838544  -1.049544
    59  0.12357805    3.362730   77.546461       7.509837   1.861100   0.941724
 
 Number of surface maxima:    75
   #       a.u.         eV      kcal/mol           X/Y/Z coordinate(Angstrom)
     1  0.19958285    5.430926  125.240235      -7.538790   0.666022  -2.578058
     2  0.19256249    5.239892  120.834889      -7.186692  -2.634109  -2.496705
     3  0.15231589    4.144726   95.579746      -7.070864  -0.922862  -2.374029
     4  0.16114569    4.384997  101.120533      -6.146691   1.332829  -1.979330
     5  0.15299140    4.163108   96.003636      -5.567655  -2.992480  -1.954593
     6  0.21336038    5.805831  133.885772      -5.359723   4.909744   1.065160
     7  0.21375687    5.816620  134.134576      -5.084216   2.592501  -1.607316
     8  0.17009017    4.628389  106.733286      -4.951487  -0.655455  -0.802027
     9  0.17651078    4.803103  110.762278      -4.555039   3.469188   1.510162
    10  0.19296915    5.250958  121.090074      -4.422745  -1.632471   2.767762
    11  0.20161456    5.486211  126.515152      -4.290450  -3.904104  -1.414333
    12  0.16405734    4.464227  102.947623      -4.376883  -0.636002  -2.312606
    13  0.22822807    6.210402  143.215398      -4.283140   2.122609   2.404019
    14  0.18117776    4.930097  113.690854      -4.249148  -4.328387   1.091674
    15  0.17094176    4.651562  107.267663      -4.209662   5.428617  -0.014556
    16  0.21152396    5.755860  132.733400      -3.806760  -0.009418   1.450997
    17  0.17213803    4.684114  108.018338      -3.752501   1.604349  -1.174465
    18  0.21144031    5.753583  132.680910      -3.496685   6.548494  -1.049544
    19  0.18077949    4.919260  113.440938      -3.341463  -2.874022  -1.028935
    20  0.15117729    4.113743   94.865264      -3.099802  -0.127744   3.109053
    21  0.20154202    5.484237  126.469635      -2.950695   1.483935   1.352705
    22  0.17406923    4.736665  109.230181      -2.707254  -0.525250  -0.124759
    23  0.20954621    5.702042  131.492343      -2.833684   1.722756   3.710242
    24  0.19779425    5.382255  124.117871      -2.583746   2.106232   2.241065
    25  0.19750696    5.374438  123.937594      -2.629832   3.384994  -0.314986
    26  0.18896369    5.141963  118.576605      -2.517374  -3.646440  -0.891826
    27  0.16822418    4.577613  105.562357      -2.249807  -0.468398  -1.314133
    28  0.22127501    6.021199  138.852282      -2.264077   1.354858  -0.761748
    29  0.18259879    4.968766  114.582565      -1.909153  -1.873782  -1.896905
    30  0.19221423    5.230415  120.616352      -2.016354   4.117362   0.957404
    31  0.17322658    4.713735  108.701412      -1.974901   5.759752  -1.181839
    32  0.08568525    2.331614   53.768351      -1.505934  -3.285736   3.175452
    33  0.16464135    4.480119  103.314095      -1.384411  -0.912925   3.182330
    34  0.17991621    4.895769  112.899224      -1.279263  -0.050300   1.187071
    35  0.15924127    4.333175   99.925486      -1.173226  -2.566881   0.109996
    36  0.15264763    4.153753   95.787912      -0.985044  -1.049909   1.203572
    37  0.23063038    6.275772  144.722867      -0.910902   1.698845  -0.051294
    38  0.18363155    4.996869  115.230636      -0.888245   1.850235   2.506057
    39  0.23105719    6.287386  144.990699      -0.311892   2.399606   1.208183
    40  0.22571550    6.142031  141.638732      -0.418358   5.464174  -1.711016
    41  0.14121456    3.842643   88.613546      -0.034359  -1.827169  -1.017346
    42  0.17361666    4.724350  108.946189      -0.118056  -0.160009   0.080081
    43  0.20686023    5.628953  129.806863      -0.126031   4.168970  -0.917250
    44  0.04171769    1.135196   26.178265       0.228795  -4.714419  -1.799684
    45  0.14189418    3.861137   89.040017       0.187277  -3.447055   3.402856
    46  0.13152191    3.578893   82.531311       0.592242  -1.587767   2.104951
    47  0.09732225    2.648273   61.070687       0.617084  -3.308691   1.081785
    48  0.18568975    5.052875  116.522178       1.249365   0.926046  -1.189285
    49  0.18198883    4.952168  114.199810       1.197825   1.824717   1.395963
*   50  0.24992382    6.800773  156.829698       1.336263   3.779143  -1.446427
    51  0.11891934    3.235960   74.623073       1.654914  -2.238445  -0.236120
    52  0.15391565    4.188258   96.583610       1.565513  -0.644585   0.682905
    53  0.21084049    5.737262  132.304517       1.728342   2.715985  -0.190230
    54  0.13859247    3.771293   86.968161       1.871648  -2.521755  -2.389117
    55  0.14843601    4.039149   93.145078       2.427675  -1.515164  -0.388073
    56  0.24396346    6.638583  153.089508       2.823626   3.652495   0.878574
    57  0.17310606    4.710455  108.625782       3.049807  -0.127744  -2.176122
    58  0.21964284    5.976786  137.828077       3.141869   0.930610  -1.132498
    59  0.20311887    5.527146  127.459122       3.268914   0.272061   0.278033
    60  0.11615695    3.160791   72.889650       3.810900  -2.996975  -2.350948
    61  0.04856855    1.321617   30.477249       3.659456  -2.501730   2.002713
    62  0.19430153    5.287213  121.926153       4.095837   2.966771   0.429657
    63  0.16416683    4.467207  103.016328       4.503742  -3.038219  -0.589893
    64  0.18792597    5.113726  117.925425       4.589714  -1.707924  -3.171774
    65  0.17438470    4.745249  109.428145       4.592227  -0.784409  -1.947430
    66  0.16954364    4.613517  106.390330       4.727861  -1.326242  -0.911380
    67  0.21369212    5.814858  134.093941       5.212376   3.942075   0.924209
    68  0.17467214    4.753071  109.608516       5.499328   1.327493  -1.221767
    69  0.16839719    4.582321  105.670922       5.687477   0.666022   0.196959
    70  0.20063266    5.459492  125.899002       6.028505  -1.915135  -1.910875
    71  0.15727557    4.279686   98.691992       6.621093   3.179613   0.336810
    72  0.15075751    4.102320   94.601846       7.086860  -0.751910  -1.541415
    73  0.14987809    4.078390   94.050001       8.121323   1.322035  -0.535298
    74  0.19504602    5.307472  122.393328       8.260453   2.910434   0.130891
    75  0.19090680    5.194838  119.795929       8.648926  -0.004136  -1.332197
