 Number of surface minima:    72
   #       a.u.         eV      kcal/mol           X/Y/Z coordinate(Angstrom)
     1  0.08078089    2.198160   50.690816      -8.062693  -2.369357   0.201441
     2  0.07864349    2.139998   49.349578      -8.089229  -0.384999  -1.573181
     3  0.07745702    2.107713   48.605052      -7.945799  -1.553423   1.064882
     4  0.07495758    2.039699   47.036631      -7.943115   0.399469  -0.751728
     5  0.08468588    2.304420   53.141237      -7.268374  -0.859772  -2.102360
     6  0.08968337    2.440409   56.277214      -7.273152  -2.747800  -0.225705
     7  0.07703100    2.096120   48.337722      -7.021907   0.666880  -0.496815
     8  0.07920036    2.155151   49.699019      -6.880385  -1.146077   1.460655
     9  0.06359553    1.730522   39.906832      -5.707680   2.038108  -1.554282
    10  0.16563123    4.507055  103.935252      -4.314749  -3.163123   0.481219
    11  0.18435650    5.016595  115.685545      -4.190006  -3.365275  -1.643041
    12  0.17493041    4.760098  109.770579      -3.959751  -1.949432  -1.931981
    13  0.15183352    4.131600   95.277050      -3.856559  -1.852424   0.674482
    14  0.17227057    4.687720  108.101503      -3.865591  -0.918257  -1.986477
    15  0.05087546    1.384392   31.924861      -3.390581   1.864060   1.008504
    16  0.15614827    4.249010   97.984599      -3.021488  -2.600923   0.729590
    17  0.18006702    4.899873  112.993854      -2.998012  -2.702459  -1.906284
    18  0.07339376    1.997146   46.055316      -3.050058   2.788637  -2.497665
    19  0.05309553    1.444803   33.317979      -2.880782   2.838838   0.168849
    20  0.16196709    4.407349  101.635966      -2.025398  -2.245124   0.774660
    21  0.05210119    1.417745   32.694015      -2.037589   3.042678   0.003492
    22 -0.00159783   -0.043479   -1.002651      -1.758027   0.665087   3.816060
    23  0.06227802    1.694671   39.080082      -1.474262   1.799497  -0.779417
    24  0.04673051    1.271602   29.323864      -1.077379   5.111364  -0.143826
*   25 -0.01181668   -0.321548   -7.415087      -0.548202   1.334883   4.312641
    26  0.10644260    2.896450   66.793796      -0.310418   2.865823  -1.232892
    27  0.03428322    0.932894   21.513064       0.091004   3.789734   1.543139
    28  0.01736796    0.472606   10.898569       0.387279  -0.905788   2.805397
    29  0.20270493    5.515882  127.199373       0.478308  -3.295417  -0.316258
    30  0.21067528    5.732766  132.200845       0.486478  -1.840180  -2.679772
    31  0.20372816    5.543725  127.841457       0.512122  -1.059882  -1.693831
    32  0.10274060    2.795714   64.470753       0.909637   3.587492  -0.115391
    33  0.02738144    0.745087   17.182130       1.303918  -0.746040   3.489787
    34  0.18956661    5.158370  118.954946       1.420376  -3.719374  -0.921981
    35  0.19584790    5.329292  122.896515       1.445719  -1.437922  -2.230468
    36  0.03878334    1.055348   24.336931       1.908473   1.705368   1.544964
    37  0.18606905    5.063196  116.760192       2.389193  -3.390459  -0.221981
    38  0.19842805    5.399502  124.515583       2.494567  -3.902062  -1.705477
    39  0.17905415    4.872311  112.358269       2.527378  -2.967168   0.675820
    40  0.18734402    5.097890  117.560247       2.636237  -0.497494  -0.241368
    41  0.03717071    1.011467   23.324994       2.542105   0.720950   2.840067
    42  0.12796488    3.482102   80.299244       2.560852   3.451592  -1.771487
    43  0.19563172    5.323410  122.760861       2.890114  -1.973366  -2.497768
    44  0.19129458    5.205390  120.039265       2.812866  -1.257292  -1.651766
    45  0.12310883    3.349962   77.252022       2.768808   3.575240  -0.640856
    46  0.12089761    3.289791   75.864461       3.296079   3.580329   0.674391
    47  0.11831005    3.219380   74.240739       3.430463   3.710271  -2.757444
    48  0.13418720    3.651419   84.203807       3.685216   1.537289   0.878226
    49  0.14991814    4.079480   94.075130       3.949804   1.241520  -0.872780
    50  0.10891909    2.963839   68.347821       3.992102   4.032272  -0.481955
    51  0.13427413    3.653785   84.258362       3.994422   1.599472   0.852732
    52  0.12976977    3.531215   81.431827       4.199930   1.159568  -2.649579
    53  0.11553902    3.143977   72.501892       4.388994   4.032655  -2.597107
    54  0.06314891    1.718369   39.626571       4.494437  -2.095041   3.194072
    55  0.11372872    3.094716   71.365906       4.611276   4.185338  -1.308594
    56  0.13773050    3.747837   86.427265       4.875865   1.524543  -3.632526
    57  0.13239647    3.602691   83.080109       5.008159   1.673010   0.014349
    58  0.10666340    2.902459   66.932352       5.059917  -2.871318   0.462990
    59  0.10315412    2.806966   64.730239       5.061341  -1.809732   0.729002
    60  0.12544275    3.413471   78.716579       5.152822   1.495260  -2.486252
    61  0.12973686    3.530319   81.411175       5.511826   1.696330  -1.184915
    62  0.10839405    2.949552   68.018353       5.656830  -0.655890  -1.859897
    63  0.13170859    3.583973   82.648456       5.670493   4.250175  -2.367567
    64  0.10842330    2.950348   68.036706       5.736287  -2.831878  -2.366949
    65  0.13573611    3.693567   85.175765       5.720659   2.128649   0.197672
    66  0.09583731    2.607866   60.138873       5.909678  -3.439688   0.237275
    67  0.09407431    2.559892   59.032571       5.996449  -1.178708   0.738050
    68  0.14061802    3.826411   88.239213       6.336789   2.136140  -2.362781
    69  0.10025790    2.728156   62.912836       6.592603  -2.345192  -2.372131
    70  0.10167536    2.766727   63.802303       6.575125  -1.180108  -2.109062
    71  0.09123453    2.482618   57.250583       6.926632  -2.898534   0.212997
    72  0.09038058    2.459381   56.714719       6.961071  -1.707886   0.474949
 
 Number of surface maxima:    78
   #       a.u.         eV      kcal/mol           X/Y/Z coordinate(Angstrom)
     1  0.16712297    4.547647  104.871334     -10.276928  -0.914120  -0.085825
     2  0.12513174    3.405008   78.521419      -9.297757  -1.849179  -1.055659
     3  0.12034548    3.274767   75.517992      -9.018703  -0.096319   0.693199
     4  0.17657076    4.804735  110.799919      -8.975734  -2.864286  -2.346012
     5  0.16490003    4.487158  103.476418      -8.353566   0.919091   1.812098
     6  0.13525594    3.680501   84.874452      -7.008593  -1.665841   0.146643
     7  0.13271151    3.611264   83.277801      -7.004959  -0.517237  -0.985852
     8  0.12359003    3.363056   77.553982      -6.707736   0.599416   1.395590
     9  0.08525344    2.319864   53.497384      -5.860700   1.065094  -2.381002
    10  0.20938578    5.697677  131.391673      -5.687445  -3.122256  -2.604693
    11  0.16642510    4.528657  104.433415      -5.015428   0.684933   1.477902
    12  0.19853191    5.402328  124.580760      -4.856234  -2.443972  -1.383209
    13  0.24314401    6.616285  152.575296      -4.668951  -4.127869  -0.525375
    14  0.21989818    5.983734  137.988307      -4.601648   0.588795  -0.382534
    15  0.18805200    5.117155  118.004512      -3.983081   2.391961  -1.571650
    16  0.07098353    1.931560   44.542877      -3.830011   2.840116   0.725816
    17  0.06615931    1.800287   41.515632      -3.687951  -0.096386   2.550693
    18  0.22449260    6.108754  140.871352      -3.619534   0.351442  -2.159741
    19  0.21624517    5.884330  135.696007      -3.031189  -3.949056  -0.749825
    20  0.23371071    6.359592  146.655805      -2.797205  -1.414174   0.199954
    21  0.25520129    6.944380  160.141363      -2.640924  -1.429791  -1.389669
    22  0.20007650    5.444358  125.550005      -2.646402   0.943836  -0.115503
    23  0.21224360    5.775442  133.184984      -2.445538   0.276529  -1.750693
    24  0.14678861    3.994321   92.111319      -2.265111   3.595087   2.278971
    25  0.10567427    2.875543   66.311660      -2.009827   1.880575  -2.869902
    26  0.13473544    3.666338   84.547837      -1.930039   1.334883   0.782712
    27  0.08597554    2.339513   53.950512      -1.474262   4.421980   0.720148
    28  0.27306832    7.430567  171.353101      -1.469422  -4.474591  -0.643299
    29  0.18413568    5.010587  115.546981      -1.209673  -0.517237   0.733106
    30  0.11512961    3.132836   72.244979      -1.209673   2.047197   2.446489
    31  0.26069820    7.093959  163.590729      -0.791605  -2.852848  -1.262907
    32  0.18373414    4.999660  115.295009      -0.838124   4.233778  -2.677576
    33  0.23435729    6.377186  147.061543      -0.739422  -0.914120  -1.440888
    34  0.12202989    3.320602   76.574977      -0.492734   0.011940   2.583408
*   35  0.28537765    7.765521  179.077327      -0.303796  -3.169683  -2.905202
    36  0.19711775    5.363847  123.693360      -0.151319   1.660371  -0.117945
    37  0.20665962    5.623494  129.680981       0.377858   0.011940   0.216082
    38  0.23800790    6.476524  149.352337       0.353682   1.192847  -2.148353
    39  0.11481110    3.124169   72.045112       0.614389   2.336566   1.588154
    40  0.14321882    3.897182   89.871239       1.097285   0.541117   1.624061
    41  0.23388536    6.364344  146.765403       1.321115  -3.137599  -2.622401
    42  0.26352436    7.170863  165.364174       1.310940  -2.617948   0.018279
    43  0.26636519    7.248165  167.146818       1.467419  -1.239621  -0.779417
    44  0.03728123    1.014474   23.394347       1.405804   1.983091   4.452566
    45  0.16303637    4.436445  102.306951       1.411428   2.916186  -0.273551
    46  0.17977849    4.892022  112.812802       1.502575   5.291773  -0.820249
    47  0.23270404    6.332199  146.024115       1.700801   0.466932  -0.985897
    48  0.21362851    5.813127  134.054029       1.691366   1.328039  -2.107729
    49  0.23194590    6.311569  145.548370       1.691322   1.596064  -3.695018
    50  0.21552601    5.864761  135.244724       1.834623  -0.387452   1.470539
    51  0.16329712    4.443541  102.470577       2.058578   2.636570   0.115884
    52  0.22247291    6.053796  139.603973       2.501336  -2.501069   1.872260
    53  0.26217377    7.134111  164.516660       2.890573  -3.296450  -3.028749
    54  0.20001637    5.442722  125.512275       3.005123  -0.821346  -0.911711
    55  0.21345261    5.808341  133.943645       3.343141  -3.295417  -1.278812
    56  0.18096044    4.924184  113.554484       3.440421   2.541667   1.627620
    57  0.18186717    4.948857  114.123465       3.476164  -0.990877   3.112655
    58  0.23927300    6.510949  150.146200       3.629319  -1.102311   0.884513
    59  0.17043326    4.637725  106.948577       3.757140   3.319298  -1.633553
    60  0.21909232    5.961805  137.482621       3.912284  -4.757806  -1.199246
    61  0.20058160    5.458103  125.866962       3.897130   0.541117  -0.016409
    62  0.15862857    4.316503   99.541016       4.004780   1.202589  -0.100712
    63  0.17980534    4.892752  112.829647       4.214393   1.785875  -1.545545
    64  0.20636387    5.615447  129.495394       4.611276   2.624882  -4.813025
    65  0.15087943    4.105638   94.678348       4.723529   2.913910   0.772406
    66  0.08953181    2.436284   56.182105       4.865888  -2.732890   2.015075
    67  0.15636870    4.255009   98.122923       5.529101  -1.842641  -1.569961
    68  0.16012298    4.357168  100.478770       5.537336   3.054709  -3.491698
    69  0.15380155    4.185153   96.512012       5.662920   0.408388  -0.387844
    70  0.14844198    4.039312   93.148825       5.784086  -2.245810  -0.017496
    71  0.19645043    5.345688  123.274611       6.329429   3.450755   0.542656
    72  0.15836891    4.309437   99.378077       6.366724   3.198894  -1.156538
    73  0.20244884    5.508913  127.038674       6.966894   3.446762  -2.650216
    74  0.18745262    5.100845  117.628396       7.257162  -4.816128  -1.638656
    75  0.19423351    5.285362  121.883468       7.364478   0.756999  -0.527760
    76  0.13904656    3.783649   87.253106       7.775482  -3.283922  -1.442832
    77  0.14119589    3.842135   88.601830       7.830988  -0.752236  -0.886122
    78  0.18260067    4.968817  114.583744       8.937633  -1.981633  -1.335424
