 Number of surface minima:    63
   #       a.u.         eV      kcal/mol           X/Y/Z coordinate(Angstrom)
     1  0.13674247    3.720952   85.807269      -6.585902  -1.222658  -2.314476
     2  0.12854948    3.498009   80.666085      -6.150268  -3.349653  -2.452322
     3  0.13038626    3.547991   81.818685      -6.044432  -1.260351  -0.086308
     4  0.12321345    3.352808   77.317671      -5.904530   1.115020  -0.743923
     5  0.12559239    3.417543   78.810483      -5.667937   3.607187  -1.689174
     6  0.12456874    3.389688   78.168130      -5.656476  -0.872803  -1.278953
     7  0.11664698    3.174126   73.197148      -5.659632   0.964106   1.225132
     8  0.12605911    3.430243   79.103354      -5.262959  -0.699216  -2.582635
     9  0.12246540    3.332453   76.848260      -5.262959   4.975304  -0.474254
    10  0.13732301    3.736749   86.171560      -5.130665  -0.820498  -3.732962
    11  0.11008687    2.995616   69.080609      -5.027287  -3.444528  -1.429131
    12  0.12315738    3.351283   77.282486      -5.031715  -0.804996  -0.371580
    13  0.10822091    2.944841   67.909701      -5.068454   3.009930   2.813436
    14  0.11166109    3.038453   70.068452      -4.843499   4.574574   2.191287
    15  0.11242848    3.059335   70.549996      -4.750310  -3.294966  -2.748618
    16  0.12792263    3.480952   80.272732      -4.617969   0.011230  -0.102827
    17  0.10570717    2.876438   66.332305      -4.469186  -3.401367  -0.625956
    18  0.13124555    3.571373   82.357895      -4.181616  -0.462323  -2.856723
    19  0.11551188    3.143238   72.484860      -3.781458  -3.104718  -2.987062
    20  0.11880281    3.232789   74.549952      -3.698192  -3.053483   0.549205
    21  0.14762653    4.017122   92.637125      -3.543133  -0.454342  -1.798899
    22  0.11298086    3.074366   70.896619      -3.569266   3.731667   2.898024
    23  0.11940896    3.249283   74.930316      -3.266784  -3.122684  -0.881703
    24  0.12499977    3.401417   78.438605      -2.861451  -2.979174  -1.933225
    25  0.18936030    5.152756  118.825482      -2.642321   1.172277  -0.417244
    26  0.18262426    4.969459  114.598550      -2.566951   1.807192  -1.237566
    27  0.19352100    5.265974  121.436360      -2.511238   2.806049  -2.131086
    28  0.18951887    5.157071  118.924989      -2.078927   4.411322  -0.750604
    29  0.18082186    4.920413  113.467523      -1.977890   3.164237   1.177834
    30  0.03528688    0.960205   22.142872      -1.879901  -1.606881   1.490493
    31  0.17485512    4.758050  109.723337      -1.901871   3.795216   0.353575
    32  0.05250997    1.428869   32.950530      -1.701300   0.315179   2.673722
    33  0.09853119    2.681170   61.829304      -1.294130  -3.464771  -0.291697
    34  0.18721914    5.094492  117.481885      -1.362565   1.953224  -1.885300
    35  0.18156083    4.940521  113.931234      -0.788304   3.955521  -0.279886
    36  0.03046476    0.828988   19.116942      -0.453326  -3.752252   1.272943
    37  0.19138311    5.207799  120.094817      -0.398161   1.428559  -1.616199
    38  0.19926864    5.422375  125.043062      -0.448033   2.338579  -2.426005
    39  0.01390060    0.378255    8.722766      -0.170113   0.599262   2.879098
    40  0.10857357    2.954437   68.131001      -0.048424  -2.818173  -1.497219
    41  0.18979828    5.164674  119.100321       0.056296   3.402445   0.093099
    42  0.04524297    1.231124   28.390416       0.485934  -5.194289  -0.626216
*   43 -0.01807626   -0.491880  -11.343032       0.545485  -1.818409   4.128882
    44  0.04651638    1.265775   29.189495       1.577126  -1.869953  -0.768709
    45  0.04782891    1.301491   30.013121       1.696693  -3.162497  -0.361628
    46 -0.00830934   -0.226109   -5.214197       1.852847  -1.430275   3.690641
    47  0.15592100    4.242826   97.841985       2.302734   2.035665   0.832385
    48  0.17395922    4.733671  109.161148       3.212588   2.426057  -1.937202
    49  0.06405606    1.743054   40.195818       3.242708  -2.040633   0.167550
    50  0.15386582    4.186902   96.552343       3.456918   2.281011   0.677513
    51  0.14583119    3.968268   91.510529       4.024854   0.457419   0.601773
    52  0.16561393    4.506584  103.924394       4.157177   1.647895  -2.045290
    53  0.14718070    4.004991   92.357364       4.277963   1.505752   0.585752
    54  0.17742436    4.827962  111.335561       4.504119   2.804240  -1.859714
    55  0.16768532    4.562950  105.224214       4.713186   2.708507   0.353917
    56  0.11209732    3.050323   70.342188       5.356469  -0.866141  -3.355634
    57  0.08551276    2.326921   53.660113       5.541527  -0.800168   1.446847
    58  0.10107441    2.750375   63.425204       6.643528  -1.617780  -2.281241
    59  0.09090398    2.473623   57.043157       6.810184  -1.689859   0.448334
    60  0.10608789    2.886798   66.571214       6.837965  -0.032907  -3.404397
    61  0.09232930    2.512408   57.937557       7.288980  -0.236676   1.323711
    62  0.11030813    3.001637   69.219456       7.705657   2.026710  -2.078672
    63  0.10648922    2.897719   66.823049       7.900145   1.955333  -0.097039
 
 Number of surface maxima:    89
   #       a.u.         eV      kcal/mol           X/Y/Z coordinate(Angstrom)
     1  0.19869926    5.406882  124.685770      -7.274502  -2.350712  -2.758112
     2  0.19359503    5.267989  121.482820      -6.632317  -2.497521   0.432138
     3  0.15409543    4.193150   96.696420      -6.629580  -2.364126  -1.287688
     4  0.18008584    4.900385  113.005666      -6.629704   1.876691   0.410148
     5  0.18314398    4.983601  114.924681      -6.405219   3.896215  -0.346512
     6  0.14066776    3.827764   88.270424      -6.133750  -0.965841  -2.185702
     7  0.17441131    4.745973  109.444841      -6.100487   3.728886   1.728618
     8  0.15817926    4.304277   99.259067      -5.839658  -1.970978  -3.584212
     9  0.13613274    3.704360   85.424657      -5.467625   0.301833  -0.037116
    10  0.16156665    4.396452  101.384691      -5.395254   2.997317   0.481736
    11  0.15823766    4.305866   99.295712      -5.152239   2.414057  -0.903438
    12  0.15026701    4.088973   94.294053      -5.034712  -2.092015   0.644661
    13  0.13979215    3.803938   87.720975      -5.030034   4.543987  -1.691407
    14  0.20454506    5.565954  128.354071      -4.896256  -1.828248  -4.911805
    15  0.14557624    3.961331   91.350547      -4.916243   2.103786   1.490493
    16  0.15325670    4.170327   96.170112      -4.574784   4.303831   0.582537
    17  0.19588132    5.330202  122.917488      -4.489061   0.679044  -1.577121
    18  0.12222385    3.325880   76.696685      -4.442979   3.922782   2.862438
    19  0.17834231    4.852941  111.911586      -4.292671  -1.101642  -1.669446
    20  0.17858462    4.859535  112.063632      -4.204605   0.084495   1.358198
    21  0.20258414    5.512595  127.123576      -4.194302   2.979391  -2.465382
    22  0.16744739    4.556475  105.074913      -4.032836  -2.690404  -1.783916
    23  0.18218190    4.957422  114.320963      -3.656310  -1.931226   1.516550
    24  0.16810720    4.574430  105.488950      -3.682174   2.175542   3.061717
    25  0.19743521    5.372485  123.892566      -3.466743   5.273113  -0.653612
    26  0.20343090    5.535636  127.654923      -3.305693   1.742354   1.216050
    27  0.20361869    5.540746  127.772767      -3.158152   2.809181  -1.294068
    28  0.18294835    4.978278  114.801921      -3.158102   4.930085   1.747157
    29  0.19152998    5.211796  120.186975      -3.041638   1.477368  -0.650530
    30  0.21411881    5.826469  134.361694      -2.965686   0.996054   0.589849
    31  0.20129282    5.477456  126.313257      -2.872281   3.896618  -0.484035
    32  0.20821482    5.665813  130.656884      -2.607885   2.439805   1.640837
    33  0.25708183    6.995552  161.321416      -2.473950   4.262151  -2.195152
    34  0.15944700    4.338774  100.054588      -2.328238  -2.344053  -0.050447
    35  0.21574759    5.870790  135.383767      -2.296453   0.490159   0.488170
    36  0.17694087    4.814806  111.032163      -2.144170  -5.013907  -1.035586
    37  0.21049393    5.727831  132.087048      -1.819924  -1.015449  -2.215668
    38  0.15893322    4.324793   99.732184      -1.720005  -2.669773  -0.422759
    39  0.22939956    6.242279  143.950516      -1.783781  -1.268550  -3.801280
    40  0.23064603    6.276198  144.732692      -1.651594  -0.176189  -0.989292
    41  0.03173503    0.863554   19.914047      -1.554420  -2.079049   4.278326
    42  0.26438183    7.194195  165.902239      -1.299516   1.488039  -0.497414
    43  0.21651454    5.891660  135.865036      -1.327012   2.142427   1.960916
    44  0.22604767    6.151070  141.847171      -1.029542   3.671524  -2.081454
    45  0.13882404    3.777594   87.113471      -0.968328  -0.491933   1.622787
    46  0.25920750    7.053395  162.655299      -0.930493   2.757699   0.421169
    47  0.11027469    3.000727   69.198470      -0.772340  -2.345433   1.353053
    48  0.23431999    6.376171  147.038138      -0.341085  -1.141847  -2.222644
    49  0.19869991    5.406899  124.686178      -0.220008   0.039882   0.168630
    50  0.19456712    5.294441  122.092812       0.029690  -1.681621  -0.229156
    51  0.18657364    5.076927  117.076827       0.227504  -4.093119  -3.007514
    52  0.11572428    3.149018   72.618146       0.661199  -0.418510   2.622269
*   53  0.27616608    7.514861  173.296974       0.563852   3.618547  -2.479639
    54  0.22592697    6.147785  141.771431       0.925922   0.825948  -1.302297
    55  0.08363696    2.275877   52.483029       1.064975  -4.575086   0.290698
    56  0.10733023    2.920604   67.350793       1.082101  -2.333829   2.276752
    57  0.25095461    6.828822  157.476527       1.122104   2.850362  -1.155393
    58  0.17063826    4.643303  107.077216       1.532197   0.085391   0.877168
    59  0.12624468    3.435293   79.219801       1.880933  -1.624072   0.622942
    60  0.26602417    7.238886  166.932828       2.013227   4.348222  -0.521671
    61  0.14272483    3.883740   89.561258       2.019221  -4.060098   1.754239
    62  0.17999697    4.897967  112.949898       2.683570  -0.760399   0.314528
    63  0.22049393    5.999945  138.362145       2.778302  -0.500502  -1.695374
    64  0.25256675    6.872691  158.488162       2.845923   1.259646  -1.369374
    65  0.23446094    6.380007  147.126583       3.085912   1.240099   0.187085
    66  0.21104199    5.742745  132.430961       3.531412   3.672138  -0.758511
    67  0.05584744    1.519686   35.044826       3.803753  -0.637873   2.645677
    68  0.09803058    2.667548   61.515170       4.013464  -2.354122  -1.028170
    69  0.18609300    5.063848  116.775216       4.577029  -0.465096  -0.062251
    70  0.18606855    5.063183  116.759876       4.807746  -0.593273  -0.875341
    71  0.16591544    4.514789  104.113595       4.981452  -1.889420  -2.184465
    72  0.18695520    5.087310  117.316258       5.188291   2.021659  -1.494106
    73  0.24044107    6.542734  150.879177       5.131559   3.684753  -0.921022
    74  0.14914828    4.058531   93.592040       5.278499  -1.953679   0.273719
    75  0.17986333    4.894330  112.866039       5.375673   0.831010  -3.613897
    76  0.18048388    4.911216  113.255439       5.352214   2.051913  -0.214424
    77  0.15746818    4.284927   98.812855       6.011978   0.754404   1.810770
    78  0.11856962    3.226443   74.403623       6.137126  -0.977849  -3.361135
    79  0.18702050    5.089087  117.357232       6.163040   2.815425  -2.429647
    80  0.12953352    3.524786   81.283580       6.448604  -1.021110  -1.050238
    81  0.17953240    4.885325  112.658376       6.493912   2.805851   0.543521
    82  0.10168964    2.767116   63.811266       6.720266  -1.076666   1.302642
    83  0.14219624    3.869356   89.229560       6.775822   0.963304  -2.251489
    84  0.13480652    3.668272   84.592439       7.055457   0.972906   0.173130
    85  0.14472676    3.938215   90.817489       7.231254   0.169539  -1.125304
    86  0.12460710    3.390732   78.192204       7.542119   2.810802  -1.041719
    87  0.16429333    4.470649  103.095707       7.881704  -0.718787  -2.316175
    88  0.15827876    4.306984   99.321504       8.146170  -0.719123   0.066883
    89  0.16798996    4.571239  105.415378       8.552934   1.095599  -1.256141
