 Number of surface minima:    59
   #       a.u.         eV      kcal/mol           X/Y/Z coordinate(Angstrom)
     1  0.12497808    3.400827   78.424997      -6.936370  -0.804456  -0.198794
     2  0.13703680    3.728961   85.991964      -6.813075   1.089704  -1.093382
     3  0.12162212    3.309506   76.319094      -6.489412  -1.674353  -2.269907
     4  0.13176660    3.585551   82.684857      -6.355482   0.179402  -3.062038
     5  0.11738856    3.194305   73.662497      -6.151603   0.184570  -0.278690
     6  0.11091758    3.018221   69.601889      -5.726977  -0.887621  -2.673824
     7  0.11502578    3.130011   72.179829      -5.867440  -0.679190   0.180239
     8  0.10991355    2.990900   68.971854      -5.380842  -1.750097  -2.209160
     9  0.12541841    3.412809   78.701308      -5.426942   1.177047  -0.609156
    10  0.11614130    3.160365   72.879825      -4.932062   0.040016  -2.936836
    11  0.14703093    4.000915   92.263379      -5.026838   2.963284   1.081327
    12  0.12866442    3.501137   80.738209      -4.582072  -0.689855   0.427058
    13  0.12713589    3.459544   79.779044      -4.473344   1.165651  -0.405026
    14  0.13202512    3.592586   82.847086      -4.200430   2.227789   0.828887
    15  0.14414047    3.922262   90.449588      -4.163221   3.053654   0.062897
    16  0.15670939    4.264279   98.336710      -4.220571   4.337491  -0.751719
    17  0.11853208    3.225422   74.380064      -4.010989  -1.820651  -1.887028
    18  0.13479196    3.667876   84.583305      -4.034894   0.174219   0.107842
    19  0.11489712    3.126510   72.099093      -3.915345   0.094682  -2.784222
    20  0.11974594    3.258453   75.141775      -3.373423  -1.013293  -2.138024
    21  0.14447602    3.931392   90.660148      -3.300294   3.366885  -0.873744
    22  0.14876175    4.048013   93.349487      -3.138379   5.624005   0.704266
    23  0.12677480    3.449718   79.552455      -2.964834   3.826117   2.567353
    24  0.13641195    3.711958   85.599862      -2.913270   4.679969   1.703117
    25  0.13344172    3.631134   83.736012      -2.064685   5.010728   0.839393
    26  0.06891608    1.875302   43.245529      -1.481121  -2.340224  -2.161787
    27  0.03548740    0.965661   22.268700      -1.231181  -4.355595   0.067142
    28  0.16276170    4.428971  102.134593      -1.152442   3.285464   1.719501
    29  0.03537893    0.962710   22.200630      -1.108045  -5.047178  -2.333436
    30  0.06751970    1.837305   42.369289      -0.829598  -0.644840  -1.006039
    31  0.14714480    4.004014   92.334836      -0.143348   0.835176  -0.818733
*   32 -0.01686697   -0.458974  -10.584195       0.154976  -3.717842   3.078384
    33  0.16084807    4.376899  100.933772       0.470134   4.368070  -2.203610
    34  0.04003162    1.089316   25.120240       0.513776  -3.270296  -1.799805
    35  0.00585395    0.159294    3.673415       0.576493  -0.939662   2.922822
    36  0.17486087    4.758206  109.726942       0.702618   2.624853   1.068063
    37  0.02858000    0.777701   17.934237       0.866897  -1.988062  -1.795137
    38  0.15312981    4.166874   96.090486       0.735130   2.641842  -2.723997
    39 -0.01315284   -0.357907   -8.253541       1.650222  -3.449494   2.710848
    40  0.16116863    4.385622  101.134929       1.806207   3.833038  -1.788810
    41  0.16724622    4.551001  104.948673       2.451559   1.708983  -1.260081
    42  0.15731492    4.280757   98.716686       2.447526   4.283792   0.814544
    43  0.11166190    3.038475   70.068961       2.602413  -1.468839   0.233419
    44  0.12625691    3.435625   79.227476       2.600093   0.515575   1.156617
    45  0.14152432    3.851073   88.807928       2.744995   3.055273   2.210382
    46  0.17592403    4.787136  110.394087       3.007858   3.055076  -0.698827
    47  0.14978241    4.075787   93.989959       3.876917   4.083253   1.095780
    48  0.12319992    3.352440   77.309183       4.104500  -1.134808   0.121758
    49  0.14820927    4.032979   93.002797       4.301065   1.046389  -1.796482
    50  0.13010301    3.540283   81.640938       4.582014  -0.145896   0.488229
    51  0.11756354    3.199067   73.772300       5.283304  -1.014359  -0.022381
    52  0.11088610    3.017364   69.582139       6.038890   0.137474  -2.567196
    53  0.11702813    3.184497   73.436320       5.991092   2.235401  -1.595205
    54  0.10894534    2.964554   68.364291       6.345886   1.044753   0.775612
    55  0.10186203    2.771807   63.919442       6.468819  -0.939662  -0.159809
    56  0.11932821    3.247086   74.879643       6.568043   1.177047  -2.155224
    57  0.11233322    3.056742   70.490217       6.945533   0.049002   0.184610
    58  0.13131226    3.573188   82.399759       7.259717   2.284997  -1.535216
    59  0.12687092    3.452333   79.612768       7.587801   1.306453   0.436359
 
 Number of surface maxima:    74
   #       a.u.         eV      kcal/mol           X/Y/Z coordinate(Angstrom)
     1  0.19428103    5.286656  121.913287      -7.756859  -1.608016  -1.282547
     2  0.20256685    5.512124  127.112722      -7.262980   1.388613  -2.514299
     3  0.15486532    4.214100   97.179535      -7.184395  -0.126997  -1.784627
     4  0.15470157    4.209644   97.076780      -6.220217  -2.198924  -0.609156
     5  0.16398128    4.462158  102.899892      -5.699719   1.706224  -2.406275
     6  0.21326704    5.803291  133.827200      -5.479424   4.093994   2.040953
     7  0.20220475    5.502271  126.885503      -5.164747  -3.260164   0.052316
     8  0.17272963    4.700212  108.389568      -4.828660   0.050505  -0.545049
     9  0.16706403    4.546044  104.834352      -4.594211  -0.600482  -1.989802
    10  0.17472506    4.754511  109.641722      -4.543022   4.738246   0.723416
    11  0.17333746    4.716752  108.770991      -4.420456   2.771070   2.437688
    12  0.21692197    5.902747  136.120708      -4.245140   2.686628  -2.539227
    13  0.21879387    5.953684  137.295339      -4.153056   5.803386  -0.436729
    14  0.16002634    4.354538  100.418127      -4.129139   3.835632  -0.597646
    15  0.18234723    4.961920  114.424710      -3.888857  -2.476223  -0.037166
    16  0.22127843    6.021292  138.854430      -3.831406   1.512829   3.298573
    17  0.17659993    4.805528  110.818221      -3.591589  -4.200597  -2.064393
    18  0.18995689    5.168990  119.199847      -3.234954  -3.319637   0.454982
    19  0.17504939    4.763336  109.845242      -3.203633   1.611426  -1.778829
    20  0.19460266    5.295408  122.115115      -2.916952  -1.204251   0.978376
    21  0.20117785    5.474328  126.241115      -2.863996   2.711476   0.263802
    22  0.18319457    4.984978  114.956427      -2.711951   5.079243  -0.873744
    23  0.20936755    5.697181  131.380233      -2.508018   1.150204   2.433613
    24  0.15714964    4.276259   98.612970      -2.182774  -1.844789  -1.357899
    25  0.16425387    4.469575  103.070947      -2.242778  -0.644389  -1.138333
    26  0.19659008    5.349488  123.362241      -2.208751   3.682256   1.324165
    27  0.03801894    1.034548   23.857267      -2.091882  -3.206809   3.359673
    28  0.23120587    6.291432  145.083993      -2.060763  -0.005870   3.111163
    29  0.22296588    6.067210  139.913318      -1.827169   1.167021  -1.430270
    30  0.14959196    4.070604   93.870452      -1.493223  -2.601550   0.449199
    31  0.16860179    4.587888  105.799312      -1.368325  -3.184473  -4.184441
*   32  0.23689079    6.446126  148.651338      -1.248152   4.921959  -1.677928
    33  0.17599454    4.789055  110.438334      -1.109938  -0.389580   1.520306
    34  0.22845778    6.216652  143.359541      -1.012848   1.258883   0.266446
    35  0.20652849    5.619926  129.598690      -0.968702   3.308642  -1.260628
    36  0.22338232    6.078542  140.174639      -0.739309   3.422465  -2.732753
    37  0.20915198    5.691315  131.244957      -0.478728   3.929474  -0.615281
    38  0.15223009    4.142391   95.525901      -0.306262  -1.844417  -0.837939
    39  0.07678880    2.089529   48.185738      -0.313519  -4.915358  -1.272124
    40  0.23649116    6.435252  148.400569      -0.228153   2.089381   1.349155
    41  0.17717130    4.821076  111.176761      -0.082717  -0.410485   0.177286
    42  0.10087865    2.745048   63.302361       0.367683  -3.585548   1.147536
    43  0.10345486    2.815150   64.918960       0.621731  -1.978537   2.206584
    44  0.19274200    5.244777  120.947535       0.614490   3.435718   0.334544
    45  0.13638241    3.711154   85.581325       0.992289  -5.096424  -0.110601
    46  0.19833514    5.396974  124.457282       1.132293   1.580398  -1.127849
    47  0.22423499    6.101744  140.709696       1.053222   4.942221  -0.812811
    48  0.16960205    4.615107  106.426985       1.128359   3.959157  -2.334270
    49  0.11740520    3.194758   73.672936       1.389172  -2.600773  -0.285852
    50  0.21943632    5.971166  137.698487       1.271047   3.302989   1.510744
    51  0.15186192    4.132373   95.294870       1.653528  -1.063234   0.581400
    52  0.21730548    5.913183  136.361360       1.557539   2.381682  -0.203320
    53  0.19288140    5.248570  121.035007       1.662112   1.841259   1.111463
    54  0.22085934    6.009888  138.591443       2.136021   2.353218  -2.090133
    55  0.14692715    3.998091   92.198254       2.291765  -1.899467  -0.618965
    56  0.22617086    6.154422  141.924477       2.976704   0.647870  -1.185869
    57  0.16196433    4.407273  101.634234       2.943302   4.167796   1.365865
    58  0.22133925    6.022947  138.892592       3.209852  -2.575588  -1.808492
    59  0.20709781    5.635418  129.955950       3.246695  -0.008642   0.192094
    60  0.21836402    5.941987  137.025603       3.356083   4.351069  -0.472232
    61  0.04500137    1.224550   28.238812       3.612865  -3.063943   1.625236
    62  0.19390043    5.276299  121.674456       4.199451   2.674119  -0.188254
    63  0.19046446    5.182802  119.518353       4.299647  -1.521423  -1.720094
    64  0.18513392    5.037750  116.173386       4.413330   2.227593   0.812294
    65  0.20393647    5.549394  127.972174       4.364545   3.061272   2.101629
    66  0.17925447    4.877762  112.483975       5.383629   0.912458  -1.484049
    67  0.21905348    5.960748  137.458252       5.499650   3.567976   0.589760
    68  0.20287610    5.520540  127.306784       5.636270  -2.380922  -2.184546
    69  0.17276326    4.701127  108.410673       5.625200   0.256101  -0.080564
    70  0.15286962    4.159794   95.927217       6.813238  -1.285981  -1.881534
    71  0.16204799    4.409550  101.686736       6.725988   2.677328  -0.059346
    72  0.15290877    4.160859   95.951785       8.009657   0.783221  -1.142837
    73  0.19339822    5.262633  121.359318       8.400770  -0.627228  -1.884253
    74  0.19822682    5.394026  124.389311       8.278048   2.372868  -0.470805
