 Number of surface minima:    69
   #       a.u.         eV      kcal/mol           X/Y/Z coordinate(Angstrom)
     1  0.13024159    3.544054   81.727898      -7.031934  -1.477838  -1.736091
     2  0.11027134    3.000636   69.196370      -6.113057  -2.144058  -0.956259
     3  0.12818001    3.487955   80.434237      -6.023570  -1.756313  -3.657047
     4  0.11713235    3.187333   73.501719      -5.847998  -0.947087  -0.955168
     5  0.10911979    2.969301   68.473762      -5.445288  -2.794349  -0.564948
     6  0.15292477    4.161295   95.961825      -5.347980   2.485488  -1.758642
     7  0.11971748    3.257678   75.123918      -5.058865  -0.579846  -0.605140
     8  0.11549116    3.142674   72.471857      -4.963942   0.628019   2.596007
     9  0.10730605    2.919946   67.335622      -4.916651  -2.403299  -3.316238
    10  0.11300078    3.074908   70.909119      -4.640594  -1.079726  -3.299632
    11  0.13862650    3.772219   86.989515      -4.370817   1.863153  -1.332391
    12  0.11404354    3.103283   71.563462      -4.339541   3.415634   3.182081
    13  0.10518816    2.862315   66.006624      -4.260120  -3.067435  -2.940618
    14  0.12066925    3.283577   75.721162      -4.207470  -2.375868  -0.025019
    15  0.12485793    3.397557   78.349598      -4.132805  -1.282396  -0.092748
    16  0.11962297    3.255106   75.064609      -4.024121  -0.475920   1.375199
    17  0.14046441    3.822231   88.142824      -4.027982   2.432198  -2.463692
    18  0.12201769    3.320270   76.567318      -3.978769   4.239448  -0.141581
    19  0.11293023    3.072988   70.864848      -3.868217  -0.704981  -2.978027
    20  0.12733828    3.465051   79.906045      -3.748058   4.733803  -1.226856
    21  0.13831497    3.763742   86.794025      -3.574794   5.174930  -2.514892
    22  0.10168734    2.767053   63.809822      -3.347591  -0.532348   3.263243
    23  0.11601240    3.156858   72.798940      -3.206745  -2.562976  -2.458261
    24  0.12792438    3.480999   80.273829      -3.106638   2.568298  -3.077130
    25  0.11662099    3.173418   73.180836      -3.034221   4.393715   2.391555
    26  0.10238475    2.786031   64.247452      -2.942157  -2.351027   1.165630
    27  0.11968982    3.256926   75.106560      -2.971093  -1.487902  -2.445831
    28  0.12116056    3.296947   76.029465      -2.654680   4.902947  -1.859549
    29  0.16422149    4.468694  103.050626      -2.525308   0.936898  -0.008360
    30  0.10530871    2.865596   66.082272      -2.574908   3.614043   4.009925
    31  0.04293533    1.168330   26.942352      -2.442833  -3.213514   3.762860
    32  0.08611112    2.343203   54.035587      -1.883802  -3.616986   1.370268
    33  0.15107743    4.111026   94.802597      -1.856712   3.821342  -0.131770
    34  0.07026577    1.912029   44.092472      -1.750151  -1.224804   3.148455
    35  0.08510763    2.315896   53.405886      -1.651256   0.240570   4.546057
    36  0.09034682    2.458462   56.693534      -0.981530   1.904637   4.681816
    37  0.06853875    1.865034   43.008750      -0.887553  -0.218418   2.294173
    38  0.15638484    4.255448   98.133048      -0.831370   3.944157  -0.821818
    39  0.07838365    2.132928   49.186527      -0.637463  -0.629799  -1.027683
    40  0.02322573    0.632004   14.574380      -0.459501  -3.504068   2.348065
    41  0.13597798    3.700149   85.327543      -0.200313   1.016082  -1.511446
    42  0.08996714    2.448130   56.455281      -0.105242  -0.817784   3.076484
    43  0.15647102    4.257793   98.187131       0.258941   3.294500  -0.133446
    44  0.17092272    4.651044  107.255715       0.432610   3.747632  -1.280553
    45  0.04208349    1.145150   26.407814       0.740055  -1.352353  -1.752973
    46  0.02104748    0.572731   13.207505       1.034387   0.645406   2.357992
*   47 -0.00232423   -0.063246   -1.458479       1.284757  -4.112586   1.558425
    48  0.05231349    1.423522   32.827238       1.515093  -2.064489  -0.831078
    49  0.15621268    4.250763   98.025021       2.060524   0.229428  -1.918817
    50  0.07191920    1.957021   45.130018       2.254423  -3.413892  -2.507896
    51  0.11228266    3.055367   70.458495       2.186715   1.431219   1.101583
    52  0.08955651    2.436957   56.197605       2.326402  -1.887155  -4.033945
    53  0.15092525    4.106885   94.707103       2.361987   2.235820  -1.464244
    54 -0.00105926   -0.028824   -0.664694       2.419797  -2.802199   2.426460
    55  0.12312397    3.350374   77.261521       3.144023   1.701718   1.161215
    56  0.06147686    1.672870   38.577342       3.480597  -3.920220  -0.715693
    57  0.06270401    1.706263   39.347394       4.159491  -2.625018   0.565184
    58  0.09712044    2.642782   60.944046       4.533076  -1.147916  -4.258437
    59  0.10165039    2.766048   63.786638       4.879627   0.111927   0.898949
    60  0.08180588    2.226051   51.334008       5.287812  -3.608291  -0.801977
    61  0.09747662    2.652474   61.167554       5.433469   2.394110   1.746580
    62  0.10412619    2.833418   65.340227       5.444708   0.160600  -3.200082
    63  0.09001693    2.449485   56.486527       5.921562   0.372865   1.223923
    64  0.10437187    2.840103   65.494391       5.946216   3.151045  -0.774267
    65  0.09820311    2.672243   61.623435       6.015670  -1.743844  -2.955375
    66  0.10123686    2.754795   63.527144       6.190805   1.432580   1.561629
    67  0.10154082    2.763066   63.717880       6.555820   1.152520  -1.267552
    68  0.10778983    2.933111   67.639199       6.747891   2.122531  -0.910703
    69  0.12113666    3.296296   76.014466       7.068713   3.372137  -0.289608
 
 Number of surface maxima:    95
   #       a.u.         eV      kcal/mol           X/Y/Z coordinate(Angstrom)
     1  0.19799277    5.387657  124.242443      -7.389585  -1.173900  -3.187207
     2  0.14993508    4.079941   94.085762      -6.630751  -2.651340  -2.655343
     3  0.19052122    5.184346  119.553972      -6.495587  -4.249689  -2.396103
     4  0.15891065    4.324179   99.718025      -6.225363  -0.167906  -2.657240
     5  0.21290281    5.793380  133.598644      -6.217114   3.572621  -1.327813
     6  0.21187094    5.765301  132.951134      -5.531668   1.298925  -2.518628
     7  0.17511417    4.765099  109.885895      -5.227599   2.877930  -0.182528
     8  0.15027658    4.089234   94.300059      -4.952941  -4.171332  -1.624560
     9  0.22058117    6.002319  138.416890      -5.037247   2.114842   1.047599
    10  0.16877658    4.592644  105.908994      -4.994622   3.944811  -2.474367
    11  0.16484481    4.485655  103.441768      -4.796364  -1.607436  -0.943778
    12  0.19449489    5.292475  122.047491      -4.801595   1.185376   1.025607
    13  0.15554355    4.232555   97.605136      -4.904540   2.369864  -1.988643
    14  0.18405906    5.008502  115.498898      -4.504797  -2.152827   2.366536
    15  0.12882750    3.505575   80.840547      -4.488639  -0.396667   2.248946
    16  0.16798659    4.571148  105.413264      -4.397394   0.533291   4.001711
    17  0.20924480    5.693840  131.303203      -4.384266   4.619185  -3.840814
    18  0.18523106    5.040394  116.234344      -4.349457   3.704276   1.595292
    19  0.16270339    4.427384  102.098001      -4.139237  -1.745548  -2.415339
    20  0.16644457    4.529187  104.445634      -4.020463   0.737557  -1.753876
    21  0.16904031    4.599821  106.074482      -3.868217   2.733664   4.436052
    22  0.19859449    5.404031  124.620025      -3.571571  -4.748273  -0.922731
    23  0.12501772    3.401905   78.449869      -3.498350   4.173232   3.136532
    24  0.16903021    4.599546  106.068147      -3.190652  -5.028565   1.972196
    25  0.19759903    5.376943  123.995365      -3.290348   1.863463   1.064862
    26  0.14513858    3.949422   91.075913      -3.188550   1.566994   3.579051
    27  0.16149481    4.394497  101.339608      -2.910614  -1.174121   1.715172
    28  0.19109958    5.200084  119.916895      -3.036892   2.387090  -1.592104
    29  0.17650087    4.802833  110.756061      -2.809862  -3.472014  -0.667091
    30  0.18612088    5.064607  116.792713      -2.827256   3.784041  -0.825379
    31  0.16553422    4.504415  103.874381      -2.677568  -1.680618   0.567385
    32  0.16655673    4.532239  104.516011      -2.705515  -0.873364  -0.212893
    33  0.12567766    3.419863   78.863989      -2.703578   0.372865   3.494001
    34  0.17637926    4.799524  110.679748      -2.657389   1.207762  -0.777653
    35  0.16839009    4.582127  105.666468      -2.648455   3.073920   1.220799
    36  0.16927893    4.606314  106.224224      -2.704165   4.209400  -3.520189
    37  0.15470779    4.209813   97.080684      -2.545274   1.621160   5.059811
    38  0.21015451    5.718595  131.874055      -2.495508   0.819513  -1.190638
    39  0.16682793    4.539619  104.686193      -2.209736  -0.879129  -1.215668
    40  0.18482517    5.029349  115.979641      -1.935196  -3.995752  -0.434798
    41  0.12971783    3.529802   81.399237      -1.819053   2.686617   3.611676
    42  0.17533748    4.771176  110.026024      -1.646575   0.451280   1.282629
    43  0.18328020    4.987308  115.010161      -1.486919  -2.258858  -1.583000
    44  0.08649364    2.353612   54.275621      -1.515326  -2.283295   3.767254
    45  0.17540704    4.773068  110.069674      -1.526467   4.199030   2.858852
    46  0.21861463    5.948806  137.182864      -1.246928   1.427114  -0.563746
    47  0.14232496    3.872859   89.310337      -1.041716  -0.685490   1.297924
    48  0.22164898    6.031376  139.086953      -1.027407   4.047700  -3.729259
    49  0.16161847    4.397862  101.417208      -0.881605  -2.461473   0.738191
    50  0.12956939    3.525762   81.306089      -0.901995  -0.553195   3.734969
    51  0.09784668    2.662543   61.399768      -0.798720   1.052958   4.614490
    52  0.22379848    6.089866  140.435783      -0.718660   2.717389   0.227671
    53  0.20065712    5.460158  125.914352      -0.692736   3.284715  -2.527191
    54  0.17591194    4.786807  110.386503      -0.276417  -0.017748   0.108753
    55  0.15878190    4.320675   99.637232      -0.063746   2.483466   3.391775
    56  0.14967953    4.072987   93.925404       0.091334  -1.884122  -0.559217
    57  0.14875444    4.047814   93.344902       0.105390  -1.740902   4.208927
    58  0.13535073    3.683081   84.933937       0.520585  -0.769820   2.404242
    59  0.04609442    1.254293   28.924710       0.801437  -4.869841  -0.402262
    60  0.09287430    2.527238   58.279552       0.894378  -2.587939   1.959396
*   61  0.24508206    6.669022  153.791443       0.874848   3.139409  -2.663860
    62  0.11162808    3.037555   70.047739       0.995062  -2.811582  -1.897795
    63  0.20064779    5.459904  125.908495       1.225017   2.291035  -1.480256
    64  0.20017998    5.447174  125.614936       1.252252   2.739531  -0.955255
    65  0.19808524    5.390173  124.300469       1.216545   2.886456  -0.025019
    66  0.15698453    4.271766   98.509363       1.470501  -0.109367   0.788907
    67  0.09714237    2.643378   60.957810       1.580979  -2.384586  -3.449383
    68  0.11865288    3.228709   74.455870       1.820438  -1.812851   0.302857
    69  0.16462144    4.479577  103.301599       1.692478  -0.423452  -3.326675
    70  0.23788340    6.473137  149.274214       2.121983   4.122901   0.266981
    71  0.15046758    4.094431   94.419911       2.585833  -1.279150  -0.421902
    72  0.21553629    5.865041  135.251178       3.025633   1.159235  -1.189205
    73  0.09798856    2.666404   61.488803       3.115756  -3.331376   0.464135
    74  0.18708540    5.090853  117.397962       3.040926   0.775912   0.371095
    75  0.14639679    3.983659   91.865447       3.275676  -3.120216  -3.914983
    76  0.18665663    5.079185  117.128900       3.523930   3.518830   0.232478
    77  0.04961134    1.349993   31.131610       3.676571  -1.076861   2.622247
    78  0.16964476    4.616269  106.453782       3.994835   0.372865  -3.843557
    79  0.12719164    3.461061   79.814027       4.075325  -2.540131  -2.671816
    80  0.20732061    5.641481  130.095759       4.347335   4.634536   0.779184
    81  0.14211701    3.867200   89.179842       4.588757  -4.011281  -2.192643
    82  0.15074922    4.102095   94.596643       4.500641   0.142592  -1.877139
    83  0.08519596    2.318300   53.461317       4.863207  -3.656819  -0.289608
    84  0.17315436    4.711770  108.656094       4.786625  -0.817784  -0.895367
    85  0.15621593    4.250852   98.027056       4.967747  -2.591915  -3.915859
    86  0.15644694    4.257138   98.172018       5.150133   1.318463   0.799305
    87  0.16697557    4.543636  104.778840       5.404224   1.831718  -0.690942
    88  0.11301578    3.075316   70.918533       5.650186  -0.687748  -3.718622
    89  0.15076331    4.102478   94.605488       5.882878   3.938335   0.880467
    90  0.19230977    5.233015  120.676302       6.374030  -1.423670  -0.630905
    91  0.16683906    4.539922  104.693178       6.416239  -0.561210  -2.028095
    92  0.14585352    3.968876   91.524545       7.119310  -0.159183  -0.153842
    93  0.19019324    5.175421  119.348163       7.606628   3.760849   1.138895
    94  0.14384347    3.914180   90.263214       7.706092   2.157395   0.701156
    95  0.18602005    5.061863  116.729440       8.477118   0.671274   0.397539
