 Number of surface minima:    68
   #       a.u.         eV      kcal/mol           X/Y/Z coordinate(Angstrom)
     1  0.12415390    3.378399   77.907814      -7.289172  -0.241182  -0.613211
     2  0.13490892    3.671058   84.656698      -7.047782   1.522350  -1.487266
     3  0.12355156    3.362009   77.529840      -6.672089  -1.176197  -2.597640
     4  0.11599945    3.156506   72.790814      -6.521775   0.658365  -0.612136
     5  0.13290814    3.616615   83.401190      -6.405112   0.684711  -3.407639
     6  0.11453517    3.116660   71.871964      -6.153652  -0.110480  -0.115418
     7  0.11337066    3.084973   71.141224      -5.827656  -0.446040  -2.926479
     8  0.12361441    3.363719   77.569279      -5.656785   1.617081  -0.863357
     9  0.11322307    3.080956   71.048611      -5.524966  -1.358110  -2.383311
    10  0.12816109    3.487441   80.422366      -4.941194  -0.253242   0.284773
    11  0.11815182    3.215074   74.141447      -4.942833   0.537252  -3.164263
    12  0.12696048    3.454770   79.668968      -4.638027   1.635933  -0.562809
    13  0.10618644    2.889480   66.633052      -4.661834   1.090324   2.446078
    14  0.12417989    3.379107   77.924124      -4.238933  -1.369232  -1.997551
    15  0.13574864    3.693908   85.183629      -4.333756   0.626867  -0.001452
    16  0.11724949    3.190521   73.575227      -3.999671   0.424855  -2.849210
    17  0.10392040    2.827818   65.211087      -4.003805   2.538723   3.764004
    18  0.12500001    3.401423   78.438754      -3.495844  -0.516392  -2.210743
    19  0.12151875    3.306693   76.254229      -2.709875  -2.087159   1.190750
    20  0.15026859    4.089016   94.295041      -2.215066   1.687203   0.302164
    21  0.05361678    1.458987   33.645066      -2.032441  -4.073685   0.204332
    22  0.12026651    3.272618   75.468435      -2.042310  -0.770849   1.354354
    23  0.09148651    2.489475   57.408699      -1.724959   2.298307   5.130503
    24  0.16652497    4.531375  104.496085      -1.848164   2.446280  -0.578674
    25  0.04113076    1.119225   25.809960      -1.621905  -4.994435  -1.795496
    26  0.06632987    1.804928   41.622658      -1.368122  -2.235302  -2.058418
    27  0.07513685    2.044578   47.149127      -1.094538  -0.367333  -0.923791
    28  0.13184513    3.587689   82.734140      -1.172724   4.020886  -2.529075
    29  0.07384915    2.009538   46.341080      -0.962908   0.415920   4.570803
    30  0.14633827    3.982067   91.828725      -0.908747   4.949552  -3.191158
    31  0.14635003    3.982387   91.836109      -0.663361   3.093602   1.961476
*   32 -0.00990240   -0.269458   -6.213854      -0.521546  -2.992546   3.523654
    33  0.15679946    4.266730   98.393227      -0.381625   3.886300   1.040205
    34  0.13718268    3.732931   86.083502      -0.171719   3.732949  -3.113982
    35  0.16027648    4.361345  100.575092       0.067442   1.346354  -1.273160
    36  0.06053088    1.647129   37.983730       0.219879  -4.031836  -0.987261
    37  0.12770941    3.475150   80.138933       0.201873   5.522670  -0.794304
    38  0.04733401    1.288024   29.702562       0.288035  -2.027529  -1.597493
    39  0.14396141    3.917389   90.337227       0.268655   6.168053  -1.766217
    40  0.12815810    3.487359   80.420491       0.566008   2.748450  -2.980066
    41  0.09933811    2.703127   62.335656       0.690589  -3.080212  -3.179354
    42  0.16605916    4.518700  104.203785       0.665420   3.767569   0.218007
    43 -0.00683125   -0.185888   -4.286679       0.862801  -3.022962   3.194345
    44  0.01639689    0.446182   10.289212       0.823759  -0.367333   2.774766
    45  0.09928677    2.701730   62.303440       0.907105  -2.210912  -2.059067
    46  0.14359654    3.907461   90.108266       1.044485   3.517683  -3.725350
    47  0.13640996    3.711904   85.598617       1.248293   5.164586  -1.445569
    48  0.10561394    2.873901   66.273801       1.822075  -1.682776  -4.028855
    49  0.16564729    4.507492  103.945332       1.825718  -0.346579  -1.794857
    50  0.12992493    3.535437   81.529192       2.036705   4.237967  -1.297288
    51  0.09425972    2.564938   59.148919       2.189263  -3.290270  -0.111491
    52  0.14401637    3.918885   90.371711       2.265340   4.844665  -2.398368
    53  0.09668796    2.631013   60.672664       2.611413  -3.278965  -4.173005
    54  0.13235637    3.601600   83.054945       2.743846   0.306132   1.243677
    55  0.10439544    2.840745   65.509185       3.556398  -1.822570   0.369863
    56  0.13794842    3.753767   86.564010       3.562496  -0.896510  -2.133341
    57  0.08190723    2.228809   51.397606       3.639896  -5.056912  -0.731063
    58  0.13056801    3.552936   81.932734       3.821454   0.161844   1.164006
    59  0.10850530    2.952579   68.088158       4.197893   2.014695   2.048614
    60  0.12250029    3.333402   76.870157       4.183135   3.190302  -0.369889
    61  0.09281506    2.525626   58.242377       4.329528  -4.679612  -2.529750
    62  0.14488804    3.942604   90.918693       4.360676   0.029550  -1.730672
    63  0.14713326    4.003700   92.327595       4.579341  -1.166765  -2.076342
    64  0.13580178    3.695354   85.216975       4.883308   3.998379   0.243729
    65  0.11568583    3.147972   72.594017       5.370835   1.749376   1.881491
    66  0.12595844    3.427504   79.040183       5.399830   2.954001  -0.441774
    67  0.10487829    2.853883   65.812174       5.904231   0.815077   1.495850
    68  0.11481595    3.124301   72.048154       5.936449   1.881670  -0.959096
 
 Number of surface maxima:    89
   #       a.u.         eV      kcal/mol           X/Y/Z coordinate(Angstrom)
     1  0.19490647    5.303675  122.305761      -7.971489  -1.159441  -1.655444
     2  0.15471938    4.210128   97.087956      -7.341264   0.285862  -2.202051
     3  0.20122294    5.475555  126.269404      -7.376064   1.817976  -2.911466
     4  0.15611158    4.248012   97.961574      -6.480118  -1.784084  -0.976100
     5  0.16253463    4.422792  101.992107      -5.733442   2.170374  -2.695253
     6  0.20435908    5.560893  128.237363      -5.528414  -2.816794  -0.201886
     7  0.17224773    4.687099  108.087176      -5.190906   0.436842  -0.724834
     8  0.17013434    4.629591  106.760999      -4.773493  -0.199638  -2.136657
     9  0.12211490    3.322915   76.628318      -4.676400   2.426842   2.447763
    10  0.15952594    4.340922  100.104121      -4.449610   1.087904   3.983818
    11  0.21381478    5.818196  134.170911      -4.378880   3.122822  -2.715478
    12  0.18599685    5.061232  116.714886      -4.151970  -2.115321  -0.340758
    13  0.18230162    4.960679  114.396090      -4.256467   1.623815   0.860007
    14  0.18076305    4.918813  113.430622      -3.695330  -3.507794  -2.556194
    15  0.19525382    5.313127  122.523724      -3.648843  -2.897711   0.454295
    16  0.19258429    5.240485  120.848567      -3.376608  -0.771965   0.943045
    17  0.17392578    4.732761  109.140168      -3.343541   2.013964  -1.871533
    18  0.18122104    4.931275  113.718015      -3.302972   3.789673   2.743185
    19  0.17901124    4.871144  112.331343      -2.825109  -1.975404  -1.180960
    20  0.17527213    4.769397  109.985011      -2.879507   0.228996  -0.134734
*   21  0.23661905    6.438732  148.480819      -2.898533   3.998379   1.121057
    22  0.04357964    1.185862   27.346657      -2.750706  -2.384525   3.634649
    23  0.12714192    3.459708   79.782829      -2.803224   0.834607   3.636265
    24  0.17448989    4.748111  109.494151      -2.720145   2.403059   1.229995
    25  0.13114114    3.568532   82.292374      -2.682070   2.338594   3.694690
    26  0.16922870    4.604947  106.192703      -2.549776  -0.340974  -1.214441
    27  0.14363838    3.908599   90.134522      -2.410241  -0.342829   1.922258
    28  0.14585036    3.968790   91.522558      -2.417481   0.955610   5.309402
    29  0.22620047    6.155228  141.943054      -2.401760   5.429033  -0.607876
    30  0.15526054    4.224854   97.427540      -1.989757  -2.177722   0.746644
    31  0.18252760    4.966829  114.537896      -2.146037   2.814694   2.049531
    32  0.22345781    6.080596  140.222008      -1.988448   1.506398  -1.240991
    33  0.20302324    5.524543  127.399111      -1.888304   4.172375  -0.027890
    34  0.14454644    3.933309   90.704338      -1.364361  -0.661186   1.501180
    35  0.17163309    4.670374  107.701481      -1.338470   0.302554   1.265865
    36  0.16680153    4.538900  104.669628      -1.182264   3.528961   3.937676
    37  0.17455912    4.749995  109.537592      -1.226833   5.669733  -1.819714
    38  0.08444175    2.297777   52.988043      -1.059082  -4.817834  -0.568601
    39  0.17448278    4.747918  109.489689      -0.803863  -3.682666  -3.922547
    40  0.16880389    4.593387  105.926126      -0.770897  -1.763518  -0.598769
    41  0.22758350    6.192862  142.810925      -0.735542   1.723456  -0.123599
    42  0.10132107    2.757086   63.579982      -0.678081   2.031118   4.992490
    43  0.17246791    4.693091  108.225340      -0.433067  -0.230794   0.190460
    44  0.21272165    5.788451  133.484964      -0.427642   6.410792  -3.093241
    45  0.14166469    3.854892   88.896011      -0.377047  -5.073908   0.912489
    46  0.10851648    2.952884   68.095177      -0.275006  -3.227938   1.650234
    47  0.17497116    4.761207  109.796153      -0.230092   1.720105   2.382386
    48  0.19629766    5.341531  123.178748      -0.190982   3.194799  -1.832817
    49  0.11581678    3.151535   72.676190       0.082834  -1.431448   2.420704
    50  0.22902320    6.232038  143.714351       0.195865   2.474505   0.920126
    51  0.14267626    3.882418   89.530777       0.478890   1.083889   3.890351
    52  0.16212901    4.411755  101.737575       0.605514  -1.403377  -3.121510
    53  0.19674084    5.353591  123.456847       0.683679   4.056770  -0.804966
    54  0.17104547    4.654384  107.332740       0.825312   5.256758  -3.244655
    55  0.13100984    3.564959   82.209983       0.967364  -2.538849   0.140190
    56  0.11146486    3.033113   69.945312       1.136346  -3.281821  -2.199278
    57  0.13380479    3.641014   83.963847       1.224260  -3.829962  -0.612605
    58  0.15852436    4.313667   99.475621       1.259966  -0.963219   0.789760
    59  0.20988848    5.711356  131.707120       1.559135   1.392656  -1.250044
    60  0.15644557    4.257100   98.171160       1.579391  -4.325899  -3.747430
    61  0.11275312    3.068168   70.753710       1.617486  -2.484042  -4.236871
    62  0.15020986    4.087418   94.258191       1.703755  -2.091902  -0.171994
    63  0.17682994    4.811787  110.962557       1.785114  -1.303871  -1.836652
    64  0.20535866    5.588093  128.864614       1.922143   1.875538   0.846848
    65  0.22653335    6.164286  142.151943       2.102333   3.447277   1.244494
    66  0.12516884    3.406017   78.544698       2.129561  -4.022538  -2.163434
    67  0.21628979    5.885545  135.724008       2.126139   2.059578  -0.308399
    68  0.21347646    5.808990  133.958613       2.207543   4.525079  -3.899030
    69  0.17672619    4.808964  110.897449       2.244878   3.222969  -2.857340
    70  0.05048429    1.373747   31.679399       2.898091  -3.136066   2.190783
    71  0.20046608    5.454959  125.794469       3.014613  -0.512449   0.341064
    72  0.22096821    6.012851  138.659761       3.012029   0.041497  -1.131150
    73  0.23021184    6.264383  144.460231       2.899663   1.898784  -2.182985
    74  0.15004172    4.082843   94.152682       3.042365  -5.501804  -2.163094
    75  0.12644567    3.440762   79.345924       3.208661  -3.472615  -2.910285
    76  0.16665645    4.534953  104.578587       3.512864  -1.837736  -3.909612
    77  0.16886119    4.594947  105.962088       3.957162  -2.106519  -1.794699
    78  0.14594222    3.971290   91.580204       4.489185  -4.054299   0.203300
    79  0.17386038    4.730981  109.099125       4.531625   1.157707   1.058566
    80  0.18281566    4.974667  114.718654       4.585754   1.876565  -0.351693
    81  0.10270055    2.794624   64.445625       4.716644  -4.699720  -1.507334
    82  0.20372026    5.543510  127.836502       5.090799   4.459331   1.714304
    83  0.16793247    4.569675  105.379303       5.142180  -3.137779  -2.569454
    84  0.21637675    5.887911  135.778574       5.652471  -2.016949  -1.284499
    85  0.18089599    4.922430  113.514045       5.599695  -0.661444  -0.731063
    86  0.15767514    4.290559   98.942725       6.139705   3.327533   1.096612
    87  0.20527341    5.585774  128.811117       7.107709  -0.428836  -0.492125
    88  0.15596733    4.244087   97.871062       7.086975   1.214315   0.181637
    89  0.19765935    5.378584  124.033216       7.631929   2.673705   0.852364
