 Number of surface minima:    59
   #       a.u.         eV      kcal/mol           X/Y/Z coordinate(Angstrom)
     1  0.16663906    4.534479  104.567674      -5.927929   1.537346   0.263860
     2  0.17429475    4.742801  109.371699      -5.814355  -1.865611  -1.417951
     3  0.15849459    4.312857   99.456943      -5.792934   3.006081   0.800156
     4  0.15569339    4.236633   97.699160      -5.533904   0.757078  -3.204476
     5  0.18844285    5.127791  118.249770      -5.395091   0.300014  -1.285657
     6  0.15304973    4.164695   96.040235      -5.221679   1.540839   1.854797
     7  0.15834432    4.308768   99.362647      -5.172163  -2.003153  -0.236913
     8  0.16201960    4.408777  101.668918      -4.944146  -3.328509   0.061947
     9  0.16720675    4.549927  104.923907      -4.871845   2.080021  -2.410124
    10  0.15676435    4.265775   98.371197      -4.397413  -2.544726   0.694924
    11  0.15326813    4.170638   96.177286      -3.562981   1.206063  -3.402365
    12  0.15870931    4.318700   99.591678      -3.218201  -2.842192   1.570262
    13  0.14025847    3.816627   88.013591      -3.224250  -2.546164  -1.934450
    14  0.18486763    5.030504  116.006290      -3.209288   4.586135  -0.080068
    15  0.15238509    4.146609   95.623168      -3.150570  -1.359631  -2.211717
    16  0.18351710    4.993754  115.158817      -3.079516   3.272647  -0.751700
    17  0.19338812    5.262358  121.352976      -2.966788   2.336836  -1.042883
    18  0.17890086    4.868140  112.262080      -2.675581   3.943153   1.907945
    19  0.16727637    4.551821  104.967594      -2.548658   1.289056   1.375726
    20  0.16877717    4.592660  105.909364      -2.581932   2.476904   1.700053
    21  0.15186505    4.132458   95.296838      -2.417567  -0.572149  -1.687553
    22  0.17261357    4.697054  108.316742      -2.140455   4.064435  -0.713198
    23  0.12390743    3.371693   77.753151      -1.831105  -3.079457  -0.095008
    24  0.16249923    4.421829  101.969893      -1.637997   3.266708   1.744308
    25  0.02746406    0.747335   17.233975      -1.488473  -1.741225   2.309712
    26  0.18209116    4.954952  114.264021      -1.088756   4.748114  -0.496785
    27  0.17790518    4.841046  111.637280      -0.990539   3.535258  -1.065382
    28  0.17525429    4.768912  109.973821      -0.723796   4.055957   1.590514
    29  0.16087059    4.377511  100.947903      -0.533884   2.768450   1.412222
    30  0.04395280    1.196016   27.580820      -0.474525  -0.311019  -1.738289
    31  0.10097968    2.747797   63.365761       0.079569   1.834270   2.160159
    32  0.19487407    5.302793  122.285428       0.148158   3.065082  -1.153362
    33  0.14258313    3.879884   89.472338       0.642228   1.286255   0.749958
    34  0.00066289    0.018038    0.415972       0.812425  -3.476340  -0.297799
    35  0.14145055    3.849065   88.761632       0.893184   0.895304  -0.224339
*   36 -0.00937809   -0.255191   -5.884845       1.164119  -3.704722   1.119104
    37  0.00133283    0.036268    0.836367       1.740322  -1.918516   3.143689
    38  0.04193766    1.141182   26.316298       1.711850  -0.168982   2.718334
    39  0.06407278    1.743509   40.206310       1.908778   2.150659   3.282988
    40  0.01469285    0.399813    9.219910       2.520368  -1.888808   0.582296
    41  0.09957445    2.709559   62.483963       2.867337   0.799332   1.402483
    42  0.10705374    2.913080   67.177291       3.534337  -1.485841   0.174730
    43  0.10934918    2.975542   68.617701       4.222590  -0.104626  -2.147361
    44  0.10010691    2.724047   62.818085       4.338454  -1.070406  -1.540247
    45  0.10094975    2.746983   63.346980       4.489500  -2.100854  -0.609969
    46  0.10831093    2.947290   67.966190       4.685856   0.350677   0.643469
    47  0.11706250    3.185433   73.457887       4.596333   1.288601   0.038201
    48  0.10599400    2.884244   66.512297       4.826194  -0.972300   1.185880
    49  0.10044233    2.733175   63.028569       5.209555   0.482007  -2.673095
    50  0.08773890    2.387497   55.057038       5.489698  -1.507684  -1.434879
    51  0.10610720    2.887324   66.583332       5.526133   1.967961  -0.484489
    52  0.09288196    2.527447   58.284357       5.787661  -0.152648   0.836448
    53  0.09750544    2.653258   61.185641       6.139789   0.085622  -2.534353
    54  0.09400709    2.558063   58.990387       6.272263  -0.973126  -1.871938
    55  0.10113784    2.752101   63.465008       6.446216   1.561742  -0.355456
    56  0.09770922    2.658803   61.313510       6.599825   0.419426   0.361106
    57  0.10519870    2.862602   66.013235       6.725545  -0.677253   0.837105
    58  0.11413651    3.105813   71.621804       7.507907  -0.290539  -2.209044
    59  0.11612451    3.159909   72.869290       7.752107   0.886475  -0.363872
 
 Number of surface maxima:    56
   #       a.u.         eV      kcal/mol           X/Y/Z coordinate(Angstrom)
     1  0.22790296    6.201555  143.011384      -6.132649   1.303208  -1.811434
     2  0.17221917    4.686322  108.069254      -5.978012   1.961283   0.843236
     3  0.23938030    6.513869  150.213532      -5.730203  -1.886067  -2.872859
     4  0.23089202    6.282891  144.887050      -5.603817   2.745229  -0.890032
     5  0.22764551    6.194549  142.849836      -5.173185   0.270078   0.857980
     6  0.20879524    5.681608  131.021103      -5.101225  -0.569964  -2.371656
     7  0.19237137    5.234691  120.714957      -5.059407  -2.942660  -1.679938
     8  0.21928001    5.966912  137.600396      -5.070144   3.138352   2.153971
     9  0.17166300    4.671188  107.720247      -4.806223   1.686863  -3.136341
    10  0.22923675    6.237849  143.848354      -4.680702  -4.403139  -0.894478
    11  0.21500192    5.850500  134.915858      -4.432754   0.075691  -4.077316
    12  0.21452749    5.837590  134.618148      -4.144261   3.453352   0.592587
    13  0.23904126    6.504643  150.000779      -3.959556  -1.200486   0.037286
    14  0.24073413    6.550709  151.063074      -3.793235   1.141480  -0.645295
    15  0.21747863    5.917894  136.470013      -3.615084   0.603909   0.658055
    16  0.24866646    6.766558  156.040690      -3.615084   4.947143   1.209890
    17  0.19027543    5.177658  119.399734      -3.477871  -3.736879   0.170432
    18  0.17802023    4.844177  111.709475      -3.293263  -1.963870   1.417462
    19  0.23267668    6.331455  146.006945      -3.284288   2.278523  -2.110804
    20  0.21936633    5.969261  137.654565      -2.821318  -1.511282  -1.069006
    21  0.21813786    5.935833  136.883690      -2.837049   1.012218  -1.450170
    22  0.21633282    5.886716  135.751011      -2.440882  -3.734864   1.358806
    23  0.20783989    5.655611  130.421607      -2.061526   4.804645   0.819642
    24  0.25209267    6.859791  158.190674      -1.967804   2.536652  -0.624185
    25  0.24019367    6.536002  150.723930      -1.650770   2.197073   0.909662
    26  0.15908322    4.328875   99.826313      -1.590203  -2.285691   0.453966
    27  0.17350847    4.721406  108.878301      -1.205866  -0.939903  -0.321664
    28  0.18685003    5.084448  117.250264      -0.820824   0.504928   0.850930
    29  0.17543051    4.773707  110.084401      -0.639663   0.492489   3.476938
    30  0.06306269    1.716023   39.572472      -0.470451  -3.221018  -2.132754
    31  0.14642112    3.984321   91.880715      -0.463962  -0.972914   2.116345
    32  0.25203246    6.858152  158.152887      -0.469753   5.332566   0.685822
    33  0.20853103    5.674418  130.855307      -0.035271   1.949947  -1.140024
    34  0.22431947    6.104043  140.762712       0.198211   3.794496   0.154356
    35  0.16147897    4.394066  101.329671       0.750628  -0.538505  -0.829943
    36  0.11073564    3.013270   69.487721       0.639312   1.699820   2.977615
    37  0.19011323    5.173244  119.297951       1.067551   0.412529   0.330481
    38  0.03056080    0.831602   19.177206       1.163151  -3.597243   3.093868
    39  0.10612411    2.887784   66.593941       1.279805  -2.110394   0.320766
*   40  0.27011494    7.350201  169.499825       1.327612   2.776036  -0.327941
    41  0.11272971    3.067531   70.739018       1.604906  -0.932223   1.553036
    42  0.23997425    6.530031  150.586243       1.676688   1.647013  -1.175403
    43  0.21718397    5.909876  136.285111       2.205865   3.721387   0.963347
    44  0.18276660    4.973332  114.687870       2.352693  -0.274605  -1.674295
    45  0.15461315    4.207238   97.021299       2.900453   0.524233   0.709213
    46  0.22095237    6.012420  138.649824       3.268643   2.477111  -2.075862
    47  0.16283760    4.431036  102.182221       4.295662  -2.216339   0.831052
    48  0.18187888    4.949176  114.130819       4.262282   1.801013   2.523825
    49  0.14988791    4.078657   94.056161       5.270992  -0.159876  -1.636459
    50  0.15400409    4.190664   96.639104       5.446842   0.690697  -0.293683
    51  0.12915369    3.514451   81.045235       5.802234  -1.840520   0.301875
    52  0.19112783    5.200853  119.934623       6.585442   2.765105  -2.753990
    53  0.17579377    4.783592  110.312346       7.422296  -2.021103   0.226533
    54  0.14226614    3.871259   89.273428       7.385847   1.437876  -1.937821
    55  0.13636253    3.710613   85.568853       7.719351  -0.580511  -0.638640
    56  0.18364896    4.997342  115.241560       8.614836   0.520174  -1.550245
