 Number of surface minima:    65
   #       a.u.         eV      kcal/mol           X/Y/Z coordinate(Angstrom)
     1  0.11825152    3.217787   74.204009      -8.255115  -0.403940   1.976813
     2  0.12308037    3.349187   77.234163      -7.601680   1.668889   2.379043
     3  0.09819379    2.671989   61.617584      -7.261412  -0.751910   0.822596
     4  0.09930789    2.702305   62.316691      -7.013108  -1.052686   2.151643
     5  0.11503903    3.130371   72.188142      -6.889925   1.875556   0.156810
     6  0.09222403    2.509544   57.871503      -6.541007  -0.860752   0.075749
     7  0.10665630    2.902266   66.927895      -6.487635   1.724782   1.354311
     8  0.12012063    3.268649   75.376898      -6.241773   1.062564   3.717061
     9  0.10730821    2.920005   67.336975      -6.276406   1.449307   2.637744
    10  0.09992204    2.719017   62.702077      -6.143760  -1.388336   2.458639
    11  0.10348967    2.816097   64.940800      -5.869218   1.684582   0.528518
    12  0.10645558    2.896804   66.801940      -5.566775  -0.754494  -0.876349
    13  0.10273331    2.795515   64.466177      -5.392000  -1.263795   0.432975
    14  0.11044351    3.005321   69.304406      -5.347636   1.128625   2.858891
    15  0.10805527    2.940333   67.805761      -5.210059  -1.495597   1.453372
    16  0.11760315    3.200145   73.797155      -5.051562   1.325231  -0.651993
    17  0.11963531    3.255442   75.072355      -4.731731   1.248594   0.829241
    18  0.12477545    3.395313   78.297846      -4.565815   0.992411   1.976916
    19  0.05842316    1.589775   36.661117      -3.477679   1.051254  -1.563601
    20  0.02387474    0.649665   14.981637      -3.402971  -0.765691  -1.513329
    21  0.14571833    3.965197   91.439708      -2.586203   1.576450   1.432133
    22  0.13858660    3.771133   86.964476      -2.649881   3.059403   0.414690
*   23 -0.00760472   -0.206935   -4.772035      -2.215328  -3.378895  -1.977322
    24 -0.00456679   -0.124269   -2.865707      -2.219907  -1.061702  -3.769917
    25  0.04200848    1.143109   26.360740      -2.221695   2.774833  -3.242528
    26  0.02324473    0.632521   14.586301      -2.082100   0.326279  -3.102932
    27  0.14214307    3.867910   89.196199      -1.904904   3.022642   2.361366
    28  0.14741458    4.011355   92.504125      -1.813495  -0.331176   1.165953
    29  0.00350173    0.095287    2.197372      -1.696373  -3.536077  -0.630073
    30  0.13899998    3.782382   87.223875      -1.617960   2.091042  -0.434536
    31  0.08292426    2.256484   52.035801      -0.828575   2.244938  -1.715877
    32  0.03941608    1.072566   24.733987      -0.233606  -2.224431   1.656036
    33  0.13362290    3.636064   83.849706      -0.184730   3.032274  -0.794291
    34  0.04117570    1.120448   25.838167      -0.105446  -0.929407   1.387313
    35  0.09425907    2.564920   59.148506       0.537237  -3.544629  -1.005234
    36  0.07136826    1.942029   44.784300       0.569037  -2.781528  -2.700799
    37  0.02314505    0.629809   14.523748       0.598575  -1.469611  -2.825552
    38  0.15453967    4.205238   96.975187       0.661788   3.055252   1.732488
    39  0.16427424    4.470129  103.083729       0.697078   4.163811   1.528365
    40  0.08984881    2.444911   56.381029       0.870042  -4.641215  -1.847248
    41  0.14401814    3.918933   90.372826       0.865709   3.422471  -1.104504
    42  0.11162344    3.037428   70.044824       1.819620  -3.309156   0.275461
    43  0.15798176    4.298902   99.135132       1.802512   3.564368   1.323455
    44  0.14162430    3.853793   88.870664       1.890110  -1.125578   1.462330
    45  0.14922879    4.060722   93.642561       1.966099   2.653207  -1.430967
    46  0.10424126    2.836549   65.412434       2.100835  -4.087983  -3.296166
    47  0.13913131    3.785956   87.306289       2.560667  -2.009983   1.726919
    48  0.11672414    3.176225   73.245564       3.113443   4.348064  -1.900714
    49  0.11693831    3.182053   73.379960       3.221550  -0.687402   3.314451
    50  0.13670820    3.720019   85.785761       3.721997  -2.627504  -1.448144
    51  0.11786070    3.207153   73.958771       3.917101   2.372404  -2.116253
    52  0.12553470    3.415973   78.774281       3.932685   3.567122  -2.111662
    53  0.12334198    3.356306   77.398328       3.927652   4.490008   0.649304
    54  0.11131144    3.028938   69.849040       4.070695  -2.781528   3.111072
    55  0.12283975    3.342640   77.083174       3.957538  -1.590208   3.594701
    56  0.14725167    4.006922   92.401898       4.211678  -3.438330  -1.053773
    57  0.14551075    3.959549   91.309449       4.512164  -2.340058  -0.389790
    58  0.12715398    3.460036   79.790396       4.846324   2.372488   0.397164
    59  0.13241001    3.603060   83.088608       4.837722   3.638162   0.341245
    60  0.13836497    3.765102   86.825403       4.836746   5.092169   0.075425
    61  0.12478661    3.395616   78.304843       5.188658   0.232688   1.726919
    62  0.13888654    3.779295   87.152693       5.704415   0.439725   2.811467
    63  0.14016473    3.814076   87.954772       5.753577   2.746442  -0.133793
    64  0.12875548    3.503615   80.795351       5.842787  -0.744847   1.991508
    65  0.11734798    3.193201   73.637033       5.961374  -1.839374   1.462330
 
 Number of surface maxima:    75
   #       a.u.         eV      kcal/mol           X/Y/Z coordinate(Angstrom)
     1  0.18825781    5.122755  118.133656      -8.896797   0.935806   2.390825
     2  0.14268838    3.882748   89.538387      -8.147968   0.909840   0.910793
     3  0.11989738    3.262574   75.236808      -7.993932  -0.583781   1.846108
     4  0.18375579    5.000249  115.308596      -8.034311   1.187302  -0.720603
     5  0.14511585    3.948803   91.061648      -7.548358   0.407357   3.307528
     6  0.12560233    3.417813   78.816718      -7.185038   1.714178   2.245305
     7  0.19068587    5.188826  119.657291      -6.775315  -0.134653   4.636314
     8  0.13860455    3.771622   86.975741      -6.410031   0.790419  -0.848577
     9  0.15345212    4.175644   96.292737      -6.080095  -0.653182   1.364767
    10  0.16004789    4.355125  100.431651      -5.549585   0.839142   1.617395
    11  0.15346184    4.175909   96.298837      -5.178208  -0.390433   3.858967
    12  0.17544223    4.774026  110.091755      -5.057612   0.422059  -1.660087
    13  0.16341695    4.446801  102.545773      -4.656513   2.118552  -3.299199
    14  0.14206999    3.865921   89.150342      -4.294019  -0.862848  -0.190937
    15  0.20825583    5.666929  130.682613      -3.673308  -0.929407   3.686640
    16  0.17191610    4.678075  107.879070      -3.554158  -1.807251   0.824954
    17  0.18801254    5.116081  117.979746      -3.360849  -0.408168   2.218118
    18  0.18716681    5.093068  117.449047      -3.308172   3.891114  -0.993335
    19  0.18372895    4.999519  115.291752      -2.847341   1.572791   0.117533
    20  0.20081714    5.464512  126.014763      -2.781377   0.535671   1.091562
    21  0.15528686    4.225570   97.444055      -2.716115   2.625814   1.580194
    22  0.20509409    5.580894  128.698590      -2.305996  -0.943226   2.338822
    23  0.11400128    3.102133   71.536946      -2.363277  -0.506321  -1.796578
    24  0.02905043    0.790502   18.229433      -2.176297  -2.934189  -3.851538
    25  0.10929047    2.973945   68.580863      -2.201115  -1.909444  -0.814084
    26  0.13445186    3.658621   84.369889      -2.176275   1.922467  -0.712979
    27  0.13189287    3.588988   82.764097      -2.157978   2.507913  -1.055289
    28  0.21088687    5.738524  132.333621      -1.882549   4.306172   1.302981
    29  0.17599575    4.789088  110.439095      -1.617137  -0.785625   0.534331
    30  0.16024114    4.360383  100.552919      -1.683112   0.460679  -0.322647
    31  0.20807415    5.661986  130.568611      -1.631396   1.570831   2.754179
    32  0.17822344    4.849706  111.836988      -0.915365   1.339034  -0.084077
    33  0.19466183    5.297018  122.152247      -0.691900   3.874757   0.819087
    34  0.06116809    1.664468   38.383590      -0.533047  -3.793191   1.197742
    35  0.13582711    3.696044   85.232870      -0.415566  -0.662245  -2.484791
    36  0.11925290    3.245036   74.832386      -0.162723  -2.197592  -1.393386
    37  0.19508724    5.308594  122.419194      -0.219234   1.395380   1.594625
    38  0.12437889    3.384522   78.048996      -0.111213  -3.920666  -1.951287
*   39  0.23712391    6.452470  148.797625      -0.000655   5.192348   0.558158
    40  0.17715482    4.820628  111.166421       0.237131   0.395603  -0.919473
    41  0.16629836    4.525209  104.353885       0.353773   1.181697  -3.147060
    42  0.15930888    4.335015   99.967916       0.527000  -1.180936  -0.075959
    43  0.14927888    4.062085   93.673989       0.823316  -2.456960  -1.020861
    44  0.22214624    6.044907  139.398987       0.998927   2.113362  -0.590394
    45  0.10843329    2.950620   68.042974       1.390530  -4.247636  -3.096851
    46  0.23458784    6.383460  147.206217       1.418389   2.111600   0.930892
    47  0.19721328    5.366446  123.753306       1.425820   4.762576   0.143825
    48  0.21720491    5.910446  136.298254       2.086280   6.148424  -0.155409
    49  0.16469158    4.481486  103.345614       2.142419  -2.593094  -3.697147
    50  0.20623843    5.612033  129.416676       2.157434  -1.916608   0.536270
    51  0.17154861    4.668075  107.648467       2.350869  -1.723173  -2.044658
    52  0.21027540    5.721885  131.949914       2.347223   0.534848   1.333330
    53  0.17881365    4.865767  112.207353       2.615457  -5.110270  -1.948703
    54  0.20853416    5.674503  130.857269       2.944496   0.525830  -0.786673
    55  0.18608638    5.063668  116.771063       3.047297   3.070919  -1.268798
    56  0.23201420    6.313428  145.591233       3.023704   1.708197   2.254412
    57  0.22340165    6.079068  140.186767       3.232224  -1.480289  -0.535056
    58  0.21782602    5.927347  136.688006       3.189018   0.678159   0.448360
    59  0.17962937    4.887964  112.719228       3.541517  -1.590879   2.307899
    60  0.19314842    5.255836  121.202566       3.523368   3.162501   0.236076
    61  0.19275164    5.245039  120.953584       3.601438   0.261241  -0.197575
    62  0.16535301    4.499484  103.760667       3.646303   5.626420  -0.654378
    63  0.21949201    5.972681  137.733429       3.943943  -4.770766  -0.253958
    64  0.18490253    5.031454  116.028189       4.335283  -3.656933   0.695723
    65  0.18828826    5.123584  118.152764       4.732166  -1.061702   1.390313
    66  0.22740745    6.188071  142.700450       4.600181   0.129559  -0.918506
    67  0.17189841    4.677594  107.867971       5.258013   1.592456  -1.047599
    68  0.20495198    5.577027  128.609417       5.202625   5.758884  -1.215452
    69  0.20846440    5.672605  130.813496       5.284804   0.679393   4.252593
    70  0.20875543    5.680524  130.996121       5.409398  -4.376194   1.601832
    71  0.16398420    4.462237  102.901728       5.525932   4.097776  -1.254807
    72  0.15987350    4.350379  100.322221       5.790521  -3.128721   2.652979
    73  0.16191319    4.405882  101.602144       5.741437  -0.821243   3.794545
    74  0.20771424    5.652192  130.342764       6.451992   2.750078  -1.507773
    75  0.20189626    5.493877  126.691923       6.502441  -2.360941   4.008766
