 Number of surface minima:    70
   #       a.u.         eV      kcal/mol           X/Y/Z coordinate(Angstrom)
     1  0.13163152    3.581876   82.600096      -6.707892   1.048047   1.156003
     2  0.14041739    3.820952   88.113317      -6.572735  -0.374094   2.614103
     3  0.11757386    3.199348   73.778775      -6.077361  -1.344541   0.435116
     4  0.12430167    3.382420   78.000542      -6.056361   0.142280   1.542945
     5  0.11518667    3.134389   72.280786      -5.899262  -0.758975  -1.475019
     6  0.13116571    3.569200   82.307793      -5.959276   1.034692   4.149365
     7  0.12116483    3.297063   76.032142      -5.675847  -3.858059   0.828978
     8  0.12288211    3.343792   77.109755      -5.662266   0.782264   0.757759
     9  0.11063537    3.010542   69.424803      -5.325282   1.949365   3.346345
    10  0.13499864    3.673500   84.712999      -5.237127  -0.825976   2.229885
    11  0.11814963    3.215015   74.140073      -5.046948  -4.927993  -0.619379
    12  0.10971370    2.985462   68.846446      -5.031333  -2.269628  -3.376696
    13  0.12344006    3.358975   77.459874      -4.922090   0.035730   0.018126
    14  0.10972019    2.985638   68.850518      -4.938641   2.546192   2.623914
    15  0.11020119    2.998727   69.152346      -4.679859  -4.065106  -3.009003
    16  0.14661715    3.989655   92.003725      -4.614513  -1.476187   2.983395
    17  0.13469621    3.665270   84.523217      -4.369103   0.643703   0.450082
    18  0.11374186    3.095073   71.374153      -4.469763   1.078542   3.902737
    19  0.13855658    3.770316   86.945640      -3.991294  -0.959116   1.895021
    20  0.11279905    3.069418   70.782531      -3.925703  -0.505242  -2.676523
    21  0.14086203    3.833051   88.392332      -3.693588  -0.020464   0.860660
    22  0.11726328    3.190896   73.583881      -3.605262   2.438187   2.251321
    23  0.11317503    3.079649   71.018464      -3.452671  -2.968259  -3.582220
    24  0.11052887    3.007643   69.357969      -3.396114   0.950407   3.674015
    25  0.11663993    3.173934   73.192722      -3.034280   1.733555   2.737337
    26  0.17646588    4.801881  110.734106      -2.658905  -2.759348   1.419497
    27  0.16068165    4.372370  100.829340      -2.506271  -1.715537   0.875777
    28  0.16435586    4.472350  103.134947      -2.537176  -0.845315   0.127488
    29  0.17545938    4.774493  110.102516      -2.025126  -4.189351  -0.142800
    30  0.16368583    4.454118  102.714493      -2.008182  -2.301865  -1.994228
    31  0.12986721    3.533867   81.492974      -2.125125   0.763403   3.089142
    32  0.07631946    2.076758   47.891227      -2.066895   2.676509  -2.008364
    33  0.16183387    4.403723  101.552370      -1.865139  -3.398135  -1.071409
    34  0.13780217    3.749788   86.472237      -1.786058   3.089641   0.152136
    35  0.03010216    0.819121   18.889404      -1.706462   4.620695  -3.092866
    36  0.16616480    4.521574  104.270075      -1.441344  -1.834485   1.286006
    37  0.07702792    2.096036   48.335789      -1.426163   0.671355  -2.709404
    38  0.01118971    0.304488    7.021658      -0.698394   4.801367  -0.544977
    39  0.04969058    1.352149   31.181337      -0.559459   0.881019   1.596465
    40  0.15871922    4.318970   99.597898      -0.291533  -1.115900   1.038440
    41  0.18153236    4.939747  113.913368      -0.126583  -3.037419  -0.842988
    42  0.15584623    4.240792   97.795070       0.017664  -4.885241   2.060244
    43  0.01106256    0.301028    6.941870       0.406732   3.818077  -2.189202
    44  0.15069134    4.100520   94.560322       0.559720  -3.180969   2.881074
    45  0.02485000    0.676203   15.593626       0.777610   0.101912  -2.617949
    46  0.15887167    4.323118   99.693562       1.274826  -4.800093  -1.167340
    47  0.16059491    4.370010  100.774909       1.515238  -4.265628   1.739784
    48  0.00749470    0.203941    4.703001       1.547057   1.495962   1.705978
    49  0.00774558    0.210768    4.860429       1.638219   2.677382   1.829045
*   50 -0.00861705   -0.234482   -5.407285       1.661914   4.288609  -0.086782
    51  0.14219876    3.869425   89.231146       1.751376  -3.713900  -2.555804
    52  0.13629148    3.708680   85.524268       2.080337  -1.222859  -1.453952
    53 -0.00812468   -0.221084   -5.098320       2.471227   3.491239  -1.553574
    54  0.02606320    0.709216   16.354919       2.517806   2.222701   1.376819
    55  0.17771429    4.835852  111.517497       2.784382  -3.857636   0.184116
    56  0.14724839    4.006833   92.399840       2.965788  -4.858766  -1.473687
    57  0.13510947    3.676516   84.782541       3.314685  -1.487447  -1.500661
    58  0.14646695    3.985568   91.909477       3.937711  -0.836588   1.733975
    59  0.14498303    3.945189   90.978303       4.110205  -2.148919   1.147826
    60  0.12500240    3.401488   78.440258       4.087074  -0.825184  -1.145519
    61  0.16022580    4.359966  100.543293       4.660721  -2.942685   0.485834
    62  0.07800835    2.122715   48.951018       5.181995   1.582696   1.523685
    63  0.09596080    2.611226   60.216361       5.543342  -0.593693   3.291549
    64  0.07131450    1.940566   44.750563       5.543342   1.480550  -1.012842
    65  0.08824063    2.401150   55.371875       6.832837   0.491457   2.673958
    66  0.07953777    2.164333   49.910748       6.979630   1.784160   0.169670
    67  0.09353322    2.545168   58.693033       7.076833  -1.355153   2.901947
    68  0.08125285    2.211002   50.986974       7.319634   0.818022  -1.277431
    69  0.09995363    2.719877   62.721902       7.739840  -2.678096   0.654479
    70  0.09630626    2.620627   60.433144       7.792345  -1.775740  -1.058136
 
 Number of surface maxima:    96
   #       a.u.         eV      kcal/mol           X/Y/Z coordinate(Angstrom)
     1  0.19858919    5.403887  124.616704      -7.423506   2.220790   1.897702
     2  0.20287188    5.520425  127.304136      -6.937007  -0.186256   4.000485
     3  0.15736177    4.282031   98.746081      -6.839674   0.935035   2.858974
     4  0.17567001    4.780224  110.234688      -6.750266  -1.876617  -0.873942
     5  0.17860132    4.859989  112.074117      -6.318218  -3.979473  -0.571032
     6  0.17232771    4.689276  108.137364      -6.032408  -3.273419  -2.631883
     7  0.16067383    4.372157  100.824436      -5.917978   2.529667   1.019858
     8  0.13086068    3.560900   82.116384      -5.761904  -0.296798  -0.219076
     9  0.15518940    4.222918   97.382897      -5.418091  -2.785494  -1.123657
    10  0.16313553    4.439143  102.369176      -5.315459  -0.698190   3.890277
    11  0.15071946    4.101285   94.577971      -5.280914  -2.537165   0.306721
    12  0.14231172    3.872499   89.302026      -5.102447  -1.752036  -1.868852
    13  0.21219573    5.774139  133.154943      -4.916382   3.166975  -0.105297
    14  0.13477077    3.667299   84.570005      -4.860331  -4.747228   0.706984
    15  0.17997473    4.897361  112.935943      -4.761712  -0.946864   1.387555
    16  0.17852200    4.857831  112.024338      -4.657550   0.326249  -1.424427
    17  0.17867029    4.861866  112.117395      -4.675077   0.348839   1.606686
    18  0.14755721    4.015236   92.593624      -4.541492  -4.017236  -1.436221
    19  0.12207628    3.321865   76.604087      -4.355058  -3.188640  -3.625883
    20  0.19642765    5.345068  123.260312      -4.335959  -3.313266   1.821886
    21  0.16562437    4.506868  103.930951      -4.238274   1.450637   2.701244
    22  0.21109715    5.744245  132.465571      -3.969341  -1.595729   4.269016
    23  0.16955660    4.613870  106.398464      -3.746891  -1.422409  -3.526434
*   24  0.25650185    6.979770  160.957477      -3.778114   1.819910  -3.984172
    25  0.19043281    5.181940  119.498491      -3.654697   2.349088   0.108075
    26  0.19208413    5.226875  120.534713      -3.370189  -5.191688  -0.379649
    27  0.18776676    5.109393  117.825518      -3.320377  -2.797195   0.603250
    28  0.19446401    5.291635  122.028112      -3.434840  -1.214635  -1.531382
    29  0.16826926    4.578839  105.590642      -3.408449   5.282289  -1.012842
    30  0.18043763    4.909958  113.226418      -3.064008  -4.380575  -2.593197
    31  0.20195767    5.495548  126.730460      -3.055788   3.058221  -0.615959
    32  0.17055899    4.641146  107.027472      -2.994564  -0.897046   3.149505
    33  0.18589988    5.058593  116.654032      -2.820222  -3.668380  -0.415594
    34  0.19932866    5.424009  125.080730      -2.684544   0.969290  -0.408225
    35  0.24258504    6.601075  152.224539      -2.527752  -4.268934   1.374964
    36  0.11901926    3.238679   74.685776      -2.273301   3.668347  -1.137504
    37  0.17890251    4.868185  112.263112      -2.119290   2.760271   1.244787
    38  0.15695411    4.270938   98.490272      -2.007934   1.155836   1.890083
    39  0.21522630    5.856606  135.056658      -1.526740  -0.561387   2.532150
    40  0.18622807    5.067524  116.859978      -1.438128   0.289659  -0.955562
    41  0.23063895    6.276005  144.728247      -1.315945  -1.328101   0.215415
    42  0.14621674    3.978760   91.752466      -1.356506   2.604358  -0.090084
    43  0.20800506    5.660106  130.525258      -1.062135  -3.999744   1.112475
    44  0.23626889    6.429204  148.261093      -0.946747  -2.283981  -1.019597
    45  0.17866676    4.861770  112.115180      -1.070805  -0.960574  -2.336378
    46  0.15313241    4.166945   96.092119      -1.033310   1.185251  -0.992259
    47  0.22051170    6.000429  138.373297      -0.883945  -3.945904   2.955987
    48  0.15609356    4.247522   97.950271      -0.912390   1.835044  -3.491478
    49  0.14360877    3.907793   90.115936      -0.931956   2.602777  -0.080620
    50  0.13975898    3.803035   87.700157      -0.716610   6.698515  -2.076457
    51  0.17187876    4.677059  107.855640      -0.173777   0.220251   0.006022
    52  0.13044025    3.549460   81.852564       0.219164   1.677057   1.056847
    53  0.22130122    6.021913  138.868731       0.334495  -3.617271  -1.702158
    54  0.13293552    3.617359   83.418368       0.493893   1.415015  -2.104230
    55  0.22592348    6.147691  141.769243       0.800219  -5.156727   0.609650
    56  0.20632489    5.614386  129.470932       0.922739  -2.008333   1.117713
    57  0.04179960    1.137425   26.229664       0.885961   4.542029   1.841571
    58  0.16824238    4.578108  105.573775       0.948821  -4.376819   2.326195
    59  0.22758431    6.192884  142.811429       1.045335  -2.875316   0.045512
    60  0.20237112    5.506798  126.989902       1.030805  -2.422954  -1.154327
    61  0.09000773    2.449235   56.480754       0.977824   3.207637  -1.012842
    62  0.15549869    4.231334   97.576980       1.468200   0.360486  -0.757851
    63  0.16318163    4.440398  102.398103       1.806648  -4.850814  -1.685191
    64  0.21931616    5.967896  137.623083       1.899500  -2.749992   2.090325
    65  0.10641844    2.895793   66.778633       1.898562   1.979549   0.104973
    66  0.22092887    6.011780  138.635078       2.342386  -5.059393   0.123179
    67  0.13702972    3.728768   85.987521       2.512328   1.048683   0.055079
    68  0.16264619    4.425828  102.062110       2.513721  -0.024141   1.758909
    69  0.22271640    6.060421  139.756765       2.882095  -1.502265   0.793466
    70  0.20273043    5.516575  127.215369       3.027537  -0.814026  -0.620275
    71  0.20512172    5.581646  128.715929       3.294339  -4.021534  -2.645925
    72  0.19568204    5.324779  122.792439       3.558927  -3.553350  -0.722587
    73  0.04627600    1.259234   29.038654       3.636230   1.819910  -2.390777
    74  0.22168965    6.032482  139.112475       4.276380   3.728012   2.879674
    75  0.16091906    4.378830  100.978318       4.593887  -0.094321   1.570933
    76  0.16316223    4.439870  102.385932       4.868297   0.228902   1.228582
    77  0.16308043    4.437644  102.334599       4.900281   0.386680   0.991240
    78  0.22387787    6.092027  140.485605       5.021290  -3.462140  -1.008873
    79  0.16755830    4.559493  105.144510       5.160637  -2.284403   0.452258
    80  0.16097203    4.380272  101.011556       5.278753  -1.752036  -0.813398
    81  0.14629197    3.980807   91.799676       5.411047   0.830832   2.932992
    82  0.16559576    4.506090  103.912998       5.591790  -2.232765   2.853154
    83  0.13176725    3.585569   82.685267       5.647040   2.176038   0.435214
    84  0.14452080    3.932611   90.688246       6.043552   0.161224  -2.071196
    85  0.17567671    4.780406  110.238890       6.175834  -3.542347   0.706984
    86  0.16859107    4.587596  105.792584       6.267634  -2.181286  -1.876081
    87  0.10456217    2.845281   65.613805       6.441596  -0.573356   3.304714
    88  0.11477425    3.123166   72.021990       6.637849   0.509823   1.270911
    89  0.12824981    3.489855   80.478041       6.866285  -1.825899   1.368455
    90  0.08978253    2.443107   56.339432       6.793358   1.614689  -0.880548
    91  0.12154965    3.307534   76.273621       6.998579  -0.693681  -0.803004
    92  0.13081380    3.559625   82.086967       7.294333  -0.539630   0.725232
    93  0.11443025    3.113805   71.806127       7.412527  -2.954115  -0.495320
    94  0.15258836    4.152140   95.750721       8.084536  -0.408897   2.179066
    95  0.14736214    4.009928   92.471213       8.225530   0.656379   0.066750
    96  0.15738637    4.282701   98.761523       8.566714  -1.494824   0.295366
