 Number of surface minima:    62
   #       a.u.         eV      kcal/mol           X/Y/Z coordinate(Angstrom)
     1  0.14211655    3.867188   89.179556      -7.607421   0.460100  -2.353234
     2  0.13086631    3.561053   82.119916      -7.074814  -0.313020  -1.137995
     3  0.11807364    3.212947   74.092390      -6.677931  -1.043332  -0.322292
     4  0.12843654    3.494936   80.595215      -6.662428   0.862576  -1.552911
     5  0.14009990    3.812312   87.914087      -6.315661  -0.496340  -3.874610
     6  0.12995844    3.536349   81.550222      -6.148754  -1.967512   0.354821
     7  0.12766674    3.473989   80.112159      -5.619577  -1.480662  -2.967109
     8  0.11388232    3.098895   71.462294      -5.222694  -2.285330  -2.184245
     9  0.12402088    3.374780   77.824340      -5.222360  -0.357334  -3.435258
    10  0.12647831    3.441650   79.366404      -4.958105  -2.947488  -1.258872
    11  0.06202638    1.687824   38.922174      -4.813646  -2.860946   2.916512
    12  0.19298606    5.251418  121.100683      -4.022213   2.438293  -0.901473
    13  0.17528716    4.769806  109.994445      -3.516035   1.636294   0.303212
    14  0.13968371    3.800987   87.652923      -3.228052  -1.656786  -1.029181
    15  0.15668675    4.263663   98.322504      -3.220535   0.174214  -2.216901
    16  0.04753115    1.293388   29.826273      -2.376609  -3.859225   0.078394
    17  0.19283780    5.247383  121.007650      -2.369756   4.010529  -0.311635
    18  0.14632432    3.981687   91.819975      -2.050985   0.434075  -1.579922
    19  0.05227130    1.422374   32.800762      -1.633686  -3.270558   2.004599
    20  0.17926562    4.878066  112.490968      -1.516920   3.085905  -1.042010
    21  0.03010846    0.819293   18.893362      -1.213568   0.195844   2.443339
    22  0.13663046    3.717904   85.736978      -1.014111   2.144513   1.413315
    23  0.02577572    0.701393   16.174519      -0.660827  -3.598681  -0.121804
    24  0.14983022    4.077088   94.019963      -0.619013   3.283916   1.665175
    25  0.12952442    3.524539   81.277867      -0.478169   6.511828  -0.023081
    26  0.03462677    0.942242   21.728646      -0.329390  -1.536379  -2.251231
    27  0.03030798    0.824722   19.018559      -0.059656  -3.528708   1.334277
    28  0.12206989    3.321691   76.600077       0.064400   5.485237   2.383199
    29  0.14302097    3.891799   89.747090      -0.042645   7.595770   0.556788
    30  0.03573564    0.972416   22.424470       0.166140  -0.101488  -1.898297
    31  0.13944404    3.794465   87.502532       0.362092   6.812975   2.563156
    32  0.13254425    3.606712   83.172841       0.782490   6.656415  -0.202158
    33  0.12709512    3.458434   79.753457       1.232212   5.730355   2.199491
    34  0.03255558    0.885883   20.428955       1.453475  -4.394853   3.053259
    35  0.08054058    2.191621   50.540017       1.556703  -3.895638   0.549211
    36  0.12091942    3.290385   75.878145       1.652309   5.997883  -0.652061
*   37  0.00978872    0.266365    6.142519       1.788904  -0.435847   3.185554
    38  0.02688963    0.731704   16.873514       1.808362  -1.933841   2.660758
    39  0.11402349    3.102737   71.550880       2.076682   4.959673   1.763445
    40  0.13433584    3.655464   84.297084       2.517220   5.135727  -0.915570
    41  0.03235034    0.880298   20.300164       2.772807  -0.429635   0.862099
    42  0.08084818    2.199991   50.733040       2.863661  -2.996066   1.349000
    43  0.07464460    2.031183   46.840231       3.111847   0.990295  -2.720123
    44  0.05746650    1.563743   36.060805       3.111847   1.629231   0.993394
    45  0.07312396    1.989804   45.886016       3.508730   2.931793  -2.812841
    46  0.10222753    2.781753   64.148800       4.279880  -2.207303  -2.151071
    47  0.10010545    2.724008   62.817171       4.449123  -1.281243  -1.680237
    48  0.10117904    2.753222   63.490859       4.482513  -3.397952   0.190507
    49  0.09782323    2.661905   61.385055       4.684544  -2.483264   0.644612
    50  0.10330196    2.810989   64.823013       4.722799  -1.128744   1.099112
    51  0.07734030    2.104537   48.531810       4.591771   2.045308  -0.237797
    52  0.10972947    2.985891   68.856339       4.800043  -0.090595  -0.848738
    53  0.09218223    2.508406   57.845269       5.208360  -3.001069  -2.678422
    54  0.09201027    2.503727   57.737366       5.468498  -4.191718  -0.304972
    55  0.08986625    2.445385   56.391970       5.625439  -0.815747  -1.577041
    56  0.08704378    2.368582   54.620842       5.822270  -2.010473   0.804256
    57  0.09221894    2.509405   57.868308       6.128433  -2.604186  -2.557931
    58  0.09116454    2.480713   57.206661       6.443987  -3.794835  -0.201537
    59  0.09294786    2.529240   58.325709       6.428234  -1.402098  -1.949771
    60  0.09113288    2.479852   57.186791       6.551974  -2.604027   0.407590
    61  0.11129107    3.028384   69.836261       7.537681  -2.190483  -2.238513
    62  0.11026043    3.000339   69.189520       7.722277  -3.278372  -0.296178
 
 Number of surface maxima:    75
   #       a.u.         eV      kcal/mol           X/Y/Z coordinate(Angstrom)
     1  0.20228622    5.504488  126.936623      -7.856126  -2.597673  -2.098774
     2  0.20949020    5.700518  131.457195      -7.699629   0.194265  -3.789388
     3  0.16446228    4.475246  103.201725      -7.475534  -1.150530  -2.770036
     4  0.16052036    4.367981  100.728133      -6.508456  -2.699300  -1.028387
     5  0.17368317    4.726159  108.987926      -6.354427   1.100054  -3.237952
     6  0.19334734    5.261249  121.327392      -5.751871  -0.154144  -0.979119
     7  0.19842823    5.399507  124.515699      -5.678001  -3.324083   0.084360
     8  0.08836055    2.404413   55.447132      -5.710237  -2.052257   2.259494
     9  0.23094640    6.284371  144.921176      -5.229273   2.276844  -3.271134
    10  0.18524951    5.040896  116.245923      -4.826659  -1.544761   0.673465
    11  0.18875946    5.136406  118.448450      -4.945829  -0.871238  -2.106883
    12  0.20946459    5.699821  131.441126      -4.602849  -2.490774   0.407373
    13  0.20532368    5.587142  128.842665      -4.296634  -2.388160  -0.038072
    14  0.21551621    5.864494  135.238577      -4.296634   1.820632  -2.106218
    15  0.07854742    2.137384   49.289290      -3.731443  -4.305875  -0.219822
    16  0.18336431    4.989597  115.062940      -3.635162  -3.397952   1.918767
    17  0.24348686    6.625615  152.790442      -3.690087   0.438583   0.142785
    18  0.22011762    5.989705  138.126009      -3.401808  -1.211438   1.932416
*   19  0.26418230    7.188766  165.777038      -3.267713   2.893750  -2.106218
    20  0.26150644    7.115952  164.097904      -3.238279   3.693345   0.883955
    21  0.22965248    6.249162  144.109227      -2.848466  -0.235896  -0.949209
    22  0.22875957    6.224865  143.548919      -2.608999   2.512487  -0.529127
    23  0.22933666    6.240568  143.911050      -2.499078   5.849133   1.568404
    24  0.19795941    5.386749  124.221507      -2.252225  -2.175091   0.671962
    25  0.19898771    5.414731  124.866778      -2.172687  -1.809404   0.804965
    26  0.21359928    5.812332  134.035681      -1.994655   4.539706   0.936551
    27  0.08249544    2.244815   51.766714      -1.622119  -2.453269   2.934356
    28  0.06458579    1.757469   40.528230      -1.218167  -3.111970  -1.925765
    29  0.16935177    4.608296  106.269928      -1.133051  -0.490565  -0.269753
    30  0.17315334    4.711742  108.655451      -1.069620   6.788709   1.598022
    31  0.13003524    3.538439   81.598411      -0.925922  -1.879361   0.804256
    32  0.15137394    4.119094   94.988661      -0.602682  -2.196519   3.474459
    33  0.17620432    4.794763  110.569970      -0.295842   0.762108   0.730898
    34  0.24586289    6.690269  154.281422      -0.341376   3.084469  -0.680479
    35  0.14304859    3.892550   89.764422      -0.175424  -0.761384   2.122647
    36  0.20969521    5.706097  131.585841      -0.090774   8.073131   1.980785
    37  0.22249045    6.054273  139.614984       0.039907   2.673451   0.758374
    38  0.19507836    5.308352  122.413624       0.402253   5.333472  -0.053218
    39  0.07634277    2.077392   47.905852       0.593407  -3.394152   3.069211
    40  0.18696411    5.087552  117.321849       0.754066   4.804295   1.381426
    41  0.14734960    4.009587   92.463349       0.891466  -0.994323  -0.879931
    42  0.16536425    4.499790  103.767719       1.140916  -2.321978   0.285504
    43  0.16526724    4.497150  103.706844       1.364576   7.402564   1.322964
    44  0.14642181    3.984340   91.881148       1.519188   0.172942   0.287831
    45  0.22746686    6.189688  142.737731       1.500356   2.277952  -1.890157
    46  0.18587049    5.057793  116.635589       1.763723  -3.707884  -1.189351
    47  0.05523020    1.502890   34.657506       1.761140   1.746989   2.895978
    48  0.16346062    4.447990  102.573177       1.892461  -5.840929   0.874871
    49  0.10900290    2.966120   68.400412       1.806404  -1.136262   1.474485
    50  0.18364481    4.997229  115.238953       1.848851   3.805887  -1.047864
    51  0.21177721    5.762751  132.892319       2.038446   1.228172  -0.246253
    52  0.17335584    4.717252  108.782525       2.480487  -1.780262  -1.667286
    53  0.23373714    6.360311  146.672391       2.493750   3.377773  -0.231933
    54  0.09134513    2.485627   57.319985       2.732144   0.064092  -2.227246
    55  0.16932289    4.607510  106.251805       2.975568  -3.531458  -1.183947
    56  0.14076491    3.830408   88.331390       2.950798  -2.471892   0.740081
    57  0.09706301    2.641219   60.908012       2.978642   4.142424  -2.502130
    58  0.20453909    5.565792  128.350322       2.977208   7.317405   1.066899
    59  0.16381364    4.457596  102.794697       2.993844   5.741174   0.415466
    60  0.19173853    5.217471  120.317843       3.317335  -4.779996  -1.868805
    61  0.13781698    3.750191   86.481536       3.572004  -1.614853   0.470647
    62  0.19747085    5.373455  123.914932       3.641025   2.078456  -1.524699
    63  0.20448011    5.564187  128.313314       3.648007   4.540894  -0.252523
    64  0.16205442    4.409725  101.690769       4.050740  -4.039789   2.408776
    65  0.17097159    4.652374  107.286382       4.464546   0.229233   0.594907
    66  0.08923780    2.428284   55.997614       4.311923   2.296600   0.676745
    67  0.13970186    3.801481   87.664315       4.974209  -4.710708  -1.964832
    68  0.14458622    3.934391   90.729301       5.347063  -2.085414  -1.607770
    69  0.14457245    3.934016   90.720659       5.505542  -2.868775  -0.227486
    70  0.13254357    3.606694   83.172414       5.864880  -0.265108   0.134459
    71  0.17950503    4.884580  112.641200       6.551499  -5.185000  -2.438029
    72  0.13494501    3.672040   84.679341       7.366206  -3.799192  -1.827892
    73  0.17862968    4.860761  112.091910       7.540123  -0.160325   0.073054
    74  0.13478198    3.667604   84.577040       7.789675  -1.645484  -0.757998
    75  0.18013462    4.901712  113.036273       8.662675  -2.853970  -1.432103
