 Number of surface minima:    73
   #       a.u.         eV      kcal/mol           X/Y/Z coordinate(Angstrom)
     1  0.07758788    2.111273   48.687168      -6.589934  -3.054391  -0.027092
     2  0.07682411    2.090490   48.207894      -6.412899  -3.553802   1.061028
     3  0.11511340    3.132395   72.234812      -6.119041   4.839489   0.046038
     4  0.12072966    3.285221   75.759069      -6.049817   5.133619  -2.028401
     5  0.07893297    2.147875   49.531226      -5.652743  -5.813330  -0.140145
     6  0.07934134    2.158988   49.787486      -5.748077  -5.337707  -1.119759
     7  0.08147242    2.216977   51.124759      -5.807485  -2.552544  -0.453990
     8  0.10445327    2.842318   65.545472      -5.658030   4.330753  -0.972943
     9  0.07902047    2.150256   49.586136      -5.397586  -3.445041   1.555176
    10  0.10511522    2.860331   65.960852      -5.338880   3.912808  -0.094728
    11  0.10676765    2.905296   66.997768      -5.130337   4.065561  -2.164243
    12  0.08376692    2.279414   52.564580      -5.026239  -4.808843  -1.654582
    13  0.08821822    2.400540   55.357814      -4.889445  -2.486084   0.012038
    14  0.08565802    2.330873   53.751267      -4.757129  -5.737060   0.326773
    15  0.08848620    2.407832   55.525977      -4.624586  -2.956666   1.129164
    16  0.11633495    3.165635   73.001345      -4.561321   6.764610  -1.881141
    17  0.11641377    3.167780   73.050808      -4.459498   3.940963  -3.337739
    18  0.11892346    3.236072   74.625659      -4.304391   3.052711  -0.167074
    19  0.10662958    2.901538   66.911126      -4.284930   3.336761  -2.310408
    20  0.12109647    3.295202   75.989244      -3.854864   2.813681  -1.132143
    21  0.09707160    2.641453   60.913401      -3.930679   6.328625  -0.699035
    22  0.09760979    2.656097   61.251117      -3.583956   5.903700   0.192462
    23  0.09697915    2.638937   60.855384      -3.352242   5.989275  -1.804938
    24  0.07214570    1.963184   45.272146      -3.204798   0.075572   0.411063
    25  0.12151883    3.306695   76.254279      -3.063430   2.671817  -2.503131
    26  0.03866504    1.052129   24.262700      -2.859105   0.241854   1.704347
    27  0.10427954    2.837591   65.436452      -2.510088   4.980955   0.069225
    28  0.09158314    2.492104   57.469339      -2.534825   5.321674  -1.927650
    29  0.15795278    4.298114   99.116949      -2.212799  -2.800400  -1.475038
    30  0.06585044    1.791882   41.321810      -2.309707   0.417095  -1.185907
    31  0.14034346    3.818940   88.066926      -2.008860  -3.098059   1.346837
    32  0.09980464    2.715822   62.628408      -2.076961   4.732774  -0.834913
    33  0.15206662    4.137943   95.423326      -1.835770  -3.998028  -1.115709
    34  0.16147849    4.394053  101.329366      -1.742607  -5.133819  -0.518988
    35  0.16208069    4.410440  101.707254      -1.674870  -4.511115   1.576456
    36  0.10601584    2.884838   66.525999      -1.580101   4.188678  -2.044558
    37  0.15807757    4.301509   99.195256      -0.769904  -4.265841  -0.963209
    38  0.01407083    0.382887    8.829586      -0.805223   0.609377   3.504684
    39  0.14217941    3.868899   89.219002      -0.772824  -3.356825   1.524377
    40  0.02422667    0.659241   15.202475      -0.735631   2.255760  -1.384348
    41  0.03646712    0.992321   22.883480      -0.391439   2.629721   2.901842
    42  0.05498684    1.496268   34.504793      -0.119408   4.193486   0.477808
    43  0.02207916    0.600805   13.854894       0.005444   0.116100  -1.863747
    44  0.14372198    3.910874   90.186982       0.015237  -2.679783   1.395395
    45  0.01392070    0.378802    8.735379       0.669973   1.679827  -2.309938
    46  0.03496862    0.951545   21.943162       0.864801   4.685849   2.914662
    47  0.02441192    0.664282   15.318721       1.063798  -0.575112   2.504431
    48  0.02555261    0.695322   16.034521       1.544766   3.240774   0.996950
*   49  0.00931518    0.253479    5.845371       1.824132   3.204107  -0.470086
    50  0.14593647    3.971133   91.576592       1.962482  -1.501172  -1.575844
    51  0.06251757    1.701189   39.230397       2.734629   0.987812   2.187599
    52  0.14084712    3.832645   88.382975       3.022860  -1.633466  -1.973332
    53  0.05563298    1.513850   34.910249       3.048213   1.868157   1.129244
    54  0.05580363    1.518494   35.017338       3.256220   1.938480   0.940369
    55  0.15590171    4.242301   97.829882       3.576321  -3.211066   0.065423
    56  0.13490829    3.671041   84.656303       3.861418  -0.971995  -1.737280
    57  0.15070690    4.100943   94.570089       4.393055  -2.427232   0.384157
    58  0.15165647    4.126782   95.165953       4.348831  -1.950350  -2.310408
    59  0.14721714    4.005982   92.380225       4.366474  -1.360308   1.125668
    60  0.07627225    2.075474   47.861603       4.503450   0.154814   2.584481
    61  0.16654806    4.532003  104.510575       4.711622  -3.409709  -0.722876
    62  0.07105260    1.933440   44.586217       5.372295   0.747831   1.495639
    63  0.08233135    2.240350   51.663747       6.246918   0.238518   0.633092
    64  0.09366346    2.548712   58.774760       6.465691  -1.245563  -1.815495
    65  0.08762352    2.384357   54.984637       6.640062  -0.956278   0.760412
    66  0.07400324    2.013731   46.437775       6.780891   0.510771  -2.172099
    67  0.07359212    2.002543   46.179789       7.002272   0.876993   0.465624
    68  0.08161543    2.220869   51.214501       7.432872  -1.617603  -1.887371
    69  0.07794717    2.121050   48.912627       7.608218  -1.174584   0.732361
    70  0.07247170    1.972055   45.476716       7.794615   0.212767  -2.204760
    71  0.07156051    1.947260   44.904935       8.046948   0.688561   0.408502
    72  0.07429125    2.021568   46.618500       8.192075  -0.845521  -2.071501
    73  0.07347079    1.999242   46.103656       8.316065  -0.451191   0.562101
 
 Number of surface maxima:    73
   #       a.u.         eV      kcal/mol           X/Y/Z coordinate(Angstrom)
     1  0.16853437    4.586054  105.757005      -8.220684  -5.214779  -0.077689
     2  0.12443803    3.386131   78.086110      -7.339171  -4.347781  -1.188188
     3  0.17424447    4.741433  109.340150      -7.067694  -3.485586  -2.636536
     4  0.12308787    3.349391   77.238870      -6.929114  -5.392961   1.098354
     5  0.17164467    4.670689  107.708747      -6.193994  -5.874014   2.480392
     6  0.18591318    5.058955  116.662380      -6.080094   6.217943   0.778406
     7  0.18649509    5.074790  117.027537      -5.954645   6.583882  -2.437241
     8  0.12340227    3.357947   77.436159      -5.798748   4.725755  -2.036168
     9  0.14204894    3.865348   89.137132      -5.747054   6.171898  -0.887817
    10  0.12943457    3.522094   81.221489      -5.369750  -3.425426   0.354527
*   11  0.25606169    6.967793  160.681274      -4.997323   1.267550  -1.502387
    12  0.13306561    3.620899   83.499999      -4.844655  -4.751944  -0.441280
    13  0.14691682    3.997810   92.191771      -4.836433   5.113543   1.261538
    14  0.14188735    3.860951   89.035732      -4.741432   5.524240  -3.081448
    15  0.15758661    4.288150   98.887174      -4.371894   3.920177  -0.994564
    16  0.18953816    5.157596  118.937091      -3.963385  -2.427232  -2.619719
    17  0.19807594    5.389920  124.294631      -3.988617   4.176182   2.279429
    18  0.18451983    5.021040  115.788039      -3.726975   4.965077  -4.220601
    19  0.16176964    4.401976  101.512069      -3.487582  -2.030349   0.070890
    20  0.15026507    4.088921   94.292837      -3.304883   5.113183  -0.835726
    21  0.18473382    5.026863  115.922317      -3.250832  -2.401399  -1.068677
    22  0.17495317    4.760718  109.784866      -3.169619   3.393717   1.303209
    23  0.19309652    5.254424  121.170000      -3.130673  -4.650224   2.468044
    24  0.17780468    4.838311  111.574216      -3.012311   1.949426   0.351324
    25  0.13926210    3.789514   87.388360      -2.851673   3.976253  -3.183110
    26  0.17912558    4.874255  112.403090      -2.706199  -4.345109   0.996950
    27  0.05258707    1.430967   32.998915      -2.426347  -0.462168   2.981364
    28  0.18870328    5.134877  118.413194      -2.504369   2.866948   2.195487
    29  0.23020118    6.264093  144.453540      -1.783393  -5.803600   0.795645
    30  0.15639721    4.255785   98.140815      -1.695325  -0.538115   0.240181
    31  0.17532918    4.770949  110.020811      -1.714382   2.900732  -2.803393
    32  0.13925375    3.789287   87.383120      -1.582088   3.461242  -0.787646
    33  0.17157677    4.668841  107.666138      -1.698236   5.387440   2.710348
    34  0.17470114    4.753860  109.626713      -1.571861  -1.234937  -1.517858
    35  0.13538626    3.684047   84.956232      -1.446165   0.618579   0.336694
    36  0.14193855    3.862344   89.067863      -1.224428   3.770376   0.329582
    37  0.21796201    5.931048  136.773342      -1.072876  -2.434635   0.703377
    38  0.15783329    4.294862   99.041971      -1.052911   2.006096   1.329155
    39  0.23213380    6.316682  145.666282      -0.993120  -2.896619  -0.795380
    40  0.12904820    3.511580   80.979033      -0.622236   3.008708   0.732361
    41  0.19825077    5.394678  124.404340      -0.368337  -5.030790   0.611252
    42  0.12798357    3.482610   80.310968      -0.247279   1.153729  -0.971905
    43  0.16408738    4.465045  102.966474      -0.126850  -0.707406   0.788498
    44  0.12619477    3.433934   79.188483       0.129161   2.599673   0.198110
    45  0.13578576    3.694918   85.206922       0.454836   0.643070   2.107814
    46  0.15600767    4.245185   97.896374       0.799210   6.171898   0.800541
    47  0.15758564    4.288123   98.886567       1.239376  -0.009035  -0.268967
    48  0.25204302    6.858439  158.159515       1.351533  -4.820047   0.608555
    49  0.22788792    6.201146  143.001952       1.335708  -3.488431  -0.324669
    50  0.12532940    3.410386   78.645451       1.681384   1.268124   0.838294
    51  0.25219448    6.862561  158.254559       1.963268  -4.206429  -1.840601
    52  0.15596823    4.244111   97.871624       1.912785   1.836857   3.168879
    53  0.15222936    4.142371   95.525444       2.354134   0.554271   0.467773
    54  0.04971470    1.352806   31.196470       2.643104   2.071883  -1.917128
    55  0.21698376    5.904428  136.159480       2.789842  -1.094860  -0.844642
    56  0.16830979    4.579942  105.616076       2.933999  -0.823681   1.682186
    57  0.22715316    6.181152  142.540879       3.097445  -2.030349   0.384711
    58  0.19747286    5.373510  123.916193       3.445096  -3.556459  -1.675534
    59  0.16916441    4.603198  106.152359       4.624596   0.332901  -0.198856
    60  0.23801806    6.476801  149.358715       4.737338   2.848033   3.086551
    61  0.16385882    4.458825  102.823047       4.890542   1.962871  -0.843478
    62  0.15825103    4.306230   99.304106       4.905340  -0.439404   0.867432
    63  0.22835495    6.213854  143.295016       5.052603  -3.368908  -2.057086
    64  0.18055117    4.913047  113.297662       5.301796  -2.431134  -0.584520
    65  0.19802045    5.388410  124.259813       6.325805  -3.538321  -0.208055
    66  0.12134152    3.301871   76.143018       6.372751   1.961006  -0.972630
    67  0.12762049    3.472730   80.083132       7.040544  -0.555904  -1.485826
    68  0.12632009    3.437344   79.267118       7.170690  -0.293128   0.101374
    69  0.16441764    4.474031  103.173711       7.935246   2.730649  -1.222441
    70  0.11748489    3.196926   73.722943       8.894649   1.316567  -1.102079
    71  0.17061441    4.642654  107.062245       9.475538  -2.691820  -0.484119
    72  0.11999876    3.265332   75.300420       9.529513  -1.086266  -0.849291
    73  0.16390901    4.460191  102.854543      10.271856   0.459156  -1.132778
