 Number of surface minima:    67
   #       a.u.         eV      kcal/mol           X/Y/Z coordinate(Angstrom)
     1  0.13446341    3.658935   84.377132      -6.539314  -1.220642  -2.272296
     2  0.12691385    3.453501   79.639710      -6.024886  -3.354725  -2.544778
     3  0.12866373    3.501118   80.737775      -6.007013  -1.339046  -0.155923
     4  0.11317781    3.079725   71.020207      -5.826922   0.954856   0.900835
     5  0.11750222    3.197398   73.733819      -5.821934   1.092138  -1.160753
     6  0.12116186    3.296982   76.030276      -5.612465  -0.898670  -1.324950
     7  0.11983840    3.260969   75.199797      -5.580487   3.436589  -2.127355
     8  0.10520875    2.862876   66.019540      -5.347877   3.021433   2.431288
     9  0.12323688    3.353446   77.332376      -5.292833  -0.682807  -2.538817
    10  0.11670174    3.175616   73.231507      -5.300255   4.873553  -0.951285
    11  0.10660971    2.900998   66.898661      -5.083288   4.688554   1.671931
    12  0.11913344    3.241786   74.757423      -4.975846  -0.851101  -0.429446
    13  0.13473092    3.666215   84.544998      -5.012299  -0.682807  -3.753460
    14  0.10843428    2.950647   68.043598      -4.949621  -3.449740  -1.607044
    15  0.12137020    3.302651   76.161016      -4.709343  -0.057814  -0.165535
    16  0.11055603    3.008382   69.375012      -4.573652  -3.224850  -2.810026
    17  0.10435242    2.839574   65.482189      -4.408929  -3.444690  -0.676320
    18  0.12815582    3.487297   80.419057      -4.284770  -0.419110  -2.804400
    19  0.13455159    3.661335   84.432471      -4.006029  -1.039809   0.663304
    20  0.10497046    2.856392   65.870016      -4.079676   1.169313   2.199218
    21  0.11329908    3.083025   71.096305      -3.731708  -3.028097  -3.045689
    22  0.10734778    2.921082   67.361808      -3.787804   3.883460   2.556628
    23  0.11802763    3.211695   74.063520      -3.495757  -3.117334   0.371658
    24  0.14320454    3.896794   89.862283      -3.484846  -0.391295  -1.863624
    25  0.11685083    3.179673   73.325065      -3.136156  -3.118702  -0.963397
    26  0.12235257    3.329383   76.777460      -2.820417  -2.933320  -2.011272
    27  0.17285104    4.703516  108.465757      -2.645162   0.961553  -0.232984
    28  0.17205474    4.681848  107.966071      -2.471142   1.772492  -1.357812
    29  0.18209158    4.954964  114.264285      -2.470616   2.745415  -2.203237
    30  0.16325152    4.442300  102.441959      -2.145828   2.943313   1.351893
    31  0.17779468    4.838039  111.567939      -2.072381   4.414874  -0.880787
    32  0.03416583    0.929699   21.439398      -1.908225  -1.741162   1.389209
    33  0.16358524    4.451381  102.651376      -1.939536   3.748540   0.304999
    34  0.04157216    1.131236   26.086945      -1.582583   0.110958   2.854385
    35  0.17633333    4.798274  110.650926      -1.395751   1.954084  -1.891109
    36  0.09524415    2.591725   59.766655      -1.188782  -3.460988  -0.422108
    37  0.16948130    4.611821  106.351209      -0.941975   3.977454  -0.267958
    38  0.02876252    0.782668   18.048769      -0.299367  -3.846222   1.154472
    39  0.18203753    4.953493  114.230368      -0.360379   1.424375  -1.546450
    40  0.18999863    5.170126  119.226043      -0.308819   2.378677  -2.399816
    41  0.00785195    0.213662    4.927175      -0.319101   0.510408   2.892293
    42  0.10548105    2.870285   66.190414       0.010300  -2.733111  -1.612756
    43  0.17931422    4.879388  112.521469      -0.018839   3.435891   0.140267
    44  0.04833384    1.315231   30.329971       0.605367  -5.126979  -0.686696
*   45 -0.01919541   -0.522334  -12.045310       0.665186  -1.975398   4.003423
    46  0.05150594    1.401548   32.320492       1.656142  -2.792111  -0.537808
    47  0.04257514    1.158528   26.716326       1.681076  -1.750357  -0.822740
    48 -0.01222889   -0.332765   -7.673752       1.846589  -1.426000   3.679016
    49  0.14367550    3.909609   90.157810       2.301196   2.084225   0.992398
    50  0.05950342    1.619170   37.338989       2.403383  -2.148677  -0.592641
    51  0.16239050    4.418870  101.901660       3.260019   2.632354  -1.733024
    52  0.06096291    1.658885   38.254837       3.324044  -2.138045   0.312155
    53  0.14040508    3.820616   88.105590       3.378108   2.357401   0.891736
    54  0.15761535    4.288932   98.905211       3.814410   0.536128  -1.964649
    55  0.15462721    4.207620   97.030122       4.038568   1.827842  -1.888037
    56  0.13525890    3.680582   84.876312       4.154189   1.555862   0.731138
    57  0.16582844    4.512421  104.059004       4.574196   3.021433  -1.563759
    58  0.15521161    4.223523   97.396835       4.684955   2.746614   0.595659
    59  0.09296585    2.529729   58.336999       5.107164  -1.736392  -1.084387
    60  0.10554225    2.871951   66.228815       5.399847  -0.263660  -3.420116
    61  0.07995756    2.175756   50.174165       5.632550  -0.815102   1.343610
    62  0.09754767    2.654407   61.212136       6.690905  -1.120206  -2.556738
    63  0.10022231    2.727188   62.890499       6.957158   0.640975  -3.326857
    64  0.08817583    2.399386   55.331215       6.985708  -1.476573   0.253685
    65  0.08694938    2.366013   54.561603       7.354072  -0.016955   1.298080
    66  0.10387556    2.826598   65.182953       7.672694   2.547985  -1.745051
    67  0.09991535    2.718835   62.697883       7.765446   2.237560   0.247151
 
 Number of surface maxima:    87
   #       a.u.         eV      kcal/mol           X/Y/Z coordinate(Angstrom)
     1  0.19744724    5.372813  123.900121      -7.226793  -2.411862  -2.822039
     2  0.17526282    4.769144  109.979172      -6.721138   1.830784  -0.050965
     3  0.19349602    5.265294  121.420687      -6.537553  -2.666300   0.372025
     4  0.15262318    4.153088   95.772574      -6.589156  -2.294489  -1.348168
     5  0.17753276    4.830912  111.403584      -6.451460   3.803548  -0.980108
     6  0.16965701    4.616602  106.461469      -6.334762   3.682905   1.268822
     7  0.13779223    3.749517   86.465999      -6.141643  -0.983298  -2.292372
     8  0.15618373    4.249975   98.006852      -5.797904  -2.031728  -3.650315
     9  0.13035576    3.547161   81.799541      -5.574426   0.281292  -0.271525
    10  0.15394760    4.189127   96.603656      -5.495086   3.017648   0.097305
    11  0.13989088    3.806624   87.782927      -5.081218   2.094875   1.169527
    12  0.15078773    4.103143   94.620811      -5.104722   2.305559  -1.270276
    13  0.15025099    4.088537   94.284001      -4.950994  -2.270339   0.572048
    14  0.13349118    3.632480   83.767051      -4.948498   4.358408  -2.147000
    15  0.20268230    5.515266  127.185168      -4.846925  -1.622323  -4.969033
    16  0.11745149    3.196018   73.701985      -4.822635   4.037909   2.471377
    17  0.14588961    3.969858   91.547189      -4.756423   4.274359   0.169346
    18  0.17260588    4.696845  108.311919      -4.547571   0.122377   1.294536
    19  0.17461421    4.751494  109.572164      -4.315431  -1.115887  -1.622168
    20  0.18825071    5.122562  118.129205      -4.283439   0.636474  -1.750529
    21  0.16452258    4.476887  103.239565      -4.033835  -2.679370  -1.880239
    22  0.16261417    4.424957  102.042021      -4.099908   2.417282   2.942570
    23  0.19523263    5.312550  122.510427      -4.024934   2.815372  -2.744877
    24  0.23820215    6.481810  149.474232      -3.786769  -0.298573   4.427108
    25  0.18388716    5.003824  115.391032      -3.617531  -2.128914   1.444299
    26  0.19046758    5.182886  119.520309      -3.500050   1.700791   1.046046
    27  0.19035886    5.179928  119.452087      -3.607739   5.277905  -1.071272
    28  0.17597979    4.788654  110.429076      -3.457061   5.044543   1.317898
    29  0.18634668    5.070751  116.934406      -3.337037   1.193331   0.654715
    30  0.19123455    5.203757  120.001592      -3.167650   2.688068  -1.416944
    31  0.19022811    5.176370  119.370038      -2.950965   3.834496  -0.543253
    32  0.24570454    6.685960  154.182055      -2.443092   4.229312  -2.287785
    33  0.15640066    4.255878   98.142978      -2.299531  -2.391868  -0.160960
    34  0.17509009    4.764444  109.870781      -1.946526  -5.058229  -1.240496
    35  0.22602769    6.150526  141.834639      -1.783448  -1.074466  -3.847534
    36  0.20575552    5.598892  129.113646      -1.758900  -0.947396  -2.242281
    37  0.15622837    4.251190   98.034866      -1.640884  -2.669686  -0.547215
    38  0.22216227    6.045343  139.409048      -1.632639  -0.139335  -0.942082
    39  0.03864137    1.051485   24.247844      -1.511488  -2.269046   4.206714
    40  0.17578453    4.783340  110.306549      -1.404718   0.198252   1.020359
    41  0.24688414    6.718059  154.922269      -1.268741   1.552529  -0.573799
    42  0.13013541    3.541165   81.661270      -0.986098  -0.672083   1.705702
    43  0.24127082    6.565313  151.399852      -0.971206   2.770342   0.379401
    44  0.21481487    5.845410  134.798476      -0.952784   3.682905  -2.079100
    45  0.10681724    2.906645   67.028889      -0.702885  -2.396314   1.306916
    46  0.22931288    6.239921  143.896124      -0.378653  -0.970634  -2.274228
    47  0.19126115    5.204481  120.018283      -0.329663  -0.025038   0.224403
    48  0.19051376    5.184143  119.549290       0.078438  -1.606332  -0.289290
    49  0.18604743    5.062608  116.746622       0.340778  -3.857871  -3.141278
    50  0.11427387    3.109550   71.707996       0.584910  -0.433811   2.608006
*   51  0.26564156    7.228475  166.692738       0.600202   3.666691  -2.391117
    52  0.21426400    5.830420  134.452801       0.939711   0.974480  -1.278412
    53  0.10326040    2.809858   64.796936       1.134544  -2.322964   2.223778
    54  0.23766389    6.467163  149.136466       1.138198   3.038574  -0.810638
    55  0.08880935    2.416625   55.728758       1.266838  -4.468760   0.135219
    56  0.16555773    4.505055  103.889131       1.501558   0.233511   0.853481
    57  0.12426447    3.381408   77.977199       1.928310  -1.534708   0.617006
    58  0.25500178    6.938951  160.016167       1.928310   4.433337  -0.178659
    59  0.14574221    3.965847   91.454695       2.108891  -3.966514   1.719768
    60  0.18418579    5.011950  115.578426       2.367325  -0.393309  -1.556963
    61  0.15492351    4.215683   97.216052       2.607350  -0.806320   0.237341
    62  0.23521231    6.400452  147.598075       2.834439   1.425507  -1.247348
    63  0.21654119    5.892385  135.881760       3.043968   1.226617   0.296668
    64  0.19970693    5.434302  125.318094       3.408855   3.822292  -0.406923
    65  0.05013624    1.364277   31.460994       3.762566  -0.554661   2.737357
    66  0.24332504    6.621211  152.688899       4.061803  -4.232828  -1.468007
    67  0.16547952    4.502927  103.840051       4.458823   1.183811  -1.987209
    68  0.17727186    4.823813  111.239867       4.838785  -0.383250  -1.048610
    69  0.17572839    4.781813  110.271324       5.102978   2.226899  -1.346912
    70  0.22908569    6.233739  143.753564       5.037339   3.881459  -0.454799
    71  0.15922551    4.332746   99.915600       5.205168  -1.481087  -2.555778
    72  0.16742744    4.555932  105.062392       5.230031   2.092478   0.104397
    73  0.17233415    4.689451  108.141405       5.474578   1.433901  -3.531404
    74  0.14467611    3.936837   90.785704       5.605658  -1.921285   0.227037
    75  0.14934974    4.064013   93.718454       6.044223   0.810081   1.846189
    76  0.17943464    4.882665  112.597028       6.100694   3.286022  -2.070673
    77  0.11312913    3.078400   70.989659       6.305691  -0.291341  -3.467613
    78  0.17075075    4.646364  107.147804       6.422877   2.985364   0.884930
    79  0.12391961    3.372024   77.760793       6.576077  -0.658958  -1.196999
    80  0.13416702    3.650870   84.191150       6.823199   1.433901  -2.088164
    81  0.09720247    2.645014   60.995523       6.861072  -0.947396   1.203297
    82  0.12688907    3.452827   79.624161       7.065479   1.108099   0.310444
    83  0.13733380    3.737043   86.178330       7.268864   0.548788  -1.050063
    84  0.11757287    3.199321   73.778154       7.399119   3.200470  -0.663811
    85  0.15927433    4.334075   99.946237       7.975265  -0.165016  -2.431184
    86  0.15357730    4.179051   96.371291       8.211384  -0.418219  -0.092277
    87  0.16165898    4.398965  101.442626       8.553476   1.571492  -0.951142
