 Number of surface minima:    48
   #       a.u.         eV      kcal/mol           X/Y/Z coordinate(Angstrom)
     1  0.18695748    5.087372  117.317687      -6.269686  -1.467588  -1.247044
     2  0.17251211    4.694293  108.253076      -5.504495  -1.780499  -0.254387
     3  0.18274914    4.972857  114.676911      -5.520847  -0.473909  -0.453278
     4  0.17590512    4.786622  110.382224      -5.314749  -3.037982  -0.180342
     5  0.18022787    4.904250  113.094794      -4.909619  -1.649740  -2.901808
     6  0.16550795    4.503700  103.857892      -3.851265  -3.262987  -1.869170
     7  0.16775036    4.564720  105.265031      -3.718971  -0.679831  -2.357768
     8  0.15824047    4.305942   99.297476      -3.716091  -2.110336  -2.169832
     9  0.19043080    5.181885  119.497229      -3.586676   4.846669  -0.320983
    10  0.18593932    5.059666  116.678781      -3.519013   3.512341  -0.914791
    11  0.19435817    5.288755  121.961695      -3.390467   2.518617  -1.183128
    12  0.18348083    4.992767  115.136054      -3.291113   4.301502   1.726490
    13  0.16987880    4.622637  106.600643      -3.166407   2.783205   1.581758
    14  0.15629084    4.252890   98.074066      -3.057499  -2.527327  -1.554123
    15  0.16701793    4.544789  104.805423      -3.047636  -0.125039  -1.897422
    16  0.16869734    4.590488  105.859265      -2.995611   1.786740   1.328437
    17  0.17651154    4.803123  110.762758      -2.524985   4.383219  -0.852641
    18  0.04145302    1.127994   26.012186      -1.999145  -0.456069   2.260691
    19  0.16276970    4.429189  102.139615      -2.026681   3.576971   1.605401
    20  0.07056007    1.920037   44.277149      -1.602262  -3.506695   0.268420
    21  0.18122220    4.931307  113.718745      -1.499032   5.032209  -0.642923
    22  0.16238717    4.418780  101.899573      -1.192672   3.316666   1.409457
    23  0.03942749    1.072877   24.741143      -0.446643   0.392022  -1.959773
    24  0.02597483    0.706811   16.299465       0.130310   0.023094   3.407999
*   25  0.01583558    0.430908    9.936982       0.580577  -3.170038  -0.916326
    26  0.03119813    0.848944   19.577141       0.887071  -3.088407   0.554414
    27  0.08667360    2.358509   54.388551       0.911330   2.077572  -0.735785
    28  0.08920309    2.427340   55.975833       1.095877   2.544500   0.507460
    29  0.03975032    1.081661   24.943724       1.214278  -1.430735   2.770237
    30  0.03219387    0.876040   20.201974       1.596236  -0.608057  -1.463243
    31  0.03796033    1.032953   23.820487       2.290046  -3.643443   2.589491
    32  0.06951010    1.891466   43.618282       2.807482  -2.204480   0.397895
    33  0.11405109    3.103488   71.568201       3.425200   0.930892  -2.437424
    34  0.10704806    2.912926   67.173731       3.671176  -1.215980  -2.047852
    35  0.10731133    2.920090   67.338930       3.954099   1.401537  -1.145853
    36  0.10100301    2.748432   63.380401       4.278474  -1.185624  -0.827857
    37  0.11001468    2.993652   69.035314       4.405553   1.592557  -0.134118
    38  0.09527597    2.592591   59.786626       4.586047   1.404815  -2.187324
    39  0.10533897    2.866419   66.101260       4.747865  -0.992323   0.208194
    40  0.09091803    2.474005   57.051972       4.995879  -1.211144  -1.914917
    41  0.09848745    2.679980   61.801863       5.673898   1.592645  -2.040775
    42  0.09881741    2.688958   62.008911       5.686719   1.853658   0.081624
    43  0.09553048    2.599517   59.946330       6.070808  -0.993091  -1.643927
    44  0.09693432    2.637717   60.827257       6.083545  -0.772493   0.351320
    45  0.09818029    2.671622   61.609114       6.173689   1.813627  -0.862275
    46  0.09607369    2.614298   60.287204       6.613165  -0.771856  -0.442342
    47  0.11622837    3.162735   72.934462       7.150860   1.622755  -1.888210
    48  0.11474220    3.122294   72.001878       7.393751  -0.583457  -1.672447
 
 Number of surface maxima:    56
   #       a.u.         eV      kcal/mol           X/Y/Z coordinate(Angstrom)
     1  0.25272886    6.877102  158.589888      -6.376963  -1.453228  -2.709873
     2  0.20936501    5.697112  131.378635      -5.503528  -2.573298  -1.804298
     3  0.22010668    5.989407  138.119140      -5.547491  -0.099805  -2.161382
*    4  0.27316910    7.433309  171.416343      -5.439477   2.253476   0.359048
     5  0.27308165    7.430930  171.361467      -5.061116   1.556591  -2.051487
     6  0.24878750    6.769852  156.116645      -5.022800  -4.090667  -1.237665
     7  0.22179353    6.035309  139.177656      -4.518458   3.603886   0.485999
     8  0.26152459    7.116446  164.109295      -4.298023  -1.053329  -0.056395
     9  0.25274818    6.877628  158.602012      -4.248148   1.398588  -0.717866
    10  0.20992859    5.712448  131.732293      -4.102866  -3.278609   0.224992
    11  0.25544491    6.951010  160.294238      -4.227580   5.188734   0.879368
    12  0.22376804    6.089038  140.416682      -3.581642  -2.111580   1.149004
    13  0.24910414    6.778468  156.315341      -3.306831  -1.190061  -1.256504
    14  0.21655413    5.892738  135.889882      -3.298216   0.288144   0.900864
    15  0.21361909    5.812871  134.048112      -2.548838   5.133097   0.598267
    16  0.09890687    2.691393   62.065051      -2.359010  -4.100436   1.146149
    17  0.26371795    7.176130  165.485648      -2.263205   2.914870  -0.717538
    18  0.25347896    6.897513  159.060581      -2.066021   2.518617   0.802788
    19  0.19319777    5.257179  121.233536      -1.905735  -2.122789   0.051040
    20  0.17764223    4.833891  111.472278      -1.540930  -0.625259  -0.524241
    21  0.18195343    4.951205  114.177597      -1.199993   0.677935   0.750450
    22  0.25449008    6.925027  159.695069      -0.955149   5.667348   0.599022
    23  0.14250363    3.877721   89.422453      -0.825601  -1.981212   0.460421
    24  0.16252512    4.422533  101.986135      -0.795896  -2.899549   2.465313
    25  0.06055926    1.647901   38.001539      -0.763152  -2.868020  -2.415916
    26  0.14738704    4.010605   92.486839      -0.702057  -0.800461   1.886264
    27  0.22927083    6.238777  143.869741      -0.676202   2.705676  -1.324573
    28  0.21662392    5.894637  135.933678      -0.402914   4.254183  -0.310906
    29  0.19896258    5.414047  124.851011      -0.139844   1.861021   0.347452
    30  0.06972187    1.897228   43.751169       0.265227   2.140969   2.998480
    31  0.14694243    3.998507   92.207843       0.382153  -0.233315  -1.067192
    32  0.15182832    4.131459   95.273787       0.625346   0.891333   0.328886
    33  0.13188736    3.588838   82.760640       1.188863  -1.558381  -0.037985
    34  0.17258855    4.696373  108.301041       1.424237  -0.400509   1.234879
    35  0.11242487    3.059236   70.547728       1.497462   3.206919  -0.453278
    36  0.13559532    3.689736   85.087422       2.003895  -1.272660   0.634357
    37  0.18268548    4.971125  114.636963       2.498862   1.271973   0.445139
    38  0.17543259    4.773763  110.085702       2.696114  -0.291503  -2.769617
    39  0.14423998    3.924969   90.512028       2.861206  -1.238266   0.196814
    40  0.19480196    5.300831  122.240177       2.921751   0.291368   2.229458
    41  0.14260137    3.880381   89.483788       2.972289  -0.656446  -0.905911
    42  0.17761951    4.833273  111.458016       3.832481   0.279054   1.414352
    43  0.16138667    4.391555  101.271751       3.948488  -3.998575   0.581815
    44  0.17472054    4.754388  109.638888       4.285079  -1.912998   2.920471
    45  0.13633778    3.709940   85.553319       4.254980  -0.092246  -3.087493
    46  0.19908955    5.417502  124.930681       4.880159   0.636009   2.393026
    47  0.15005590    4.083229   94.161575       5.144748   1.119331  -0.850161
    48  0.14753609    4.014661   92.580369       5.434234  -0.472875  -0.798884
    49  0.18184531    4.948263  114.109753       5.634515  -0.008343  -4.084703
    50  0.14577444    3.966724   91.474920       6.227736   0.686454   1.435731
    51  0.13867693    3.773591   87.021160       6.688374   0.401908  -2.878481
    52  0.11805674    3.212487   74.081782       6.709259   1.676852  -1.908515
    53  0.11617435    3.161265   72.900566       7.129162  -0.717655  -1.541427
    54  0.13967635    3.800787   87.648308       7.720425   0.695786  -0.655781
    55  0.18417050    5.011534  115.568830       7.916268   0.925489   0.998230
    56  0.18389111    5.003932  115.393512       8.187517   0.694512  -2.259026
