 Number of surface minima:    66
   #       a.u.         eV      kcal/mol           X/Y/Z coordinate(Angstrom)
     1  0.10667549    2.902788   66.939936      -7.971389  -0.762399  -1.612243
     2  0.09960318    2.710340   62.501992      -7.798992  -1.136704   0.912680
     3  0.10461537    2.846729   65.647189      -6.950542  -1.881032  -2.858706
     4  0.09574437    2.605337   60.080547      -6.793896  -2.755503   1.437065
     5  0.10252488    2.789844   64.335389      -6.410184  -1.059490   2.029321
     6  0.09254657    2.518320   58.073897      -5.502644  -3.748251  -2.212334
     7  0.09104690    2.477512   57.132839      -5.408668  -4.279073  -0.423717
     8  0.16625642    4.524067  104.327567      -5.442603   1.076957  -1.066387
     9  0.15132023    4.117633   94.954960      -4.941350   0.617561   0.036770
    10  0.10650635    2.898185   66.833799      -4.436425  -3.072015   1.283016
    11  0.15528826    4.225608   97.444933      -4.548437  -0.110136   0.887357
    12  0.14831264    4.035792   93.067662      -4.067841   3.199843  -2.989860
    13  0.17784478    4.839403  111.599379      -3.882995   2.773793  -0.880669
    14  0.15516243    4.222185   97.365978      -3.905922   3.855029   0.489106
    15  0.08664926    2.357846   54.373275      -3.833597  -3.517621  -1.206378
    16  0.13348289    3.632254   83.761846      -3.556941  -0.839814  -1.685194
    17  0.17284253    4.703285  108.460418      -3.486112   1.785967   0.146821
    18  0.12873608    3.503087   80.783177      -3.066853  -1.525171  -0.783019
    19  0.14119740    3.842177   88.602780      -2.956935   0.074723  -1.961306
    20  0.13938428    3.792839   87.465031      -3.022254   3.531407   2.156850
    21  0.14692495    3.998031   92.196874      -2.956935   5.230192   1.053373
    22  0.15702933    4.272985   98.537474      -2.851700   3.939456  -2.291132
    23  0.14287429    3.887807   89.655043      -2.284079   2.544647  -3.337015
    24  0.07453656    2.028243   46.772436      -2.071114  -2.885695   1.031520
    25  0.13857902    3.770927   86.959723      -1.898581   0.477887  -1.558141
    26  0.02424086    0.659627   15.211382      -1.001564   0.359009   2.424104
    27  0.02416305    0.657510   15.162555      -0.852314  -3.550538  -0.150071
    28  0.13437256    3.656463   84.320126      -0.737103   2.141489   1.361867
    29  0.02912164    0.792440   18.274121      -0.311049  -1.430457  -2.223993
    30  0.13810053    3.757907   86.659466      -0.291472   3.199843   1.605184
    31  0.03311239    0.901034   20.778359      -0.218598  -3.553678   1.139650
    32  0.16793366    4.569707  105.380048      -0.170719   5.308267  -0.272261
    33  0.02961619    0.805897   18.584455       0.152938  -0.172704  -1.878954
    34  0.15399506    4.190419   96.633442       0.351925   4.396972  -0.954217
    35  0.13128654    3.572489   82.383620       0.800619   3.464432   1.481717
    36  0.03465152    0.942916   21.744174       1.144188  -4.605521   3.073734
    37  0.15901444    4.327003   99.783148       1.118964   3.464432  -1.402962
    38  0.02401096    0.653371   15.067118       1.516718  -2.153933   2.821636
    39  0.08847372    2.407492   55.518146       1.587437  -4.053663   0.548709
*   40  0.00590594    0.160709    3.706039       1.675741  -0.632914   3.284934
    41  0.10807116    2.940766   67.815735       2.077479   7.450402   0.113085
    42  0.10495589    2.855995   65.860872       2.505330   6.805014   1.841823
    43  0.07494555    2.039372   47.029081       2.672428  -3.170403   1.550006
    44  0.10751340    2.925588   67.465733       2.729359   4.654665  -2.673023
    45  0.03056138    0.831617   19.177570       2.824183  -0.658102   0.733033
    46  0.10312185    2.806088   64.709991       3.018564   6.287924  -2.011249
    47  0.08784830    2.390474   55.125687       3.525486   2.998313   1.825286
    48  0.11389045    3.099117   71.467395       3.865761   2.746352  -0.848387
    49  0.10401220    2.830316   65.268697       4.055951  -2.742830  -2.152403
    50  0.09342217    2.542147   58.623349       4.025541   4.776156   2.300578
    51  0.10082661    2.743632   63.269705       4.165493  -3.944049   0.191980
    52  0.10363357    2.820013   65.031100       4.344447  -1.827340  -1.696608
    53  0.09817012    2.671345   61.602729       4.458057  -3.009354   0.651542
    54  0.10103886    2.749407   63.402894       4.330592   4.923319  -1.743515
    55  0.10557997    2.872977   66.252487       4.757988  -1.659036   1.086507
    56  0.09352319    2.544895   58.686734       4.999867  -3.547166  -2.632813
    57  0.09570995    2.604400   60.058953       4.924050   3.978117   0.871029
    58  0.09264938    2.521118   58.138414       5.134611  -4.737815  -0.247649
    59  0.09384562    2.553669   58.889065       5.542221  -1.503318  -1.614366
    60  0.08864174    2.412064   55.623578       5.662330  -2.621106   0.808337
    61  0.09352530    2.544953   58.688058       5.910154  -3.277709  -2.532477
    62  0.09187958    2.500170   57.655355       6.041552  -4.463981  -0.164690
    63  0.09536143    2.594917   59.840252       6.305019  -2.222545  -2.007903
    64  0.09240051    2.514346   57.982243       6.317349  -3.400192   0.358384
    65  0.11265637    3.065536   70.693000       7.299815  -3.080195  -2.275837
    66  0.11121714    3.026372   69.789868       7.424986  -4.208638  -0.360752
 
 Number of surface maxima:    98
   #       a.u.         eV      kcal/mol           X/Y/Z coordinate(Angstrom)
     1  0.16537985    4.500215  103.777509      -8.033235  -2.235796  -1.779276
     2  0.15971425    4.346046  100.222289      -7.967101  -2.603211   0.253621
     3  0.12163561    3.309873   76.327559      -7.354564  -0.640966  -2.696780
     4  0.11102231    3.021071   69.667609      -7.190353  -1.594327   1.762574
     5  0.13587709    3.697404   85.264235      -7.162986  -0.883314  -0.417352
     6  0.18191562    4.950176  114.153869      -7.058059   0.750373  -1.381085
     7  0.17106009    4.654782  107.341916      -6.964979   0.233149   1.019247
     8  0.15683000    4.267561   98.412395      -6.801272  -3.946636  -1.222571
     9  0.14010508    3.812453   87.917338      -6.730581  -2.425923  -0.789199
    10  0.12495230    3.400125   78.408820      -5.995094  -2.871466   0.243164
    11  0.13135681    3.574400   82.427709      -6.033038  -2.366844  -2.066991
    12  0.17698569    4.816026  111.060291      -5.602821  -0.928397  -3.384676
    13  0.17535635    4.771689  110.037863      -5.603608   0.159527  -0.950316
    14  0.15820044    4.304853   99.272358      -5.493037  -2.228516   2.205906
    15  0.23025758    6.265628  144.488937      -5.418368   0.980986  -2.620562
    16  0.16338709    4.445989  102.527033      -5.205938  -0.106058   0.416534
    17  0.16997837    4.625347  106.663125      -4.884969  -0.636692  -1.954868
    18  0.10238092    2.785927   64.245052      -4.812896  -4.208910  -1.355498
    19  0.17778778    4.837851  111.563609      -4.676761  -1.430457   0.823097
    20  0.17595603    4.788007  110.414166      -4.559401  -1.868770   0.502343
    21  0.19891423    5.412731  124.820666      -4.347818   1.808961  -2.079188
    22  0.14944232    4.066532   93.776551      -4.152988  -3.801392   0.365233
    23  0.15665061    4.262680   98.299823      -4.270887  -2.743892  -2.678628
    24  0.21994757    5.985078  138.019299      -4.269429   3.878188  -1.466679
    25  0.20793470    5.658191  130.481101      -3.717002   2.041439  -3.850915
    26  0.21588678    5.874578  135.471115      -3.714393   2.424543   1.169400
    27  0.16085943    4.377208  100.940899      -3.684999   4.390492   1.163815
    28  0.22923111    6.237696  143.844815      -3.500192   0.700820   0.252323
    29  0.17014703    4.629936  106.768964      -3.321143  -3.150283   2.550987
    30  0.21982836    5.981834  137.944495      -3.219227   4.925920  -0.558135
    31  0.16292394    4.433386  102.236404      -3.083067   3.609544  -2.927030
    32  0.18108844    4.927667  113.634809      -2.952114  -0.341634   1.699495
    33  0.21134763    5.751062  132.622753      -2.824641  -0.191793  -0.904878
    34  0.20001134    5.442585  125.509115      -2.306963   2.155054   0.787012
    35  0.22262314    6.057884  139.698244      -2.295464   2.618400  -0.556011
    36  0.20602924    5.606341  129.285406      -2.285662   4.931959   2.390689
    37  0.16336762    4.445459  102.514817      -1.959971  -1.430457   0.502343
    38  0.20224800    5.503448  126.912639      -1.633992   2.009194  -1.418172
    39  0.06126487    1.667102   38.444320      -1.455267  -2.998879  -1.964818
    40  0.19853202    5.402331  124.580827      -1.369404   4.844540   0.663325
    41  0.21874658    5.952397  137.265666      -1.364282   3.335552  -2.139957
    42  0.16216510    4.412737  101.760221      -1.077664  -0.483226  -0.256939
    43  0.15615741    4.249259   97.990335      -0.973533  -2.342346   3.279611
    44  0.13050893    3.551329   81.895658      -0.974203  -1.827776   0.906021
    45  0.23028205    6.266293  144.504286      -0.427296   5.838448   1.161185
    46  0.13442413    3.657867   84.352486      -0.144259  -0.741343   2.134610
    47  0.16358482    4.451369  102.651108      -0.028755   0.718794   0.799474
*   48  0.23109152    6.288320  145.012239      -0.061840   3.067549  -0.720789
    49  0.07916864    2.154288   49.679111       0.218128  -3.547166   2.975886
    50  0.20824300    5.666580  130.674567       0.202960   2.530828   0.762220
    51  0.18329063    4.987592  115.016705       0.526142   6.796105  -0.380292
    52  0.17698870    4.816108  111.062182       0.751454   5.194521  -0.164351
    53  0.14216954    3.868630   89.212808       0.879600  -1.065527  -0.888967
    54  0.16218256    4.413212  101.771180       1.026941  -2.467946   0.250296
    55  0.18476443    5.027696  115.941527       1.040523   1.766496  -1.575476
    56  0.16618063    4.522005  104.280008       1.165938   4.258198  -1.171631
    57  0.17026649    4.633187  106.843923       1.057447   4.808202   1.209367
    58  0.17609243    4.791719  110.499758       1.130466   5.839827   2.369064
    59  0.18523777    5.040576  116.238554       1.515850  -3.989577  -1.094660
    60  0.16387068    4.459148  102.830492       1.555646   1.074765   0.131350
    61  0.17463461    4.752049  109.584961       1.476741   5.649105  -2.340167
    62  0.12238345    3.330223   76.796840       1.526992   7.281449   1.156257
    63  0.13673207    3.720669   85.800738       1.609249  -0.039337   0.237754
    64  0.16694609    4.542834  104.760344       1.766284  -5.992132   0.888391
    65  0.11189083    3.044704   70.212617       1.722456  -1.403541   1.477494
    66  0.14670976    3.992176   92.061843       2.000953   3.332138   1.094519
    67  0.05238534    1.425478   32.872324       2.074608   1.481227   2.884360
    68  0.17317642    4.712370  108.669933       2.316170  -2.103342  -1.647266
    69  0.18160722    4.941784  113.960349       2.231548   3.358431  -1.065971
    70  0.13828140    3.762828   86.772962       2.341983   6.259315  -0.695440
    71  0.16949753    4.612262  106.361396       2.668124  -3.811755  -1.281079
    72  0.18015425    4.902247  113.048595       2.618115   3.339200  -0.549413
    73  0.15486045    4.213967   97.176481       2.719452   4.004792   2.775534
    74  0.13842097    3.766626   86.860545       2.843344  -2.755199   0.757894
    75  0.19264934    5.242255  120.889388       2.910370  -5.236193  -1.854381
    76  0.13245881    3.604388   83.119230       2.927149   5.511981   1.560697
    77  0.11561161    3.145952   72.547442       3.420588   5.327416  -2.493912
    78  0.13911696    3.785565   87.297282       3.489804  -1.970151   0.446039
    79  0.14257220    3.879587   89.465480       3.476817   5.702992   0.206574
    80  0.16658254    4.532942  104.532212       3.533533   7.173599   0.640432
    81  0.16055140    4.368826  100.747610       3.692562  -4.315690   2.769726
    82  0.16474286    4.482881  103.377790       3.655431   3.463721  -2.147734
    83  0.18232016    4.961184  114.407723       3.918931   1.088243  -1.477340
    84  0.12903679    3.511270   80.971876       3.922369   4.466199  -0.348010
    85  0.16330580    4.443777  102.476024       4.281247   6.366715  -1.108508
    86  0.14062193    3.826517   88.241667       4.463666  -5.253645  -2.000820
    87  0.15705415    4.273661   98.553047       4.358730   2.670666   0.370049
    88  0.17768308    4.835002  111.497907       4.571612  -0.258027   0.493946
    89  0.10513480    2.860863   65.973136       4.501063   3.884740   1.857900
    90  0.15951739    4.340689  100.098758       4.780937   5.645943   1.064449
    91  0.14387025    3.914909   90.280021       5.214002  -3.547166  -0.230308
    92  0.14650473    3.986596   91.933182       5.151861  -2.714557  -1.614366
    93  0.13685282    3.723955   85.876515       5.885049  -0.939975   0.097574
    94  0.18064636    4.915637  113.357398       6.045324  -5.930891  -2.416962
    95  0.13594019    3.699121   85.303831       6.965138  -4.672568  -1.813708
    96  0.18114165    4.929115  113.668199       7.604767  -1.039246  -0.039826
    97  0.13641265    3.711977   85.600301       7.631486  -2.484079  -0.817866
    98  0.18111715    4.928448  113.652826       8.371128  -3.824809  -1.508212
