 Number of surface minima:    57
   #       a.u.         eV      kcal/mol           X/Y/Z coordinate(Angstrom)
     1  0.11184427    3.043437   70.183397      -7.983007  -0.377127   2.704008
     2  0.11559350    3.145459   72.536076      -7.696959   1.800085   2.304582
     3  0.09121467    2.482077   57.238118      -7.402158  -0.918341   1.513360
     4  0.09036082    2.458843   56.702318      -7.004578  -1.180573   0.587300
     5  0.09715799    2.643803   60.967607      -7.040198   1.658334   0.978480
     6  0.09825718    2.673714   61.657362      -6.642749   1.411990   0.071816
     7  0.09209090    2.505921   57.787960      -6.609396  -0.832043   2.573860
     8  0.09850705    2.680513   61.814162      -6.212616   1.726370   2.042537
     9  0.09840748    2.677804   61.751677      -5.717484  -1.385622   0.580879
    10  0.08739307    2.378086   54.840025      -5.591852  -1.021256   2.556542
    11  0.10827297    2.946257   67.942369      -5.295367   1.167274   0.070150
    12  0.09621205    2.618063   60.374024      -5.161839   1.566374   2.056108
    13  0.09572050    2.604687   60.065570      -5.075225  -1.299279   1.513360
    14  0.10642992    2.896105   66.785840      -4.671052   1.240566   0.972322
    15  0.10504087    2.858308   65.914199      -4.250441  -1.034850   2.504521
    16  0.11619360    3.161789   72.912649      -3.955190   1.158259   2.191481
    17  0.08550306    2.326656   53.654023      -3.193004   1.546781  -0.337502
    18  0.05997352    1.631962   37.633981      -2.530615   2.675887  -2.780754
    19  0.02893312    0.787310   18.155825      -2.392838  -1.096911   1.387485
    20  0.04600006    1.251725   28.865496      -2.290256   0.297789  -2.777555
*   21 -0.00886897   -0.241337   -5.565368      -1.717250  -3.570349  -1.778904
    22  0.07760493    2.111738   48.697872      -1.736849   1.281346   1.305752
    23  0.10816692    2.943372   67.875823      -1.641607   1.399289  -0.399520
    24 -0.00318032   -0.086541   -1.995684      -1.420953  -3.694530  -0.419747
    25  0.09996446    2.720171   62.728695      -0.973896   2.202040  -1.548991
    26  0.02757184    0.750268   17.301603      -0.173843  -0.752490   1.777948
    27  0.15294044    4.161721   95.971656      -0.123684   2.894871  -0.823912
    28  0.03294463    0.896469   20.673087       0.469176  -3.228511  -2.082705
    29  0.01534810    0.417643    9.631089       0.416576  -1.730148  -2.572223
    30  0.17406882    4.736653  109.229922       0.634325   4.049780   1.508377
    31  0.16775856    4.564943  105.270175       0.794362   3.148567   1.670653
    32  0.15954787    4.341518  100.117883       0.759502   3.393313  -1.137979
    33  0.16960129    4.615086  106.426508       1.750732   3.665353   1.249405
    34  0.12638363    3.439074   79.306995       1.967391  -3.348955   0.390235
    35  0.16449655    4.476179  103.223233       1.976545   2.612412  -1.516361
    36  0.15013743    4.085447   94.212738       2.079055  -1.108092   1.405214
    37  0.12897922    3.509703   80.935750       2.909164   4.470700  -2.035820
    38  0.15016158    4.086104   94.227892       2.893524  -1.890784   1.774413
    39  0.15322838    4.169556   96.152339       3.679954  -2.677290  -1.510385
    40  0.12475727    3.394818   78.286432       3.687217  -0.599121   3.187779
    41  0.12984485    3.533258   81.478939       3.844838   2.364679  -2.280117
    42  0.13810825    3.758117   86.664307       3.853660   3.549378  -2.314022
    43  0.13484149    3.669224   84.614385       3.840916   4.599398   0.461121
    44  0.15827460    4.306871   99.318894       4.073414  -3.476410  -1.248043
    45  0.14572941    3.965499   91.446660       4.053164   4.985586  -2.258687
    46  0.12029015    3.273262   75.483274       4.507671  -2.673046   2.959308
    47  0.15803345    4.300309   99.167568       4.480983  -2.422895  -0.681017
    48  0.13183701    3.587467   82.729039       4.415562  -1.522973   3.365480
    49  0.13982569    3.804851   87.742022       4.869129   2.469526   0.186839
    50  0.14484047    3.941310   90.888842       4.802883   3.690488   0.115434
    51  0.14911800    4.057707   93.573034       4.807040   5.179349  -0.206466
    52  0.14586527    3.969196   91.531913       4.975701   2.856277  -2.510518
    53  0.13665431    3.718553   85.751943       5.465853   0.281801   1.381065
    54  0.15123600    4.115341   94.902101       5.820521   3.011475  -0.463814
    55  0.14034509    3.818984   88.067947       6.146782  -0.592592   1.645654
    56  0.14889304    4.051586   93.431871       6.134413   0.462537   2.439420
    57  0.12799032    3.482794   80.315207       6.245817  -1.848710   1.116477
 
 Number of surface maxima:    68
   #       a.u.         eV      kcal/mol           X/Y/Z coordinate(Angstrom)
     1  0.18108386    4.927542  113.631934      -8.979834   0.380016  -0.189502
     2  0.18238806    4.963032  114.450332      -8.625644   1.023624   3.122674
     3  0.13713534    3.731642   86.053795      -8.504741   0.614064   1.500869
     4  0.14136282    3.846678   88.706586      -7.445660   0.079211  -0.777690
     5  0.13797405    3.754465   86.580096      -7.061948   0.877584   3.454908
     6  0.19233630    5.233737  120.692949      -6.357547  -0.430835  -1.913074
     7  0.14349438    3.904681   90.044159      -6.126670  -0.630792   1.381065
     8  0.15035295    4.091312   94.347978      -5.913808   0.940922   1.116477
     9  0.18266400    4.970540  114.623487      -5.736664   0.819328   4.490994
    10  0.17158720    4.669125  107.672683      -5.020887  -0.300491  -1.123904
    11  0.18282591    4.974946  114.725087      -4.959494   1.932208  -2.481261
    12  0.13736083    3.737778   86.195294      -4.581149   0.386636   3.299360
    13  0.18507051    5.036025  116.133597      -4.365611  -0.687322  -2.032780
    14  0.16374150    4.455633  102.749432      -4.095290  -1.729460  -0.186237
    15  0.13719019    3.733135   86.088214      -3.847853  -0.964304   1.121942
    16  0.14664775    3.990488   92.022928      -3.577840   0.359350   0.854245
    17  0.14846504    4.039939   93.163296      -3.495126   0.748658  -0.095591
    18  0.19069313    5.189024  119.661848      -3.347323   3.748875  -0.384823
    19  0.17845049    4.855885  111.979470      -3.185604   0.094930   2.839953
    20  0.03648536    0.992817   22.894927      -2.612448  -2.901611  -3.463363
    21  0.16315051    4.439551  102.378576      -2.560128  -0.581669  -1.310784
    22  0.11055107    3.008248   69.371900      -2.334270   2.536045   1.445116
    23  0.11421805    3.108031   71.672969      -2.223383  -1.983368  -0.449320
    24  0.13350110    3.632750   83.773272      -2.073245   2.532482  -0.807450
    25  0.14848317    4.040432   93.174671      -1.604555   0.423317  -0.046655
    26  0.13304890    3.620445   83.489517      -1.354386  -0.973248   0.829441
    27  0.19840914    5.398987  124.503722      -0.870230   1.401993   0.026863
    28  0.20897407    5.686474  131.133321      -0.753359   3.587780   0.512436
    29  0.14278500    3.885377   89.599014      -0.546201  -0.731107  -2.247346
    30  0.20900571    5.687335  131.153174      -0.546201   3.603826   1.057659
    31  0.05676019    1.544523   35.617589      -0.281612  -3.825187   1.381065
    32  0.11084653    3.016287   69.557305      -0.259447  -2.248957  -1.234769
    33  0.21651192    5.891589  135.863392      -0.012469   1.826690   1.770847
    34  0.25279890    6.879008  158.633836      -0.017023   5.169187   0.479465
    35  0.18017324    4.902763  113.060510       0.103361   1.143959  -2.966223
    36  0.17988993    4.895054  112.882730       0.247565   0.355286  -0.792569
    37  0.15872525    4.319134   99.601680       0.514199  -1.222581   0.055324
    38  0.16898001    4.598180  106.036649       0.850737  -2.481195  -0.897410
    39  0.24480197    6.661400  153.615685       0.934837   2.097496  -0.568774
    40  0.21237503    5.779018  133.267455       1.327558   4.750491   0.076119
    41  0.06953132    1.892043   43.631599       1.472254  -4.257122  -2.555790
*   42  0.25439364    6.922403  159.634555       1.486132   2.123030   0.899806
    43  0.22761817    6.193805  142.832675       1.977860   6.165213  -0.329003
    44  0.22490948    6.120098  141.132947       2.243985  -2.016495   0.452080
    45  0.20062667    5.459329  125.895239       2.425382  -2.097198  -2.058586
    46  0.22108980    6.016160  138.736063       2.506997   0.495554   1.262705
    47  0.18586113    5.057538  116.629715       2.918492  -3.832030  -1.351013
    48  0.22283512    6.063652  139.831266       3.025746   0.510350  -0.819837
    49  0.20041007    5.453435  125.759322       3.013651   3.132316  -1.403480
    50  0.24473045    6.659454  153.570804       3.270482  -1.511102  -0.608046
    51  0.23385342    6.363475  146.745358       3.277106   0.748535   0.311163
    52  0.24163927    6.575339  151.631057       3.290334   1.745395   2.011561
    53  0.17627821    4.796774  110.616337       3.448792   5.691690  -0.840144
    54  0.20633581    5.614683  129.477782       3.484851   3.161666   0.120345
    55  0.19101220    5.197706  119.862065       3.915475  -1.508309   2.184334
    56  0.23468894    6.386211  147.269658       3.953695  -4.799276  -0.336938
    57  0.19877042    5.408818  124.730429       4.455186  -3.653334   0.580764
    58  0.23922423    6.509622  150.115596       4.580993   0.178541  -1.009748
    59  0.20007776    5.444393  125.550794       4.915527  -1.073567   1.003287
    60  0.21469693    5.842200  134.724469       5.061328   5.830520  -1.501212
    61  0.18367816    4.998137  115.259885       5.224321   1.678229  -1.294874
    62  0.17475862    4.755424  109.662783       5.415280   4.196491  -1.525186
    63  0.21710902    5.907837  136.238078       5.671632  -4.339188   1.350773
    64  0.21619264    5.882901  135.663044       5.773602   0.746231   3.882126
    65  0.16897179    4.597956  106.031485       6.103030  -3.084366   2.341641
    66  0.17085903    4.649311  107.215748       6.223278  -0.823180   3.377756
    67  0.21746290    5.917466  136.460143       6.333103   2.790412  -1.872463
    68  0.20987797    5.711070  131.700527       7.014994  -2.267630   3.508499
