 Number of surface minima:    57
   #       a.u.         eV      kcal/mol           X/Y/Z coordinate(Angstrom)
     1  0.13934133    3.791670   87.438078      -6.974658   0.427225  -1.096413
     2  0.12818352    3.488051   80.436444      -6.796452  -1.433104  -0.470669
     3  0.13254115    3.606628   83.170898      -6.476761   0.052662  -3.174486
     4  0.12179731    3.314273   76.429028      -6.267916  -2.012237  -2.609815
     5  0.12114143    3.296426   76.017459      -6.232505  -0.368767  -0.437370
     6  0.12028287    3.273063   75.478706      -5.710486  -1.187383  -0.097951
     7  0.11160298    3.036872   70.031988      -5.699360  -1.035993  -2.950640
     8  0.12908745    3.512648   81.003665      -5.487668   0.811625  -0.628606
     9  0.10946214    2.978616   68.688589      -5.181309  -1.853260  -2.624452
    10  0.15297269    4.162599   95.991891      -4.987044   3.267376   0.420795
    11  0.11689206    3.180795   73.350937      -4.915471   0.031681  -3.080652
    12  0.13587766    3.697419   85.264590      -4.500822  -1.146836   0.118652
    13  0.13165787    3.582593   82.616629      -4.520292   0.823835  -0.430718
    14  0.13925697    3.789375   87.385141      -4.164472   2.537207   0.205633
    15  0.14524360    3.952279   91.141810      -4.149055   4.388658   2.170171
    16  0.14112369    3.840171   88.556528      -3.990660  -0.123004  -0.086887
    17  0.11847684    3.223919   74.345399      -3.827581  -1.763646  -2.361223
    18  0.11525964    3.136374   72.326574      -3.979915   0.156805  -2.951114
    19  0.14919208    4.059723   93.619521      -3.885670   3.592860  -0.483959
    20  0.15419654    4.195901   96.759868      -3.686533   4.944361  -1.056874
    21  0.12143320    3.304365   76.200548      -3.290878  -0.867432  -2.502163
    22  0.12988674    3.534398   81.505230      -3.168367   3.761222   2.354699
    23  0.13852815    3.769543   86.927802      -2.959894   4.778828   1.657827
    24  0.14137458    3.846998   88.713960      -2.877835   4.023112  -1.174236
    25  0.14818763    4.032390   92.989220      -2.890865   5.883139   0.777921
    26  0.04266810    1.161058   26.774657      -2.420312  -3.445529   3.401594
    27  0.10954233    2.980798   68.738908      -2.264712  -1.281757   1.678946
    28  0.13309443    3.621684   83.518088      -1.979752   5.214270   1.032828
    29  0.06186206    1.683352   38.819060      -1.775159  -3.812859   1.264764
    30  0.17290857    4.705081  108.501856      -1.851356  -0.224517   1.041185
    31  0.13777809    3.749133   86.457131      -1.581739  -1.007386   0.790766
    32  0.12089164    3.289629   75.860715      -1.543715  -3.012427  -0.898471
    33  0.16623918    4.523598  104.316748      -1.239162   3.278151   1.754513
    34  0.17232080    4.689088  108.133028      -0.918742   2.439244  -1.084853
    35  0.06597401    1.795244   41.399348      -0.609738  -0.557565  -1.361001
    36  0.06093226    1.658051   38.235604      -0.535771  -4.063010   0.665170
    37  0.03209398    0.873322   20.139296      -0.171443  -2.624010   2.969758
    38  0.16944022    4.610703  106.325430      -0.181240   3.671247   1.089255
    39  0.15627636    4.252496   98.064978       0.015252   1.508275  -1.046741
    40  0.16946743    4.611443  106.342510       0.830071   2.700664   1.210726
    41  0.18845008    5.127987  118.254308       0.838429   3.801076   0.358825
    42  0.01913245    0.520620   12.005803       1.113412  -0.631129   2.552422
    43  0.01791502    0.487492   11.241853       1.183471  -1.682513  -1.982118
*   44 -0.00656166   -0.178552   -4.117505       1.347761  -4.553310  -0.520586
    45 -0.00266302   -0.072465   -1.671074       2.372961  -4.059707   0.769025
    46  0.16451209    4.476602  103.232980       2.511634   2.014757  -1.187805
    47  0.13604044    3.701849   85.366739       2.738090   0.943523   1.251468
    48  0.14466146    3.936438   90.776512       3.925167   1.088697   1.106980
    49  0.12779018    3.477348   80.189614       4.342122  -0.759588   0.224491
    50  0.11927873    3.245739   74.848599       6.066069   2.683973  -1.366193
    51  0.11263256    3.064888   70.678060       6.326935   0.693912  -2.287654
    52  0.11325032    3.081698   71.065710       6.351110   1.617874   1.069735
    53  0.10556994    2.872704   66.246195       6.592733  -0.494018   0.092540
    54  0.12232678    3.328681   76.761278       6.721053   1.627427  -1.893918
    55  0.11680264    3.178362   73.294827       6.986175   0.564093   0.489874
    56  0.13360388    3.635547   83.837772       7.394295   2.804048  -1.215504
    57  0.13026029    3.544563   81.739634       7.565449   1.907191   0.802212
 
 Number of surface maxima:    66
   #       a.u.         eV      kcal/mol           X/Y/Z coordinate(Angstrom)
     1  0.19601252    5.333772  122.999814      -7.526267  -2.194634  -1.605486
     2  0.20369251    5.542755  127.819089      -7.486368   0.956402  -2.443465
     3  0.15638615    4.255484   98.133875      -7.165723  -0.568274  -1.959617
     4  0.16469226    4.481504  103.346040      -5.975074   1.538640  -2.125466
     5  0.15674261    4.265183   98.357553      -5.898473  -2.671237  -1.125196
     6  0.21712335    5.908227  136.247071      -5.578191   4.190078   1.475792
     7  0.20449062    5.564473  128.319907      -4.748094  -3.625632  -0.532229
     8  0.17652807    4.803573  110.773131      -4.816275  -0.243118  -0.741756
     9  0.21535274    5.860046  135.135996      -4.651514   2.676516  -2.287029
    10  0.16795004    4.570153  105.390327      -4.487961  -0.737766  -2.243440
    11  0.17904656    4.872105  112.353505      -4.605149   2.844030   1.849005
    12  0.19336936    5.261848  121.341207      -4.402987  -2.090659   2.199515
    13  0.17646160    4.801764  110.731421      -4.444216   5.000852   0.566740
    14  0.22964096    6.248848  144.101997      -4.230358   1.375179   2.489197
    15  0.21771324    5.924279  136.617237      -3.852878   6.243674  -0.427104
    16  0.18705516    5.090030  117.378982      -3.598977  -2.495752  -0.288228
    17  0.17534385    4.771349  110.030022      -3.446299   1.639800  -1.743865
    18  0.19661113    5.350061  123.375449      -2.800011  -1.624788   0.555815
    19  0.19305787    5.253372  121.145746      -2.799198  -3.541456  -0.301972
    20  0.21642344    5.889181  135.807871      -2.710518   1.200112   1.932997
    21  0.20668394    5.624156  129.696240      -2.698440   3.067283  -0.055412
    22  0.18096340    4.924265  113.556344      -2.520914  -1.138133   4.600690
    23  0.13639103    3.711389   85.586738      -2.361481  -0.707650   2.513179
    24  0.22793623    6.202460  143.032263      -2.471538   0.094227   2.539418
    25  0.16848312    4.584659  105.724841      -2.201887  -0.562183  -1.493295
    26  0.18047913    4.911087  113.252462      -2.249285   5.583344  -0.697145
    27  0.18014875    4.902097  113.045144      -2.132498  -2.224692  -1.760453
    28  0.20060842    5.458833  125.883789      -2.135190   3.734578   1.284872
    29  0.22586245    6.146030  141.730948      -1.959482   1.267754  -1.469766
    30  0.08276724    2.252211   51.937270      -1.508675  -3.873062   2.607828
    31  0.15068920    4.100462   94.558977      -1.223468  -2.637021  -0.043410
    32  0.18530070    5.042288  116.278041      -1.190591  -0.336059   1.170266
    33  0.16630432    4.525371  104.357622      -0.935923  -1.299264   1.013895
    34  0.23933031    6.512509  150.182166      -0.891560   1.541910   0.018273
    35  0.23329740    6.348345  146.396449      -0.667970   5.458757  -1.216695
    36  0.24176534    6.578770  151.710170      -0.374516   2.191249   1.329083
    37  0.21701938    5.905398  136.181832      -0.280453   4.015668  -0.708607
    38  0.13703746    3.728979   85.992377      -0.154125  -4.798067   1.880542
    39  0.13743555    3.739812   86.242182       0.005138  -1.666289  -1.189801
    40  0.17752840    4.830793  111.400848      -0.001938  -0.217274  -0.009755
    41  0.03702185    1.007416   23.231584       0.086835  -4.649658  -2.204466
    42  0.10660540    2.900881   66.895957       0.771935  -3.476471   0.755708
    43  0.12124130    3.299143   76.080126       0.749961  -1.831087   1.909077
*   44  0.26091147    7.099762  163.724555       1.163224   3.850368  -1.206304
    45  0.19416531    5.283507  121.840676       1.237327   0.924530  -1.160198
    46  0.19038063    5.180520  119.465747       1.235729   1.453082   1.484090
    47  0.11125289    3.027345   69.812302       1.697995  -2.377764  -0.501680
    48  0.22709265    6.179505  142.502909       1.659993   2.660654  -0.042533
    49  0.16001833    4.354320  100.413102       1.725697  -0.874318   0.531648
    50  0.14881610    4.049492   93.383588       2.488128  -1.563626  -0.546579
    51  0.25442647    6.923296  159.655156       2.766068   3.609018   0.895075
    52  0.23095226    6.284531  144.924854       3.135841   0.956402  -1.129565
    53  0.21721351    5.910680  136.303647       3.327794   0.318227   0.268798
    54  0.21524458    5.857103  135.068125       3.572469  -2.169526  -1.857740
    55  0.04711258    1.281999   29.563616       3.764540  -2.762281   1.654046
    56  0.20448007    5.564186  128.313287       4.114538   2.953858   0.392922
    57  0.19112604    5.200804  119.933499       4.619243  -1.166804  -1.498529
    58  0.22105110    6.015106  138.711779       5.290679   4.026085   0.770105
    59  0.18399554    5.006773  115.459039       5.504057   1.353285  -1.283051
    60  0.17857417    4.859250  112.057080       5.715051   0.719974   0.142462
    61  0.20208456    5.499000  126.810080       5.981672  -1.903813  -1.972214
    62  0.16441907    4.474071  103.174613       6.624916   3.230144   0.248379
    63  0.15451576    4.204588   96.960186       7.122062  -0.728754  -1.590920
    64  0.15588882    4.241950   97.821792       8.126577   1.472947  -0.735189
    65  0.20079254    5.463843  125.999329       8.302942   2.938375  -0.046081
    66  0.19527574    5.313723  122.537480       8.684396   0.021711  -1.378158
