 Number of surface minima:    72
   #       a.u.         eV      kcal/mol           X/Y/Z coordinate(Angstrom)
     1  0.06352178    1.728516   39.860552      -6.559624  -2.634707   0.305638
     2  0.06310301    1.717120   39.597767      -6.352417  -2.238856   1.464743
     3  0.07014909    1.908854   44.019258      -6.358930  -2.106562  -0.490716
     4  0.06762538    1.840180   42.435602      -5.938493  -1.312796   1.605971
     5  0.14790273    4.024638   92.810444      -5.902554   0.942874  -1.020072
     6  0.16445066    4.474930  103.194434      -5.433993   2.920622  -1.945953
     7  0.14645627    3.985278   91.902775      -5.242812   2.089956  -0.907148
     8  0.14678788    3.994301   92.110862      -5.157540   1.147345  -0.279578
     9  0.16054583    4.368674  100.744114      -4.440564   3.059987  -0.898042
    10  0.15765066    4.289893   98.927364      -4.189560   1.973355  -3.449624
    11  0.04574138    1.244686   28.703172      -4.077412  -3.571672   0.283578
    12  0.04176031    1.136356   26.205015      -3.851123  -3.164916   1.361405
    13  0.04585993    1.247912   28.777562      -3.851543  -3.032622  -0.592928
    14  0.13207969    3.594071   82.881327      -3.648852   0.914243  -2.665180
    15  0.03677247    1.000630   23.075090      -3.453652  -2.308244   1.493699
    16  0.05020818    1.366234   31.506135      -3.452914  -2.106562  -0.427072
    17  0.12571285    3.420821   78.886068      -3.499514  -0.002744  -1.952102
    18  0.16889722    4.595927  105.984691      -3.515652   1.333846   0.831140
    19  0.04614508    1.255671   28.956496      -3.251969  -1.778961   0.762945
    20  0.14283231    3.886665   89.628702      -2.855087   1.935217  -2.666769
    21  0.02823191    0.768229   17.715808      -2.407723  -0.733138   1.361405
    22  0.14293431    3.889440   89.692711      -2.061321   1.905110  -2.035404
*   23 -0.01534222   -0.417483   -9.627396      -1.561266  -3.171312   0.027354
    24  0.16219644    4.413590  101.779886      -1.517015   2.777756   1.520630
    25 -0.00622507   -0.169393   -3.906292      -1.389607  -2.629239  -1.281534
    26  0.16221198    4.414012  101.789640      -0.975174   3.582093   2.075895
    27  0.17988339    4.894876  112.878625      -0.992052   4.252029  -0.627921
    28  0.17103326    4.654052  107.325082      -0.595461   5.050773  -0.075362
    29 -0.00056617   -0.015406   -0.355280      -0.359978  -2.380385   2.649393
    30  0.17342577    4.719155  108.826404      -0.362600   4.762992   2.651361
    31  0.03296030    0.896895   20.682918      -0.221379   0.800373  -1.949297
    32  0.17674192    4.809392  110.907320      -0.079160   5.962566   0.833709
    33  0.03119428    0.848839   19.574722       0.200397  -1.027208   2.698879
    34  0.15810494    4.302254   99.212431       0.335000   3.732429   2.317371
    35  0.16338297    4.445877  102.524447       0.583805   5.038850   0.034511
    36  0.00861054    0.234305    5.403197       0.651171  -2.569133  -0.459148
    37  0.16026512    4.361036  100.567965       0.992475   2.777389   1.781525
    38  0.16822501    4.577635  105.562878       1.276442   4.375859  -0.304460
    39  0.17229888    4.688491  108.119268       1.536852   4.003271   2.323824
    40  0.09521763    2.591003   59.750012       1.621989   1.152055   1.613830
    41  0.16970390    4.617878  106.490895       1.775214   5.037330   0.354189
    42  0.05801358    1.578630   36.404104       1.907508   0.247810   3.939836
    43  0.15009277    4.084232   94.184713       2.039803   0.212004  -0.623010
    44  0.09057942    2.464791   56.839493       2.160249  -3.812013   0.196884
    45  0.06531954    1.777435   40.988664       2.065483  -1.568133   2.046934
    46  0.09628231    2.619975   60.418114       2.319360  -3.415693  -1.924368
    47  0.13248335    3.605055   83.134626       2.544929   1.299421   0.953667
    48  0.09112009    2.479504   57.178768       3.211436  -3.174386   0.669544
    49  0.11845368    3.223289   74.330869       3.202725   0.609255  -1.611434
    50  0.09683645    2.635054   60.765840       3.333887  -2.503445  -1.869772
    51  0.08052922    2.191311   50.532890       3.495040  -4.355565   0.373830
    52  0.08422015    2.291747   52.848989       3.648229  -3.675347  -2.182453
    53  0.10847596    2.951781   68.069749       3.756384   3.179611  -1.926296
    54  0.12394802    3.372797   77.778623       4.002873   0.503576  -2.350921
    55  0.12943166    3.522014   81.219659       3.993216   1.001917   1.096816
    56  0.10547710    2.870178   66.187936       4.082875  -1.709679  -1.622706
    57  0.12123173    3.298883   76.074123       4.448429   0.443575  -1.261198
    58  0.13698066    3.727433   85.956733       4.464284   0.714802   0.061260
    59  0.11976849    3.259066   75.155923       4.478357   2.713290  -2.682462
    60  0.11419260    3.107339   71.656999       4.579021   3.504398   0.303050
    61  0.08790370    2.391981   55.160448       4.658876  -4.501561   0.391859
    62  0.09045453    2.461393   56.761121       4.722610  -3.792663  -2.163436
    63  0.10587148    2.880910   66.435415       4.823445   3.063418  -1.549550
    64  0.09567722    2.603510   60.038413       5.214866  -2.768033   0.884836
    65  0.14066474    3.827682   88.268530       5.214535   1.056205   1.371769
    66  0.10774464    2.931881   67.610839       5.236950   3.215925  -0.470371
    67  0.09877874    2.687906   61.984650       5.380030  -1.944320  -1.637791
    68  0.09237848    2.513746   57.968423       5.466699  -3.567954   0.680522
    69  0.09496618    2.584161   59.592230       5.713236  -2.900328  -1.873787
    70  0.10995002    2.991892   68.994736       5.983988  -4.884742   0.117111
    71  0.11132317    3.029258   69.856405       6.008632  -4.296306  -2.018989
    72  0.12233228    3.328831   76.764730       6.059012   2.706414  -1.256190
 
 Number of surface maxima:    73
   #       a.u.         eV      kcal/mol           X/Y/Z coordinate(Angstrom)
     1  0.21851939    5.946215  137.123103      -6.211730   0.264499  -2.238102
     2  0.15213766    4.139876   95.467906      -6.092513  -4.947106   1.625993
     3  0.15650752    4.258786   98.210035      -5.966241  -4.423950  -1.617455
     4  0.10610058    2.887144   66.579176      -5.912745  -4.357407   0.028820
     5  0.11533601    3.138453   72.374503      -5.633565  -1.841153   0.435651
     6  0.10441214    2.841199   65.519665      -5.567470  -3.496002   2.419759
     7  0.18321511    4.985537  114.969316      -5.461473   1.623843  -2.592264
     8  0.23123871    6.292325  145.104605      -5.236384   3.111379  -3.401190
     9  0.15358094    4.179150   96.373574      -4.990960  -2.650253   3.693939
    10  0.17706285    4.818125  111.108710      -4.853531  -1.584273  -2.763091
    11  0.16673816    4.537176  104.629860      -4.702362  -0.511740  -1.678172
    12  0.10046829    2.733881   63.044855      -4.149521  -2.487459   0.441921
    13  0.22754566    6.191832  142.787179      -3.919448   1.877028  -0.478786
    14  0.17380212    4.729396  109.062567      -3.811651   0.207149   2.484467
    15  0.18581930    5.056400  116.603472      -3.821931   0.393219   0.769361
    16  0.19779052    5.382154  124.115529      -3.809970   3.582093  -2.545033
    17  0.21217197    5.773493  133.140036      -2.987381   1.262674  -1.619486
*   18  0.25629955    6.974265  160.830530      -3.037536   4.772742   0.937781
    19  0.14302928    3.892025   89.752302      -2.722792  -0.475983  -0.337765
    20  0.25366209    6.902496  159.175497      -2.555403   4.556367  -2.053333
    21  0.22965649    6.249271  144.111741      -2.318288   3.731990  -0.486779
    22  0.05745102    1.563322   36.051088      -1.870306  -1.386370  -3.004307
    23  0.11059651    3.009484   69.400416      -1.909501  -1.036921   0.050900
    24  0.22478350    6.116670  141.053892      -1.886211   3.624908  -1.019893
    25  0.20675101    5.625981  129.738326      -1.532144   5.247132   1.471932
    26  0.02863266    0.779134   17.967279      -1.421843  -3.612868   2.022876
    27  0.16399880    4.462634  102.910886      -1.399849   0.640947  -0.682755
    28  0.13536432    3.683450   84.942464      -1.135261  -0.386736   1.683982
    29  0.19070663    5.189391  119.670315      -0.606083   1.539887   2.758851
    30  0.18580119    5.055907  116.592104      -0.542444   1.230471   0.699933
    31  0.24263660    6.602478  152.256894      -0.358408   6.221557   2.272795
    32  0.09010155    2.451788   56.539623      -0.232341  -2.008090  -0.364460
    33  0.23322448    6.346361  146.350694      -0.107606   2.909728   1.184958
    34  0.24132238    6.566716  151.432205      -0.033418   3.757875  -0.226127
    35  0.14268099    3.882547   89.533748       0.452271  -0.285935  -1.083233
    36  0.12568354    3.420023   78.867680       0.694933  -1.312796   1.167320
    37  0.20109296    5.472018  126.187841       0.908006   5.360772   1.783064
    38  0.16878247    4.592805  105.912691       1.137376   0.035628   0.195643
    39  0.17831512    4.852201  111.894523       1.155716   1.507358   0.477318
    40  0.20915563    5.691414  131.247250       1.236372   2.519815  -1.036154
    41  0.15340652    4.174404   96.264126       1.397758  -4.065599  -0.996558
    42  0.16505807    4.491458  103.575589       1.510625  -0.067723   0.225180
    43  0.19948459    5.428252  125.178578       1.450693   2.227347  -2.667357
    44  0.13862164    3.772087   86.986468       1.581586  -0.844953   1.096816
    45  0.20323525    5.530313  127.532154       2.214851   3.206914   1.404159
    46  0.14403796    3.919472   90.385261       2.414458  -1.577385   1.053547
    47  0.17858481    4.859540  112.063757       2.543012  -0.575003  -1.284482
    48  0.24255517    6.600262  152.205794       2.584876   4.922816   1.641448
    49  0.12180330    3.314436   76.432789       2.773337  -4.763569  -1.172504
    50  0.16561184    4.506527  103.923085       2.773159  -2.034677   4.079175
    51  0.15134861    4.118405   94.972765       3.076693   1.720767  -2.778702
    52  0.21631423    5.886210  135.739344       3.069109   2.913015   2.643593
    53  0.19893725    5.413358  124.835117       3.241810   0.544272   0.177408
    54  0.17241175    4.691562  108.190100       3.617531   1.317764  -0.230159
    55  0.17083264    4.648592  107.199188       3.740352  -6.108371  -1.424034
    56  0.17967820    4.889292  112.749867       3.771265  -0.513754   0.044953
    57  0.16027884    4.361409  100.576574       3.891923   2.920622  -0.556835
    58  0.12644247    3.440674   79.343912       4.042774   0.432190  -1.798242
    59  0.19761175    5.377289  124.003349       4.253194   0.399429   2.527362
    60  0.14211741    3.867211   89.180093       4.438747  -3.164916   0.203159
    61  0.14417644    3.923240   90.472157       4.520808  -2.768033  -1.352236
    62  0.16489140    4.486923  103.471004       4.486053   2.423538   1.955534
    63  0.19187142    5.221087  120.401232       4.555646   1.338681  -3.528593
    64  0.14989083    4.078737   94.057994       5.188786   0.500172  -0.238878
    65  0.13120759    3.570340   82.334076       5.215934  -5.282024  -1.284640
    66  0.20064472    5.459821  125.906569       5.323792  -0.032795   0.426982
    67  0.15063713    4.099045   94.526307       5.479454   1.395644  -2.147988
    68  0.15705213    4.273606   98.551780       6.175290   1.624863   0.189898
    69  0.20215625    5.500951  126.855069       6.197604   2.023886   1.814965
    70  0.17967314    4.889155  112.746691       6.926325  -5.120653  -1.006130
    71  0.13835249    3.764763   86.817569       6.887215  -3.575746  -0.652732
    72  0.19793938    5.386205  124.208942       6.889107   1.333090  -1.284482
    73  0.18898100    5.142435  118.587469       7.594327  -2.107480  -0.227385
