 Number of surface minima:    57
   #       a.u.         eV      kcal/mol           X/Y/Z coordinate(Angstrom)
     1  0.11235650    3.057376   70.504830      -8.025488   2.283796   1.534714
     2  0.11413153    3.105677   71.618677      -7.837464   0.577357   2.913386
     3  0.09195636    2.502260   57.703535      -7.435185   1.712277   0.405190
     4  0.09508705    2.587450   59.668076      -7.122779  -0.272137   2.145477
     5  0.09105028    2.477604   57.134963      -7.092696   1.178127  -0.302795
     6  0.09569544    2.604005   60.049846      -6.727667  -0.846007   1.402420
     7  0.09503272    2.585972   59.633984      -6.570250   2.448700   1.137831
     8  0.09782778    2.662029   61.387907      -6.305662   0.453502   2.857657
     9  0.10022967    2.727388   62.895121      -5.776484   1.118222  -0.581994
    10  0.09394242    2.556303   58.949807      -5.640863   2.503073   1.013360
    11  0.10666099    2.902393   66.930840      -5.511896  -0.861453   1.137831
    12  0.09733717    2.648679   61.080048      -5.235751   0.511401   2.753289
    13  0.10135554    2.758024   63.601612      -5.115013   1.769663   0.079477
    14  0.10788737    2.935765   67.700404      -4.878932  -0.197173   1.799303
    15  0.07676674    2.088929   48.171895      -3.541625  -2.396488  -0.342993
    16  0.05216649    1.419523   32.734997      -2.469127  -3.773731   1.667009
    17  0.06204093    1.688220   38.931306      -2.538334   1.378481  -0.783496
    18  0.02226273    0.605800   13.970085      -2.404458  -2.985649  -2.237151
    19  0.05351496    1.456216   33.581174      -2.203900   0.786458   0.873326
    20  0.04828516    1.313906   30.299423      -1.837732  -2.849248  -0.777807
*   21 -0.00925084   -0.251728   -5.804998      -1.799440  -0.517130  -3.764287
    22  0.05822673    1.584430   36.537852      -1.644869  -1.401642   1.595858
    23  0.11385878    3.098255   71.447521      -1.660883   3.692565   0.089619
    24 -0.00527676   -0.143588   -3.311219      -1.436248   0.729146  -3.417246
    25  0.12878915    3.504531   80.816478      -1.120123   3.581917   2.362673
    26  0.10953519    2.980604   68.734427      -1.145962   2.506589  -0.446855
    27  0.04236325    1.152763   26.583363      -0.749301   0.124745   1.737918
    28  0.10839570    2.949597   68.019386       0.020966  -4.566833  -1.966215
    29  0.07908353    2.151972   49.625705      -0.013474  -2.785729  -2.624348
    30  0.11224074    3.054226   70.432189       0.498013   3.197216  -0.789918
    31  0.01360845    0.370305    8.539436       0.681783  -0.811618  -2.869994
    32  0.11180871    3.042470   70.161083       1.265806  -4.182023  -3.168937
    33  0.14236007    3.873815   89.332368       1.298237  -3.516372   0.344066
    34  0.14340853    3.902345   89.990287       1.333861   3.152772   1.741275
    35  0.15352789    4.177706   96.340284       1.524171   4.112848   1.568506
    36  0.14901799    4.054986   93.510280       2.153412  -3.315662   1.284079
    37  0.13275435    3.612430   83.304681       2.141850   1.310019  -1.381927
    38  0.15366334    4.181392   96.425280       2.436961  -1.987967   1.927077
    39  0.13277529    3.612999   83.317823       2.482631   2.403282  -1.451186
    40  0.14884550    4.050292   93.402041       2.579626   3.450801   1.301645
    41  0.14339125    3.901874   89.979443       3.239205  -3.040486  -1.381775
    42  0.12195412    3.318540   76.527430       3.365216  -0.928300   3.381003
    43  0.11907589    3.240220   74.721309       3.748705  -3.124008   3.180850
    44  0.12870651    3.502282   80.764621       3.881000  -2.020127   3.602805
    45  0.10698310    2.911158   67.132963       3.867200   3.954664  -1.929841
    46  0.15229985    4.144290   95.569676       4.034768  -2.910177  -0.460855
    47  0.16242922    4.419924  101.925958       4.348939  -1.754405   0.211771
    48  0.10906766    2.967882   68.441045       4.282121   1.847059  -2.168587
    49  0.11688524    3.180609   73.346656       4.544751   3.035759  -2.169031
    50  0.11677983    3.177741   73.280510       4.780855   3.958636   0.593577
    51  0.12701640    3.456292   79.704060       5.349906  -0.394539   1.666494
    52  0.12264014    3.337208   76.957915       5.316592   1.701462   0.306640
    53  0.12681575    3.450832   79.578150       5.513431   2.925708   0.256671
    54  0.12203280    3.320681   76.576801       5.733120  -2.653435   1.457052
    55  0.13218551    3.596951   82.947730       5.820297  -1.482768   1.931597
    56  0.13817291    3.759876   86.704880       6.316954  -2.755958   2.460774
    57  0.13582117    3.695882   85.229144       6.382596   1.972870  -0.323386
 
 Number of surface maxima:    69
   #       a.u.         eV      kcal/mol           X/Y/Z coordinate(Angstrom)
     1  0.17938091    4.881203  112.563313      -9.106507  -0.281761   0.461856
     2  0.18267813    4.970925  114.632353      -8.668134   1.835477   2.833529
     3  0.13628349    3.708462   85.519253      -8.532361   0.803081   1.549463
     4  0.13883436    3.777875   87.119946      -7.568988  -0.645054  -0.257789
     5  0.13940276    3.793342   87.476623      -6.967133   2.144366   3.025157
     6  0.18820437    5.121301  118.100125      -6.461157  -1.378372  -1.291346
     7  0.14688163    3.996852   92.169689      -6.173367   1.370191   0.608654
     8  0.14887606    4.051124   93.421214      -5.980666   0.124745   1.595121
     9  0.18729601    5.096584  117.530120      -5.678011   2.881018   3.626502
    10  0.16550084    4.503507  103.853433      -5.180625  -0.696849  -0.912195
    11  0.17656822    4.804666  110.798324      -4.512152  -1.337232  -1.655771
    12  0.14586222    3.969113   91.530000      -4.523398   2.171598   2.523212
    13  0.16902454    4.599392  106.064589      -4.425322  -4.225081  -0.026891
    14  0.17715211    4.820554  111.164722      -4.439431  -2.228553   2.484141
    15  0.16456142    4.477944  103.263938      -4.083126   0.653923  -1.301504
    16  0.14978645    4.075897   93.992494      -3.648948  -0.791620   0.755154
    17  0.14664867    3.990513   92.023505      -3.763755   1.191226   0.227958
    18  0.14956438    4.069854   93.853146      -3.623309   0.277617   1.021155
    19  0.19734173    5.369941  123.833907      -3.091466   1.856887   1.954534
    20  0.04257537    1.158535   26.716471      -2.731865  -2.388231  -3.624490
    21  0.16402644    4.463387  102.928234      -2.474792  -1.199524  -0.718028
    22  0.11971165    3.257520   75.120258      -2.389950   0.094121  -1.693467
    23  0.16388217    4.459461  102.837702      -2.389976   2.493788   0.050819
    24  0.14182119    3.859151   88.994216      -2.072244   3.241772   1.608972
    25  0.13748122    3.741054   86.270841      -1.527320  -0.267061   0.634605
    26  0.13951881    3.796500   87.549451      -1.438481   1.007714  -0.325654
    27  0.19125502    5.204314  120.014437      -1.268166   2.123416   2.742328
    28  0.19521415    5.312047  122.498831      -0.921992   4.822116   1.387963
    29  0.14996527    4.080762   94.104704      -0.805123  -3.590824  -1.416080
    30  0.05621014    1.529556   35.272426      -0.759524   2.768584  -2.688810
    31  0.11544480    3.141413   72.442769      -0.452985  -0.378938  -2.394248
    32  0.15702927    4.272984   98.537439      -0.574682   1.732956  -0.010493
    33  0.15695626    4.270997   98.491624       0.309054   0.653923  -0.883476
    34  0.18223942    4.958987  114.357061       0.248568   1.784086   1.667009
    35  0.17812217    4.846951  111.773442       0.419270  -2.261132  -0.728536
    36  0.18079260    4.919617  113.449165       0.318624  -1.193420  -0.058195
    37  0.11929151    3.246087   74.856618       0.478478  -4.341152  -2.812682
    38  0.19916869    5.419656  124.980342       0.471205  -2.629600   0.889690
    39  0.22519278    6.127807  141.310721       1.102819   5.353383   0.578943
    40  0.16569757    4.508860  103.976882       1.423018  -2.862414  -3.624763
    41  0.20314611    5.527887  127.476218       1.478784   2.098876  -0.610082
    42  0.19084534    5.193166  119.757358       1.636199  -5.305733  -1.770707
    43  0.22274451    6.061186  139.774406       1.896585  -2.152964   0.548880
    44  0.22473073    6.115234  141.020780       1.946233   2.026514   0.922891
    45  0.17420686    4.740410  109.316546       2.161174  -2.060978  -1.973952
    46  0.18640165    5.072247  116.968900       2.425762   4.672017   0.101898
    47  0.20939941    5.698048  131.400226       2.558057   0.312128   1.325214
    48  0.22723518    6.183384  142.592346       2.993313  -1.727375  -0.543621
*   49  0.23078182    6.279893  144.817901       3.104819  -5.172600  -0.175205
    50  0.20497075    5.577538  128.621197       3.219307   0.124528  -0.714545
    51  0.20886483    5.683501  131.064768       3.328586   5.911862  -0.192239
    52  0.18826815    5.123037  118.140145       3.432106  -1.911680   2.328480
    53  0.21605191    5.879072  135.574737       3.404904   0.310121   0.397147
    54  0.22980369    6.253276  144.204114       3.456458   1.406954   2.187383
    55  0.17473035    4.754655  109.645041       3.650310   2.671048  -1.330171
    56  0.19456130    5.294282  122.089159       3.749418  -4.118857   0.739758
    57  0.18584385    5.057068  116.618874       4.135777   2.633407   0.207004
    58  0.22512077    6.125848  141.265534       4.578148  -0.490405  -0.950923
    59  0.17432016    4.743493  109.387643       4.470443   0.449600   2.917923
    60  0.21539424    5.861175  135.162041       4.683185  -5.023981   1.673606
    61  0.19264973    5.242266  120.889634       4.596886  -1.672960   1.270126
    62  0.15800371    4.299500   99.148909       4.633354   5.147264  -0.744748
    63  0.16557871    4.505626  103.902299       5.283529  -3.844084   2.672655
    64  0.21005874    5.715989  131.813962       5.571980   0.056886   4.112741
    65  0.16549830    4.503438  103.851840       5.708882  -1.607804   3.732355
    66  0.20585673    5.601646  129.177156       6.253704  -3.158619   3.908989
    67  0.15827367    4.306846   99.318309       6.268465   3.303050  -1.373766
    68  0.19906890    5.416940  124.917728       6.295568   4.908956  -1.360393
    69  0.20328351    5.531626  127.562436       6.920895   1.722576  -1.637890
