 Number of surface minima:    65
   #       a.u.         eV      kcal/mol           X/Y/Z coordinate(Angstrom)
     1  0.11620910    3.162210   72.922373      -6.826030  -4.007286   0.884388
     2  0.11362403    3.091867   71.300213      -6.474355  -4.837163  -1.151690
     3  0.09775213    2.659971   61.340437      -5.886030  -2.810087   0.760194
     4  0.09386317    2.554147   58.900080      -5.490379  -3.871146  -1.623826
     5  0.09740750    2.650593   61.124180      -5.485977  -3.961206   1.311504
     6  0.09416322    2.562312   59.088364      -5.284647  -2.046248   0.542557
     7  0.09309983    2.533375   58.421073      -5.107115  -4.931595  -1.128317
     8  0.08918273    2.426786   55.963056      -4.969731  -3.082504  -1.899094
     9  0.06031136    1.641156   37.845984      -4.846464   1.546069   2.852587
    10  0.09873339    2.686672   61.956191      -4.472714  -4.034736   1.499253
    11  0.14210275    3.866812   89.170896      -4.541009   2.247182  -1.079238
    12  0.11157442    3.036094   70.014062      -4.354647  -1.032714   0.006578
    13  0.09276824    2.524352   58.212996      -4.100089  -5.090170  -0.920705
    14  0.10491715    2.854941   65.836560      -4.036744  -2.151701   0.755701
    15  0.10662324    2.901366   66.907148      -4.063059  -1.883846  -2.013019
    16  0.13998417    3.809163   87.841469      -4.063059   5.434877  -0.842066
    17  0.10964630    2.983627   68.804148      -3.772673  -3.050288   1.164067
    18  0.09775297    2.659994   61.340967      -3.678945  -3.106636  -1.665327
    19  0.06680322    1.817808   41.919688      -3.754610  -0.538365   1.780009
    20  0.12365795    3.364904   77.596602      -3.421155   2.979030  -1.938346
    21  0.10053564    2.735714   63.087122      -3.269293  -4.090094  -1.198682
    22  0.13302939    3.619914   83.477271      -3.306539   3.762481   0.826233
    23  0.11672914    3.176361   73.248704      -3.248064  -1.229297  -0.984788
    24  0.11467396    3.120437   71.959054      -3.132220   1.938125  -1.127630
    25  0.12795413    3.481809   80.292497      -3.008570   5.333028  -0.357436
    26  0.05384386    1.465166   33.787563      -2.607821  -0.281008   0.096813
    27  0.11542716    3.140933   72.431695      -2.633458   3.764733  -2.486003
    28  0.11683217    3.179165   73.313353      -2.339202   1.804671  -0.995889
    29  0.02808184    0.764146   17.621633      -2.269871  -0.582225  -1.453986
    30  0.06078900    1.654153   38.145707      -1.687632   0.623283   2.449066
    31  0.16281559    4.430437  102.168410      -1.538471   4.077552   0.603546
    32  0.04077450    1.109531   25.586405      -1.020290   0.343835   1.726711
    33  0.05819919    1.583680   36.520574      -0.946739  -0.582225   2.382737
    34  0.12063041    3.282520   75.696791      -0.755701  -3.044634  -0.814694
    35  0.13798025    3.754633   86.583984      -0.480987   3.415802  -1.911270
    36 -0.00329495   -0.089660   -2.067612      -0.074174  -0.414586  -3.476417
    37  0.08477831    2.306935   53.199239       0.154259  -2.964671   1.240393
    38  0.17219565    4.685682  108.054495       0.275827   5.727711  -0.347540
*   39 -0.01131394   -0.307868   -7.099610       0.571055  -1.626861  -3.389535
    40  0.15783437    4.294892   99.042644       0.563911   4.806697   0.572342
    41  0.15919534    4.331925   99.896665       0.699536   4.501952  -2.131826
    42  0.06491611    1.766457   40.735508       0.831555  -2.566421   3.235175
    43  0.13352168    3.633310   83.786187       0.964125   3.322769  -1.591183
    44  0.15601165    4.245293   97.898871       1.223996   0.872096   2.184743
    45  0.13737622    3.738197   86.204950       1.216283   2.701014  -1.190773
    46  0.10162765    2.765429   63.772370       1.639355  -0.964232   1.925036
    47  0.15502291    4.218388   97.278428       1.653247   0.620754   2.855638
    48  0.01209877    0.329224    7.592102       2.165796   0.611732  -2.058317
    49  0.00834948    0.227201    5.239385       2.418045  -1.511229  -2.454534
    50  0.17942707    4.882459  112.592281       2.360179   0.416947   3.896718
    51  0.15338394    4.173789   96.249955       2.683239  -0.979246   1.649452
    52  0.15790975    4.296943   99.089950       2.620917  -0.606893   2.692302
    53  0.03775578    1.027387   23.692128       3.396098   0.767928  -2.667322
    54  0.16368910    4.454207  102.716547       3.725151   2.191848   2.296335
    55  0.12052017    3.279521   75.627614       3.772114  -2.287197  -0.041409
    56  0.12851202    3.496990   80.642578       4.056207  -2.385032   2.467591
    57  0.18117037    4.929896  113.686217       4.153481   1.674029   3.508457
    58  0.13294523    3.617624   83.424459       4.319254  -2.783457   1.274977
    59  0.13653682    3.715356   85.678222       4.842190  -2.930424  -0.312234
    60  0.14174259    3.857012   88.944892       5.055058  -3.229150   2.322226
    61  0.13076156    3.558203   82.054184       5.704347  -0.454971   0.177641
    62  0.03981020    1.083291   24.981296       5.991308  -1.184438  -3.187915
    63  0.13170109    3.583769   82.643752       6.118781  -0.715691   2.173610
    64  0.13661568    3.717502   85.727704       6.217592  -0.987311   1.224227
    65  0.14263296    3.881240   89.503606       6.695652  -1.742958   2.199318
 
 Number of surface maxima:    72
   #       a.u.         eV      kcal/mol           X/Y/Z coordinate(Angstrom)
     1  0.18343458    4.991509  115.107032      -7.670888  -4.690471  -0.095355
     2  0.18369347    4.998553  115.269488      -7.167261  -1.772874  -1.288550
     3  0.13880883    3.777180   87.103931      -7.052495  -3.332022  -0.680250
     4  0.11812020    3.214214   74.121608      -6.576651  -3.691155   0.920083
     5  0.13875789    3.775794   87.071965      -6.198627  -5.384418   0.312224
     6  0.13837722    3.765436   86.833088      -5.508622  -1.381282  -1.107514
     7  0.08389676    2.282947   52.646053      -5.518296   2.398702   1.885917
     8  0.21068125    5.732928  132.204593      -5.581260   2.926757  -0.236786
     9  0.18356845    4.995152  115.191039      -5.160185  -6.542294   0.983912
    10  0.15002626    4.082422   94.142978      -4.724530  -3.171711   0.513466
    11  0.16994617    4.624471  106.642924      -4.844825   3.924801  -1.120439
    12  0.20944257    5.699222  131.427310      -4.823178   5.238724  -2.155173
    13  0.14689258    3.997150   92.176560      -4.490210  -3.816102  -0.924690
    14  0.18141486    4.936549  113.839636      -4.225951  -0.512127  -1.395054
    15  0.21203007    5.769632  133.050990      -4.153579   1.554281   0.366546
    16  0.14439209    3.929109   90.607483      -3.651849  -5.581629   0.869834
    17  0.17923742    4.877298  112.473272      -3.612262   0.794631   2.309187
    18  0.09459722    2.574121   59.360703      -3.432498  -0.854910   0.558904
    19  0.19798162    5.387354  124.235447      -3.203324   2.791101   1.713684
    20  0.17063380    4.643182  107.074418      -3.077507   5.503313  -2.129328
    21  0.14029938    3.817740   88.039263      -2.867136  -2.034030  -1.257456
    22  0.18975583    5.163519  119.073682      -2.369754   3.104052  -1.280552
    23  0.19404386    5.280202  121.764465      -2.438454   4.064624  -0.027083
    24  0.19767368    5.378974  124.042212      -2.079042  -5.211912   0.986027
    25  0.17612419    4.792583  110.519691      -2.082588  -3.749401   0.584326
    26  0.18255592    4.967599  114.555663      -2.057344  -2.285593   1.014652
    27  0.16063198    4.371018  100.798172      -1.814056  -3.037977  -1.337213
    28  0.21197959    5.768258  133.019315      -1.666521   1.786625   1.010598
    29  0.18306197    4.981369  114.873214      -1.668620  -2.692920   3.777963
    30  0.22389113    6.092387  140.493923      -1.618816   6.227730  -2.390463
    31  0.09564489    2.602630   60.018123      -1.482313   1.866226   3.037812
    32  0.13018055    3.542393   81.689598      -1.300171   0.105283  -0.741322
    33  0.06648733    1.809212   41.721464      -1.152584   1.601671  -3.247174
    34  0.19486850    5.302642  122.281935      -0.759095  -3.750227   0.459333
    35  0.12898360    3.509822   80.938499      -0.801826  -2.444924   2.149313
    36  0.10558140    2.873016   66.253381      -0.842085  -1.223700  -1.878321
    37  0.17356883    4.723048  108.916179      -0.758714  -0.844299   0.595530
    38  0.20200689    5.496887  126.761343      -0.734937   5.371018  -1.483760
    39  0.15690525    4.269609   98.459616      -0.474702  -2.309545  -0.328300
    40  0.24203632    6.586143  151.880211      -0.252050   3.467704   0.538167
    41  0.21307046    5.797942  133.703846       0.016355   2.851708  -0.898991
    42  0.17322498    4.713692  108.700410       0.437744   1.139801  -0.601953
    43  0.19765871    5.378567  124.032819       0.474968  -0.285228   4.447929
    44  0.23834404    6.485671  149.563268       0.669701   5.963645  -1.791937
    45  0.03915733    1.065525   24.571614       0.932971  -3.634020  -2.745732
    46  0.13826111    3.762276   86.760229       0.876678  -0.669672   2.858968
    47  0.17593630    4.787470  110.401786       0.971542   0.217539   0.607465
    48  0.12424471    3.380871   77.964801       1.109376  -0.446151  -1.904024
*   49  0.25659156    6.982211  161.013772       1.481355   3.212757   3.216284
    50  0.14098861    3.836495   88.471762       1.561673  -1.375991  -0.633443
    51  0.19763289    5.377864  124.016616       1.597306   4.960813  -0.738182
    52  0.23167191    6.304113  145.376438       1.786398   2.999548   1.409992
    53  0.17772813    4.836228  111.526178       2.203114  -2.831229   0.637702
    54  0.22521533    6.128421  141.324874       2.264268   0.284151   1.767269
    55  0.17151998    4.667296  107.630501       2.437918  -0.841152   0.068709
    56  0.20890896    5.684702  131.092459       2.653091   2.003440   3.704204
    57  0.24850788    6.762243  155.941181       2.963476   4.333890  -0.052623
    58  0.03338618    0.908484   20.950159       3.241377  -2.285506  -3.087904
    59  0.20306716    5.525738  127.426671       3.431927   0.079246  -0.779372
    60  0.25086258    6.826318  157.418775       3.512975   1.034898   4.739329
    61  0.24577516    6.687882  154.226371       3.383864   1.294361   1.275434
    62  0.20150847    5.483324  126.448580       3.881358  -1.505829   1.388764
    63  0.21327598    5.803535  133.832812       4.075331   0.015390   3.700567
    64  0.15432581    4.199419   96.840986       4.651913  -0.456635  -2.875166
    65  0.19702313    5.361272  123.633984       4.800659  -1.976499  -1.232199
    66  0.23295245    6.338959  146.179994       4.928215  -0.848597   4.550428
    67  0.19710004    5.363365  123.682245       4.999390  -0.383495   1.217991
    68  0.18839536    5.126499  118.219975       5.377345  -0.019703  -0.974792
    69  0.17766302    4.834457  111.485321       5.591817  -1.900056   3.365203
    70  0.16954381    4.613522  106.390436       6.118629  -2.842087   1.119350
    71  0.20321186    5.529676  127.517475       6.329647  -2.963523  -0.468994
    72  0.21232796    5.777738  133.237917       6.461324  -3.228111   2.646908
