 Number of surface minima:    62
   #       a.u.         eV      kcal/mol           X/Y/Z coordinate(Angstrom)
     1  0.13826878    3.762485   86.765044      -6.651543  -0.070595   0.640965
     2  0.14468869    3.937180   90.793602      -6.385656  -1.524533   1.965207
     3  0.13270620    3.611119   83.274469      -6.040252  -0.192518   3.694105
     4  0.12897533    3.509597   80.933308      -5.745477  -0.899710   1.014146
     5  0.11206288    3.049386   70.320576      -5.547636   0.914999   2.945017
     6  0.12910142    3.513028   81.012431      -5.359724  -0.214982   0.364284
     7  0.11147095    3.033279   69.949135      -5.241396   1.606105   2.314161
     8  0.14318470    3.896254   89.849830      -4.961073  -2.457911  -2.672411
     9  0.13428482    3.654076   84.265067      -4.873992  -1.625881   1.599271
    10  0.11434129    3.111385   71.750303      -4.686329   0.156701   3.538837
    11  0.13475815    3.666956   84.562090      -4.467577  -1.337455  -0.265108
    12  0.14926625    4.061741   93.666062      -4.297510  -2.337486   2.460085
    13  0.14316845    3.895812   89.839635      -4.330451  -0.404316  -0.914064
    14  0.13942535    3.793957   87.490799      -4.085289  -0.049800   0.132583
    15  0.12783656    3.478610   80.218718      -3.895354  -2.845049  -2.398078
    16  0.13528084    3.681179   84.890079      -3.903345  -1.534117   1.426446
    17  0.11907645    3.240235   74.721663      -3.904163   1.757730   2.058986
    18  0.13342330    3.630633   83.724455      -3.802472  -1.861061  -3.033187
    19  0.14277778    3.885181   89.594488      -3.561183  -0.659344   0.662874
    20  0.11109721    3.023109   69.714613      -3.595744   0.207024   3.432176
    21  0.14153429    3.851344   88.814182      -3.374308   0.453582  -1.233119
    22  0.11768895    3.202479   73.850995      -3.115852   1.090258   2.584662
    23  0.12319362    3.352269   77.305229      -2.769634  -0.924302  -3.432228
    24  0.14622090    3.978873   91.755077      -2.468305   1.125883  -1.866797
    25  0.18197168    4.951701  114.189048      -2.203717  -3.097990   1.317811
    26  0.13060975    3.554072   81.958925      -2.267797   0.212027   3.040296
    27  0.13369118    3.637922   83.892551      -1.939128  -0.203946  -3.461215
    28  0.08351891    2.272665   52.408950      -1.952717   2.652197  -2.063395
    29  0.16490315    4.487243  103.478374      -1.835171  -3.443059  -1.413997
    30  0.17848091    4.856712  111.998554      -1.665377  -4.476495  -0.328044
    31  0.03275462    0.891298   20.553849      -1.702278   4.760860  -2.630042
    32  0.16317621    4.440250  102.394702      -1.077400  -2.169521   1.187925
    33  0.01836045    0.499613   11.521367      -0.861942   4.520103  -0.064055
    34  0.16574884    4.510255  104.009052      -0.602680  -3.810245  -0.860186
    35  0.04759373    1.295091   29.865540      -0.464153   0.693318   1.679967
    36  0.16500098    4.489905  103.539767      -0.240537  -1.587199   0.962271
    37  0.15343239    4.175108   96.280360       0.450781  -5.268700   1.392087
    38  0.01667548    0.453763   10.464033       0.382168   3.920347  -1.689200
    39  0.14881103    4.049354   93.380409       0.607274  -3.666644   2.619112
    40  0.01737811    0.472882   10.904937       0.574464   2.525111   2.509197
    41  0.02919153    0.794342   18.317977       1.103641   0.173728  -2.527847
    42  0.02400746    0.653276   15.064924       1.302028   1.003673   1.979822
*   43 -0.00632973   -0.172241   -3.971971       1.593212   4.227615   0.320557
    44  0.15571432    4.237202   97.712290       1.678241  -4.837946  -1.636991
    45  0.15679135    4.266510   98.388143       1.964008  -4.221898   1.451153
    46  0.14124800    3.843554   88.634535       2.005648  -3.441085  -2.904636
    47  0.14074605    3.829895   88.319554       2.534499  -1.233832  -1.525923
    48 -0.00555234   -0.151087   -3.484149       2.533021   3.541195  -1.271049
    49  0.17440361    4.745764  109.440012       2.979093  -3.935401  -0.168830
    50  0.14489816    3.942880   90.925047       3.352644  -4.698794  -2.002820
    51  0.10078490    2.742497   63.243531       3.227311   1.204670   2.723201
    52  0.07419775    2.019023   46.559831       3.360012   2.118696   0.744036
    53  0.15501017    4.218041   97.270431       3.493236  -2.908265   0.609036
    54  0.13351504    3.633129   83.782025       3.517581  -1.443718  -1.594332
    55  0.09265734    2.521335   58.143410       4.279378   0.676446   2.844573
    56  0.07157157    1.947562   44.911878       4.472906   1.925547   0.520398
    57  0.16486563    4.486222  103.454829       4.853410  -3.163544   0.239432
    58  0.10575010    2.877607   66.359245       5.583856   0.143814   2.673483
    59  0.09322689    2.536833   58.500806       5.713285   1.466757   0.418784
    60  0.10215288    2.779721   64.101954       5.966764  -0.914541   2.116795
    61  0.09122048    2.482235   57.241763       6.232074   0.540697  -0.128134
    62  0.11631109    3.164986   72.986370       6.926717  -0.114460   2.441356
 
 Number of surface maxima:    73
   #       a.u.         eV      kcal/mol           X/Y/Z coordinate(Angstrom)
     1  0.20251984    5.510845  127.083226      -7.532203   0.926564   1.231347
     2  0.20510599    5.581218  128.706060      -6.892313  -1.465661   3.368966
     3  0.16052488    4.368104  100.730965      -6.877886  -0.262492   2.149512
     4  0.21649540    5.891139  135.853026      -6.259872  -1.818902  -2.010132
     5  0.16523712    4.496331  103.687946      -5.993000   1.466757   0.505742
     6  0.14922682    4.060668   93.641320      -5.804747  -1.721315   1.887482
     7  0.16490062    4.487174  103.476789      -5.265097  -1.714109   3.382374
     8  0.17408278    4.737033  109.238686      -5.221824  -0.639585  -2.440620
     9  0.17884365    4.866583  112.226180      -5.096583  -2.754405  -0.985665
    10  0.21689066    5.901895  136.101055      -4.963226   2.424276  -0.343058
    11  0.21378010    5.817252  134.149149      -4.790629   0.672991  -3.357829
    12  0.23324302    6.346865  146.362328      -4.464587  -3.961893  -0.058178
    13  0.17982267    4.893224  112.840523      -4.438283  -0.494387   1.261806
    14  0.16674605    4.537391  104.634812      -4.415080   0.569183   2.463040
    15  0.21210249    5.771602  133.096434      -3.791248  -2.421963   3.898143
    16  0.19433536    5.288134  121.947380      -3.646439   1.744021  -0.065936
    17  0.17376920    4.728500  109.041908      -3.640598   4.787515  -0.719777
    18  0.20045028    5.454529  125.784553      -3.129777  -1.001771  -0.819388
    19  0.16809661    4.574141  105.482305      -3.149882   0.634247  -2.981161
    20  0.20714084    5.636589  129.982949      -3.091958   2.537062  -0.707992
    21  0.21173886    5.761707  132.868250      -2.984247  -3.556247  -0.057750
    22  0.19642859    5.345094  123.260902      -2.832523  -1.908197  -2.122697
    23  0.17136593    4.663104  107.533836      -2.806240  -1.517064   2.898737
    24  0.19529876    5.314349  122.551924      -2.568138   0.557826  -0.558145
*   25  0.25001734    6.803318  156.888382      -2.404129  -4.554604   0.987668
    26  0.18369321    4.998547  115.269329      -2.347469   2.328742   1.229257
    27  0.15870898    4.318691   99.591473      -2.024839   0.695174   1.828018
    28  0.20189764    5.493914  126.692786      -1.623292   1.121122  -3.062207
    29  0.21427577    5.830740  134.460191      -1.412822  -1.040035   2.445638
    30  0.19074720    5.190495  119.695774      -1.261677   0.164750  -0.984900
    31  0.23371003    6.359573  146.655381      -1.143336  -1.568211   0.064284
    32  0.14359417    3.907396   90.106776      -1.043921   6.617354  -1.263808
    33  0.18116559    4.929766  113.683221      -0.855516  -0.772465  -2.408984
    34  0.16610286    4.519889  104.231207      -0.911882   0.930266  -0.880612
    35  0.24146306    6.570544  151.520483      -0.778310  -2.424855  -1.184118
    36  0.21939908    5.970153  137.675115      -0.681221  -4.644698   2.310611
    37  0.16486600    4.486232  103.455062      -0.630164   1.984483  -3.387049
    38  0.14369851    3.910235   90.172252      -0.720546   2.520714   0.080451
    39  0.07417017    2.018273   46.542521      -0.410968   4.979331  -1.558112
    40  0.17397693    4.734153  109.172260      -0.087008   0.011519  -0.012465
    41  0.13247720    3.604888   83.130765       0.228522   1.359013   1.170904
    42  0.22012666    5.989951  138.131680       0.615328  -3.662558  -2.032066
    43  0.13937271    3.792524   87.457769       0.636423   1.496200  -1.993141
    44  0.04178718    1.137087   26.221876       0.940310   4.180401   2.246075
    45  0.09192702    2.501461   57.685123       1.074798   3.120621  -0.732158
    46  0.20606904    5.607424  129.310380       1.222910  -2.382651  -1.398354
    47  0.20982118    5.709525  131.664891       1.165350  -2.206040   0.917084
    48  0.16565867    4.507802  103.952469       1.304574  -4.618781   1.982367
    49  0.22974594    6.251705  144.167876       1.410819  -2.975357  -0.166726
    50  0.22347657    6.081107  140.233780       1.526743  -5.097843   0.095896
    51  0.15769953    4.291222   98.958032       1.649182   0.393134  -0.737243
    52  0.21613337    5.881288  135.625848       1.952967  -2.876003   2.101583
    53  0.11616916    3.161124   72.897312       1.972867   1.850379   0.297294
    54  0.16079380    4.375422  100.899717       2.132877  -4.754496  -2.198623
    55  0.16128271    4.388726  101.206514       2.426584  -0.150212   1.719315
    56  0.14243880    3.875957   89.381770       2.615259   0.993961   0.382578
    57  0.14461588    3.935198   90.747911       2.691172   2.199189   2.249277
    58  0.21702206    5.905471  136.183514       2.823467  -5.213676  -0.533287
    59  0.22377402    6.089201  140.420437       3.007239  -1.576012   0.774558
    60  0.20576938    5.599270  129.122343       3.213476  -0.785736  -0.613135
    61  0.20248171    5.509808  127.059299       3.514219  -3.677927  -3.113455
    62  0.04664994    1.269409   29.273304       3.744325   1.997638  -2.185764
    63  0.19631329    5.341956  123.188553       3.881821  -3.481866  -1.152204
    64  0.12399423    3.374055   77.807619       4.278704   2.168542   2.350925
    65  0.16947606    4.611678  106.347924       4.689647  -0.371668   1.669321
    66  0.15889076    4.323638   99.705543       4.908764   0.467861   0.326197
    67  0.23048745    6.271882  144.633180       5.469353  -3.365170  -1.025558
    68  0.18713686    5.092253  117.430254       5.604219  -2.107807  -0.201236
    69  0.17580058    4.783777  110.316621       5.709041   2.734378   2.784467
    70  0.13797345    3.754448   86.579719       6.590026   1.529076   2.108342
    71  0.20635280    5.615145  129.488448       7.200775  -1.982852   0.060263
    72  0.14807479    4.029320   92.918412       7.258207  -0.649952   0.958154
    73  0.18557938    5.049872  116.452914       7.995995   0.692880   1.798834
