 Number of surface minima:    69
   #       a.u.         eV      kcal/mol           X/Y/Z coordinate(Angstrom)
     1  0.08452940    2.300162   53.043046      -6.407938  -3.064580   0.046394
     2  0.12232335    3.328588   76.759125      -6.512141   4.554957  -1.594643
     3  0.08383108    2.281160   52.604843      -6.247342  -3.483519   1.082692
     4  0.11500719    3.129505   72.168163      -6.089975   4.854636   0.371460
     5  0.10497341    2.856472   65.871864      -5.819047   4.067210  -0.554600
     6  0.08366889    2.276746   52.503068      -5.583274  -5.346860  -1.064005
     7  0.08964218    2.439288   56.251361      -5.614173  -2.532459  -0.479839
     8  0.11110855    3.023418   69.721729      -5.518666   3.463088  -1.616847
     9  0.08362941    2.275672   52.478289      -5.474207  -5.786775  -0.026985
    10  0.12528543    3.409190   78.617859      -5.373573   3.207852  -2.818709
    11  0.08743410    2.379203   54.865770      -5.217290  -3.351617   1.611477
    12  0.10492935    2.855273   65.844216      -5.277772   3.947014   0.371460
    13  0.11585861    3.152673   72.702437      -5.157777   6.183717  -2.274426
    14  0.08842996    2.406302   55.490686      -4.789298  -4.817811  -1.593071
    15  0.11697185    3.182966   73.401003      -4.866627   2.928852  -1.618486
    16  0.09825685    2.673705   61.657154      -4.688112  -2.402104  -0.047846
    17  0.09079872    2.470759   56.977107      -4.568283  -5.700184   0.482123
    18  0.09293343    2.528847   58.316655      -4.268838  -1.143429  -0.407011
    19  0.11591288    3.154150   72.736489      -4.243016   3.129649   0.371460
    20  0.09529646    2.593149   59.799483      -4.209333   6.073807  -1.216071
    21  0.12191268    3.317413   76.501427      -3.984745   2.594154  -0.532016
    22  0.09702520    2.640190   60.884283      -3.924452   5.458270  -2.296969
    23  0.13868364    3.773774   87.025369      -3.661199   2.227345  -2.418678
    24  0.09426532    2.565090   59.152432      -3.685065   5.936604  -0.422305
    25  0.05650326    1.537532   35.456361      -3.221107   0.029868   3.172681
    26  0.08757295    2.382981   54.952901      -3.112005   1.356001   0.749927
    27  0.09242805    2.515095   57.999528      -3.041989   4.727558  -2.406720
    28  0.10147286    2.761217   63.675236      -2.609942   5.048254  -0.428203
    29  0.14967037    4.072738   93.919653      -2.284176  -1.913867   0.944484
    30  0.09954963    2.708883   62.468388      -2.365540   4.516625  -1.359573
    31  0.07065281    1.922561   44.335346      -2.229759   0.512606  -1.216071
    32  0.16364119    4.452903  102.686482      -2.034764  -2.859611  -1.478166
    33  0.08969805    2.440808   56.286426      -2.147901  -0.746159   1.455299
    34  0.09636567    2.622243   60.470421      -2.142523   0.069467   0.644952
    35  0.10882429    2.961260   68.288330      -2.114217   3.670916  -2.406720
    36  0.15433722    4.199729   96.848149      -1.808353  -3.063805   1.370112
    37  0.15620891    4.250661   98.022652      -1.659187  -3.947376  -1.101696
    38  0.16501049    4.490164  103.545731      -1.537623  -5.041445  -0.475233
    39  0.16934249    4.608044  106.264107      -1.479292  -4.431453   1.605269
    40  0.04177260    1.136690   26.212724      -1.231791   1.387065   2.897208
    41  0.02856621    0.777326   17.925584      -0.813854   2.184165  -1.434669
    42  0.16183815    4.403840  101.555056      -0.571890  -4.172684  -0.946704
    43  0.15521179    4.223528   97.396950      -0.599788  -3.287758   1.545687
    44  0.02185023    0.594575   13.711237       0.074482   0.303255  -1.948364
    45  0.15822500    4.305521   99.287768       0.175717  -2.535442   1.369298
    46  0.00949661    0.258416    5.959217       0.471365   2.091037   3.482185
*   47 -0.00408928   -0.111275   -2.566064       1.742420   3.426430   1.165226
    48  0.14405234    3.919864   90.394286       2.072343  -1.262304  -1.617953
    49  0.01279926    0.348285    8.031661       1.997081   0.638322   2.223581
    50  0.00954464    0.259723    5.989356       1.983763   2.023081   2.677624
    51 -0.00329138   -0.089563   -2.065372       1.961762   3.240097  -0.137642
    52  0.02863245    0.779129   17.967150       2.793708   1.758492   1.663985
    53  0.14147548    3.849744   88.777281       3.109256  -1.393383  -2.028458
    54  0.15479066    4.212068   97.132690       3.773143  -2.984596  -0.038067
    55  0.13632185    3.709506   85.543326       3.905082  -0.601654  -1.627417
    56  0.15894666    4.325158   99.740616       4.281221  -1.813454  -2.460389
    57  0.15059154    4.097804   94.497700       4.433303  -1.389453   1.016830
    58  0.14612717    3.976323   91.696262       4.683976  -2.342631   0.187666
    59  0.15671663    4.264476   98.341250       5.028065  -3.004102  -0.760495
    60  0.07851909    2.136613   49.271515       6.160020   0.769729  -1.114302
    61  0.07584362    2.063810   47.592633       6.159430   0.834819  -0.024401
    62  0.07022448    1.910905   44.066566       6.954616   0.966975  -1.742614
    63  0.06910428    1.880423   43.363625       7.144212   1.097021   0.429591
    64  0.07959186    2.165805   49.944688       7.722801  -1.585463  -1.623237
    65  0.07599696    2.067982   47.688850       7.808780  -1.487637   0.564983
    66  0.06757130    1.838709   42.401666       7.934251   1.229315  -1.293961
    67  0.06681173    1.818040   41.925026       8.012141   1.291954  -0.125591
    68  0.07234029    1.968479   45.394252       8.604945  -1.352944  -1.216071
    69  0.07199041    1.958959   45.174700       8.684024  -1.289212  -0.020201
 
 Number of surface maxima:    74
   #       a.u.         eV      kcal/mol           X/Y/Z coordinate(Angstrom)
     1  0.17234265    4.689682  108.146735      -8.045081  -5.130940   0.075080
     2  0.12895112    3.508938   80.918116      -7.182576  -4.313756  -1.071254
     3  0.17858704    4.859600  112.065153      -6.883772  -3.637841  -2.617965
     4  0.12803649    3.484050   80.344175      -6.741433  -5.322012   1.165226
     5  0.18738617    5.099037  117.586692      -6.637926   5.745693  -2.514437
     6  0.17683884    4.812030  110.968143      -6.019349  -5.671768   2.637444
     7  0.14199171    3.863791   89.101216      -6.067177   5.859616  -0.951483
     8  0.18500937    5.034361  116.095228      -6.035205   6.401608   0.648864
     9  0.14468158    3.936986   90.789141      -5.462084   4.687043  -3.062859
    10  0.13852458    3.769446   86.925560      -5.148862  -3.332558   0.307594
    11  0.18688464    5.085390  117.271983      -4.999734   0.158766   1.152889
*   12  0.26064219    7.092435  163.555580      -4.952701   1.165112  -1.745249
    13  0.13869025    3.773954   87.029521      -4.698232  -4.763184  -0.306943
    14  0.18987371    5.166726  119.147652      -4.717340   3.731661  -4.175898
    15  0.15923572    4.333024   99.922006      -4.598837   3.699888  -0.819188
    16  0.14510740    3.948573   91.056342      -4.622353   5.462733   1.165226
    17  0.18204194    4.953613  114.233137      -4.132286   2.468302   3.197979
    18  0.14471457    3.937884   90.809843      -3.867189   2.196190  -1.586969
    19  0.19493367    5.304415  122.322826      -3.890805  -2.474729  -2.673169
    20  0.14693313    3.998254   92.202011      -3.604108   2.985707  -3.055224
    21  0.14873229    4.047211   93.331000      -3.629758   4.933556  -1.147191
    22  0.19566722    5.324376  122.783137      -3.534783   4.919217   2.160512
    23  0.17362046    4.724453  108.948574      -3.276299  -1.945748   0.106872
    24  0.12209244    3.322304   76.614226      -3.303252  -0.093628   1.227144
    25  0.19182398    5.219796  120.371467      -3.035752  -2.442216  -1.151243
    26  0.20118909    5.474634  126.248169      -2.860546  -4.466802   2.474444
    27  0.15255309    4.151181   95.728590      -2.820800   2.028919   0.248253
    28  0.15048837    4.094997   94.432958      -2.709302   2.287310  -0.688817
    29  0.17287344    4.704125  108.479810      -2.760913   3.875201   1.297520
    30  0.18623479    5.067706  116.864193      -2.439109  -4.128247   1.099436
    31  0.18314452    4.983616  114.925015      -2.306815   2.218072  -2.740906
    32  0.18479855    5.028624  115.962940      -2.038658   3.609784   2.090306
    33  0.14022895    3.815824   87.995068      -1.788368   3.362626  -1.052924
    34  0.23440039    6.378359  147.088586      -1.530046  -5.679409   0.890817
    35  0.17126071    4.660241  107.467806      -1.524583  -0.410444   0.085866
    36  0.17945148    4.883123  112.607598      -1.393829  -1.290621  -1.633149
    37  0.14228422    3.871751   89.284771      -1.348323   0.722290   0.125017
    38  0.16357478    4.451096  102.644810      -1.233210   4.012439   0.120587
    39  0.23118131    6.290763  145.068586      -0.970550  -2.331690   0.654001
    40  0.23527867    6.402258  147.639719      -0.863455  -2.760473  -0.873076
    41  0.16010950    4.356801  100.470314      -0.972277   2.164504   1.292171
    42  0.17934140    4.880128  112.538525      -0.454695  -1.066639   2.885052
    43  0.12883264    3.505714   80.843767      -0.209981   1.359664  -0.961434
    44  0.20265161    5.514431  127.165910      -0.071629  -4.877834   0.629316
    45  0.18134538    4.934659  113.796040       0.005905  -0.622805   0.699766
    46  0.11134032    3.029724   69.867162       0.136015   2.746086   0.239166
    47  0.13815773    3.759463   86.695358       0.475043   0.702923   2.091903
    48  0.04156190    1.130957   26.080506       1.107004   3.735807   3.104378
    49  0.15629267    4.252940   98.075215       1.267707   0.040524  -0.287515
    50  0.25426871    6.919003  159.556159       1.529720  -4.671439   0.688539
    51  0.22961401    6.248115  144.085087       1.518526  -3.284747  -0.425644
    52  0.10750894    2.925467   67.462937       1.674610   1.513414   0.918224
    53  0.25192355    6.855188  158.084545       2.063756  -3.929086  -2.009170
    54  0.05103694    1.388786   32.026188       2.437415   2.408116  -2.002826
    55  0.14426648    3.925691   90.528660       2.462794   0.699382   0.374142
    56  0.21544803    5.862639  135.195795       2.955583  -0.887394  -0.882904
    57  0.16670176    4.536186  104.607022       3.096943  -0.632146   1.662519
    58  0.22771626    6.196475  142.894231       3.250959  -1.798589   0.369984
    59  0.19654356    5.348222  123.333052       3.530875  -3.275527  -1.881945
    60  0.14844022    4.039264   93.147723       4.856381   0.465543  -0.005447
    61  0.22326429    6.075330  140.100576       4.806542   3.197681   2.857299
    62  0.22676587    6.170613  142.297848       5.112799  -3.104350  -2.253365
    63  0.17379556    4.729218  109.058450       5.027416  -0.432466   0.900638
    64  0.17342920    4.719248  108.828555       5.157309  -1.360927  -1.821899
    65  0.18922627    5.149109  118.741375       5.474093  -0.898178  -3.248988
    66  0.17797982    4.843077  111.684116       5.943578  -0.574659   2.355875
    67  0.12145087    3.304846   76.211637       7.086081   0.499224  -0.623219
    68  0.12620269    3.434150   79.193447       7.482963  -1.060597  -0.575290
    69  0.12459534    3.390412   78.184822       7.412084  -0.164507   1.888112
    70  0.16636009    4.526888  104.392618       8.689223  -0.089639  -3.572637
    71  0.16446878    4.475423  103.205804       9.091930   0.183077   2.098999
    72  0.11632075    3.165249   72.992435       9.321673   0.170734  -2.001763
    73  0.11579522    3.150948   72.662657       9.461883   0.300370   0.499940
    74  0.16120829    4.386701  101.159815      10.466307   0.555840  -0.857427
