 Number of surface minima:    65
   #       a.u.         eV      kcal/mol           X/Y/Z coordinate(Angstrom)
     1  0.16577945    4.511088  104.028265      -6.199488   1.240223  -1.353286
     2  0.15380620    4.185279   96.514926      -6.066320  -0.613558  -0.565424
     3  0.14871312    4.046690   93.318967      -5.663614   0.483767  -0.404086
     4  0.09074791    2.469376   56.945224      -5.590651  -4.255421  -0.321347
     5  0.09057053    2.464549   56.833912      -5.530560  -3.005063   2.192685
     6  0.15136833    4.118942   94.985139      -5.266731  -0.304590   0.130501
     7  0.16023863    4.360315  100.551344      -5.134437   1.639375  -0.420210
     8  0.09891612    2.691645   62.070858      -5.002143  -1.348192   2.658845
     9  0.15923989    4.333138   99.924626      -4.977544   0.743901  -3.054426
    10  0.14257341    3.879620   89.466243      -4.737554  -1.340087  -2.227940
    11  0.13475961    3.666996   84.563004      -4.088699  -0.212795  -2.414397
    12  0.07872632    2.142252   49.401552      -3.679200  -4.276635  -1.195658
    13  0.12878844    3.504512   80.816036      -3.679200  -1.046480  -1.838423
    14  0.14565344    3.963432   91.398989      -3.558086   0.974899  -2.418091
    15  0.07956496    2.165073   49.927809      -3.507670  -2.586882   2.628363
    16  0.17470342    4.753922  109.628141      -2.816991   3.148541   1.863805
    17  0.14727642    4.007595   92.417426      -2.743862   1.103386  -1.896186
    18  0.08961017    2.438417   56.231279      -2.486678  -2.480554  -0.591664
    19  0.03511837    0.955620   22.037131      -2.213422  -1.259048   1.784663
    20  0.10036507    2.731073   62.980087      -2.050926  -2.587454   0.777750
    21  0.16318235    4.440417  102.398553      -1.934815   2.286332   1.581609
    22  0.16117684    4.385845  101.140077      -1.688723   3.350972   2.074667
    23  0.16875165    4.591966  105.893349      -1.772654   4.535335  -0.266921
    24  0.17556421    4.777345  110.168295      -1.423853   5.588123   0.487249
    25  0.17191762    4.678116  107.880027      -1.179846   4.661245   2.433022
    26  0.00753930    0.205155    4.730986      -0.636431  -3.201010  -1.178388
*   27  0.00555991    0.151293    3.488901      -0.544704  -3.678338   0.139914
    28  0.03270890    0.890055   20.525164      -0.480537   0.484124  -1.991261
    29  0.16126252    4.388176  101.193845      -0.525963   4.799923  -0.234722
    30  0.01617662    0.440188   10.150992      -0.359859  -2.466955   2.869572
    31  0.15518689    4.222850   97.381325      -0.344812   3.609275   2.115658
    32  0.16670705    4.536329  104.610338       0.089364   4.202775  -0.585936
    33  0.15528373    4.225485   97.442094       0.476989   2.947803   1.718133
    34  0.04692740    1.276959   29.447411       0.667728  -1.061358   2.721422
    35  0.17010116    4.628688  106.740181       0.609744   5.120038   0.075536
    36  0.16463097    4.479837  103.307582       0.795182   3.993347   2.006819
    37  0.10120150    2.753833   63.504952       1.109034   1.526895   1.949339
    38  0.11698423    3.183303   73.408774       1.221900   1.492087  -1.635297
    39  0.04272721    1.162667   26.811754       1.358748  -0.879211  -1.629294
    40  0.11785725    3.207059   73.956601       1.324906   3.212392  -2.891462
    41  0.13681464    3.722916   85.852557       1.631282   1.369582   0.864914
    42  0.06537455    1.778932   41.023182       2.116310   0.692490   3.743522
    43  0.11516841    3.133892   72.269326       2.274044   1.949380  -2.907301
    44  0.10887676    2.962687   68.321254       2.529951  -1.154896   2.050906
    45  0.10663398    2.901658   66.913890       2.997364  -0.064047   1.195738
    46  0.11765564    3.201573   73.830089       2.992016   3.628759  -2.438056
    47  0.12759959    3.472161   80.070016       3.266691   4.138452   1.597361
    48  0.11668490    3.175158   73.220942       3.442438  -0.939778  -2.489102
    49  0.10431767    2.838628   65.460382       3.838058  -1.996100  -1.693304
    50  0.12451003    3.388090   78.131286       4.008829   2.957800   1.538304
    51  0.12135665    3.302282   76.152510       4.094391   3.987122   0.203787
    52  0.10536238    2.867056   66.115946       4.271419  -2.723282  -0.973824
    53  0.12227516    3.327276   76.728887       4.265258  -0.093880   0.076140
    54  0.11851144    3.224860   74.367112       4.624610  -0.822375   0.803364
    55  0.09675332    2.632792   60.713677       4.764933  -1.465647  -2.485794
    56  0.11280625    3.069614   70.787050       5.150136   0.425171  -0.642572
    57  0.09644154    2.624308   60.518033       5.479106  -3.091341  -0.838730
    58  0.09974969    2.714327   62.593930       5.691046  -1.730103  -2.353367
    59  0.10610421    2.887242   66.581453       5.866464  -1.111018   0.911604
    60  0.09746921    2.652272   61.162903       6.124118  -2.589282  -1.501965
    61  0.10985464    2.989297   68.934884       6.121068   0.184263  -0.578273
    62  0.10546864    2.869948   66.182626       6.611676  -0.684973   0.279294
    63  0.11600684    3.156707   72.795453       6.974459  -1.612383   0.939416
    64  0.11763436    3.200994   73.816735       7.192907  -1.903147  -2.129528
    65  0.12277197    3.340795   77.040637       7.497168  -0.295908  -0.654584
 
 Number of surface maxima:    80
   #       a.u.         eV      kcal/mol           X/Y/Z coordinate(Angstrom)
     1  0.16900919    4.598974  106.054955      -6.383504  -2.740852  -0.746491
     2  0.16497092    4.489087  103.520905      -6.278429  -1.645108   1.425418
     3  0.22096685    6.012814  138.658911      -6.217305  -1.556161  -1.792270
     4  0.23152431    6.300097  145.283820      -6.213448   1.486931  -2.855389
     5  0.18443693    5.018784  115.736018      -5.966938   0.024833  -2.064978
     6  0.10209286    2.778088   64.064289      -5.237142  -4.178989  -1.351109
     7  0.12323374    3.353361   77.330407      -5.134437  -3.137735   0.670804
     8  0.17722007    4.822403  111.207366      -5.162246  -1.569931  -0.325138
     9  0.10409436    2.832552   65.320251      -4.992942  -2.072843   2.842710
    10  0.19808255    5.390100  124.298783      -4.856659   2.428373  -2.036702
    11  0.16022583    4.359967  100.543313      -4.622593  -1.840133  -1.387308
    12  0.14520665    3.951274   91.118624      -4.330726  -4.967893   0.196244
    13  0.14559405    3.961815   91.361720      -4.369641  -3.931501   2.395733
    14  0.17882368    4.866040  112.213648      -4.222375  -0.382876   0.821762
    15  0.22547560    6.135503  141.488193      -4.298291   0.719923  -0.189053
*   16  0.25619855    6.971517  160.767154      -3.983427   3.861808   0.975461
    17  0.14796871    4.026433   92.851843      -3.932871  -3.264251  -2.444764
    18  0.25385450    6.907732  159.296237      -3.834893   3.570500  -1.789183
    19  0.11765729    3.201618   73.831124      -3.770526  -3.493650   0.777975
    20  0.15437363    4.200720   96.870998      -3.653016  -0.875726   2.745421
    21  0.21505872    5.852045  134.951499      -3.414611   0.281406  -1.431547
    22  0.23015065    6.262718  144.421833      -3.293801   2.832979  -0.194661
    23  0.09824326    2.673335   61.648628      -3.223465  -3.534618  -0.453641
    24  0.22422100    6.101364  140.700922      -2.831811   2.869132  -0.850524
    25  0.20570772    5.597592  129.083655      -2.617795   4.672829   1.270861
    26  0.15376770    4.184232   96.490771      -2.439988  -1.285614  -0.321347
    27  0.11348316    3.088034   71.211818      -2.228428  -3.126680   0.212341
    28  0.11634798    3.165990   73.009523      -2.020266  -2.140272   0.175511
    29  0.16378469    4.456808  102.776528      -1.562491  -0.125644  -0.645614
    30  0.24094702    6.556502  151.196662      -1.588574   5.953531   1.914583
    31  0.06017738    1.637510   37.761907      -1.522771  -2.308648  -2.817885
    32  0.12676419    3.449429   79.545796      -1.519875  -1.772176   0.228385
    33  0.14565497    3.963473   91.399951      -0.901019  -0.888732   1.727628
    34  0.19153334    5.211887  120.189088      -0.901019   1.045957   2.835849
    35  0.23822968    6.482559  149.491505      -0.901019   3.396126  -0.321347
    36  0.23384336    6.363201  146.739046      -0.778374   2.679202   1.118535
    37  0.18928250    5.150639  118.776661      -0.756438   0.845273   0.762812
    38  0.04534387    1.233869   28.453729      -0.239108  -4.070163   2.066092
    39  0.19831226    5.396351  124.442927      -0.124418   5.300225   1.392739
    40  0.19375197    5.272259  121.581298       0.278973   2.942475  -1.133053
    41  0.13839979    3.766050   86.847250       0.421924  -0.491849  -1.169061
    42  0.12016322    3.269808   75.403625       0.538586  -2.141683  -0.216593
    43  0.18031996    4.906756  113.152579       0.626906   1.360272   0.450737
    44  0.16809737    4.574162  105.482780       0.753534   1.956470  -2.834939
    45  0.16773348    4.564260  105.254438       1.091523  -1.381120   1.044252
    46  0.15771796    4.291724   98.969600       0.990270   0.341086   0.227797
    47  0.19947909    5.428102  125.175126       1.419079   3.981713   0.061185
    48  0.23941793    6.514893  150.237143       1.458451   5.268822   1.205906
    49  0.18647456    5.074231  117.014654       1.514358   3.510800   1.146602
    50  0.12778937    3.477326   80.189106       1.756224   0.314779  -0.045857
    51  0.18553812    5.048749  116.427023       1.724155   4.637514  -1.916392
    52  0.12835496    3.492716   80.544019       2.250555   3.069452  -3.003094
    53  0.17122770    4.659343  107.447095       2.398530  -2.609315  -0.588408
    54  0.14133558    3.845937   88.689492       2.411588   1.241812   1.803277
    55  0.18871260    5.135131  118.419041       2.530105  -2.850321   1.511597
    56  0.17881197    4.865721  112.206299       2.405583   0.686462   0.075350
    57  0.18296378    4.978698  114.811600       2.604161   2.921447   2.456833
    58  0.14792114    4.025139   92.821994       2.776747  -1.167811  -1.303417
    59  0.19235129    5.234145  120.702359       2.793584   5.050153   0.336275
    60  0.16391415    4.460331  102.857770       2.901383  -0.281271  -0.203079
    61  0.19663396    5.350682  123.389773       2.923750   0.578528  -2.183966
    62  0.14806738    4.029118   92.913759       2.935516   1.815971   0.795824
    63  0.15984231    4.349530  100.302648       3.125083   2.021743  -0.585936
    64  0.15374601    4.183642   96.477162       3.098777   3.362852  -0.841501
    65  0.17691117    4.813998  111.013526       3.471558  -2.335205   1.018919
    66  0.18467589    5.025287  115.885969       3.710478  -1.285614   3.591612
    67  0.18586429    5.057625  116.631703       3.800255   2.154037  -2.173467
    68  0.13382855    3.641660   83.978755       3.906404   3.760642   1.311013
    69  0.19769255    5.379488  124.054052       4.126164   1.492566   2.118042
    70  0.19713917    5.364430  123.706802       4.426593  -3.366484   1.663068
    71  0.15350644    4.177123   96.326824       4.498138   0.524881  -2.305762
    72  0.18522045    5.040105  116.227688       4.608552   2.418626   0.046278
    73  0.15225932    4.143187   95.544246       5.025577  -1.866030  -1.298645
    74  0.15961297    4.343290  100.158737       5.288210  -0.683797  -0.248707
    75  0.14668410    3.991477   92.045742       5.845990  -2.950622   1.001596
    76  0.19378664    5.273203  121.603057       5.845990   0.831094  -3.163356
    77  0.14654083    3.987579   91.955838       6.836340  -0.162971  -2.241472
    78  0.18578009    5.055333  116.578863       7.560096  -3.001301   0.734801
    79  0.14292313    3.889136   89.685691       7.587236  -1.929990  -0.572665
    80  0.18849027    5.129081  118.279531       8.270339  -0.857923  -1.746599
