 Number of surface minima:    62
   #       a.u.         eV      kcal/mol           X/Y/Z coordinate(Angstrom)
     1  0.14768139    4.018615   92.671551      -6.316551   2.114436  -0.100172
     2  0.14923962    4.061017   93.649357      -6.161678  -3.052032  -2.186182
     3  0.15250261    4.149807   95.696914      -5.805909  -0.663745  -2.689069
     4  0.13403405    3.647252   84.107709      -5.598091  -2.863960  -1.185044
     5  0.14517120    3.950309   91.096382      -5.673014  -1.722099  -1.763009
     6  0.14388332    3.915264   90.288220      -5.708127   4.368329  -0.564993
     7  0.14018586    3.814651   87.968032      -5.445850   2.925398  -0.675817
     8  0.14025728    3.816595   88.012849      -5.201208  -0.602237  -1.569207
     9  0.13629881    3.708879   85.528868      -5.226883   1.790814  -0.631394
    10  0.13822318    3.761244   86.736427      -5.086640   4.613971   1.533339
    11  0.12900566    3.510422   80.952340      -4.648217   3.987857  -1.067011
    12  0.14729768    4.008174   92.430770      -4.539737  -3.532405  -3.573315
    13  0.12967480    3.528631   81.372234      -4.568322   3.292365   1.757018
    14  0.12132142    3.301324   76.130404      -4.425981   2.106581   1.908924
    15  0.14920749    4.060142   93.629190      -4.110674  -1.176553  -4.012012
    16  0.16539303    4.500573  103.785781      -3.953423  -2.882088   0.750583
    17  0.11913976    3.241958   74.761393      -3.910475   4.218296   1.488568
    18  0.14057679    3.825289   88.213341      -3.692578  -2.330178  -3.350541
    19  0.13027258    3.544897   81.747347      -3.555384  -3.515927  -2.763072
    20  0.16733620    4.553450  105.005141      -3.468809  -3.833660   1.407135
    21  0.16037996    4.364161  100.640031      -3.206864  -2.906935   1.674133
    22  0.13325004    3.625918   83.615731      -3.215772  -1.327076  -3.218204
    23  0.14819041    4.032466   92.990967      -2.457940   2.629329   1.218865
    24  0.16337816    4.445746  102.521427      -2.241840  -2.202383  -1.581822
    25  0.16238642    4.418759  101.899101      -2.259727   3.335449  -1.623214
    26  0.14699784    4.000015   92.242616      -2.147456   1.458410   1.282023
    27  0.15662587    4.262007   98.284301      -1.893850  -3.375027  -0.770051
    28  0.16294982    4.434090  102.252643      -1.766041  -1.317738  -1.364589
    29  0.16527430    4.497342  103.711277      -1.259130   4.086119  -1.806585
    30  0.14972555    4.074239   93.954279      -1.214085  -3.303594  -0.045509
    31  0.16033959    4.363062  100.614693      -1.189937   3.036720  -1.893527
    32  0.01026483    0.279320    6.441286      -0.540874  -0.901423   3.040304
    33  0.12949971    3.523866   81.262363      -0.508113   3.202412   0.681082
    34  0.04920491    1.338934   30.876575      -0.283117  -2.501601   2.872430
    35  0.08122375    2.210211   50.968717       0.158179  -1.589805  -0.863884
    36  0.03744594    1.018956   23.497701       1.262305   0.650827  -1.341005
    37  0.05385452    1.465456   33.794251       1.658545  -3.738293  -1.771649
    38  0.05675597    1.544408   35.614937       1.663743  -0.951026  -2.033644
    39 -0.00671768   -0.182797   -4.215409       1.678096   1.125084   3.396469
    40  0.06199827    1.687059   38.904532       1.718109   2.401814  -0.267758
*   41 -0.01357142   -0.369297   -8.516202       2.099501  -0.085845   3.842074
    42  0.07122710    1.938188   44.695715       2.537815  -2.714500   0.022770
    43  0.02813494    0.765591   17.654956       2.695692   1.521803   0.472050
    44  0.11175661    3.041052   70.128393       3.397922  -1.165219   1.466134
    45  0.11550576    3.143072   72.481019       3.607865   1.428789  -0.440066
    46  0.11519932    3.134733   72.288727       4.070973   1.459570  -2.023282
    47  0.10733597    2.920760   67.354393       4.554136   0.233408  -1.911048
    48  0.10707566    2.913677   67.191046       4.726338   2.246816  -0.043149
    49  0.11064221    3.010728   69.429093       5.153811  -0.773498  -1.714633
    50  0.09586827    2.608708   60.158298       5.264521   1.061036  -2.555226
    51  0.09807700    2.668811   61.544297       5.435721   1.109466   0.407084
    52  0.10052447    2.735410   63.080112       5.923976   0.156280   0.626183
    53  0.08931272    2.430323   56.044623       6.148647   2.052514  -0.237399
    54  0.09925599    2.700893   62.284126       6.237396   0.852786  -2.821364
    55  0.09905083    2.695310   62.155386       6.363526  -1.005498  -2.104762
    56  0.09817090    2.671366   61.603219       6.806295  -0.272417  -2.569597
    57  0.09426083    2.564968   59.149616       7.075943   1.790258  -0.499655
    58  0.09248565    2.516663   58.035673       7.220736  -0.005600   0.217066
    59  0.11053560    3.007827   69.362195       7.469673  -1.252362  -2.219333
    60  0.11685512    3.179789   73.327756       7.651576   0.674500  -3.058658
    61  0.09318999    2.535829   58.477649       7.671855   0.683443  -0.253989
    62  0.11377083    3.095862   71.392336       8.399352   1.575051  -1.154335
 
 Number of surface maxima:    69
   #       a.u.         eV      kcal/mol           X/Y/Z coordinate(Angstrom)
     1  0.21367534    5.814402  134.083414      -6.923039   1.988008   1.287254
     2  0.16948138    4.611823  106.351262      -6.266723   3.452468   0.763131
     3  0.20924038    5.693720  131.300429      -6.259562   5.072754   0.640390
     4  0.21542420    5.861991  135.180838      -6.060913  -3.640159  -3.548775
     5  0.17616467    4.793684  110.545089      -5.538294  -2.088535  -3.555333
     6  0.22002037    5.987059  138.064984      -5.463972  -0.529271  -4.141111
     7  0.17990998    4.895599  112.895310      -5.539024   0.982854   0.882877
     8  0.17624127    4.795769  110.593161      -5.094527  -4.166788  -2.223283
     9  0.16947569    4.611668  106.347690      -4.630966   5.206613   0.121610
    10  0.23793569    6.474559  149.307025      -4.614605  -0.341730   0.882877
    11  0.22531480    6.131128  141.387292      -4.438374  -5.213484  -1.116266
    12  0.20699132    5.632520  129.889125      -4.484495  -1.823154  -1.101538
    13  0.20117265    5.474186  126.237849      -4.071401   2.643613  -0.500908
    14  0.19068933    5.188920  119.659458      -3.625827   2.903735   0.995955
    15  0.20905340    5.688632  131.183098      -3.467226  -4.232611  -0.304686
    16  0.20047192    5.455118  125.798131      -3.349088  -2.228768  -2.111697
    17  0.24214650    6.589141  151.949348      -3.370635   1.150193  -2.304330
    18  0.23375219    6.360721  146.681838      -3.312996   0.290443  -0.419828
    19  0.21954812    5.974208  137.768643      -3.216793   0.262315   0.668190
    20  0.21912708    5.962751  137.504436      -3.204446   5.962055  -0.304411
    21  0.24661090    6.710624  154.750804      -2.927249  -5.126644   0.773422
*   22  0.25057050    6.818370  157.235497      -2.908515  -1.701604   0.750583
    23  0.22292477    6.066092  139.887525      -2.423028   0.130021  -1.307940
    24  0.20228397    5.504427  126.935212      -2.261560   4.665218  -0.546111
    25  0.19854164    5.402593  124.586867      -2.143307  -3.942880   1.668946
    26  0.20559245    5.594455  129.011316      -2.063224  -1.995431   2.286330
    27  0.19854335    5.402639  124.587940      -1.921246  -4.023052   1.544348
    28  0.24032732    6.539639  150.807798      -1.761556  -2.063394  -0.252184
    29  0.24773135    6.741113  155.453898      -1.739999   2.003971  -1.068419
    30  0.19842659    5.399462  124.514671      -1.629262  -4.043813   1.279760
    31  0.22803134    6.205048  143.091947      -1.390272   2.238306   0.445676
    32  0.24106216    6.559635  151.268914      -0.849437   5.286483  -0.944818
    33  0.08430164    2.293964   52.900119      -0.569163  -3.834495   3.005184
    34  0.19822869    5.394077  124.390483      -0.399522  -2.354813   1.172375
    35  0.16816413    4.575979  105.524672      -0.328873  -1.066558   0.191573
    36  0.16206371    4.409978  101.696602      -0.279891   0.702182   0.925860
    37  0.21100114    5.741633  132.405326      -0.054251   1.827576  -1.682067
    38  0.19625576    5.340391  123.152455      -0.114801   3.761191  -1.366126
    39  0.18363204    4.996882  115.230940       0.439203  -2.396567  -3.638388
    40  0.12201175    3.320109   76.563593       0.410613  -2.222636  -1.972138
    41  0.11765061    3.201436   73.826936       0.487447  -0.204719   2.532552
    42  0.17621779    4.795130  110.578424       0.575719   1.837394   0.067017
    43  0.16883088    4.594122  105.943065       0.854142  -3.642610   1.147465
    44  0.05880109    1.600059   36.898274       0.873186   3.024017   2.460784
    45  0.12972181    3.529910   81.401734       1.413848   1.056349   0.353864
    46  0.16755586    4.559427  105.142978       1.547742  -0.529046  -0.435177
    47  0.09886237    2.690182   62.037124       1.875202   3.105308  -1.498421
    48  0.11178275    3.041763   70.144794       2.438826   0.256329   1.787131
    49  0.15546128    4.230317   97.553509       2.605359  -1.195964   0.885066
    50  0.12307376    3.349007   77.230015       2.847282  -2.256714  -1.246359
    51  0.03523194    0.958710   22.108394       2.951077  -1.986688   3.875684
    52  0.17766592    4.834536  111.487141       3.502962  -1.069439  -0.884603
    53  0.17935054    4.880376  112.544260       3.632357  -2.523764  -2.841887
    54  0.18029196    4.905994  113.135007       3.598504   2.511319  -1.001384
    55  0.18806298    5.117454  118.011401       4.059393  -2.184795   0.750583
    56  0.13926171    3.789504   87.388117       4.058381   1.055680   0.087088
    57  0.16270873    4.427530  102.101357       4.299541  -0.139289   1.270544
    58  0.17289512    4.704715  108.493415       4.720865  -1.514333  -0.199880
    59  0.13850039    3.768787   86.910383       5.063001   2.643613  -1.685461
    60  0.19348981    5.265125  121.416791       5.920410  -2.497715   0.230203
    61  0.15111272    4.111986   94.824742       5.888911   0.211527  -1.813798
    62  0.18344565    4.991810  115.113979       6.328201   3.478156  -2.424481
    63  0.14669931    3.991891   92.055283       6.373381   0.724183  -0.375082
    64  0.14243596    3.875880   89.379989       7.234223  -1.708096  -0.572584
    65  0.11890283    3.235511   74.612718       7.266872   0.685060  -3.041323
    66  0.13926683    3.789643   87.391331       7.420123   2.167808  -2.424481
    67  0.13857156    3.770724   86.955041       8.480028   0.029137  -1.895304
    68  0.18192944    4.950552  114.162545       8.812479  -1.448930  -1.224116
    69  0.18382908    5.002244  115.354585       8.924241   1.437806  -2.566287
