 Number of surface minima:    58
   #       a.u.         eV      kcal/mol           X/Y/Z coordinate(Angstrom)
     1  0.13930047    3.790558   87.412435      -6.557521   0.124957   0.789680
     2  0.14574345    3.965881   91.455470      -6.349700  -1.433330   1.946515
     3  0.13388225    3.643121   84.012449      -6.016634  -0.154822   3.689447
     4  0.13034289    3.546810   81.791465      -5.684683  -0.738033   1.024000
     5  0.15370544    4.182538   96.451702      -5.474087  -1.216455  -0.817351
     6  0.11344436    3.086978   71.187469      -5.321801   0.837568   3.128778
     7  0.13085816    3.560832   82.114803      -5.284437   0.059096   0.365892
     8  0.14677281    3.993891   92.101405      -5.094183  -2.259767  -2.746284
     9  0.11289750    3.072097   70.844312      -4.967655   1.573807   2.540804
    10  0.13537702    3.683796   84.950434      -4.911919  -1.555589   1.512508
    11  0.11585275    3.152514   72.698757      -4.521146  -0.075004   3.671443
    12  0.15024879    4.088477   94.282618      -4.412239  -2.378968   2.293351
    13  0.13896278    3.781370   87.200535      -4.399930  -1.436503  -0.217480
    14  0.14679832    3.994585   92.117411      -4.297052  -0.421051  -0.814147
    15  0.15773904    4.292298   98.982827      -4.283438   0.736337  -1.735048
    16  0.14179160    3.858346   88.975648      -4.130095   0.046619   0.221121
    17  0.13199780    3.591843   82.829937      -4.018849  -2.714418  -2.539917
    18  0.13726652    3.735212   86.136113      -3.858949  -1.666333  -3.079363
    19  0.13653567    3.715325   85.677499      -3.913297  -1.510551   1.309836
    20  0.14436551    3.928385   90.590802      -3.828531  -0.337118  -3.602269
    21  0.12091072    3.290148   75.872687      -3.644947   1.674140   2.245525
    22  0.14544650    3.957801   91.269135      -3.512931  -0.666870   0.664002
    23  0.11303981    3.075970   70.933610      -3.502267  -0.006228   3.474196
    24  0.14487272    3.942187   90.909081      -3.343879   0.305285  -0.997011
    25  0.11985450    3.261407   75.209899      -2.974095   0.926221   2.687001
    26  0.12647757    3.441630   79.365939      -2.841213  -0.948861  -3.321319
    27  0.17216983    4.684979  108.038291      -2.444200  -1.211688  -0.011834
    28  0.15280840    4.158128   95.888798      -2.406982   1.091304  -1.660092
    29  0.13330816    3.627500   83.652204      -2.100716  -0.064540   3.020436
    30  0.13656279    3.716062   85.694516      -1.902141  -0.162393  -3.331600
    31  0.18239827    4.963309  114.456738      -1.793230  -4.640250  -0.768363
    32  0.08659241    2.356299   54.337601      -1.795911   2.642086  -1.959813
    33  0.14417513    3.923205   90.471336      -1.549773  -0.139887   1.732569
    34  0.03510128    0.955154   22.026401      -1.402287   4.632041  -2.530663
    35  0.16784213    4.567217  105.322616      -1.085499  -2.743874   1.148949
    36  0.16512923    4.493395  103.620246      -0.697862  -4.061042  -1.128886
    37  0.02113665    0.575157   13.263459      -0.560777   4.378212   0.050286
    38  0.17358677    4.723536  108.927433      -0.292625  -2.205798   1.011473
    39  0.05082233    1.382946   31.891522      -0.297706   0.415796   1.670372
    40  0.01961982    0.533882   12.311631       0.635577   3.721731  -1.660590
    41  0.02009106    0.546706   12.607343       0.993362   2.236311   2.521128
    42  0.03241563    0.882074   20.341135       1.173509  -0.113568  -2.479721
    43  0.02685351    0.730721   16.850843       1.536163   0.794484   1.895226
    44 -0.00252961   -0.068834   -1.587356       1.917932   3.923682   0.308536
*   45 -0.00266170   -0.072429   -1.670243       2.751117   3.208480  -1.260508
    46  0.15493801    4.216078   97.225153       3.257096  -3.432930   0.699586
    47  0.13907066    3.784305   87.268231       3.527831  -2.233965  -1.659867
    48  0.10251288    2.789517   64.327857       3.522504   0.927716   2.560721
    49  0.07757562    2.110940   48.679475       3.665654   1.742448   0.566882
    50  0.09599591    2.612181   60.238392       4.444538   0.288084   2.682383
    51  0.16795219    4.570212  105.391680       4.554698  -3.834794   0.383997
    52  0.07717698    2.100092   48.429325       4.701985   1.433439   0.328928
    53  0.16025780    4.360836  100.563370       4.783437  -2.837872  -1.543584
    54  0.10923727    2.972497   68.547482       5.742773  -0.324946   2.557540
    55  0.09853511    2.681277   61.831766       5.918596   0.811091   0.207154
    56  0.10609314    2.886941   66.574508       6.054233  -1.453497   2.064799
    57  0.09680892    2.634305   60.748566       6.300106  -0.209479  -0.299566
    58  0.11985086    3.261308   75.207615       7.021327  -0.659731   2.352701
 
 Number of surface maxima:    68
   #       a.u.         eV      kcal/mol           X/Y/Z coordinate(Angstrom)
     1  0.20323901    5.530415  127.534513      -7.361521   1.181169   1.478570
     2  0.20592298    5.603449  129.218731      -6.868871  -1.393043   3.351305
     3  0.16169873    4.400046  101.467569      -6.764577  -0.106134   2.314032
     4  0.21975695    5.979891  137.899682      -6.310227  -1.728397  -1.965712
     5  0.16620047    4.522545  104.292454      -5.805874   1.721567   0.811365
     6  0.16612032    4.520364  104.242163      -5.274209  -1.782796   3.286595
     7  0.17759937    4.832725  111.445379      -5.217273  -0.506820  -2.342822
     8  0.18259822    4.968750  114.582208      -5.177660  -2.754894  -1.126570
     9  0.21729588    5.912922  136.355337      -4.810374   0.798980  -3.131053
    10  0.21799003    5.931810  136.790923      -4.665292   2.637716  -0.057426
    11  0.23619906    6.427303  148.217274      -4.590705  -4.114609  -0.358128
    12  0.18199217    4.952259  114.201909      -4.411342  -0.393504   1.235881
    13  0.16962481    4.615726  106.441266      -4.184292   0.511283   2.533686
    14  0.21310545    5.798894  133.725801      -3.884239  -2.622779   3.763161
    15  0.19639329    5.344133  123.238751      -3.465921   1.738815   0.077849
    16  0.20458901    5.567150  128.381651      -3.203551  -1.041434  -0.853921
    17  0.17631877    4.797878  110.641793      -3.269571   4.755074  -0.516604
    18  0.17237878    4.690665  108.169410      -3.124462   0.735247  -2.734233
    19  0.21669622    5.896604  135.979047      -3.087930  -3.700933  -0.215521
    20  0.19985555    5.438346  125.411357      -2.935232  -1.824013  -2.197824
    21  0.17312795    4.711051  108.639520      -2.828201  -1.782637   2.689834
    22  0.20881962    5.682271  131.036400      -2.820086   2.653190  -0.477650
    23  0.25435262    6.921287  159.608812      -2.458304  -4.932325   0.561962
    24  0.19939878    5.425917  125.124729      -2.339641   0.650173  -0.553468
    25  0.18648377    5.074481  117.020431      -2.065836   2.185695   1.434136
    26  0.16147007    4.393824  101.324085      -1.895154   0.535472   1.899843
    27  0.20384022    5.546774  127.911775      -1.654397   1.160347  -2.878049
    28  0.21807027    5.933994  136.841272      -1.372377  -1.320762   2.293180
    29  0.19574946    5.326614  122.834743      -1.235317   0.006178  -0.876921
    30  0.15063305    4.098934   94.523747      -1.219225   2.258745   0.190845
    31  0.24465837    6.657493  153.525571      -1.055463  -1.850380   0.043948
    32  0.21307227    5.797991  133.704977      -0.815076  -4.437224   0.573125
    33  0.18417564    5.011674  115.572055      -0.843786  -0.956180  -2.395533
    34  0.24503257    6.667675  153.760388      -0.733337  -2.559091  -1.326235
    35  0.16771479    4.563752  105.242709      -0.823371   0.951658  -0.862792
    36  0.14816094    4.031664   92.972474      -0.579198   2.302319   0.095523
    37  0.16757742    4.560014  105.156508      -0.488137   1.840999  -3.331693
    38  0.14587109    3.969354   91.535566      -0.569582   6.486533  -1.139588
    39  0.07673857    2.088163   48.154221      -0.115000   4.869656  -1.543584
    40  0.17586642    4.785569  110.357935       0.046970  -0.273839  -0.008945
    41  0.13737275    3.738103   86.202774       0.441301   1.178000   1.177158
    42  0.14256447    3.879376   89.460629       0.705266   1.311950  -1.997616
*   43  0.26033230    7.084002  163.361119       0.810348  -4.496266   0.904316
    44  0.23513128    6.398247  147.547228       1.196294  -3.382246  -0.429564
    45  0.23522006    6.400663  147.602938       1.272923  -3.366370  -0.120886
    46  0.09579340    2.606671   60.111316       1.229670   2.898907  -0.753857
    47  0.04520037    1.229965   28.363683       1.378536   3.913350   2.235731
    48  0.16145255    4.393347  101.313089       1.742875   0.074810  -0.749818
    49  0.25369049    6.903269  159.193318       1.987070  -4.443590  -1.358614
    50  0.12046358    3.277981   75.592099       2.146744   1.576630   0.280983
    51  0.16412028    4.465940  102.987119       2.619230  -0.509725   1.661015
    52  0.14821994    4.033270   93.009492       2.776176   0.578934   0.176242
    53  0.23097851    6.285245  144.941325       3.009526  -1.982674   0.741382
    54  0.14456006    3.933679   90.712886       2.992749   1.917783   2.003565
    55  0.21876208    5.952819  137.275393       3.241354  -1.329821  -0.648935
    56  0.19866999    5.406085  124.667407       3.521926  -4.024655  -0.906870
    57  0.04821888    1.312102   30.257830       3.887300   1.581114  -2.229584
    58  0.17143463    4.664973  107.576943       4.286742  -3.570206   0.642607
    59  0.12710411    3.458679   79.759102       4.580280   1.771608   2.078404
    60  0.17351221    4.721507  108.880645       4.819348  -0.805569   1.589132
    61  0.16446968    4.475448  103.206370       5.000511  -0.115509   0.172269
    62  0.23498799    6.394348  147.457315       5.237187  -4.111847  -0.879836
    63  0.19163649    5.214694  120.253816       5.517757  -2.783293  -0.084257
    64  0.17874065    4.863780  112.161543       6.045297   2.264396   2.434449
    65  0.14162311    3.853761   88.869916       6.816148   0.924383   1.888000
    66  0.20959079    5.703255  131.520316       7.096578  -2.772381   0.047914
    67  0.15210329    4.138941   95.446337       7.312933  -1.334148   0.810306
    68  0.18873766    5.135813  118.434768       8.145820   0.000004   1.625228
