 Number of surface minima:    50
   #       a.u.         eV      kcal/mol           X/Y/Z coordinate(Angstrom)
     1  0.17757680    4.832110  111.431215      -6.277457  -1.828057  -1.131384
     2  0.17285402    4.703597  108.467626      -5.572667  -0.830948  -0.371936
     3  0.16461693    4.479454  103.298768      -5.440373  -2.114448  -0.100433
     4  0.16837545    4.581729  105.657280      -5.175784  -3.360839   0.008647
     5  0.17135345    4.662765  107.526004      -4.884560  -2.038661  -2.770298
     6  0.16328141    4.443113  102.460717      -4.619177  -2.600168   0.615924
     7  0.17546889    4.774751  110.108481      -3.829162   3.229178  -1.063497
     8  0.18049155    4.911425  113.260250      -3.929486   4.662441  -0.511554
     9  0.15176241    4.129665   95.232433      -3.720547  -2.370680  -2.067836
    10  0.15846974    4.312181   99.441345      -3.796714  -1.127080  -2.287029
    11  0.17393653    4.733054  109.146914      -3.712634   4.139517   1.560035
    12  0.17079094    4.647458  107.173022      -3.393254  -2.878335   1.347621
    13  0.16075335    4.374321  100.874334      -3.390820   2.743164   1.482350
    14  0.16320855    4.441130  102.414996      -3.207412   1.611756   1.257569
    15  0.16131696    4.389658  101.228005      -3.173055  -0.353690  -1.894278
    16  0.14003636    3.810583   87.874214      -2.772158  -2.752827  -1.244368
    17  0.16793080    4.569629  105.378254      -2.826933   4.133263  -1.035211
    18  0.15514410    4.221686   97.354473      -2.427007   3.589782   1.499955
    19  0.13753856    3.742615   86.306821      -2.000721  -2.841437  -0.398012
    20  0.04076439    1.109255   25.580060      -2.042776  -0.376592   2.280122
    21  0.17270192    4.699458  108.372179      -1.860118   4.914325  -0.809829
    22  0.16797370    4.570797  105.405175      -1.758843   3.725061  -1.266652
    23  0.16330390    4.443725  102.474829      -1.434519   4.433780   1.296578
    24  0.14477845    3.939622   90.849925      -1.225346   3.198568   1.252690
    25  0.03717616    1.011615   23.328411      -0.573040   0.289227  -1.930433
    26  0.17721688    4.822316  111.205363      -0.413189   3.207203  -1.299888
    27  0.02610400    0.710326   16.380524       0.143635   0.296729   3.457461
    28  0.03681015    1.001655   23.098738       0.569394  -3.086401   0.812262
*   29  0.01921146    0.522770   12.055383       0.927319  -3.005016  -0.953146
    30  0.05191488    1.412676   32.577106       1.585433  -1.396509   2.749893
    31  0.03439056    0.935815   21.580421       1.444167  -0.363520  -1.492991
    32  0.03630439    0.987893   22.781370       2.257593  -3.539806   2.653813
    33  0.04847878    1.319175   30.420919       2.389009  -2.459346   0.126911
    34  0.12061538    3.282111   75.687359       2.527553   0.052504  -1.604325
    35  0.11010307    2.996057   69.090774       3.563799  -0.753930  -2.145045
    36  0.11302018    3.075436   70.921295       3.924446   1.707680  -0.842489
    37  0.10311532    2.805910   64.705893       4.228427  -0.895568  -0.958913
    38  0.11389681    3.099290   71.471389       4.340223   1.737623   0.090571
    39  0.10007021    2.723049   62.795055       4.482393   1.886828  -1.886396
    40  0.10811961    2.942084   67.846134       4.746289  -0.848246  -0.016430
    41  0.09340799    2.541761   58.614450       4.888791  -0.748494  -2.014420
    42  0.11371809    3.094427   71.359241       5.121461   1.840510  -2.961790
    43  0.10166660    2.766489   63.796807       5.540055   1.963298   0.333152
    44  0.10225512    2.782503   64.166111       5.571315   2.056736  -1.733360
    45  0.09828201    2.674389   61.672941       5.936937  -0.560988  -1.922128
    46  0.09939378    2.704642   62.370588       6.058051  -0.646415   0.090304
    47  0.10112729    2.751813   63.458386       6.069232   2.092176  -0.595282
    48  0.09824626    2.673417   61.650512       6.615575  -0.500665  -0.688590
    49  0.11906129    3.239823   74.712153       7.059340   2.080603  -1.593247
    50  0.11700218    3.183791   73.420036       7.398797  -0.087498  -1.753709
 
 Number of surface maxima:    56
   #       a.u.         eV      kcal/mol           X/Y/Z coordinate(Angstrom)
     1  0.24311333    6.615450  152.556048      -6.382194  -1.955886  -2.561664
     2  0.21093287    5.739775  132.362488      -5.633322  -0.497037  -2.083096
*    3  0.26540284    7.221979  166.542938      -5.631264   1.872649   0.320199
     4  0.19819332    5.393114  124.368290      -5.407167  -2.982665  -1.605078
     5  0.26487767    7.207688  166.213385      -5.308078   1.163068  -2.022440
     6  0.23697915    6.448531  148.706785      -4.860185  -4.414856  -0.939160
     7  0.21252194    5.783016  133.359639      -4.837433   3.339497   0.327795
     8  0.24502892    6.667576  153.758100      -4.646607   4.978304   0.646685
     9  0.24539784    6.677615  153.989600      -4.455078   1.090494  -0.670884
    10  0.24368207    6.630926  152.912937      -4.255429  -1.281430   0.116406
    11  0.20143567    5.481343  126.402900      -3.596884  -3.686754   0.090047
    12  0.20841852    5.671356  130.784706      -3.434804   0.180724   0.915539
    13  0.23297590    6.339597  146.194709      -3.323664  -1.403503  -1.184859
    14  0.18914847    5.146992  118.692557      -3.162030  -2.027263   1.342223
    15  0.20141007    5.480647  126.386836      -2.952308   5.020990   0.350017
    16  0.23527380    6.402126  147.636664      -2.379688  -3.676021   1.033453
    17  0.23527123    6.402056  147.635049      -2.413794   2.409495   0.749801
    18  0.24747957    6.734261  155.295903      -2.509805   2.698211  -0.828940
    19  0.17358215    4.723411  108.924535      -1.818745  -2.177546   0.257789
    20  0.17664054    4.806633  110.843703      -1.603838  -0.780875  -0.471254
    21  0.24187327    6.581706  151.777898      -1.400301   5.659743   0.329143
    22  0.17946359    4.883453  112.615200      -1.285878   0.721313   0.755740
    23  0.14030471    3.817885   88.042609      -0.821895  -1.973786   0.617562
    24  0.19341859    5.263187  121.372098      -0.804574   2.421734  -1.344052
    25  0.06017008    1.637311   37.757326      -0.646725  -2.992577  -2.258092
    26  0.15577204    4.238773   97.748513      -0.669048  -0.757208   1.944106
    27  0.20810944    5.662946  130.590755      -0.566091   4.129525  -0.051469
    28  0.16132161    4.389784  101.230922      -0.387841  -2.206397   3.261453
    29  0.17736562    4.826364  111.298698      -0.280895   1.821813   0.226563
    30  0.06418145    1.746466   40.274504       0.216634   2.362369   2.863449
    31  0.14726051    4.007162   92.407440       0.308859  -0.232449  -1.035804
    32  0.15147366    4.121808   95.051238       0.512871   0.958200   0.279216
    33  0.24589092    6.691032  154.299011       0.620539   3.202267  -0.451707
    34  0.14480390    3.940314   90.865894       1.196854  -1.440571   0.086921
    35  0.16470026    4.481722  103.351058       1.413990  -0.238512   1.276830
    36  0.14553207    3.960129   91.322829       1.996700  -1.118525   0.781299
    37  0.18545701    5.046542  116.376131       2.467041   1.310409   0.614050
    38  0.18159783    4.941528  113.954456       2.622001   0.294807  -2.820641
    39  0.11661509    3.173258   73.177132       2.823721  -1.625839   1.841671
    40  0.14515662    3.949912   91.087229       2.865727  -0.383157  -0.987059
    41  0.19405251    5.280437  121.769889       2.910271   0.046246   2.233915
    42  0.15624798    4.251724   98.047168       3.052731  -4.679234   0.410078
    43  0.17889024    4.867851  112.255413       3.732647   0.186743   1.461924
    44  0.14062241    3.826530   88.241970       4.117937   0.580426  -3.073570
    45  0.17446347    4.747392  109.477571       4.535867  -2.310237   1.972983
    46  0.19969309    5.433925  125.309414       4.854577   0.419667   2.438833
    47  0.15437702    4.200812   96.873123       5.034625   1.386147  -0.814358
    48  0.15206924    4.138014   95.424970       5.310283  -0.188196  -0.806267
    49  0.18482673    5.029391  115.980619       5.473857   0.825906  -4.073052
    50  0.14761145    4.016712   92.627663       6.146719   0.666879   1.494698
    51  0.12120489    3.298153   76.057282       6.592164   2.138490  -1.628509
    52  0.14172512    3.856537   88.933931       6.607717   0.962413  -2.818915
    53  0.11868106    3.229476   74.473549       7.099398  -0.269252  -1.632479
    54  0.14175425    3.857329   88.952210       7.616189   1.081470  -0.591324
    55  0.18593708    5.059605  116.677376       7.842220   0.983592   1.073490
    56  0.18607757    5.063428  116.765538       8.113639   1.150487  -2.154735
