 Number of surface minima:    50
   #       a.u.         eV      kcal/mol           X/Y/Z coordinate(Angstrom)
     1  0.17516834    4.766573  109.919888      -6.287337  -1.171971  -1.424052
     2  0.16027390    4.361275  100.573473      -5.585765  -1.484628  -0.432294
     3  0.17062002    4.642807  107.065766      -5.518408  -0.292320  -0.562929
     4  0.16395596    4.461468  102.884001      -5.412275  -2.832074  -0.365697
     5  0.16133163    4.390057  101.237209      -4.799794  -2.069909   0.315854
     6  0.16910955    4.601705  106.117934      -4.868994  -1.418032  -3.011583
     7  0.15591809    4.242747   97.840159      -3.998233  -3.067296  -2.014961
     8  0.14806208    4.028974   92.910433      -3.806259  -1.782481  -2.350112
     9  0.15636575    4.254929   98.121075      -3.733177  -0.490731  -2.481308
    10  0.17677302    4.810239  110.926838      -3.558582   4.974863  -0.190634
    11  0.17263177    4.697549  108.328161      -3.410942   3.667265  -0.836761
    12  0.16867410    4.589856  105.844686      -3.226464   4.394577   1.847662
    13  0.15465642    4.208415   97.048450      -3.062029   2.818905   1.627389
    14  0.14093077    3.834921   88.435470      -3.004723  -2.344092  -1.556346
    15  0.15731916    4.280872   98.719347      -3.015292   0.037205  -1.953229
    16  0.15461406    4.207262   97.021867      -2.937937   1.889605   1.356482
    17  0.16285682    4.431559  102.194284      -2.408482   4.536541  -0.760026
    18  0.03019509    0.821650   18.947722      -2.013819  -0.427813   2.212053
    19  0.14682027    3.995183   92.131185      -1.945946   3.677025   1.686590
    20  0.16684804    4.540166  104.698813      -1.471921   5.219190  -0.503035
    21  0.06497701    1.768114   40.773724      -1.448946  -3.508384   0.189799
    22  0.16473530    4.482675  103.373047      -1.351901   4.138759  -1.026086
    23  0.13962790    3.799468   87.617901      -0.933626   3.232476   1.384527
    24  0.15635684    4.254686   98.115481      -1.037490   4.559762   1.536692
    25  0.03548060    0.965476   22.264433      -0.540877   0.446995  -1.929842
    26  0.03184483    0.866542   19.982950      -0.267582  -0.756560  -2.562530
    27  0.02670362    0.726642   16.756788      -0.029404  -3.205263  -0.829986
    28  0.03922041    1.067242   24.611199       0.682360  -3.087565   0.478361
*   29  0.00923756    0.251367    5.796661       0.684526  -0.095089   3.258707
    30  0.02845367    0.774264   17.854962       1.272782  -1.424263   2.641584
    31  0.06983868    1.900407   43.824471       1.429104   2.031023  -0.228299
    32  0.03422164    0.931218   21.474423       1.845149   0.965160   0.826037
    33  0.04132763    1.124582   25.933499       2.162378  -3.724256   2.487557
    34  0.09656345    2.627625   60.594532       2.516470  -2.606708   0.166642
    35  0.07841402    2.133754   49.205579       2.860886  -1.453551   1.344955
    36  0.11110555    3.023336   69.719846       4.050694   0.698677   1.445726
    37  0.11244907    3.059895   70.562913       3.993603   0.963265  -1.369873
    38  0.10391885    2.827776   65.210120       4.364646  -0.443729   0.824951
    39  0.11071534    3.012718   69.474985       4.261724   0.094916  -2.027813
    40  0.10626514    2.891622   66.682440       4.616548  -1.285738   0.200035
    41  0.10575242    2.877670   66.360702       4.975549   1.757031  -1.077012
    42  0.09928935    2.701801   62.305062       5.407834  -0.108864  -2.460902
    43  0.09474353    2.578103   59.452513       5.407969   0.301794   1.119057
    44  0.09767447    2.657857   61.291705       5.906567  -1.550326  -0.271462
    45  0.10381281    2.824890   65.143577       5.851596   1.624737  -1.364001
    46  0.09978740    2.715353   62.617590       6.113246   0.566383  -2.160705
    47  0.09804190    2.667856   61.522274       6.315685   0.185990   0.813623
    48  0.09691846    2.637286   60.817305       6.590403  -0.874630   0.019317
    49  0.11840315    3.221914   74.299162       7.265245   1.230496  -1.697500
    50  0.11589077    3.153548   72.722619       7.637024   0.050012   0.158785
 
 Number of surface maxima:    56
   #       a.u.         eV      kcal/mol           X/Y/Z coordinate(Angstrom)
     1  0.24193350    6.583345  151.815691      -6.383029  -1.022090  -2.881477
     2  0.19668226    5.351996  123.420085      -5.599910  -2.242554  -1.963223
     3  0.20909190    5.689680  131.207256      -5.474946   0.296187  -2.269492
     4  0.26164878    7.119825  164.187227      -5.384291   2.404063   0.388117
     5  0.23343612    6.352120  146.483500      -5.260433  -3.738586  -1.528940
     6  0.16837945    4.581838  105.659790      -5.297382  -2.334472  -0.110280
*    7  0.26218540    7.134428  164.523960      -4.909723   1.885909  -2.082017
     8  0.20885849    5.683329  131.060792      -4.460005   3.676557   0.692657
     9  0.24067329    6.549053  151.024897      -4.273381  -0.761694  -0.073648
    10  0.23797576    6.475650  149.332170      -4.312800   1.492443  -0.389602
    11  0.18643476    5.073148  116.989678      -4.205197  -3.344821  -0.308072
    12  0.23875404    6.496828  149.820546      -4.198403   1.624737  -0.732995
    13  0.24261909    6.602001  152.245906      -4.116682   5.321321   1.078457
    14  0.18629186    5.069259  116.900002      -4.010672  -3.423520  -0.503459
    15  0.18245208    4.964774  114.490505      -3.451093  -1.668568   1.112450
    16  0.23163613    6.303140  145.353991      -3.336762  -0.989874  -1.355873
    17  0.19800741    5.388056  124.251631      -2.492112   5.247567   0.743541
    18  0.24304125    6.613489  152.510812      -2.220691   2.947680  -0.704863
    19  0.23008604    6.260960  144.381292      -1.997507   2.563807   0.846597
    20  0.16695005    4.542942  104.762826      -1.931612  -1.962302   0.006544
    21  0.24623236    6.700323  154.513266      -1.873200  -5.645324   1.891696
    22  0.17029167    4.633872  106.859724      -1.517050  -0.506387  -0.552528
    23  0.17081004    4.647978  107.185009      -1.220053   0.754285   0.748265
    24  0.16276125    4.428959  102.134315      -0.826794  -2.866520   2.549801
    25  0.13483202    3.668966   84.608441      -0.903258  -1.895003   0.322995
    26  0.23586069    6.418096  148.004940      -0.887258   5.794067   0.662456
    27  0.14011031    3.812595   87.920618      -0.715282  -0.897927   1.848722
    28  0.06189034    1.684122   38.836809      -0.585402  -2.627372  -2.634183
    29  0.18599231    5.061108  116.712036      -0.618452   2.490927  -1.291757
    30  0.18929674    5.151026  118.785599      -0.217395   4.479515   0.135664
    31  0.16619789    4.522474  104.290835      -0.029984   1.894231   0.300293
    32  0.05281900    1.437278   33.144449       0.213751   2.010481   3.188974
    33  0.14767397    4.018413   92.666893       0.515057  -0.084899  -0.999261
    34  0.13857323    3.770769   86.956085       0.595115   0.952269   0.424949
    35  0.08656188    2.355469   54.318444       0.896656  -3.270152   2.351935
    36  0.16747542    4.557238  105.092502       1.147890  -1.454807  -0.121004
    37  0.11941526    3.249455   74.934273       1.294513  -0.490237   1.354340
    38  0.19011228    5.173218  119.297354       2.376615  -2.295001  -1.507254
    39  0.17891207    4.868445  112.269111       2.354670  -0.216563  -1.691039
    40  0.14271101    3.883364   89.552588       2.890960  -0.879881   0.706486
    41  0.14483054    3.941039   90.882612       3.145659  -0.069530   0.617081
    42  0.17500882    4.762232  109.819787       3.441331  -1.640933  -1.403007
    43  0.18288166    4.976463  114.760068       3.291367   2.013807   1.083546
    44  0.17296213    4.706539  108.535468       3.503561  -4.213662   0.267159
    45  0.26047821    7.087972  163.452680       3.464035   3.780595  -0.859716
    46  0.19711276    5.363711  123.690229       4.239264  -2.561031  -2.196091
    47  0.16485159    4.485840  103.446019       4.229684  -2.191852   2.691804
    48  0.14645412    3.985219   91.901422       4.790734   2.153914   0.692657
    49  0.15368705    4.182037   96.440159       5.141207   0.580656  -1.264636
    50  0.15067520    4.100081   94.550193       5.456645  -0.297694   0.031186
    51  0.14519987    3.951089   91.114372       5.787461  -1.844627  -2.106896
    52  0.18870908    5.135035  118.416833       6.290468   2.811654   0.943699
    53  0.14243695    3.875907   89.380613       7.161062   1.671311  -0.054535
    54  0.18436484    5.016822  115.690779       7.455894  -1.682621  -2.350112
    55  0.14052651    3.823921   88.181788       7.647070  -0.226201  -1.423201
    56  0.18554235    5.048864  116.429681       8.457146   0.977231  -0.750273
