 Number of surface minima:    68
   #       a.u.         eV      kcal/mol           X/Y/Z coordinate(Angstrom)
     1  0.07667445    2.086418   48.113982      -6.815217  -2.369927   0.407731
     2  0.07610394    2.070894   47.755983      -6.550393  -3.200696   1.169004
     3  0.08033865    2.186126   50.413309      -6.394794  -4.105745  -1.574546
     4  0.07926886    2.157015   49.742001      -6.270958  -5.007560  -0.772483
     5  0.08211911    2.234575   51.530560      -5.974001  -1.786497   0.069611
     6  0.08546959    2.325746   53.633026      -5.575418  -3.508930  -1.939478
     7  0.07848655    2.135728   49.251095      -5.608552  -3.434292   1.557438
     8  0.08541988    2.324393   53.601832      -5.230646  -5.189668  -0.423085
     9  0.11373473    3.094880   71.369683      -5.068650   6.961401  -0.443091
    10  0.09154374    2.491032   57.444610      -5.063452  -2.083684   0.436497
    11  0.08862279    2.411549   55.611689      -4.760332  -2.884614   1.220497
    12  0.09462807    2.574961   59.380063      -4.656534   5.576214   0.158268
    13  0.09039922    2.459888   56.726413      -4.421473   4.652023   0.406423
    14  0.11685888    3.179892   73.330118      -4.270847   6.641671  -2.484068
    15  0.10993110    2.991377   68.982863      -4.003101   3.335583   0.550543
    16  0.09297414    2.529955   58.342201      -3.906916   6.632440   0.254819
    17  0.09981020    2.715974   62.631901      -3.869597   5.185754  -2.333482
    18  0.09737370    2.649673   61.102969      -3.634503   4.253506  -2.115788
    19  0.09813696    2.670442   61.581923      -3.280508   4.391572   0.823615
    20  0.09792816    2.664761   61.450900      -3.027103   6.243692  -2.219154
    21  0.09201334    2.503810   57.739293      -2.951941   6.440580   0.623619
    22  0.15394215    4.188979   96.600240      -2.542688  -2.477611  -1.540894
    23  0.16385352    4.458681  102.819724      -2.576795  -0.767906  -1.469303
    24  0.10766719    2.929773   67.562239      -2.422764   4.045692  -1.638974
    25  0.09979000    2.715424   62.619225      -2.550114   5.188305   0.954798
    26  0.14789750    4.024496   92.807159      -2.306710  -3.683815  -1.319601
    27  0.03237706    0.881025   20.316928      -2.405722   1.753827   0.967048
    28  0.11041092    3.004434   69.283956      -2.359621   7.232895  -1.954566
    29  0.15919391    4.331887   99.895772      -2.167056  -4.738866  -0.899343
    30  0.13133052    3.573685   82.411213      -2.165783  -3.024939   1.217579
    31  0.09891153    2.691520   62.067977      -2.058581   6.102521  -1.866795
    32  0.11039510    3.004003   69.274028      -1.760539   4.925282  -1.549015
    33  0.13620631    3.706362   85.470820      -1.134474  -3.292308   1.299070
    34 -0.01007511   -0.274158   -6.322229      -1.180296   1.003740   3.521320
    35  0.03856178    1.049319   24.197901      -0.854867   0.674296  -1.593791
*   36 -0.01592497   -0.433340   -9.993077      -0.300793   1.877608   3.741270
    37  0.13587158    3.697254   85.260778      -0.184808  -2.491533   1.203452
    38  0.05612475    1.527232   35.218844      -0.259858   1.924177  -2.063377
    39  0.10641266    2.895636   66.775010      -0.200546   3.450749   1.427325
    40  0.14512123    3.948949   91.065023       0.492526  -6.056321   0.168162
    41  0.15806043    4.301043   99.184501       1.107417  -4.347186  -2.638805
    42  0.13799316    3.754985   86.592088       1.172680  -4.723166   1.622693
    43  0.14692723    3.998093   92.198308       1.153701  -2.747883  -3.541203
    44  0.01088464    0.296186    6.830221       1.265993  -0.371473   2.805367
    45  0.07211531    1.962357   45.253076       1.267207   0.815441  -1.306553
    46  0.06786605    1.846729   42.586628       1.431274   3.357808  -0.220808
    47  0.14975087    4.074928   93.970168       1.555603  -0.883168  -1.431118
    48  0.15436586    4.200509   96.866119       1.962220  -5.119281  -0.089876
    49  0.01830223    0.498029   11.484835       1.965423   3.213792   2.427639
    50  0.17903368    4.871754  112.345428       2.341416  -3.940315  -1.161053
    51  0.05041378    1.371829   31.635151       2.261283   3.122375  -2.191876
    52  0.17468138    4.753322  109.614311       2.473493  -2.879472   0.035818
    53  0.15031301    4.090225   94.322917       2.604420  -3.997306  -3.331846
    54  0.17904421    4.872041  112.352033       2.652788  -3.810675  -1.244727
    55  0.15079053    4.103219   94.622564       2.783554  -0.900200  -1.907726
    56  0.14324590    3.897919   89.888237       3.407237   0.281157  -0.607685
    57  0.14683841    3.995676   92.142572       3.530480  -0.325652  -1.425389
    58  0.15537381    4.227936   97.498617       3.994161  -1.693966   1.022707
    59  0.15211459    4.139248   95.453426       4.331191  -2.360809   0.035557
    60  0.16484264    4.485596  103.440403       4.730919  -2.756658  -1.126281
    61  0.08365882    2.276472   52.496744       6.573249   1.280332   0.955909
    62  0.08537438    2.323155   53.573277       6.705543   1.142348  -1.395599
    63  0.08526538    2.320189   53.504880       7.283681  -1.297083   1.111310
    64  0.08871750    2.414126   55.671119       7.531230  -1.390272  -1.134012
    65  0.08034985    2.186431   50.420337       7.499309   1.426751  -0.791800
    66  0.07866236    2.140512   49.361420       7.539450   1.531189   0.458924
    67  0.08145834    2.216594   51.115926       8.293075  -1.111949  -0.603903
    68  0.08090752    2.201605   50.770275       8.297085  -1.021465   0.564042
 
 Number of surface maxima:    81
   #       a.u.         eV      kcal/mol           X/Y/Z coordinate(Angstrom)
     1  0.16790971    4.569056  105.365025      -8.699931  -4.134598  -0.132882
     2  0.12470325    3.393348   78.252535      -7.778020  -3.031362  -1.056130
     3  0.17600010    4.789206  110.441824      -7.460026  -1.680006  -2.094700
     4  0.12287469    3.343590   77.105099      -7.392814  -4.811896   0.691320
     5  0.17138501    4.663623  107.545810      -6.597192  -5.868394   1.749675
     6  0.18587715    5.057974  116.639768      -6.189784   4.245930  -1.593464
     7  0.13043515    3.549321   81.849364      -5.574303  -2.974339   0.469301
     8  0.14006834    3.811453   87.894285      -5.507140   5.700133  -1.578881
     9  0.18408492    5.009205  115.515126      -5.465533   7.383338  -1.822272
    10  0.13503819    3.674576   84.737816      -5.336227  -3.974185  -0.782709
    11  0.14227379    3.871467   89.278227      -4.825797   3.404480  -0.957243
    12  0.20161909    5.486334  126.517992      -4.251356  -1.004592  -1.943714
    13  0.18962579    5.159980  118.992082      -4.044285   2.139312  -0.521451
    14  0.13854583    3.770024   86.938894      -3.878001   7.620188  -1.293094
    15  0.18342101    4.991140  115.098521      -3.680612  -1.561671  -0.663577
    16  0.18593629    5.059584  116.676879      -3.492252  -1.838968  -1.060128
    17  0.22797292    6.203459  143.055285      -3.345224  -0.108369  -0.624984
    18  0.14644166    3.984880   91.893604      -3.478630   5.450322   0.029572
    19  0.19771278    5.380038  124.066745      -3.330728  -5.121523   1.625338
    20  0.17853807    4.858268  112.034423      -3.061026  -4.459579   0.176961
    21  0.17843410    4.855439  111.969180      -3.034230  -4.075263   0.741325
    22  0.15100074    4.108939   94.754475      -2.977507   5.179391  -1.458515
    23  0.05315020    1.446291   33.352284      -2.722052  -0.508374   2.912623
    24  0.14090013    3.834088   88.416240      -2.641944   3.114038   0.426732
    25  0.18193731    4.950766  114.167479      -2.555303   8.492663  -1.027968
    26  0.22899028    6.231142  143.693688      -2.134668  -5.629830   0.315832
    27  0.14704268    4.001235   92.270750      -2.190208   2.999015  -0.701238
    28  0.17650518    4.802950  110.758768      -1.830558  -0.837171  -1.425389
    29  0.15275961    4.156800   95.858181      -1.893571  -0.238731   0.162137
    30  0.12835523    3.492723   80.544191      -1.549327   0.807533   0.530283
    31  0.16102430    4.381694  101.044355      -1.535953   3.850798   1.427996
    32  0.14214900    3.868071   89.199921      -1.525430   7.125688  -0.508968
    33  0.22689005    6.173992  142.375775      -1.205820  -2.563223  -0.971703
    34  0.20614106    5.609383  129.355575      -1.306446  -2.324863   0.616990
    35  0.10777419    2.932685   67.629383      -0.967526   2.078783   1.818183
    36  0.19492824    5.304267  122.319422      -0.715111  -5.022603   0.025111
    37  0.17375764    4.728186  109.034655      -0.695478   3.466922  -0.884012
    38  0.17125831    4.660176  107.466300      -0.657047   4.834346  -0.102446
    39  0.15785592    4.295478   99.056167      -0.417114  -0.754211   0.870661
    40  0.16595073    4.515749  104.135743      -0.313254   1.498051  -0.503106
    41  0.19294849    5.250395  121.077106      -0.232213   6.363626   0.128376
    42  0.20413743    5.554862  128.098280      -0.033983  -5.761952   1.606833
    43  0.21952350    5.973538  137.753191      -0.006499  -3.255716  -2.462162
    44  0.15048082    4.094791   94.428217       0.065605   2.755124   0.812263
    45  0.11351987    3.089033   71.234852       0.231368   0.430547   2.422876
    46  0.17742908    4.828091  111.338520       0.234199   4.521198  -2.873100
    47  0.18504511    5.035333  116.117656       0.319193   4.515009   0.535412
    48  0.12139973    3.303455   76.179547       0.487711   3.524391  -1.323534
    49  0.20312343    5.527270  127.461984       0.731665  -2.225273  -1.570340
    50  0.21879216    5.953638  137.294270       0.977053  -5.540466  -1.351774
    51  0.16841649    4.582846  105.683033       1.030660   0.038007  -0.073549
    52  0.22579886    6.144299  141.691041       1.148300  -3.149387  -0.764820
    53  0.17958341    4.886713  112.690384       1.136364   1.721352  -4.134085
    54  0.19903949    5.416140  124.899268       1.216121  -3.016909   0.493670
    55  0.03311471    0.901097   20.779809       1.251534   3.410226   3.592523
    56  0.11581930    3.151603   72.677768       1.413771   1.415606  -2.416940
    57  0.15948521    4.339813  100.078562       1.546065  -5.600361   0.426732
    58  0.16453676    4.477273  103.248463       1.519447  -4.001610  -3.336150
    59  0.17367747    4.726004  108.984350       2.190677   0.530365   0.818364
    60  0.22010550    5.989375  138.118401       2.472125  -4.934621  -1.954566
    61  0.21438006    5.833578  134.525632       2.353968  -3.925820   0.838574
    62  0.21688344    5.901699  136.096529       2.596429  -0.754300  -0.783897
    63  0.21262301    5.785766  133.423062       2.760157  -2.612323  -3.947801
    64  0.22990565    6.256051  144.268097       2.914572  -1.958554   0.207707
    65  0.17810764    4.846555  111.764324       3.045967   2.043161   0.583145
    66  0.20219277    5.501945  126.877983       3.394181  -2.912233  -2.237919
    67  0.22450011    6.108959  140.876064       3.771120   0.679654   1.970017
    68  0.18749859    5.102096  117.657241       4.588834  -0.508875   1.231695
    69  0.18674627    5.081624  117.185151       4.545819   0.013901   1.063490
*   70  0.23629774    6.429989  148.279196       4.741425  -2.506121  -2.623072
    71  0.18782021    5.110848  117.859059       4.843385  -1.016874  -1.704143
    72  0.18627741    5.068866  116.890940       5.119339  -1.429377  -1.560842
    73  0.19471373    5.298430  122.184810       5.108435  -0.487294   2.572032
    74  0.20620527    5.611131  129.395871       5.437603  -0.875875  -2.957917
    75  0.13397493    3.645643   84.070608       6.708516   0.679326  -0.233776
    76  0.13759751    3.744219   86.343815       7.115607  -0.880424  -0.088575
    77  0.17110720    4.656064  107.371479       8.269619   0.545105   2.764695
    78  0.17601279    4.789552  110.449786       8.557663   0.190925  -2.949510
    79  0.12372647    3.366769   77.639600       8.867470   0.572157   1.228969
    80  0.12568267    3.419999   78.867133       9.013934   0.523768  -1.293094
    81  0.16848667    4.584755  105.727068      10.037356   0.836839   0.044518
