 Number of surface minima:    77
   #       a.u.         eV      kcal/mol           X/Y/Z coordinate(Angstrom)
     1  0.09525145    2.591924   59.771240      -7.084472  -0.710620  -0.681127
     2  0.10039239    2.731816   62.997230      -6.801407  -1.239588  -2.442582
     3  0.09889722    2.691130   62.058997      -6.585539  -2.284173   1.458697
     4  0.10827644    2.946352   67.944549      -6.403240  -3.746191  -2.786184
     5  0.10944141    2.978052   68.675580      -6.279032  -4.944225  -1.192076
     6  0.10156694    2.763777   63.734271      -6.114399  -4.136293   1.267824
     7  0.07774694    2.115602   48.786985      -6.233485   1.171084   0.943126
     8  0.08111563    2.207269   50.900869      -5.984708   1.683790  -0.262806
     9  0.10036838    2.731163   62.982165      -5.824127   0.016613  -1.584072
    10  0.08695181    2.366079   54.563128      -5.842737   0.233368   1.196376
    11  0.08898148    2.421309   55.836767      -5.399520   1.177802  -1.001488
    12  0.10521637    2.863083   66.024327      -5.036872  -3.060587   2.015131
    13  0.05680034    1.545616   35.642784      -3.940786   2.270738   1.780189
    14  0.06406495    1.743296   40.201394      -3.796338   2.679775   0.901980
    15  0.16411700    4.465851  102.985059      -3.599269  -1.216150  -1.719484
    16  0.05398052    1.468885   33.873319      -3.521243   1.367338   1.964052
    17  0.17201377    4.680733  107.940361      -3.362621  -3.620938  -2.571301
    18  0.16132039    4.389751  101.230159      -3.337268  -2.277751  -2.247277
    19  0.15137517    4.119128   94.989435      -3.222587  -2.295701   0.633356
    20  0.06879469    1.871999   43.169358      -3.209651   2.211541   0.132475
    21  0.16832203    4.580275  105.623755      -3.068319  -4.525561  -0.660786
    22  0.15279983    4.157895   95.883419      -3.060288  -3.337439   0.143803
    23  0.07156048    1.947260   44.904914      -2.840009   1.282551   0.378862
    24  0.16619293    4.522340  104.287724      -2.302650  -2.681056  -2.562962
    25  0.15457620    4.206232   96.998114      -1.905388  -3.739410  -0.180627
    26  0.05294659    1.440750   33.224512      -1.872789   1.150529   0.008649
    27  0.04113152    1.119246   25.810441      -1.616393   0.040206   4.047664
    28  0.15732629    4.281066   98.723822      -1.466270  -1.754995   0.702585
    29  0.07774751    2.115617   48.787341      -1.287918   4.526723  -2.975423
    30  0.15730850    4.280582   98.712657      -0.984568  -3.210233  -0.060189
    31  0.07917362    2.154424   49.682239      -1.054370   3.568328  -2.765887
*   32  0.01373080    0.373634    8.616216      -0.921048   2.632450   3.224589
    33  0.06819490    1.855678   42.792982      -0.720917   5.188884  -0.461142
    34  0.06190685    1.684571   38.847169      -0.588548   4.054445  -0.179437
    35  0.07491425    2.038520   47.009440      -0.394171   5.275616  -3.394340
    36  0.06817361    1.855098   42.779621      -0.161156   0.626302  -0.857336
    37  0.05125177    1.394631   32.160995      -0.083527  -1.887290   3.420396
    38  0.08655498    2.355281   54.314116       0.091715   3.266211  -2.910333
    39  0.07066041    1.922768   44.340115       0.120641   6.064150  -0.898329
    40  0.07516838    2.045436   47.168909       0.521667   3.818232  -0.363068
    41  0.07676495    2.088881   48.170774       0.524446   5.011055  -3.533962
    42  0.03338505    0.908454   20.949455       0.607251   3.264213   1.576764
    43  0.03369376    0.916854   21.143174       0.707537   0.965818  -1.086266
    44  0.03580714    0.974362   22.469336       0.764904   1.927456   3.258652
    45  0.08637467    2.350374   54.200969       0.791449   3.952273  -3.266678
    46  0.13172533    3.584428   82.658959       1.056030  -0.528277  -1.957659
    47  0.07461720    2.030437   46.823037       1.063458   5.681186  -1.007695
    48  0.02971517    0.808591   18.646566       1.097674  -2.083697   2.120168
    49  0.08391401    2.283416   52.656883       1.307020   4.616393  -0.784721
    50  0.12781453    3.478010   80.204898       1.666909  -0.216612  -0.525718
    51  0.12550070    3.415048   78.752947       1.942443  -0.585118  -2.515465
    52  0.06811250    1.853435   42.741272       1.955553   1.217081   0.858827
    53  0.14979129    4.076028   93.995533       2.088272  -3.210442  -2.244458
    54  0.07841407    2.133755   49.205615       2.793920  -1.331511   3.310817
    55  0.12150723    3.306380   76.247004       2.866125  -0.485349  -2.002663
    56  0.14352278    3.905453   90.061979       3.003524  -3.094700  -1.721216
    57  0.11587280    3.153059   72.711342       2.909193  -0.302628  -1.182964
    58  0.04191848    1.140660   26.304264       3.011997   0.628536  -1.579636
    59  0.04722534    1.285067   29.634371       3.063422   2.769444   2.698860
    60  0.15553943    4.232443   97.602551       3.157101  -3.081588  -3.035247
    61  0.14475876    3.939086   90.837571       3.259564  -2.843006  -0.535185
    62  0.08166291    2.222161   51.244290       3.543085   1.097627   2.326904
    63  0.07505737    2.042415   47.099252       3.564261  -0.420209   3.969697
    64  0.07507626    2.042929   47.111105       3.874158   0.692787   3.443111
    65  0.11428893    3.109960   71.717447       4.927057  -3.546086  -3.904340
    66  0.08164807    2.221757   51.234983       5.130616  -2.215303   2.321332
    67  0.10659688    2.900649   66.890607       5.009229   0.917819  -1.965759
    68  0.09273821    2.523535   58.194151       5.430460  -2.781346   0.973554
    69  0.07667624    2.086467   48.115105       5.722976  -1.559519   2.913934
    70  0.08717563    2.372170   54.703579       5.732149  -0.167464   1.398758
    71  0.10176920    2.769281   63.861188       5.964458  -4.011420  -2.752590
    72  0.07685086    2.091218   48.224685       6.054112  -0.426668   2.389471
    73  0.10493967    2.855554   65.850692       6.201454  -2.546844  -3.947442
    74  0.10096828    2.747487   63.358605       6.280079   0.097125  -3.080496
    75  0.09352084    2.544832   58.685265       6.453559  -3.677805  -0.261129
    76  0.09769087    2.658304   61.302001       6.714343   0.095670  -1.189297
    77  0.09022322    2.455099   56.615976       6.901763  -1.996026   0.319369
 
 Number of surface maxima:   102
   #       a.u.         eV      kcal/mol           X/Y/Z coordinate(Angstrom)
     1  0.16038206    4.364218  100.641349      -7.735374  -2.026204  -1.472289
     2  0.16757450    4.559934  105.154672      -7.398084  -3.841933  -1.558698
     3  0.16183706    4.403810  101.554374      -7.386384  -3.423863   0.556909
     4  0.11058247    3.009102   69.391606      -6.705321  -0.432052  -1.778112
     5  0.14307329    3.893222   89.779920      -6.518942  -2.947509  -0.662872
     6  0.12913111    3.513836   81.031066      -6.383270  -1.877348   0.010621
     7  0.16458533    4.478595  103.278943      -6.236856   3.787670   1.318290
     8  0.11345546    3.087280   71.194433      -5.917218  -3.210233   1.920467
     9  0.15251682    4.150194   95.705827      -5.963066   0.104727  -0.093319
    10  0.11647104    3.169338   73.086743      -5.849811   2.381619   2.155659
    11  0.12426409    3.381398   77.976957      -5.740011  -4.847118  -2.427192
    12  0.13786180    3.751410   86.509661      -5.798194  -4.084676  -0.261129
    13  0.16266833    4.426430  102.076006      -5.837007   1.291033   3.460936
    14  0.12366478    3.365090   77.600886      -5.378506   3.404482  -0.054413
    15  0.16272966    4.428099  102.114489      -5.258903  -1.560970   1.987874
    16  0.17335358    4.717191  108.781103      -5.160653  -0.818650  -2.915767
    17  0.13421770    3.652249   84.222947      -5.097754   0.748261   0.246467
    18  0.12445222    3.386517   78.095014      -4.892823   0.097125   2.701052
    19  0.18225376    4.959377  114.366058      -4.791456  -3.588695  -3.401329
    20  0.17805637    4.845160  111.732150      -4.779798   3.687532  -1.566897
    21  0.18408169    5.009118  115.513101      -4.534454  -5.314191  -1.056308
    22  0.17119084    4.658340  107.423961      -4.416275  -4.378951   1.184533
    23  0.17988875    4.895022  112.881989      -4.251539  -1.487780   0.277933
    24  0.17283508    4.703082  108.455741      -4.183909  -0.961230  -1.108819
    25  0.17792293    4.841529  111.648415      -3.977114  -3.190672  -2.081769
    26  0.18327286    4.987108  115.005554      -3.979711  -3.855714  -0.780507
    27  0.17844725    4.855797  111.977434      -3.995411  -1.358392   2.517180
    28  0.11807482    3.212979   74.093130      -3.757574   1.544701   0.782475
    29  0.23534780    6.404139  147.683095      -3.363599  -4.940944  -2.007317
    30  0.20071997    5.461868  125.953790      -3.071630   0.939517  -2.461506
    31  0.16911802    4.601935  106.123249      -3.018781   3.986509  -1.054895
    32  0.19937579    5.425291  125.110303      -2.667685  -0.148573  -1.194758
    33  0.05930558    1.613787   37.214844      -2.277865   3.351586   1.962313
    34  0.23603931    6.422956  148.117029      -2.158257  -1.757430  -1.593289
    35  0.12079152    3.286904   75.797888      -2.271831   5.260803  -1.582877
    36  0.10030634    2.729474   62.943233      -1.990553  -1.974843   3.730318
    37  0.16659306    4.533228  104.538814      -2.101514   6.976428  -2.092865
    38  0.20425541    5.558072  128.172310      -1.854795  -4.364473  -1.961415
    39  0.22935094    6.240956  143.920008      -2.000613  -2.413497  -0.127521
    40  0.11852438    3.225212   74.375231      -1.679473   2.944519  -1.319484
    41  0.20504695    5.579611  128.669010      -1.108381  -0.999979   1.049706
    42  0.15304023    4.164436   96.034274      -0.919396   1.587887  -1.169914
    43  0.14931899    4.063176   93.699159      -0.557335   1.686241  -0.526364
    44  0.11905257    3.239585   74.706678      -0.529381   6.896178  -2.496309
    45  0.15326681    4.170602   96.176453      -0.434339   0.751464   3.041452
    46  0.25396481    6.910734  159.365455      -0.285015  -4.407039  -2.250462
    47  0.22351176    6.082064  140.255863      -0.190923  -2.558211  -2.296801
    48  0.12620083    3.434099   79.192280      -0.033501   4.329517  -2.644125
    49  0.24721814    6.727148  155.131852       0.096983  -2.287291  -3.836155
*   50  0.26034400    7.084321  163.368466       0.103433   1.155479   0.605601
    51  0.12223305    3.326130   76.702459       0.284486   4.776185  -1.138430
    52  0.17247873    4.693385  108.232126       0.532023  -0.552348   2.538778
    53  0.16619016    4.522264  104.285989       0.961180   7.569587  -2.907015
    54  0.09283372    2.526134   58.254089       1.426376   3.060806   3.099435
    55  0.06920530    1.883172   43.427015       1.858940   0.145558  -1.021540
    56  0.16043140    4.365560  100.672310       1.843957   4.884677   3.060914
    57  0.21473674    5.843284  134.749455       1.955553  -2.479908  -1.022131
    58  0.20066446    5.460358  125.918957       1.935932  -0.870796  -1.319484
    59  0.12556647    3.416837   78.794213       1.885627   6.112736  -2.712353
    60  0.15939144    4.337262  100.019725       2.074604  -0.362553   0.506791
    61  0.16252298    4.422475  101.984797       2.120101   2.371888  -2.995712
    62  0.17974881    4.891214  112.794174       2.358740  -2.267035   0.789508
    63  0.11850292    3.224628   74.361768       2.422739   2.416431   0.867528
    64  0.15967188    4.344893  100.195702       2.550473  -0.167464   2.979677
    65  0.16721302    4.550098  104.927845       2.589984   2.999709  -0.667690
    66  0.15420234    4.196059   96.763512       2.686043   3.870383  -2.308820
    67  0.15417143    4.195218   96.744117       2.628451   3.939486  -1.845058
    68  0.18376318    5.000450  115.313231       2.750138  -3.606937   1.988152
    69  0.18388873    5.003867  115.392019       3.025934   3.939352   0.262134
    70  0.22359536    6.084339  140.308322       3.261905  -2.156852  -4.253473
    71  0.18171967    4.944844  114.030911       3.216543   5.094861  -2.774721
    72  0.12686511    3.452175   79.609124       3.560954  -2.907442   3.178523
    73  0.12923387    3.516632   81.095544       3.542739  -0.299160   2.518379
    74  0.16029960    4.361974  100.589602       3.675379  -2.873405  -2.538365
    75  0.15734209    4.281496   98.733734       3.779114  -2.989007  -1.331054
    76  0.17517015    4.766622  109.921021       3.881030   3.114421  -2.245544
    77  0.17314602    4.711543  108.650858       4.018214  -1.412161  -2.774721
    78  0.18475753    5.027508  115.937199       4.077490   1.430248  -0.264212
    79  0.15951523    4.340630  100.097402       4.104042  -2.151878  -0.097055
    80  0.17367484    4.725933  108.982698       4.355381  -4.371866  -2.623984
    81  0.16656493    4.532462  104.521159       4.310708  -2.813350   4.713851
    82  0.16813267    4.575122  105.504929       4.241912  -0.953125  -0.370247
    83  0.17996214    4.897019  112.928042       4.593337  -1.872758  -4.368937
    84  0.16997663    4.625299  106.662032       4.577850   0.348002  -3.362485
    85  0.16411126    4.465694  102.981454       4.765866  -3.989392   0.145757
    86  0.11822797    3.217147   74.189234       5.011854  -1.212570   4.520855
    87  0.13051389    3.551463   81.898769       4.866475  -1.093454   1.855521
    88  0.16470245    4.481781  103.352431       5.383412   0.885706  -0.535298
    89  0.11826715    3.218213   74.213820       5.517945  -3.492325  -3.878797
    90  0.13093771    3.562996   82.164720       5.527499  -3.397023  -1.584072
    91  0.13222738    3.598090   82.974005       5.795351  -1.355212  -3.041814
    92  0.11882686    3.233443   74.565044       5.680709   0.900389   3.453441
    93  0.16906684    4.600543  106.091131       5.744588   2.207345   2.353814
    94  0.14706987    4.001975   92.287814       5.854772  -1.295428   1.124498
    95  0.16331112    4.443922  102.479363       5.934045   0.103526   4.899960
    96  0.11441940    3.113510   71.799318       6.081839   0.762208  -2.222094
    97  0.10362666    2.819825   65.026766       6.360166  -3.054504   0.571537
    98  0.13720850    3.733633   86.099705       6.392204  -1.887290  -1.848661
    99  0.12449496    3.387680   78.121830       6.335581  -1.210071  -0.908978
   100  0.16218805    4.413361  101.774623       7.186221  -2.945644  -2.804599
   101  0.15490527    4.215187   97.204606       7.460799  -2.842701  -1.054895
   102  0.15899648    4.326514   99.771884       7.404684  -0.683842  -2.369012
