 Number of surface minima:    72
   #       a.u.         eV      kcal/mol           X/Y/Z coordinate(Angstrom)
     1  0.08811978    2.397861   55.296044      -6.579188  -2.839755  -0.716585
     2  0.08739818    2.378226   54.843234      -6.364074  -3.691672  -1.427530
     3  0.12486353    3.397709   78.353112      -6.203812   4.725746  -1.803572
     4  0.08363301    2.275770   52.480552      -5.834897  -4.356873   1.350650
     5  0.08386456    2.282071   52.625851      -5.708322  -5.200462   0.675876
     6  0.11769543    3.202656   73.855061      -5.670856   4.053579   0.315672
     7  0.10880732    2.960798   68.277684      -5.492837   3.852431  -0.924547
     8  0.09344616    2.542799   58.638400      -5.287647  -3.898109  -1.915779
     9  0.08759159    2.383488   54.964597      -5.103699  -3.633521   1.684965
    10  0.10913085    2.969601   68.480699      -5.153464   3.782202  -2.209685
    11  0.12157516    3.308228   76.289629      -4.925595   4.009680  -3.423582
    12  0.12014752    3.269380   75.393767      -4.930702   6.514972  -1.569337
    13  0.09162734    2.493307   57.497071      -4.787320  -5.340737   0.285907
    14  0.10618908    2.889552   66.634710      -4.850046   3.304574  -0.178091
    15  0.11209752    3.050329   70.342316      -4.362083   3.280012  -2.599174
    16  0.13881119    3.777245   87.105411      -4.164760  -0.061574  -0.369176
    17  0.12050966    3.279235   75.621018      -3.964125   2.878145   0.841097
    18  0.12225015    3.326596   76.713189      -3.933513   2.765869  -0.610605
    19  0.10046537    2.733802   63.043025      -3.914421   5.960024  -0.665216
    20  0.12698203    3.455357   79.682491      -3.670618   2.731511  -1.707805
    21  0.10137414    2.758531   63.613285      -3.652316   5.957541  -1.988266
    22  0.14007720    3.811695   87.899846      -3.557036  -0.441065  -2.213838
    23  0.09467928    2.576354   59.412196      -3.357509   5.488428   0.138780
    24  0.04835211    1.315728   30.341435      -3.164618  -0.144162   3.467359
    25  0.14870614    4.046500   93.314588      -3.056716   0.930628  -1.096799
    26  0.10200406    2.775672   64.008565      -2.816427   5.431569  -2.284514
    27  0.06052135    1.646870   37.977754      -2.674665   1.895009   1.737113
    28  0.10950649    2.979823   68.716418      -2.728377   4.632476   1.057085
    29  0.14014321    3.813491   87.941268      -2.465193  -0.061574   0.619230
    30  0.11807934    3.213102   74.095969      -2.404135   3.261684   0.947933
    31  0.16364976    4.453136  102.691858      -2.231552  -2.682078  -1.649856
    32  0.10538390    2.867642   66.129450      -2.360610   4.846728  -0.335378
    33  0.14992831    4.079757   94.081511      -2.167046  -1.926524   0.896351
    34  0.09073320    2.468976   56.935988      -2.157311  -0.902830   1.736904
    35  0.11035113    3.002807   69.246439      -2.131777   4.833174  -1.428455
    36  0.14699644    3.999976   92.241733      -1.978273  -3.220592   1.112383
    37  0.15933562    4.335743   99.984693      -1.825934  -3.469844  -1.506959
    38  0.15927331    4.334047   99.945593      -1.796309  -4.489822   1.086061
    39  0.17194278    4.678801  107.895816      -1.538360  -4.893345  -1.030647
    40  0.02794172    0.760333   17.533706      -1.442547   2.899155   1.533199
    41  0.02737995    0.745046   17.181190      -1.147985   1.185686   3.127087
    42  0.15154250    4.123681   95.094432      -0.904431   1.438810  -1.267260
    43  0.16187389    4.404813  101.577487      -0.663549  -3.888809  -1.411680
    44  0.15059301    4.097844   94.498617      -0.686989  -3.505434   1.200133
    45 -0.00090574   -0.024647   -0.568363      -0.134013   2.192686   3.727805
    46  0.15544045    4.229750   97.540436       0.143713  -2.687082   1.119945
    47  0.04358235    1.185936   27.348362       0.576198   0.396276  -1.559825
    48  0.04217336    1.147595   26.464203       1.408881   1.326374  -1.891702
*   49 -0.00347520   -0.094565   -2.180722       1.502891   3.571972   1.747533
    50  0.03039638    0.827128   19.074035       1.746204   0.095646   2.595011
    51  0.00825965    0.224757    5.183016       1.823437   3.244367   0.420288
    52  0.14559625    3.961876   91.363105       2.107189  -1.123372  -1.682046
    53  0.07322045    1.992430   45.946566       2.849243   1.214084   2.361720
    54  0.14021545    3.815456   87.986595       3.024241  -1.248135  -2.093794
    55  0.10233316    2.784627   64.215078       2.934432   1.546848   0.727083
    56  0.15346715    4.176054   96.302172       3.615363  -3.104343  -0.311812
    57  0.12978533    3.531639   81.441595       3.708397   0.231840  -0.773267
    58  0.13241090    3.603084   83.089164       3.878049  -0.535290  -1.636657
    59  0.14680373    3.994733   92.120812       4.484059  -2.367403   0.160001
    60  0.14695297    3.998794   92.214459       4.461086  -1.649106   0.899128
    61  0.15015202    4.085844   94.221895       4.482605  -1.378145  -2.345395
    62  0.10263041    2.792716   64.401609       4.599199   0.459075   2.904822
    63  0.09712493    2.642904   60.946864       4.579330   1.784413   1.725084
    64  0.16351730    4.449532  102.608740       4.828177  -3.104343  -1.083413
    65  0.07453130    2.028100   46.769139       6.890648   0.885292  -1.922144
    66  0.07704113    2.096396   48.344082       7.168263   1.029128   0.740992
    67  0.08092032    2.201954   50.778309       7.585013  -1.222525  -1.898523
    68  0.07836081    2.132306   49.172195       7.756756  -1.132734   0.766156
    69  0.07151697    1.946076   44.877614       7.906410   0.592994  -1.985271
    70  0.07108008    1.934187   44.603464       8.175453   0.727051   0.668001
    71  0.07299368    1.986259   45.804263       8.306817  -0.463908  -1.979172
    72  0.07266841    1.977408   45.600156       8.460372  -0.454522   0.689411
 
 Number of surface maxima:    79
   #       a.u.         eV      kcal/mol           X/Y/Z coordinate(Angstrom)
     1  0.17301418    4.707955  108.568126      -8.243029  -4.700529   0.142989
     2  0.12967550    3.528650   81.372672      -7.411317  -3.364998   0.824286
     3  0.17904783    4.872139  112.354303      -7.157840  -1.985242   1.808280
     4  0.12950323    3.523962   81.264574      -6.940862  -5.268664  -0.788116
     5  0.18997892    5.169589  119.213673      -6.400097   6.144101  -1.975495
     6  0.17887938    4.867555  112.248598      -6.130773  -6.348552  -1.761264
     7  0.12761713    3.472639   80.081026      -5.921411   4.349917  -1.802932
     8  0.18614076    5.065148  116.805187      -5.769056   5.296038   1.151902
     9  0.14482761    3.940960   90.880774      -5.829834   5.498663  -0.499660
    10  0.14308198    3.893459   89.785371      -5.255484  -3.224281  -0.744451
    11  0.14699889    4.000043   92.243271      -5.219808   5.494786  -2.929150
    12  0.13917905    3.787255   87.336247      -4.915514  -4.151160   0.554678
    13  0.19322880    5.258023  121.253005      -4.985692   0.126158   1.406089
    14  0.19780284    5.382489  124.123258      -4.570917  -1.178893  -1.453540
    15  0.12191261    3.317411   76.501385      -4.617467   6.426877  -1.545435
    16  0.14150946    3.850668   88.798601      -4.379659   4.404694   1.155612
    17  0.19168317    5.215964  120.283105      -4.395175   5.221569  -4.364956
    18  0.19162781    5.214458  120.248369      -4.135671  -0.995805   1.462696
    19  0.16223363    4.414602  101.803228      -4.171021   3.633235  -1.327662
    20  0.16744106    4.556303  105.070940      -4.108627   2.184011   3.725469
    21  0.15575858    4.238407   97.740070      -3.691444   0.457646  -1.412332
    22  0.19223088    5.230868  120.626802      -3.321305  -1.717171   0.091936
    23  0.18507906    5.036257  116.138961      -3.197939   0.980400   0.233136
    24  0.17791178    4.841226  111.641419      -3.209360   3.499572   1.845139
    25  0.15510960    4.220747   97.332823      -3.199686   4.167564  -3.693367
    26  0.15568798    4.236485   97.695762      -3.307229   4.969964  -1.154332
    27  0.18128307    4.932963  113.756938      -3.115245  -2.072438  -1.295236
    28  0.20585052    5.601478  129.173260      -2.985783  -5.353347  -1.956708
    29  0.18897545    5.142284  118.583986      -2.615887  -4.368214  -0.749660
    30  0.20995231    5.713093  131.747175      -2.262950   0.467603  -2.439019
    31  0.20295903    5.522796  127.358822      -2.157325   1.653871  -1.045746
    32  0.19026324    5.177326  119.392087      -1.838186   2.738963  -2.182072
    33  0.14593988    3.971226   91.578736      -1.970458   3.668993   0.304170
    34  0.23206779    6.314886  145.624856      -1.761169  -5.664583   0.147332
    35  0.20996388    5.713408  131.754434      -1.849326   3.249673  -3.680388
    36  0.18143352    4.937057  113.851346      -1.598952  -0.326640   0.158961
    37  0.19589469    5.330566  122.925877      -1.405144  -0.923594  -1.628078
    38  0.16199109    4.408002  101.651031      -1.320665   0.757264   0.314509
    39  0.23408093    6.369666  146.888122      -0.973300  -2.585039  -1.081187
    40  0.22658762    6.165763  142.185997      -1.007867  -2.378437   0.489025
    41  0.11811269    3.214010   74.116895      -0.807713   1.975320   1.800013
    42  0.20722624    5.638913  130.036540      -0.790040   2.182419  -2.358349
    43  0.17459431    4.750953  109.559675      -0.762566   3.687813  -0.875339
    44  0.17239923    4.691222  108.182238      -0.547510  -1.377167   2.940142
    45  0.17880501    4.865532  112.201932      -0.389838   1.543236  -0.607103
    46  0.19992768    5.440309  125.456621      -0.278536  -4.887213   0.027707
    47  0.18193665    4.950748  114.167066      -0.176256  -0.645637   0.821473
    48  0.11286073    3.071097   70.821238       0.230509   2.681217   0.679977
    49  0.14025776    3.816608   88.013144       0.563239   0.494017   2.324719
*   50  0.25164054    6.847487  157.906957       1.302371  -4.804160   0.038074
    51  0.22679851    6.171501  142.318334       1.439384  -3.246814  -0.652963
    52  0.16318055    4.440369  102.397429       1.311586   0.209138  -0.098637
    53  0.03267677    0.889180   20.505001       1.346750   3.266942   3.649168
    54  0.19409505    5.281595  121.796584       1.497355  -2.122219   0.953767
    55  0.12357545    3.362659   77.544829       1.757518   1.285342   1.137701
    56  0.25103210    6.830931  157.525154       2.016766  -3.729856  -2.328499
    57  0.15469865    4.209564   97.074951       2.501242   0.599235   0.687196
    58  0.06578903    1.790211   41.283275       2.644907   2.590593  -1.429910
    59  0.17306514    4.709342  108.600107       3.009397  -0.999300   1.716464
    60  0.20979386    5.708781  131.647745       2.948791  -0.803076  -0.846089
    61  0.22305318    6.069586  139.968101       3.165481  -1.907370   0.296371
    62  0.16278447    4.429591  102.148881       3.293410  -0.193869   3.291384
    63  0.13884767    3.778237   87.128304       3.403246   2.285537   1.340725
    64  0.10924066    2.972590   68.549608       4.334140   1.249410   2.660034
    65  0.16983962    4.621571  106.576061       4.724446   0.427320   0.150421
    66  0.16951344    4.612695  106.371376       4.880942   2.118860  -0.470336
    67  0.15976177    4.347339  100.252107       4.945234  -0.590752   1.018059
    68  0.22457105    6.110889  140.920578       5.025937  -2.848551  -2.490294
    69  0.17683387    4.811894  110.965019       5.351888  -2.178283  -0.660349
    70  0.16735769    4.554034  105.018626       5.790579   0.595777   1.870190
    71  0.19566515    5.324320  122.781840       6.350203  -3.348689  -0.489225
    72  0.12216625    3.324313   76.660541       6.469479   2.190451  -0.635356
    73  0.12525432    3.408343   78.598341       7.163815  -0.293780  -1.380998
    74  0.12682919    3.451198   79.586587       7.236417  -0.203100   0.248996
    75  0.16282839    4.430786  102.176444       7.936231   2.998666  -0.755017
    76  0.11599853    3.156481   72.790241       8.921506   1.597692  -0.766059
    77  0.16928436    4.606462  106.227630       9.511243  -2.513450  -0.602321
    78  0.11828834    3.218790   74.227118       9.603555  -0.865469  -0.658919
    79  0.16186434    4.404553  101.571493      10.359915   0.639353  -0.862892
