 Number of surface minima:    70
   #       a.u.         eV      kcal/mol           X/Y/Z coordinate(Angstrom)
     1  0.12037416    3.275548   75.535990      -6.694027   4.570186  -1.685243
     2  0.08240985    2.242486   51.713007      -6.405582  -2.958878  -0.075733
     3  0.08183061    2.226724   51.349526      -6.214721  -3.265039   1.037049
     4  0.11303692    3.075891   70.931800      -6.310379   4.821541   0.328801
     5  0.10251100    2.789466   64.326677      -6.019890   4.076627  -0.603606
     6  0.08742909    2.379066   54.862627      -5.580016  -2.455419  -0.626231
     7  0.10849408    2.952274   68.081119      -5.652344   3.495160  -1.655613
     8  0.08187201    2.227851   51.375504      -5.473211  -5.330357  -0.867821
     9  0.12351942    3.361134   77.509670      -5.471332   3.250591  -2.859051
    10  0.10239738    2.786375   64.255383      -5.493861   3.945655   0.324126
    11  0.08173892    2.224229   51.291990      -5.315427  -5.647665   0.241955
    12  0.08535600    2.322655   53.561746      -5.351074  -3.096745   1.509828
    13  0.11420821    3.107764   71.666796      -5.327568   6.210048  -2.301762
    14  0.11368503    3.093527   71.338494      -4.978588   2.978268  -1.655613
    15  0.08682648    2.362669   54.484487      -4.785102  -4.896887  -1.389696
    16  0.09556460    2.600445   59.967740      -4.712404  -2.311909  -0.126530
    17  0.08899092    2.421566   55.842691      -4.521661  -5.490584   0.663623
    18  0.11272994    3.067538   70.739163      -4.434894   3.152134   0.324253
    19  0.09334555    2.540062   58.575267      -4.399863   6.079536  -1.244968
    20  0.08913460    2.425476   55.932851      -4.320487  -1.126226  -0.660674
    21  0.11756849    3.199201   73.775404      -4.130859   2.640460  -0.578185
    22  0.09485473    2.581129   59.522294      -4.051372   5.493015  -2.317085
    23  0.09213528    2.507128   57.815807      -3.860976   5.948677  -0.331375
    24  0.05564551    1.514191   34.918111      -3.359016   0.068342   3.106982
    25  0.08429078    2.293669   52.893306      -3.303468   1.318486   0.647386
    26  0.09049217    2.462417   56.784740      -3.228925   4.876590  -2.321505
    27  0.09919837    2.699325   62.247968      -2.906227   5.160405  -0.437713
    28  0.09725288    2.646385   61.027155      -2.561878   4.613846  -1.395030
    29  0.08920282    2.427332   55.975662      -2.206359  -0.731924   1.453455
    30  0.09529083    2.592995   59.795951      -2.170751   0.248030   0.542158
    31  0.06663126    1.813129   41.811779      -2.238617   0.558761  -1.372710
    32  0.10655682    2.899559   66.865472      -2.211364   3.804741  -2.317085
    33  0.16062694    4.370881  100.795010      -1.978953  -2.725468  -1.466150
    34  0.14688571    3.996963   92.172250      -1.851817  -2.771781   1.435278
    35  0.16218297    4.413223  101.771437      -1.599459  -4.880927  -0.191714
    36  0.16566148    4.507878  103.954235      -1.620326  -3.976230   1.771015
    37  0.15170433    4.128085   95.195985      -1.579003  -3.910407  -0.931263
    38  0.03979190    1.082793   24.969813      -1.347908   1.450611   2.842002
    39  0.02510321    0.683093   15.752515      -0.982544   2.234592  -1.436865
    40  0.15164142    4.126373   95.156509      -0.716252  -2.841835   1.592547
    41  0.17438608    4.745287  109.429010       0.130293  -3.291213  -0.987874
    42  0.15010546    4.084577   94.192678       0.226706  -2.008870   1.368812
    43  0.01808373    0.492083   11.347719       0.179181   0.462968  -1.920202
    44  0.00672400    0.182969    4.219380       0.381059   2.102863   3.521508
    45  0.14725128    4.006911   92.401648       1.299288  -5.631056   1.254861
    46  0.15367600    4.181737   96.433228       1.498269  -4.435777  -2.153428
*   47 -0.00799764   -0.217627   -5.018600       1.484654   3.620561   1.254861
    48  0.13893464    3.780604   87.182879       1.633608  -2.914932  -3.305708
    49  0.14162026    3.853683   88.868126       1.803090  -4.117175   2.265945
    50  0.13336246    3.628977   83.686279       1.828465  -0.852849  -1.523319
    51 -0.00649121   -0.176635   -4.073298       1.795276   3.417992   0.035050
    52  0.00784698    0.213527    4.924061       1.839216   0.792273   2.314430
    53  0.15366370    4.181402   96.425509       2.519622  -4.746803   0.731688
    54  0.02368274    0.644440   14.861154       2.650931   2.003487   1.802433
    55  0.14428028    3.926066   90.537317       3.140943  -4.219162  -2.703608
    56  0.13450533    3.660076   84.403438       3.055087  -0.803163  -1.908742
    57  0.12676193    3.449367   79.544378       3.796044  -0.136751  -1.565909
    58  0.14699155    3.999843   92.238665       4.401167  -1.062811   1.049382
    59  0.14115324    3.840975   88.575069       4.739624  -1.979957   0.067367
    60  0.15313690    4.167067   96.094937       5.054818  -2.518049  -0.942852
    61  0.07465859    2.031564   46.849013       6.020818   1.256209  -1.007868
    62  0.07204419    1.960422   45.208448       6.061883   1.239935   0.224142
    63  0.06717236    1.827853   42.151330       6.789802   1.517227  -1.589166
    64  0.06613030    1.799497   41.497423       7.023355   1.494224   0.621607
    65  0.07764385    2.112797   48.722293       7.649415  -1.008994  -1.627249
    66  0.06491548    1.766440   40.735110       7.781709   1.781412  -1.158713
    67  0.07422409    2.019740   46.576360       7.782689  -1.059908   0.463936
    68  0.06423028    1.747795   40.305144       7.786844   1.728753   0.069833
    69  0.07054484    1.919623   44.267590       8.608295  -0.757717  -1.234070
    70  0.06994698    1.903354   43.892428       8.638877  -0.798223  -0.068082
 
 Number of surface maxima:    82
   #       a.u.         eV      kcal/mol           X/Y/Z coordinate(Angstrom)
     1  0.17080218    4.647764  107.180075      -7.963699  -5.164810   0.217165
     2  0.12725726    3.462846   79.855205      -7.101990  -4.401581  -1.060879
     3  0.12651640    3.442686   79.390304      -6.770664  -5.031641   1.321777
     4  0.17707312    4.818405  111.115152      -6.793498  -3.721769  -2.627495
     5  0.18588846    5.058282  116.646866      -6.771164   5.827348  -2.571318
     6  0.18315088    4.983789  114.929011      -6.356685   6.332708   0.584172
     7  0.14003043    3.810422   87.870496      -6.308188   5.816492  -0.961132
     8  0.17510200    4.764768  109.878253      -6.057868  -5.244905   2.842393
     9  0.14309494    3.893811   89.793507      -5.672614   4.646406  -3.071154
    10  0.13518292    3.678514   84.828636      -5.218799  -3.230565   0.318875
    11  0.18337050    4.989765  115.066821      -5.115384   0.195585   0.925727
*   12  0.25739506    7.004076  161.517973      -4.982589   1.186192  -1.984246
    13  0.18856530    5.131123  118.326612      -4.816198   3.820515  -4.219708
    14  0.15642423    4.256520   98.157769      -4.762808   3.736310  -0.837838
    15  0.14315386    3.895415   89.830477      -4.909290   5.441965   1.141388
    16  0.13663548    3.718040   85.740127      -4.660140  -4.653269  -0.210155
    17  0.18011936    4.901297  113.026697      -4.373673   2.391280   3.114097
    18  0.14094676    3.835356   88.445501      -3.964133   2.252451  -1.771172
    19  0.19307354    5.253798  121.155575      -3.872610   4.873534   2.177018
    20  0.19318529    5.256839  121.225701      -3.729162  -2.648352  -2.702539
    21  0.14526891    3.952968   91.157691      -3.731377   3.136126  -3.126651
    22  0.14677752    3.994019   92.104363      -3.802345   4.948277  -1.228645
    23  0.16916647    4.603254  106.153651      -3.331012  -1.796677  -0.008181
    24  0.12060114    3.281724   75.678422      -3.321984  -0.123985   1.129648
    25  0.18816179    5.120143  118.073402      -3.071185  -2.386395  -1.129632
    26  0.17051943    4.640070  107.002648      -3.129141   3.769361   1.254861
    27  0.19945158    5.427353  125.157859      -2.955270  -4.118742   2.664580
    28  0.14897960    4.053941   93.486191      -2.954623   2.070803   0.317975
    29  0.14719190    4.005295   92.364388      -2.810895   2.373757  -0.738021
    30  0.18155307    4.940310  113.926367      -2.462978  -3.973286   1.196836
    31  0.18118124    4.930192  113.693042      -2.404952   2.354003  -2.781846
    32  0.18209769    4.955130  114.268123      -2.272658   3.633124   2.114262
    33  0.13689850    3.725198   85.905180      -2.012932   3.300926  -1.128578
    34  0.16483498    4.485388  103.435601      -1.629506  -0.295313   0.055560
    35  0.23125400    6.292741  145.114195      -1.473355  -5.433942   1.136541
    36  0.17434334    4.744124  109.402191      -1.341213  -1.058651  -1.643168
    37  0.13907904    3.784533   87.273486      -1.434197   0.822091   0.085484
    38  0.16055459    4.368913  100.749611      -1.444715   4.130843   0.214357
    39  0.15751186    4.286116   98.840270      -1.214304   2.160784   1.303394
    40  0.21913940    5.963086  137.512166      -0.979231  -2.143578   0.709105
    41  0.23114630    6.289811  145.046614      -0.828789  -2.670653  -0.780910
    42  0.17862825    4.860722  112.091015      -0.552832  -0.982976   2.842393
    43  0.12391195    3.371816   77.755990      -0.264270   1.474472  -0.959188
    44  0.19933348    5.424140  125.083749      -0.163029  -4.778272   0.722823
    45  0.17468485    4.753416  109.616490      -0.159051  -0.514254   0.724990
    46  0.10775585    2.932186   67.617872      -0.049790   2.901489   0.327526
    47  0.13515033    3.677628   84.808185       0.345898   0.858330   2.117649
    48  0.20869008    5.678746  130.955110       0.529169  -5.147567   2.441934
    49  0.21563164    5.867635  135.311009       0.393946  -3.296476  -2.304716
    50  0.03826612    1.041274   24.012373       0.790022   3.835023   3.240747
    51  0.19915910    5.419395  124.974326       1.020868  -2.257185  -1.395659
    52  0.15139246    4.119598   95.000283       1.283496   0.385507  -0.225594
    53  0.22164625    6.031301  139.085237       1.485433  -3.047226  -0.332670
    54  0.20078079    5.463523  125.991954       1.556929  -2.496227   0.855213
    55  0.10390740    2.827464   65.202930       1.535245   1.706551   0.970678
    56  0.21868169    5.950631  137.224946       1.631235  -5.493460  -0.397606
    57  0.15938865    4.337186  100.017971       1.931837  -4.301131  -2.777224
    58  0.16048740    4.367084  100.707448       2.171435  -5.031641   1.365363
    59  0.13762699    3.745021   86.362313       2.377945   0.946243   0.477752
    60  0.04933324    1.342426   30.957103       2.357643   2.703414  -1.858217
    61  0.21747810    5.917880  136.469682       2.753924  -4.898453  -1.258428
    62  0.21379838    5.817750  134.160619       2.821370  -3.244970   1.223273
    63  0.20295455    5.522674  127.356008       2.890829  -0.535426  -0.862143
    64  0.16134318    4.390371  101.244456       2.986242  -0.465518   1.719861
    65  0.20415494    5.555338  128.109266       3.151408  -3.020438  -3.723435
    66  0.22133521    6.022837  138.890055       3.283703  -1.500554   0.328801
    67  0.19142737    5.209004  120.122590       3.689613  -3.049624  -1.784580
    68  0.21958063    5.975093  137.789042       4.539939   3.368488   3.172569
    69  0.14322016    3.897219   89.872081       4.755709   0.828168   0.212420
    70  0.16920725    4.604363  106.179241       4.980158  -0.147680   0.947399
    71  0.22299390    6.067973  139.930902       5.135823  -2.480681  -2.412012
    72  0.16791495    4.569198  105.368313       5.112814  -0.809594  -1.834249
    73  0.18683245    5.083969  117.239229       5.420180  -0.258542  -3.235834
    74  0.17598674    4.788843  110.433437       5.797295  -0.370619   2.366483
    75  0.11780109    3.205531   73.921361       6.987943   0.979808  -0.464964
    76  0.12352616    3.361318   77.513898       7.384826  -0.584240  -0.597259
    77  0.12242525    3.331361   76.823069       7.304330   0.153080   1.968131
    78  0.16465005    4.480356  103.319550       8.490134   0.677176  -3.507733
    79  0.16294790    4.434038  102.251439       9.000492   0.540875   2.191219
    80  0.11471701    3.121609   71.986070       9.191517   0.769166  -1.920202
    81  0.11393966    3.100456   71.498276       9.354757   0.786092   0.582576
    82  0.15961228    4.343271  100.158303      10.368313   1.041223  -0.768072
