 Number of surface minima:    52
   #       a.u.         eV      kcal/mol           X/Y/Z coordinate(Angstrom)
     1  0.20625972    5.612612  129.430034      -6.177172  -1.050194  -1.828508
     2  0.19732009    5.369353  123.820331      -5.565020  -1.470846  -0.770261
     3  0.19638888    5.344013  123.235988      -5.438469  -2.793655  -0.640107
     4  0.20591260    5.603167  129.212216      -5.435778  -0.267830  -0.897342
     5  0.22531615    6.131164  141.388139      -5.432542   0.831747  -1.509641
     6  0.19332506    5.260642  121.313406      -4.773804  -2.127725   0.165491
     7  0.20378410    5.545247  127.876559      -4.666528  -1.345606  -3.320592
     8  0.19613479    5.337099  123.076544      -3.912428  -3.191361  -2.093097
     9  0.19500646    5.306396  122.368502      -3.712716  -1.892408  -2.544575
    10  0.21478240    5.844526  134.778102      -3.776907   0.615524  -2.886863
    11  0.19892047    5.412901  124.824585      -3.580422  -0.632332  -2.709131
    12  0.20109912    5.472185  126.191706      -3.534250   5.010886  -0.459393
    13  0.20234907    5.506198  126.976064      -3.339909   3.687943  -1.084908
    14  0.19234731    5.234036  120.699859      -3.342077   4.472420   1.569726
    15  0.18297918    4.979117  114.821264      -3.068647   3.011104   1.429383
    16  0.19386186    5.275249  121.650254      -2.980563  -2.397595  -1.696214
    17  0.18543898    5.046051  116.364816      -2.882164   1.868949   1.132409
    18  0.20270979    5.516014  127.202423      -2.786656   0.022013  -2.054786
    19  0.19300212    5.251855  121.110763      -2.409524   4.481709  -0.944108
*   20 -0.00899217   -0.244689   -5.642676      -2.212633  -5.130930   1.788284
    21  0.17707484    4.818451  111.116231      -2.144315   3.805302   1.559429
    22  0.03401918    0.925709   21.347373      -1.986620  -1.479543   2.023377
    23  0.19887934    5.411782  124.798776      -1.833237  -0.796606  -0.912407
    24  0.19295341    5.250529  121.080193      -1.174717   4.084826  -1.120469
    25  0.19363556    5.269091  121.508249      -1.208521   5.148044  -0.625573
    26  0.18286085    4.975897  114.747012      -1.088348   4.604351   1.440163
    27  0.07467305    2.031957   46.858084       0.153944  -0.757100  -2.093097
    28  0.00506869    0.137926    3.180654       0.225990  -1.529148   3.405651
    29  0.01384663    0.376786    8.688899       0.198698  -0.073712   3.405849
    30  0.05942139    1.616938   37.287514       0.514036   1.062837  -1.398073
    31  0.05631882    1.532513   35.340625       0.666903  -2.903792  -0.380646
    32  0.06411637    1.744695   40.233661       0.937076  -3.046131  -2.867520
    33  0.04414356    1.201207   27.700525       1.874035   1.215821   0.576824
    34  0.09057075    2.464556   56.834053       2.245945  -0.941318  -1.695126
    35  0.02171367    0.590859   13.625544       2.979287   3.941843  -0.275620
    36  0.11043785    3.005167   69.300853       3.670428   1.425328  -1.610282
    37  0.10611190    2.887452   66.586281       3.980790   0.000007  -1.535320
    38  0.10048882    2.734440   63.057737       3.933679   1.915430   0.500102
    39  0.10949297    2.979455   68.707935       4.339487  -1.081023  -1.328679
    40  0.09733946    2.648741   61.081487       4.508836   0.652026   0.951261
    41  0.10090567    2.745783   63.319318       4.858645  -0.423576   1.165960
    42  0.09316062    2.535029   58.459222       4.781691   0.921803  -1.958676
    43  0.08616224    2.344594   54.067667       5.177537   1.591756   0.589901
    44  0.09826640    2.673965   61.663148       5.599801  -1.419619  -1.512004
    45  0.09654406    2.627098   60.582365       5.737547   0.537924  -2.035730
    46  0.09141376    2.487495   57.363049       6.141417  -0.745709   1.014027
    47  0.09665565    2.630134   60.652389       6.227681  -0.671377  -1.827270
    48  0.09144758    2.488415   57.384272       6.256807   1.196429   0.467946
    49  0.10968045    2.984557   68.825582       6.738534  -1.667711  -1.495507
    50  0.09188368    2.500282   57.657929       6.673394   0.050857   0.685084
    51  0.11455909    3.117311   71.886974       7.295197   0.299029  -2.042359
    52  0.11158067    3.036265   70.017988       7.670695   0.912900   0.024563
 
 Number of surface maxima:    58
   #       a.u.         eV      kcal/mol           X/Y/Z coordinate(Angstrom)
     1  0.27218984    7.406662  170.801844      -6.093149  -1.074100  -3.283361
     2  0.23089049    6.282850  144.886093      -5.442087  -2.267816  -2.230920
     3  0.20438246    5.561530  128.252037      -5.432173  -2.132803  -0.505372
     4  0.29062246    7.908239  182.368499      -5.358856   2.352047  -0.012573
     5  0.24302088    6.612934  152.498034      -5.216228   0.242873  -2.644040
     6  0.26456792    7.199259  166.019014      -5.110708  -3.795587  -1.670122
*    7  0.29539855    8.038203  185.365542      -4.771070   1.771332  -2.489980
     8  0.23585888    6.418047  148.003806      -4.475881   3.710663   0.295927
     9  0.28185983    7.669796  176.869862      -4.289657  -0.810063  -0.373271
    10  0.27426492    7.463128  172.103978      -4.244117   1.438167  -0.638818
    11  0.27649340    7.523768  173.502374      -4.138451   1.571234  -0.915267
    12  0.26520760    7.216666  166.420421      -4.224945   5.296496   0.706823
    13  0.23230466    6.321331  145.773495      -4.043810  -3.390161  -0.473046
    14  0.21587599    5.874284  135.464340      -3.448127  -1.672305   1.013490
    15  0.27864795    7.582396  174.854376      -3.161683  -1.080554  -1.442833
    16  0.22317981    6.073032  140.047565      -2.532587   5.258933   0.549217
    17  0.26231332    7.137908  164.604229      -2.097336   2.655082   0.723522
    18  0.27806261    7.566469  174.487071      -2.139596   3.015772  -0.798934
    19  0.22235118    6.050483  139.527586      -1.951819  -1.967211  -0.214921
    20  0.22235744    6.050654  139.531518      -1.762496  -2.407518  -1.322890
    21  0.19992771    5.440310  125.456639      -1.715403   0.777468   0.580242
    22  0.20102452    5.470155  126.144896      -1.628212   4.614003  -0.966098
    23  0.20870342    5.679109  130.963482      -1.463713  -0.652680  -0.457692
    24  0.13887750    3.779049   87.147021      -0.934536  -0.810063   1.943434
    25  0.25897866    7.047168  162.511701      -0.915480   5.810115   0.562397
    26  0.22168289    6.032298  139.108231      -0.378073   2.534695  -1.249475
    27  0.08021109    2.182655   50.333263      -0.286817   2.166103   3.040473
    28  0.22979630    6.253075  144.199474      -0.165985   4.435248   0.011456
    29  0.19601151    5.333744  122.999180      -0.007409   1.974188   0.420660
    30  0.16526873    4.497191  103.707782       0.652996  -0.016298  -0.705952
    31  0.15534571    4.227172   97.480987       0.542550   0.943571   0.439545
    32  0.05001532    1.360986   31.385110       0.897833  -3.323655   2.883505
    33  0.12211288    3.322860   76.627054       1.182173  -1.142917  -2.754568
    34  0.17980344    4.892700  112.828454       1.314468  -1.509511   0.402985
    35  0.13273141    3.611805   83.290285       1.241592  -0.515859   1.670563
    36  0.13527794    3.681100   84.888261       1.446762  -0.810063  -0.835271
    37  0.15056761    4.097153   94.482678       2.537139  -0.648864  -0.990138
    38  0.08895866    2.420688   55.822450       2.429454   2.365000  -0.505565
    39  0.18445744    5.019342  115.748889       2.559612  -1.152451  -3.812923
    40  0.19105967    5.198998  119.891854       2.797792  -2.626390   0.709021
    41  0.17011748    4.629132  106.750417       2.935640  -0.650215   1.525299
    42  0.14931093    4.062957   93.694100       2.812724   0.159016  -0.727135
    43  0.15452554    4.204854   96.966320       2.800990   1.993832  -0.753896
    44  0.14222929    3.870256   89.250300       3.166588   0.566450   0.606360
    45  0.18511963    5.037361  116.164417       3.283949  -3.581720  -1.837931
    46  0.17499817    4.761942  109.813102       3.702337  -1.987787   0.293452
    47  0.12819881    3.488467   80.446038       4.489531   2.283427  -1.034742
    48  0.19513848    5.309988  122.451349       4.739096  -3.062175   0.445382
    49  0.14888003    4.051232   93.423710       5.135296  -0.153234  -1.190892
    50  0.14491350    3.943297   90.934671       5.474038   0.174444   0.346648
    51  0.17724092    4.822971  111.220449       5.917835   3.100644  -1.431625
    52  0.14245948    3.876520   89.394747       6.077062  -2.339386   0.023612
    53  0.11636748    3.166520   73.021756       6.871964   0.247402  -2.093227
    54  0.13594420    3.699230   85.306346       6.949290   1.781990  -1.197332
    55  0.11291802    3.072656   70.857189       7.328321   0.936181   0.216516
    56  0.13701775    3.728442   85.980005       7.754266  -0.557138  -0.798707
    57  0.18166814    4.943441  113.998573       7.822354  -2.142610  -0.361267
    58  0.18184551    4.948268  114.109877       8.380523   0.964220  -1.269079
