 Number of surface minima:    69
   #       a.u.         eV      kcal/mol           X/Y/Z coordinate(Angstrom)
     1  0.09834207    2.676024   61.710631      -7.854521  -0.491820   0.638033
     2  0.10649243    2.897806   66.825063      -7.801332  -0.466256  -1.932141
     3  0.09508435    2.587377   59.666381      -6.937517  -2.038485   1.432484
     4  0.10580867    2.879200   66.395996      -6.830369  -1.838454  -2.972158
     5  0.10006669    2.722953   62.792848      -6.543091  -0.265140   1.776219
     6  0.09395845    2.556739   58.959865      -5.621242  -3.908920  -0.002374
     7  0.09635799    2.622034   60.465599      -5.517112  -3.790262  -1.758931
     8  0.16642626    4.528689  104.434145      -5.170135   1.253570  -1.570124
     9  0.09047473    2.461943   56.773801      -4.778139  -2.418060   1.596932
    10  0.15155448    4.124007   95.101954      -4.817633   0.985567  -0.411964
    11  0.15227219    4.143537   95.552319      -4.558677   0.266208   0.720036
    12  0.09706087    2.641161   60.906670      -4.106087  -3.641319  -0.777043
    13  0.15165103    4.126634   95.162540      -3.587907   3.001047  -3.407371
    14  0.15584997    4.240893   97.797412      -3.584347   4.188693  -0.242310
    15  0.14301261    3.891571   89.741846      -3.480772  -0.873469  -1.740067
    16  0.14524201    3.952236   91.140812      -3.235734  -1.447319  -0.728903
    17  0.13900853    3.782614   87.229241      -2.971145   3.899456   1.495597
    18  0.14963393    4.071746   93.896787      -2.838851  -0.141615  -2.069085
    19  0.14668332    3.991456   92.045252      -2.706557   5.435099   0.358487
    20  0.03450130    0.938828   21.649913      -2.306028  -1.521286   2.502426
    21  0.15922571    4.332752   99.915726      -2.026515   3.662025  -2.772420
    22  0.00178587    0.048596    1.120652      -1.731681  -0.417440   2.633458
    23  0.14915126    4.058612   93.593909      -1.712751   0.262961  -1.532214
    24  0.14804209    4.028430   92.897894      -1.775423   2.048212  -3.710343
    25  0.17882265    4.866012  112.213000      -1.596067   4.348474  -1.070783
    26  0.05259114    1.431078   33.001466      -0.943407  -3.862584  -2.108390
    27  0.06822332    1.856451   42.810813      -0.854436  -1.332753  -1.408103
    28  0.13453843    3.660977   84.424210      -0.705167   2.326988   1.201412
    29  0.13704767    3.729257   85.998783      -0.130938   3.432306   1.372542
    30  0.03789136    1.031076   23.777209      -0.027497  -3.512822   0.130737
    31  0.05474236    1.489616   34.351381       0.002494  -0.403091  -1.536795
    32  0.16457681    4.478363  103.273593       0.306600   5.222399  -0.730255
*   33 -0.02142439   -0.582987  -13.444020       0.680330  -1.709669   3.824106
    34  0.13027539    3.544974   81.749107       0.895150   3.530165   1.350097
    35  0.15209975    4.138845   95.444113       0.853714   4.158166  -1.222349
    36  0.09448583    2.571090   59.290803       0.920226  -1.866656  -1.968301
    37 -0.01294809   -0.352336   -8.125059       1.140181  -0.604920   3.578202
    38  0.09851554    2.680744   61.819484       1.338948  -3.244436  -1.258696
    39  0.15862274    4.316344   99.537354       1.555938   3.131630  -1.429310
    40  0.08884140    2.417497   55.748867       1.861613  -0.069373  -0.439202
    41  0.00622834    0.169482    3.908348       2.035784  -2.450670   1.797379
    42  0.10618883    2.889545   66.634555       2.779427   7.136437  -0.409311
    43  0.09988309    2.717957   62.677636       2.982098  -2.903470   1.155518
    44  0.10255507    2.790665   64.354330       2.917601   6.745434   1.510606
    45  0.10379531    2.824414   65.132597       3.042052   1.150814  -1.936889
    46  0.09908122    2.696137   62.174459       3.228698  -4.438233   0.901343
    47  0.09979373    2.715526   62.621566       3.166184  -4.118705  -0.489814
    48  0.07237700    1.969478   45.417290       3.272728   0.724393   0.701118
    49  0.10912043    2.969318   68.474162       3.283927  -3.746128  -1.575847
    50  0.08420561    2.291351   52.839860       3.423360   2.885481   2.104281
    51  0.11019194    2.998475   69.146544       3.478570   3.967566  -2.590205
    52  0.10357724    2.818480   64.995754       3.898699   5.615024  -2.122288
    53  0.08751488    2.381401   54.916464       4.020913  -5.003674  -0.021672
    54  0.10472721    2.849772   65.717373       4.082338   2.353810  -0.257505
    55  0.09054438    2.463838   56.817506       4.139947   4.681347   2.442230
    56  0.10051243    2.735082   63.072554       4.198712  -4.156434  -2.368431
    57  0.10158361    2.764231   63.744729       4.460559  -2.832622   1.597536
    58  0.09324839    2.537418   58.514296       4.805404  -5.285786  -0.818204
    59  0.10545372    2.869542   66.173265       4.715034  -2.181892   0.387471
    60  0.09727422    2.646966   61.040548       4.854142  -4.823459  -1.986165
    61  0.10330809    2.811156   64.826859       4.925598   4.150929  -1.494974
    62  0.09359618    2.546882   58.732539       5.047626   3.620093   1.417444
    63  0.09070834    2.468300   56.920392       5.604221  -3.027227   0.771832
    64  0.10834601    2.948245   67.988204       5.868876  -2.244663  -1.526247
    65  0.11355300    3.089934   71.255646       5.994992  -5.628598  -1.484219
    66  0.10340505    2.813794   64.887701       6.148676  -3.908159   1.174037
    67  0.09653368    2.626815   60.575853       6.358904  -3.307283   0.018975
    68  0.10171274    2.767744   63.825763       6.432202  -2.844048  -1.200614
    69  0.11539755    3.140127   72.413119       7.269973  -4.015112  -0.751738
 
 Number of surface maxima:    91
   #       a.u.         eV      kcal/mol           X/Y/Z coordinate(Angstrom)
     1  0.15911119    4.329636   99.843863      -8.084033  -2.007197   0.273976
     2  0.16518586    4.494936  103.655777      -7.907787  -2.062759  -1.893092
     3  0.10934192    2.975345   68.613151      -7.336857  -0.753087   1.525654
     4  0.13498469    3.673120   84.704243      -7.072269  -0.412496  -0.752434
     5  0.12215131    3.323906   76.651170      -7.068522  -0.595098  -3.054275
     6  0.15836945    4.309452   99.378415      -6.926060  -3.619845  -0.918368
     7  0.18142032    4.936698  113.843063      -6.824486   0.963691  -1.870415
     8  0.16933766    4.607912  106.261073      -6.936922   0.871379   0.522568
     9  0.14047732    3.822582   88.150926      -6.781189  -2.039477  -0.788316
    10  0.12551539    3.415447   78.762163      -6.213104  -2.385272   0.317559
    11  0.13382899    3.641672   83.979027      -5.906088  -2.235831  -2.046592
    12  0.15268190    4.154686   95.809419      -5.765481  -1.535233   2.205972
    13  0.17958710    4.886814  112.692704      -5.352443  -1.155929  -3.511786
    14  0.17521252    4.767775  109.947607      -5.426702   0.385545  -1.409631
    15  0.23221383    6.318860  145.716498      -5.063866   0.863205  -3.045404
    16  0.10720293    2.917140   67.270911      -4.955200  -4.035957  -0.936312
    17  0.17345839    4.720043  108.846876      -4.718071  -0.654934  -2.053227
    18  0.17657114    4.804745  110.800156      -4.656748  -1.500792   0.532183
    19  0.15131184    4.117405   94.949695      -4.355342  -3.509025   0.720084
    20  0.16949848    4.612288  106.361991      -4.294088  -1.813415   0.239902
    21  0.16411349    4.465755  102.982855      -4.161794  -2.958645  -2.350266
    22  0.20002065    5.442839  125.514958      -3.952090   1.782748  -2.448610
    23  0.22812097    6.207487  143.148189      -3.734919  -3.376730   3.882110
    24  0.21633265    5.886711  135.750899      -3.678714   2.831143   0.484318
    25  0.22319170    6.073355  140.055025      -3.500322   3.956009  -2.072585
    26  0.22617325    6.154487  141.925979      -3.504503   0.856466  -0.016911
    27  0.16083384    4.376511  100.924846      -3.409983   4.693222   0.361848
    28  0.21338903    5.806611  133.903751      -3.268824   1.638909  -4.173091
    29  0.21644324    5.889720  135.820295      -2.691711  -0.173202  -0.911867
    30  0.22026157    5.993622  138.216339      -2.661242   5.090105  -1.290057
    31  0.16944826    4.610922  106.330479      -2.455885  -2.720773   0.243217
    32  0.16609092    4.519564  104.223713      -2.338551   3.306040  -3.452080
    33  0.19991861    5.440062  125.450924      -2.177379   2.365298   0.437828
    34  0.20446429    5.563756  128.303384      -2.154525   5.254800   1.722691
    35  0.16851522    4.585532  105.744988      -2.055288  -1.235352   0.661728
    36  0.22508014    6.124742  141.240041      -2.045925   2.577870  -0.938654
    37  0.20601472    5.605946  129.276297      -1.228251   1.796669  -1.603592
    38  0.19682957    5.356005  123.512521      -1.132770   4.934234   0.113200
    39  0.16672901    4.536927  104.624121      -1.019833  -0.479593  -0.066105
    40  0.22133071    6.022715  138.887236      -0.729453   2.703336  -2.662796
    41  0.03105203    0.844969   19.485459      -0.507561  -3.426738   3.774099
    42  0.10964056    2.983471   68.800547      -0.325259  -0.495036   2.438253
    43  0.22736987    6.187049  142.676865      -0.060670   5.959810   0.490512
    44  0.18653146    5.075779  117.050355       0.199839  -2.313267  -3.984230
    45  0.15785810    4.295537   99.057535       0.072226   0.725200   0.914873
    46  0.20788331    5.656792  130.448854       0.353429   2.591073   0.673151
    47  0.22979792    6.253120  144.200496       0.369774   2.865998  -0.894362
    48  0.09893878    2.692261   62.085073       0.571704  -2.624653   0.902562
    49  0.18662468    5.078316  117.108851       0.870953  -1.249952  -0.397467
    50  0.17335270    4.717167  108.780553       1.258366   5.098551  -0.417010
    51  0.18092156    4.923126  113.530086       1.164324   6.566855  -0.923591
    52  0.09725054    2.646322   61.025684       1.419348  -1.506925   2.009907
    53  0.18560894    5.050676  116.471466       1.416584   1.284303  -1.325359
    54  0.16735680    4.554010  105.018066       1.287096   4.840868   0.946952
    55  0.17343550    4.719420  108.832511       1.386434   6.025584   1.991665
    56  0.17525278    4.768871  109.972872       1.464717  -4.761817  -2.261431
    57  0.13368964    3.637880   83.891583       1.627840  -0.342347   0.494981
    58  0.15486998    4.214226   97.182461       1.547178   0.868059   0.402316
    59  0.16636773    4.527096  104.397416       1.686524   3.923716  -1.299872
    60  0.15523936    4.224278   97.414249       1.862602  -2.908695  -0.833993
    61  0.05602757    1.524588   35.157863       2.041856   1.488463   3.013582
    62  0.11980740    3.260125   75.180343       2.071523   7.226592   0.660488
    63  0.20634861    5.615031  129.485816       2.110724  -0.863138  -1.942157
    64  0.17471046    4.754113  109.632561       2.355907   5.096648  -2.638442
    65  0.15224900    4.142906   95.537772       2.641541   4.220371   2.822078
    66  0.18184275    4.948193  114.108146       2.969451   2.969339  -0.285716
    67  0.13674593    3.721046   85.809441       2.998064   5.877462  -0.913845
    68  0.12969077    3.529065   81.382254       3.135055   5.401338   1.489453
    69  0.18337590    4.989912  115.070212       3.266372  -1.531400  -1.701843
    70  0.17399077    4.734530  109.180948       3.332933  -0.872143  -0.304194
    71  0.15863457    4.316666   99.544778       3.513902  -3.638116   2.110640
    72  0.21119871    5.747009  132.529302       3.616520  -1.529812  -3.205411
    73  0.14075694    3.830191   88.326387       3.921712   5.363555   0.128984
    74  0.16453795    4.477305  103.249211       4.040254   6.942169   0.516536
    75  0.16740004    4.555187  105.045197       4.145902   2.805385  -1.874768
    76  0.11751649    3.197786   73.742773       4.195840   4.574983  -2.401167
    77  0.14829572    4.035332   93.057048       4.373578  -4.101960  -1.134541
    78  0.12889899    3.507520   80.885407       4.314527   4.035935  -0.144596
    79  0.15197975    4.135579   95.368815       4.438687   2.309385   0.914482
    80  0.10150817    2.762178   63.697391       4.515100   3.634868   2.182045
    81  0.12706963    3.457741   79.737465       4.702954  -4.425369   1.436402
    82  0.15457713    4.206258   96.998697       4.887427  -2.529756  -3.187492
    83  0.16323327    4.441803  102.430507       5.022969   5.675739  -1.043948
    84  0.15744790    4.284375   98.800132       5.174830   5.202374   1.300478
    85  0.15219891    4.141543   95.506341       5.297114  -2.913835  -0.607888
*   86  0.26219848    7.134783  164.532165       5.419787   0.119312  -1.014392
    87  0.17443105    4.746510  109.457228       6.014685  -5.485673   1.435948
    88  0.19021245    5.175944  119.360216       6.289456  -3.354706  -3.806976
    89  0.13531869    3.682209   84.913830       6.469828  -5.180773  -0.096645
    90  0.14165943    3.854749   88.892712       6.619217  -4.302790  -2.393726
    91  0.18298114    4.979170  114.822493       7.480105  -5.288080  -1.491879
