 Number of surface minima:    67
   #       a.u.         eV      kcal/mol           X/Y/Z coordinate(Angstrom)
     1  0.11361339    3.091577   71.293535      -7.967704  -1.518835   1.992331
     2  0.11204106    3.048792   70.306887      -7.456627  -3.668874   1.999072
     3  0.09436147    2.567706   59.212766      -7.173939  -1.093929   0.816087
     4  0.09254679    2.518326   58.074035      -6.668396  -3.702162   0.778438
     5  0.09442431    2.569416   59.252198      -6.644761  -0.960936   0.022805
     6  0.09507503    2.587123   59.660534      -6.512467  -0.971078   2.003898
     7  0.09315519    2.534882   58.455812      -6.149068  -3.582956  -0.017894
     8  0.09216004    2.507802   57.831348      -6.004062  -3.565317   1.970866
     9  0.09113335    2.479864   57.187086      -5.586141  -0.751934   2.111486
    10  0.10410730    2.832904   65.328374      -5.393676  -0.696162   0.023277
    11  0.08667636    2.358584   54.390282      -4.924936  -3.339400   2.110116
    12  0.10111361    2.751441   63.449799      -4.785545  -3.260994   0.131583
    13  0.10181551    2.770541   63.890249      -4.922383  -0.612131   1.055577
    14  0.07117645    1.936810   44.663933      -4.481264   1.803781   0.282302
    15  0.09569515    2.603997   60.049664      -4.277455  -3.158247   1.046809
    16  0.10928024    2.973667   68.574445      -4.162136  -0.688005   2.311005
    17  0.10288932    2.799761   64.564078      -3.734003  -2.855725   2.242287
    18  0.07147339    1.944890   44.850266      -3.317379   3.089361   2.898006
    19  0.06089074    1.656921   38.209551      -3.204016   1.758324  -0.932381
    20  0.11029553    3.001294   69.211548      -3.071291  -1.681058   1.581891
    21  0.07350345    2.000131   46.124151      -2.940521   1.095521   2.844162
    22  0.13224351    3.598529   82.984126      -2.177449   5.270114   0.860643
    23  0.11103284    3.021357   69.674219      -2.077209   4.869307  -1.789167
    24  0.03602755    0.980360   22.607649      -1.901593  -3.939236  -0.303706
    25  0.04460179    1.213676   27.988069      -1.944223  -2.344131  -2.846829
    26  0.02399080    0.652823   15.054469      -1.904277  -1.685371   1.436956
    27  0.13379643    3.640786   83.958600      -1.761807   6.908463  -0.014256
    28  0.02633686    0.716662   16.526645      -1.633681  -4.608429  -2.936768
    29  0.02222950    0.604895   13.949233      -1.330278  -0.195156  -3.437081
    30  0.11812584    3.214367   74.125143      -1.283282   5.927823   0.522585
    31  0.12338458    3.357465   77.425057      -1.180229   5.484848  -2.334512
    32  0.02673951    0.727619   16.779308      -0.691518  -0.095128   1.916278
    33  0.13631218    3.709243   85.537254      -0.564897   3.343164  -1.595895
    34  0.12957966    3.526042   81.312530      -0.447511   6.512012  -0.043403
    35  0.02659234    0.723614   16.686957      -0.327698  -0.227422   1.911559
    36  0.13729256    3.735921   86.152456      -0.238444   6.414554  -2.860876
*   37  0.01104921    0.300664    6.933491      -0.144534  -3.792911   0.407168
    38  0.02391894    0.650868   15.009376      -0.050652  -3.547712  -1.258336
    39  0.11897227    3.237400   74.656288      -0.019189   5.218135  -2.646118
    40  0.14450742    3.932247   90.679853       0.468829   3.012537  -1.793817
    41  0.14138088    3.847170   88.717919       0.392546   7.328862  -0.907947
    42  0.12754135    3.470577   80.033470       0.746394   6.248906  -0.301811
    43  0.12795890    3.481939   80.295491       0.952530   1.548920  -1.405314
    44  0.03030868    0.824741   19.018999       1.136857  -0.239063  -2.559033
    45  0.04785278    1.302140   30.028095       1.283653  -3.272487  -2.261928
    46  0.18045576    4.910451  113.237793       1.526759   3.018526   0.858059
    47  0.13043309    3.549265   81.848066       1.711762   0.053426   1.444458
    48  0.03942274    1.072747   24.738167       1.955751  -4.063114  -0.270372
    49  0.14895592    4.053297   93.471331       2.086663   2.260261   3.111375
    50  0.12753234    3.470331   80.027818       2.912172  -2.062289   0.913522
    51  0.14549096    3.959010   91.297030       2.917536  -0.454903   2.110116
    52  0.16081865    4.376098  100.915311       3.184588   3.530424   2.011456
    53  0.14624754    3.979598   91.771792       3.415247   2.424060  -2.253883
    54  0.17692350    4.814333  111.021266       3.602789   1.156410  -0.138887
    55  0.15515805    4.222065   97.363227       3.739973   4.204069  -1.792934
    56  0.15650403    4.258691   98.207847       3.943281   2.709042   3.178862
    57  0.15924603    4.333305   99.928476       4.316110   3.207438  -0.679346
    58  0.05949835    1.619032   37.335810       4.489284  -3.229587  -3.008757
    59  0.11964588    3.255730   75.078983       4.513436  -3.489304   1.051762
    60  0.10671020    2.903732   66.961717       4.805874  -2.893695   2.110116
    61  0.11758244    3.199581   73.784155       4.817901  -1.170158   3.433059
    62  0.12573132    3.421323   78.897662       5.845437  -2.421891  -0.403475
    63  0.13541776    3.684905   84.975999       5.935265  -1.404556   3.955794
    64  0.11343358    3.086685   71.180704       6.450954  -1.681686   0.392686
    65  0.12491590    3.399135   78.385978       6.387133   0.146017   1.713233
    66  0.12613380    3.432275   79.150218       6.857353  -1.013540   1.321391
    67  0.13879370    3.776769   87.094433       7.314696  -0.423455   2.506999
 
 Number of surface maxima:    87
   #       a.u.         eV      kcal/mol           X/Y/Z coordinate(Angstrom)
     1  0.18149809    4.938814  113.891866      -8.571470  -2.815602   2.506999
     2  0.18139139    4.935911  113.824913      -8.469702  -2.712767  -0.778658
     3  0.13653542    3.715318   85.677344      -8.182140  -2.706197   0.814729
     4  0.13614491    3.704691   85.432291      -7.041644  -2.444361   3.094508
     5  0.14147423    3.849710   88.776495      -6.836288  -2.372442  -1.256474
     6  0.17920120    4.876313  112.450545      -5.960977  -2.193655   4.255844
     7  0.14650608    3.986633   91.934029      -5.958017  -1.368959   0.968579
     8  0.14531545    3.954234   91.186897      -5.586407  -2.919748   0.919468
     9  0.19290377    5.249178  121.049042      -5.606780  -2.087422  -2.287590
    10  0.13306759    3.620953   83.501243      -4.640261  -1.926584   3.205240
    11  0.17040154    4.636862  106.928670      -4.406087  -1.956942  -1.336889
    12  0.16659065    4.533162  104.537302      -4.132549  -4.442766  -1.992539
    13  0.08645137    2.352461   54.249100      -4.231900   2.570342  -0.650627
    14  0.18576404    5.054897  116.568792      -3.630247  -1.615056  -2.187992
    15  0.17258050    4.696154  108.295987      -3.601857  -0.358574  -0.403163
    16  0.19485933    5.302392  122.276177      -3.585098   2.162754   1.584048
    17  0.20169821    5.488487  126.567643      -3.469546   4.667540   0.257989
    18  0.13583450    3.696245   85.237507      -3.265163  -2.211837   0.991709
    19  0.17270749    4.699610  108.375675      -3.130733  -1.577655   2.845964
    20  0.08801872    2.395111   55.232627      -2.808227   0.169461   2.316471
    21  0.09528884    2.592941   59.794700      -2.704997   4.214425   2.583135
    22  0.16112998    4.384570  101.110672      -2.754328   5.779720  -0.403475
    23  0.20209286    5.499226  126.815289      -2.680330   7.319736  -1.200969
    24  0.22366830    6.086324  140.354092      -2.411987   3.476818   0.257479
    25  0.15309683    4.165977   96.069791      -2.127159  -1.268663  -1.302137
    26  0.21019978    5.719827  131.902466      -2.131050   1.246311   0.269527
    27  0.05927717    1.613014   37.197018      -2.109805   1.620508  -2.771475
    28  0.18700722    5.088725  117.348902      -1.720973   3.797388   0.975449
    29  0.14739622    4.010855   92.492600      -1.609772  -6.150362  -0.920734
    30  0.14258108    3.879829   89.471055      -1.692847   0.037166  -0.138887
    31  0.22494494    6.121063  141.155200      -1.435583   2.179474   1.895228
    32  0.13378170    3.640385   83.949354      -1.301069  -2.424505  -0.242623
    33  0.16280945    4.430270  102.164557      -1.088401   7.255931  -1.594124
    34  0.13136286    3.574565   82.431511      -0.956106  -0.992284   0.969971
    35  0.18133116    4.934272  113.787115      -0.634754   4.563402  -1.537360
    36  0.18956031    5.158198  118.950992      -0.187281   5.192395  -0.148795
    37  0.14141731    3.848161   88.740778      -0.003316  -0.866076  -2.087864
    38  0.16732633    4.553181  104.998947      -0.022383   0.605262  -0.810686
    39  0.21479365    5.844832  134.785162      -0.039969   2.414621  -0.816388
    40  0.14765679    4.017945   92.656110       0.092341  -2.066687  -3.555545
    41  0.20779750    5.654457  130.395006       0.337962   7.775367  -2.387890
*   42  0.23888298    6.500337  149.901461       0.400042   2.969408   0.568747
    43  0.12801107    3.483358   80.328227       0.787318  -1.963544  -0.807429
    44  0.16345460    4.447826  102.569397       0.918395  -0.603377   0.289009
    45  0.05446552    1.482082   34.177658       1.140838  -3.150487   1.931606
    46  0.17166416    4.671219  107.720975       1.292897   6.387293  -2.057885
    47  0.07606430    2.069815   47.731110       1.423529  -2.452820  -3.182584
    48  0.20216291    5.501133  126.859247       1.689780   1.683634   1.375287
    49  0.22497855    6.121978  141.176289       1.644745   3.212230   1.824893
    50  0.19452801    5.293376  122.068271       1.861287   4.042027  -1.805262
    51  0.19388961    5.276005  121.667669       1.954368  -2.344131  -0.881497
    52  0.19334159    5.261092  121.323783       1.919682  -2.087548  -0.955642
    53  0.19382422    5.274225  121.626639       2.164358   3.554513   0.390290
    54  0.20081531    5.464463  126.013617       2.114943   4.412832  -0.773237
    55  0.20018562    5.447328  125.618477       2.483545   1.511743  -0.894386
    56  0.22745652    6.189407  142.731239       2.564110   5.436710  -2.123301
    57  0.21532495    5.859290  135.118559       2.690175  -0.682264   0.919468
    58  0.21741403    5.916137  136.429476       2.628576   2.159139   0.397618
    59  0.21079438    5.736007  132.275584       2.906432   3.790409  -2.917067
    60  0.21230999    5.777248  133.226639       3.161336   1.639463   3.983849
    61  0.07106593    1.933802   44.594584       3.277311  -4.674224  -0.087682
    62  0.17889362    4.867943  112.257538       3.277311  -3.597308  -2.185829
    63  0.21625388    5.884567  135.701473       3.284022  -1.409826  -1.984026
    64  0.16767097    4.562559  105.215208       3.246952   3.198942   2.878077
    65  0.23597238    6.421135  148.075030       3.548969   0.043661  -0.136054
    66  0.22265169    6.058661  139.716160       3.653153   4.664477  -0.148063
    67  0.19362096    5.268694  121.499087       3.806921   0.842253   2.759444
    68  0.20377754    5.545069  127.872442       3.938783  -2.790159  -0.138887
    69  0.19270069    5.243652  120.921609       3.936370   1.755737   0.658293
    70  0.22215460    6.045134  139.404233       4.071077   1.677456  -0.904457
    71  0.19764525    5.378201  124.024371       4.239405  -3.005603  -0.535770
    72  0.16585344    4.513102  104.074693       4.207253   3.477367  -1.460587
    73  0.17357463    4.723206  108.919817       4.387561  -1.498470  -1.064947
    74  0.20097010    5.468675  126.110749       4.456971   1.356112   1.970542
    75  0.17810901    4.846593  111.765183       4.539076  -1.843525  -0.813921
    76  0.17933521    4.879959  112.534640       4.578589  -1.475623   2.110116
    77  0.18043409    4.909861  113.224198       4.609196  -2.075054  -0.668064
    78  0.22311546    6.071280  140.007181       4.744305   3.086985   1.857433
    79  0.22730750    6.185351  142.637726       5.122344   1.489475   3.559226
    80  0.19325771    5.258810  121.271146       5.273365  -3.800563  -0.274018
    81  0.08606423    2.341927   54.006165       5.462325  -2.507654  -2.387890
    82  0.18563703    5.051441  116.489094       5.512939  -0.759607   1.060047
    83  0.15525552    4.224718   97.424394       6.166308  -3.298003   0.910610
    84  0.17035675    4.635643  106.900563       6.104820   0.190450   3.482388
    85  0.15951841    4.340717  100.099401       7.049013  -2.079543   2.839050
    86  0.19792353    5.385773  124.198997       7.378435  -3.464685   1.977822
    87  0.20566528    5.596437  129.057022       7.361070  -0.760508   3.952319
