 Number of surface minima:    60
   #       a.u.         eV      kcal/mol           X/Y/Z coordinate(Angstrom)
     1  0.15189874    4.133375   95.317977      -7.227609  -1.467663  -1.933686
     2  0.14096455    3.835841   88.456667      -6.564207  -1.791017  -0.666697
     3  0.13976231    3.803126   87.702247      -6.299618  -0.748872  -1.212083
     4  0.12739345    3.466552   79.940664      -6.144184  -2.404314   0.295723
     5  0.15230243    4.144360   95.571296      -5.894654  -2.651546  -3.241069
     6  0.14227156    3.871406   89.276825      -5.487591  -4.216055  -1.512725
     7  0.13904567    3.783625   87.252545      -5.505852  -2.949251   1.057715
     8  0.14202746    3.864764   89.123650      -4.976675  -3.118559  -2.258827
     9  0.14056754    3.825037   88.207534      -4.712087  -2.057911  -2.918005
    10  0.12824275    3.489663   80.473608      -4.553450  -3.810003  -1.230445
    11  0.16958025    4.614513  106.413301      -4.415914   3.051054   0.334027
    12  0.13814569    3.759135   86.687802      -4.157389  -4.072595  -0.313174
    13  0.17160521    4.669615  107.683982      -4.059369   1.858061  -3.263931
    14  0.16355503    4.450559  102.632414      -3.922870   4.219656   1.115477
    15  0.15216629    4.140655   95.485868      -3.521438   2.702250   1.974451
    16  0.18839501    5.126489  118.219752      -3.493756   0.929123   0.308750
    17  0.17517142    4.766657  109.921816      -3.417770   2.851088  -2.344107
    18  0.16851901    4.585635  105.747363      -2.731911  -0.917752  -1.784041
*   19 -0.02351286   -0.639817  -14.754554      -2.278597  -4.380880   3.542642
    20  0.16580555    4.511799  104.044644      -2.188380   1.576794  -3.128497
    21  0.15382498    4.185791   96.526715      -1.663360  -0.284696  -1.274918
    22  0.19423295    5.285347  121.883116      -1.401946   2.647448  -1.147600
    23  0.01224111    0.333098    7.681422      -1.109843  -0.941228   2.889153
    24  0.13939649    3.793171   87.472689      -1.013741   1.723853   1.372708
    25  0.13585471    3.696795   85.250187      -0.949918   6.101798  -0.817334
    26  0.06253575    1.701684   39.241806      -0.757261  -3.873157  -1.938671
    27  0.08623138    2.346475   54.111056      -0.633705  -1.112887  -1.811904
    28  0.14751163    4.013995   92.565020      -0.629855   7.249360  -0.517434
    29  0.12555255    3.416459   78.785481      -0.243734   5.658734   1.717989
    30  0.14223273    3.870349   89.252461      -0.102515   6.988894   1.603992
    31  0.06666518    1.814052   41.833065       0.077727  -0.518930  -1.525433
    32  0.13821809    3.761106   86.733236       0.241961   6.334958  -1.080693
    33  0.14785624    4.023373   92.781268       0.433027   3.687961   1.235452
    34  0.08660188    2.356557   54.343545       0.969273  -3.052755  -1.137247
    35  0.12989487    3.534619   81.510327       0.893010   5.963879   1.422477
    36  0.12803754    3.484079   80.344835       1.211675   5.541193  -1.467574
    37 -0.01835480   -0.499460  -11.517822       1.436255  -1.407602   3.950136
    38  0.14156500    3.852180   88.833453       1.638040   6.599547  -1.201516
    39 -0.00709245   -0.192995   -4.450582       1.749160  -0.147462   3.576123
    40  0.14532172    3.954405   91.190836       1.892867  -0.654449  -0.997087
    41  0.11798694    3.210588   74.037987       1.859804   5.273336   1.097253
    42  0.00866839    0.235879    5.439499       3.161778  -1.234844   1.770624
    43  0.10102723    2.749091   63.395597       4.111252  -1.479828   1.080247
    44  0.10260332    2.791978   64.384609       4.562836  -3.039175  -1.259945
    45  0.09323567    2.537072   58.506318       4.673822  -0.424019  -1.540169
    46  0.09540405    2.596076   59.866995       4.810950  -2.929152  -0.188004
    47  0.01208750    0.328918    7.585029       4.722355   1.473332  -1.375378
    48  0.08754026    2.382092   54.932387       4.918335  -0.324335  -0.490297
    49  0.09688495    2.636374   60.796277       5.058427  -2.571112   1.109152
    50  0.09525146    2.591924   59.771245       5.222732  -0.402341   0.857875
    51  0.09334926    2.540163   58.577597       5.454389  -3.223922  -2.207780
    52  0.08958757    2.437802   56.217096       5.587844  -0.575440  -2.470904
    53  0.08282899    2.253891   51.976018       5.983634  -2.980625   0.167702
    54  0.08011144    2.179943   50.270730       6.200265  -0.347832  -0.213791
    55  0.09175728    2.496843   57.578613       6.380876  -3.243944  -1.948760
    56  0.08960793    2.438356   56.229875       6.565335  -0.610320  -2.198205
    57  0.08936776    2.431820   56.079163       6.640303  -3.099890  -0.621619
    58  0.08745175    2.379683   54.876845       6.766637  -0.473093  -0.875262
    59  0.11022387    2.999344   69.166581       7.859183  -3.051342  -1.533208
    60  0.11023787    2.999725   69.175364       7.961611  -0.872050  -1.815329
 
 Number of surface maxima:    73
   #       a.u.         eV      kcal/mol           X/Y/Z coordinate(Angstrom)
     1  0.21914221    5.963163  137.513928      -7.290240  -2.031516  -3.321121
     2  0.20976857    5.708093  131.631874      -6.962953  -4.381202  -1.141506
     3  0.17395846    4.733650  109.160675      -6.833311  -3.059225  -2.068759
     4  0.18612780    5.064795  116.797054      -6.098860  -0.808934  -3.055802
     5  0.16734793    4.553769  105.012502      -5.674694  -3.994443  -0.085347
     6  0.20107486    5.471525  126.176486      -5.378643  -1.452548  -0.596304
     7  0.24382107    6.634709  153.000160      -5.229172   0.504347  -3.362115
     8  0.23733011    6.458081  148.927016      -4.892249   2.366129  -1.959320
     9  0.20039628    5.453060  125.750667      -4.710458  -4.244677   1.107348
    10  0.21817126    5.936742  136.904648      -4.489920   0.646303  -1.821606
    11  0.20227000    5.504047  126.926450      -4.319446  -2.164457  -1.560561
    12  0.17466027    4.752748  109.601064      -4.309095   3.427231   0.978123
    13  0.23130801    6.294211  145.148091      -4.070895   1.569416   0.830760
    14  0.20203680    5.497701  126.780112      -3.989415  -2.558853   1.241447
    15  0.21331636    5.804633  133.858150      -3.806062  -0.021941  -2.497752
    16  0.23409875    6.370151  146.899310      -3.814177   4.218250  -0.680029
    17  0.24926098    6.782736  156.413757      -3.392987  -0.265125   0.453912
    18  0.18247339    4.965353  114.503878      -3.381159   2.358353  -3.105144
    19  0.20045103    5.454550  125.785028      -3.386032  -3.057004   0.582868
    20  0.23025563    6.265574  144.487710      -3.287077   0.584977  -3.847063
    21  0.21081670    5.736614  132.289586      -3.022673  -2.536371  -2.349188
    22  0.21734301    5.914204  136.384913      -3.024607   4.150802   2.299801
    23  0.18448154    5.019998  115.764013      -2.709124  -1.046274   2.043576
    24  0.23524325    6.401294  147.617493      -2.805881   5.701743   0.992003
    25  0.23469585    6.386399  147.273991      -2.649116   1.836952  -0.500769
    26  0.23677784    6.443053  148.580464      -2.434301  -1.021240  -0.558391
    27  0.20910332    5.689991  131.214426      -2.454306   1.575372   0.856406
    28  0.21225857    5.775850  133.194378      -2.263255   4.350544   0.162176
    29  0.20357814    5.539643  127.747316      -1.933906   4.237615   1.149211
    30  0.23887500    6.500119  149.896453      -1.884833   2.759010  -2.056472
    31  0.21656255    5.892967  135.895166      -1.779950   1.184224  -1.412272
    32  0.17834087    4.852902  111.910676      -1.546808   6.613150   0.714885
    33  0.17521390    4.767813  109.948475      -1.385164  -1.876297   0.984812
    34  0.18545611    5.046517  116.375562      -0.748053  -0.950177   0.177077
    35  0.21267071    5.787064  133.452999      -0.586973   8.085139   0.729967
    36  0.12776455    3.476650   80.173532      -0.542653  -2.020306   1.506035
*   37  0.25264596    6.874846  158.537869      -0.415763   2.693624  -0.812356
    38  0.10504255    2.858353   65.915252      -0.172755  -3.797445  -0.842077
    39  0.19867738    5.406286  124.672043      -0.193876  -2.260623  -3.887312
    40  0.17116864    4.657736  107.410035      -0.118977   0.632634   0.919848
    41  0.22933748    6.240590  143.911562      -0.108705   2.487244   0.666051
    42  0.19943388    5.426872  125.146751       0.027504   5.012015  -0.659252
    43  0.11986195    3.261610   75.214573       0.186053  -0.670594   2.569948
    44  0.13657424    3.716374   85.701698       0.344468  -2.250844  -2.198205
    45  0.19084004    5.193021  119.754031       0.451898   4.883994   0.851063
    46  0.15423977    4.197078   96.786999       0.723158  -4.251698   0.457985
    47  0.16871005    4.590834  105.867245       0.851961   7.403884   0.189575
    48  0.20601637    5.605991  129.277335       1.118172   1.321327  -1.399032
    49  0.02572482    0.700008   16.142583       1.180636  -3.383046   3.959106
    50  0.18398490    5.006484  115.452362       1.358631  -1.211650  -0.369110
    51  0.13382989    3.641696   83.979594       1.505746  -2.459217   0.976858
    52  0.17599905    4.789178  110.441166       1.513826   1.047547   0.190260
    53  0.21075361    5.734897  132.249997       1.899923  -1.605709  -2.066985
    54  0.14221946    3.869988   89.244133       1.789299  -0.006854   0.462043
    55  0.06306035    1.715959   39.571003       1.871960   2.047984   2.685264
    56  0.21192267    5.766709  132.983597       1.960426   3.292189  -1.082054
    57  0.09912825    2.697417   62.203971       2.056860  -1.060566   2.047443
    58  0.20423773    5.557591  128.161218       2.231394   3.224072  -0.109388
    59  0.20779618    5.654422  130.394183       2.461364   7.405930  -0.194035
    60  0.16673494    4.537089  104.627845       2.606304   5.715691  -0.455739
    61  0.17820456    4.849193  111.825146       2.747327  -2.742416  -0.585184
    62  0.17315088    4.711675  108.653906       2.807348  -0.312911  -0.885488
    63  0.20636221    5.615401  129.494349       3.357866   4.404521  -0.821285
    64  0.20441108    5.562308  128.269997       3.389770  -1.846528  -3.506234
    65  0.15877074    4.320372   99.630228       4.976463  -1.314633   1.942929
    66  0.14326723    3.898500   89.901620       5.606869  -2.573378  -1.139851
    67  0.14068290    3.828176   88.279925       5.715808  -0.982725  -1.283730
    68  0.12373521    3.367006   77.645082       6.369006  -1.483695   1.185454
    69  0.18372850    4.999507  115.291472       6.493210  -2.145218  -4.373834
    70  0.13616134    3.705139   85.442604       7.450654  -2.120839  -2.966744
    71  0.17167959    4.671639  107.730659       8.023473  -1.587616   1.117019
    72  0.13178874    3.586154   82.698751       8.133103  -1.857071  -0.600238
    73  0.17954646    4.885708  112.667201       8.864067  -2.025232  -2.065911
