 Number of surface minima:    69
   #       a.u.         eV      kcal/mol           X/Y/Z coordinate(Angstrom)
     1  0.13569485    3.692445   85.149874      -6.615197  -1.085689  -2.384350
     2  0.12733158    3.464868   79.901840      -6.174352  -3.239373  -2.723109
     3  0.12898411    3.509836   80.938821      -6.152270  -1.289252  -0.230891
     4  0.11914942    3.242220   74.767450      -6.026035   1.028594  -0.866099
     5  0.11296072    3.073818   70.883982      -5.949218   1.004638   1.121346
     6  0.12352456    3.361274   77.512896      -5.792137  -0.873015  -1.271006
     7  0.12397793    3.373611   77.797392      -5.614140   3.288668  -1.919627
     8  0.12537596    3.411653   78.674671      -5.398647  -0.614942  -2.596118
     9  0.10862207    2.955757   68.161436      -5.197789  -3.430256  -1.635440
    10  0.10659320    2.900548   66.888299      -5.346852   3.152706   2.572201
    11  0.12130662    3.300921   76.121114      -5.226210   4.818871  -0.887055
    12  0.12135294    3.302181   76.150182      -5.106056  -0.869934  -0.356001
    13  0.13676047    3.721442   85.818560      -5.093916  -0.604498  -3.800584
    14  0.11027377    3.000702   69.197894      -4.983674   4.704119   1.776962
    15  0.11115190    3.024597   69.748926      -4.809062  -3.176172  -2.964087
    16  0.12259797    3.336060   76.931451      -4.861346  -0.091823  -0.001497
    17  0.10411835    2.833204   65.335303      -4.533276  -3.426791  -0.838683
    18  0.13556458    3.688900   85.068132      -4.410795  -1.181170   0.628982
    19  0.13036190    3.547328   81.803396      -4.255787  -0.367271  -2.828125
    20  0.11930569    3.246473   74.865511      -4.110187   1.163314   2.474581
    21  0.11712263    3.187069   73.495620      -3.759809  -3.179678   0.335010
    22  0.11415645    3.106355   71.634313      -3.802328  -2.984322  -3.122461
    23  0.11111969    3.023721   69.728718      -3.752844   3.816011   2.711217
    24  0.14556862    3.961124   91.345767      -3.575355  -0.424218  -1.789129
    25  0.11726644    3.190982   73.585862      -3.350736  -3.172638  -0.977507
    26  0.12317621    3.351795   77.294302      -2.996936  -2.968403  -2.060444
    27  0.17429623    4.742842  109.372630      -2.697739   0.769737  -0.067171
    28  0.17207601    4.682426  107.979418      -2.572613   1.438712  -1.121153
    29  0.18594616    5.059852  116.683077      -2.606142   2.291635  -1.983751
    30  0.18329343    4.987668  115.018459      -2.159722   4.104977  -0.845922
    31  0.03466759    0.943353   21.754257      -2.022309  -1.863615   1.377721
    32  0.16904820    4.600036  106.079439      -2.082912   2.867891   1.358867
    33  0.16757725    4.560009  105.156400      -1.892757   3.548774   0.330228
    34  0.05143630    1.399653   32.276791      -1.603656  -0.291923   2.891780
    35  0.18073018    4.917918  113.409995      -1.464940   1.484932  -1.599805
    36  0.02675430    0.728022   16.788592      -0.463615  -4.128458   1.045948
    37  0.18043145    4.909790  113.222542      -0.357776   0.974482  -1.316489
    38  0.00958872    0.260922    6.017015      -0.185713   0.248426   2.990717
    39  0.10702346    2.912257   67.158294      -0.142724  -2.881506  -1.656834
    40  0.18640836    5.072430  116.973113      -0.059379   3.156954   0.200856
    41  0.19175338    5.217875  120.327161       0.065562   4.013750  -1.055402
    42  0.16368821    4.454183  102.715989       0.071117   4.216573  -3.115701
    43  0.19167597    5.215768  120.278585       0.337973   3.953677  -0.991691
    44  0.04386866    1.193727   27.528021       0.340204  -5.305213  -0.853552
*   45 -0.02075742   -0.564838  -13.025488       0.456209  -2.278139   4.028102
    46  0.16281082    4.430308  102.165418       0.610088   2.502287  -3.507013
    47  0.16184148    4.403931  101.557147       1.388505   4.951244   0.170537
    48  0.05015490    1.364784   31.472699       1.520799  -3.233469  -0.650489
    49  0.04638039    1.262075   29.104157       1.428531  -1.961611  -0.981753
    50  0.16939783    4.609549  106.298830       1.549256   3.695252  -2.563338
    51 -0.01157955   -0.315096   -7.266285       1.719944  -1.812604   3.634938
    52  0.14265459    3.881829   89.517179       1.934762   4.072469   1.776825
    53  0.13763246    3.745170   86.365748       2.152737   1.427903   1.189053
    54  0.15086050    4.105123   94.666475       2.996102   5.030273   0.346771
    55  0.07501366    2.041225   47.071819       3.224203  -2.420092   0.293401
    56  0.13965580    3.800228   87.635410       3.383026   1.702441   1.144692
    57  0.16246604    4.420926  101.949066       3.814107   0.540862  -1.862351
    58  0.15720176    4.277677   98.645676       4.061644   1.717697  -1.620666
    59  0.13178896    3.586160   82.698888       4.139632   1.031020   0.934292
    60  0.16963960    4.616128  106.450544       4.576154   2.775255  -1.133264
    61  0.10734415    2.920983   67.359527       5.041834  -2.144043  -1.020886
    62  0.10881620    2.961039   68.283254       5.457087  -0.305407  -3.434808
    63  0.08246325    2.243939   51.746514       5.681949  -1.350278   1.313667
    64  0.09876851    2.687628   61.978228       6.699424  -1.227449  -2.594741
    65  0.10328633    2.810564   64.813203       6.944866   0.634137  -3.191176
    66  0.08910714    2.424729   55.915624       6.944836  -1.882459   0.195787
    67  0.08891233    2.419427   55.793373       7.321167  -0.567156   1.326954
    68  0.10776713    2.932493   67.624949       7.606337   2.353963  -1.459691
    69  0.10356187    2.818062   64.986111       7.751790   1.833101   0.466347
 
 Number of surface maxima:    99
   #       a.u.         eV      kcal/mol           X/Y/Z coordinate(Angstrom)
     1  0.19785317    5.383859  124.154843      -7.376889  -2.284350  -2.866805
     2  0.19259861    5.240875  120.857553      -6.733868  -2.593347   0.275159
     3  0.15286935    4.159787   95.927049      -6.736448  -2.287478  -1.431695
     4  0.17653307    4.803709  110.776267      -6.775317   1.989200   0.087159
     5  0.18102438    4.925924  113.594612      -6.394468   3.826625  -0.715661
     6  0.13949109    3.795746   87.532056      -6.182200  -0.860864  -2.327754
     7  0.17200114    4.680389  107.932434      -6.234778   3.941494   1.409908
     8  0.12892759    3.508298   80.903350      -5.857173  -3.292536  -2.691420
     9  0.15736221    4.282044   98.746362      -5.939833  -1.905530  -3.693400
    10  0.13172932    3.584537   82.661464      -5.731786   0.273489  -0.049131
    11  0.15696729    4.271297   98.498547      -5.514367   3.009338   0.178480
    12  0.14181838    3.859074   88.992451      -5.267549   2.203531   1.253640
    13  0.14934530    4.063892   93.715671      -5.093916  -2.176533   0.529220
    14  0.15391988    4.188373   96.586262      -5.183501   2.240486  -1.084948
    15  0.20403267    5.552011  128.032540      -4.858054  -1.497972  -5.021951
    16  0.13852397    3.769429   86.925179      -4.853047   4.338377  -1.978467
    17  0.17458996    4.750834  109.556947      -4.715780   0.107447   1.517611
    18  0.19039495    5.180910  119.474736      -4.594959   0.494529  -1.567756
    19  0.12051265    3.279316   75.622892      -4.671777   4.101023   2.582988
    20  0.15017815    4.086555   94.238294      -4.564739   4.272522   0.261725
    21  0.17695462    4.815180  111.040796      -4.447923  -1.109184  -1.662836
    22  0.16668789    4.535808  104.598321      -4.185304   2.353963   3.069681
    23  0.16539043    4.500502  103.784147      -4.160818  -2.670690  -1.895034
    24  0.20041674    5.453617  125.763507      -4.103527   2.618551  -2.582895
    25  0.18186771    4.948872  114.123807      -3.762680  -2.136953   1.397233
    26  0.16909360    4.601271  106.107922      -3.372350   0.239752   3.514471
    27  0.19436031    5.288813  121.963035      -3.401431   1.155570   0.838342
    28  0.19618718    5.338525  123.109417      -3.426585   5.079648  -1.022124
    29  0.19492374    5.304145  122.316598      -3.265541   2.478255  -1.270562
    30  0.19110105    5.200124  119.917822      -3.089606   2.247737   1.553827
    31  0.18162211    4.942189  113.969691      -3.219575   4.877142   1.401184
    32  0.19285504    5.247853  121.018468      -2.834767   3.672383  -0.459793
    33  0.15726394    4.279370   98.684697      -2.479101  -2.408632  -0.127756
*   34  0.24964809    6.793270  156.656675      -2.449116   3.817622  -2.322815
    35  0.17403826    4.735822  109.210750      -2.255382  -5.126459  -1.361331
    36  0.15631337    4.253503   98.088202      -1.944453  -2.728267  -0.466186
    37  0.20775031    5.653173  130.365396      -1.905753  -0.932686  -2.193110
    38  0.22825472    6.211127  143.232121      -1.821367  -1.103534  -3.785280
    39  0.22452295    6.109580  140.890394      -1.759014  -0.255991  -0.972296
    40  0.03070372    0.835491   19.266892      -1.610613  -2.629570   4.164115
    41  0.18268104    4.971004  114.634182      -1.488856   0.019176   1.151310
    42  0.24594494    6.692502  154.332912      -1.326967   1.226022  -0.403477
    43  0.18687366    5.085091  117.265090      -1.194003   1.794889   2.110784
    44  0.13300619    3.619282   83.462713      -1.095194  -0.804035   1.639963
    45  0.21720157    5.910355  136.296159      -1.120651   3.541658  -2.049948
    46  0.10684123    2.907298   67.043938      -0.885896  -2.607227   1.107418
    47  0.24567644    6.685196  154.164421      -0.959487   2.535465   0.472977
    48  0.22912800    6.234890  143.780114      -0.826133   3.049448  -3.758060
    49  0.23105111    6.287221  144.986885      -0.521657  -1.108684  -2.318306
    50  0.19871009    5.407177  124.692568      -0.489388   1.639137  -2.107071
    51  0.19249889    5.238161  120.794978      -0.311199  -0.126627   0.207419
    52  0.19051845    5.184271  119.552231      -0.041364  -1.860954  -0.300572
    53  0.18501301    5.034460  116.097515       0.073366  -3.992199  -3.246616
    54  0.11289588    3.072053   70.843291       0.487595  -0.769088   2.628595
    55  0.22338273    6.078553  140.174899       0.402626   3.910968   0.989052
    56  0.22069894    6.005523  138.490789       0.859328   1.629449  -1.455288
    57  0.23217459    6.317792  145.691880       0.754356   4.876562  -1.763064
    58  0.08307849    2.260681   52.132586       0.991622  -4.723981  -0.003354
    59  0.10372691    2.822553   65.089670       0.966736  -2.673221   2.117724
    60  0.20910191    5.689952  131.213538       0.980435   2.596097   0.665448
    61  0.17747565    4.829358  111.367744       0.942458   3.627741  -3.244366
    62  0.23523742    6.401136  147.613832       1.102196   2.710627  -0.744528
    63  0.16701461    4.544699  104.803336       1.438475  -0.109659   0.906727
    64  0.12590620    3.426082   79.007397       1.783490  -1.875583   0.591803
    65  0.16587754    4.513757  104.089815       1.815090   5.053489   0.645809
    66  0.14221811    3.869952   89.243286       1.917682  -4.317029   1.518229
    67  0.23265792    6.330944  145.995172       1.855729   2.089374  -2.582895
    68  0.22686906    6.173421  142.362604       2.282286   4.867555  -1.190766
    69  0.16363113    4.452629  102.680169       2.450436  -1.087743   0.202221
    70  0.19478647    5.300409  122.230457       2.373056  -0.630316  -1.598344
    71  0.23766268    6.467130  149.135708       2.857116   1.180709  -1.096023
    72  0.21286850    5.792446  133.577110       2.977252   0.899877   0.461513
    73  0.20785527    5.656030  130.431262       3.459843   4.458150   1.640153
    74  0.20183684    5.492260  126.654634       3.520117   3.549864  -0.185722
    75  0.17223752    4.686821  108.080767       3.794898  -3.152279  -1.488657
    76  0.05293685    1.440485   33.218403       3.700478  -1.022720   2.639553
    77  0.18149373    4.938696  113.889132       4.448394  -0.430765  -1.537833
    78  0.16883103    4.594126  105.943162       4.412236   1.022019  -1.819749
    79  0.17260122    4.696718  108.308991       4.695863  -0.735387  -0.333891
    80  0.17759190    4.832521  111.440696       5.038231   2.034860  -1.049877
    81  0.23093346    6.284019  144.913054       5.032153   3.484019   0.167213
    82  0.17020562    4.631530  106.805726       5.242010   1.709245   0.354943
    83  0.16299189    4.435235  102.279043       5.254441  -1.609461  -2.708768
    84  0.17709958    4.819125  111.131755       5.428566   1.427903  -3.305428
    85  0.14807087    4.029213   92.915953       5.515556  -2.267232  -0.044348
    86  0.18447256    5.019754  115.758374       6.045436   3.143561  -1.639101
    87  0.15186553    4.132471   95.297137       6.040486   0.249832   1.955735
    88  0.11571774    3.148840   72.614037       6.283394  -0.323417  -3.448620
    89  0.17517341    4.766711  109.923065       6.389396   2.479947   1.215979
    90  0.12564031    3.418847   78.840552       6.547983  -0.906210  -1.234614
    91  0.13795094    3.753836   86.565595       6.547983   1.427903  -1.960251
    92  0.09884906    2.689820   62.028772       6.813683  -1.469954   1.115216
    93  0.13829586    3.763222   86.782033       6.714431   1.329762  -1.921423
    94  0.12993271    3.535649   81.534076       7.039196   0.738474   0.450007
    95  0.14073007    3.829460   88.309524       7.219877   0.240026  -0.989260
    96  0.12197179    3.319021   76.538519       7.342262   2.883305  -0.333700
    97  0.16160544    4.397508  101.409030       7.970241  -0.168436  -2.339068
    98  0.15533134    4.226781   97.471971       8.196943  -0.658607  -0.069303
    99  0.16515282    4.494037  103.635049       8.489393   1.283842  -0.885705
