 Number of surface minima:    83
   #       a.u.         eV      kcal/mol           X/Y/Z coordinate(Angstrom)
     1  0.07584612    2.063878   47.594200      -6.973978  -2.528984   0.099872
     2  0.07687175    2.091787   48.237789      -6.899011  -3.470958  -0.624188
     3  0.07285779    1.982561   45.718991      -6.025202  -4.912722   1.450123
     4  0.08399236    2.285548   52.706048      -6.022927  -3.744837  -1.196104
     5  0.08432951    2.294723   52.917609      -6.057480  -1.883426   0.183801
     6  0.07106698    1.933831   44.595240      -5.992665  -4.005403   2.103257
     7  0.09569958    2.604118   60.052442      -5.678526  -1.235347  -2.297250
     8  0.11109236    3.022977   69.711565      -5.437822   4.268440  -0.816858
     9  0.09508971    2.587523   59.669742      -5.352815   0.512601  -0.805434
    10  0.07954803    2.164612   49.917182      -5.130898  -5.201904   0.870423
    11  0.07343604    1.998296   46.081847      -5.106469  -3.336255   2.224929
    12  0.11492625    3.127302   72.117373      -5.096639   6.192221  -1.871613
    13  0.10082331    2.743542   63.267638      -4.876161  -2.870586  -2.286579
    14  0.09817432    2.671459   61.605368      -4.648494   4.793179  -1.548734
    15  0.11357261    3.090468   71.267951      -4.418348   7.168561   0.032882
    16  0.09937484    2.704127   62.358707      -4.330372  -1.757232  -3.754593
    17  0.09718949    2.644661   60.987377      -4.342616   3.931233  -1.222727
    18  0.11765403    3.201529   73.829083      -3.993845   2.801942  -0.497202
    19  0.09565432    2.602886   60.024044      -3.944644   5.991817   0.708259
    20  0.09666778    2.630464   60.660001      -3.891699   5.680711  -2.261787
    21  0.08390611    2.283201   52.651924      -3.552237   0.365577   0.705083
    22  0.09921101    2.699669   62.255904      -3.486530   1.735834  -0.917649
    23  0.09270453    2.522619   58.173023      -3.600074   5.047833   1.087218
    24  0.10981159    2.988125   68.907871      -3.285492   3.793195   1.380790
    25  0.10813382    2.942471   67.855056      -3.194923   3.600864  -1.418106
    26  0.09519374    2.590353   59.735026      -3.153808   6.779403   0.040607
    27  0.09715962    2.643848   60.968635      -2.887348   5.383071  -2.454789
    28  0.14780899    4.022087   92.751618      -2.498099  -3.084941  -1.534779
    29  0.11841262    3.222171   74.305103      -2.461381  -1.552526   0.704690
    30  0.09704954    2.640852   60.899557      -2.441936   1.335821  -3.183015
    31  0.10911420    2.969148   68.470251      -2.498526   4.328304  -2.023193
    32  0.09829542    2.674754   61.681361      -2.325684  -0.262880  -4.119729
    33  0.10459097    2.846065   65.631880      -2.358178   4.667293   0.838972
    34  0.15756390    4.287532   98.872921      -2.266814  -4.996216  -0.489997
    35  0.14132491    3.845646   88.682793      -2.196792  -4.158728   1.509918
    36  0.14445433    3.930802   90.646539      -2.223966  -3.743538  -1.255288
    37  0.12163469    3.309848   76.326985      -2.228161  -2.872755   1.236581
    38  0.09654766    2.627195   60.584623      -2.212279   6.579530  -0.160546
    39  0.08166565    2.222235   51.246010      -1.995947   1.360189  -0.616012
    40  0.04315191    1.174223   27.078256      -2.064885   1.955968   1.032962
    41  0.10659691    2.900650   66.890630      -1.738819   5.321557   0.302587
*   42  0.01215366    0.330718    7.626541      -1.545086   1.007566   3.229632
    43  0.07281758    1.981467   45.693761      -1.475440   0.690047  -1.021565
    44  0.14937283    4.064641   93.732942      -1.159533  -4.151783  -1.091629
    45  0.12757450    3.471479   80.054274      -1.114312  -3.158919   1.347300
    46  0.09016946    2.453636   56.582240      -0.808472   4.002900   1.365228
    47  0.03397654    0.924549   21.320617      -0.673930   2.450680   2.755088
    48  0.12871730    3.502576   80.771394      -0.455364  -2.636608   1.208140
    49  0.03399323    0.925003   21.331089       0.267331   0.100989  -1.792387
    50  0.02881745    0.784163   18.083240       0.457847  -1.086005   2.217002
    51  0.08056542    2.192297   50.555605       0.738643   3.970769   0.680930
    52  0.04028818    1.096297   25.281236       0.944375   4.326752   3.271176
    53  0.03478820    0.946635   21.829944       1.150870   1.062953  -2.124356
    54  0.13420389    3.651874   84.214282       1.701645  -1.354249  -1.681015
    55  0.06230535    1.695415   39.097229       1.811133   0.265651   2.245666
    56  0.04756664    1.294354   29.848543       1.777414   2.749137   1.436052
    57  0.08875060    2.415027   55.691889       2.086281  -1.701476   3.416560
    58  0.15964451    4.344148  100.178529       2.296541  -3.323725  -0.034239
    59  0.03547007    0.965190   22.257820       2.283396   2.743653   0.100662
    60  0.13177137    3.585681   82.687855       2.443060  -1.496571  -2.113332
    61  0.08514019    2.316783   53.426323       2.709341  -0.263579   4.224393
    62  0.12256399    3.335136   76.910129       3.235531  -0.040275  -0.529346
    63  0.14655887    3.988070   91.967155       3.239722  -3.465798  -0.542254
    64  0.07075766    1.925414   44.401140       3.332250   1.953109   0.840104
    65  0.07793864    2.120818   48.907277       3.234695   2.092275   2.757641
    66  0.12527295    3.408850   78.610031       3.414971  -0.825072  -1.687515
    67  0.14343513    3.903068   90.006979       3.762145  -1.739996  -2.672199
    68  0.09125165    2.483084   57.261323       3.891136  -1.869502   4.072491
    69  0.14181716    3.859041   88.991684       4.127375  -2.853732  -0.155387
    70  0.14417897    3.923309   90.473748       4.153334  -2.364683   0.506085
    71  0.15691508    4.269876   98.465781       4.319240  -3.470958  -1.444718
    72  0.08249513    2.244807   51.766520       5.075803   2.084636   2.090750
    73  0.07371721    2.005947   46.258286       6.024447   0.513944  -2.641798
    74  0.09225953    2.510510   57.893780       6.055591  -1.751132   2.937519
    75  0.09294656    2.529204   58.324895       6.545958  -1.365667   1.160815
    76  0.08790796    2.392097   55.163124       6.610187   0.044250   2.332604
    77  0.08236378    2.241232   51.684097       6.771540   0.833170  -0.084677
    78  0.07915084    2.153804   49.667942       6.841855  -1.597640  -2.626344
    79  0.07100345    1.932102   44.555373       7.088814   0.257610  -2.891193
    80  0.08000853    2.177143   50.206150       7.569976  -1.363537  -0.062609
    81  0.07243520    1.971062   45.453815       7.507684  -0.802519  -2.886575
    82  0.07351848    2.000539   46.133579       7.824327   0.616480  -0.346225
    83  0.07407843    2.015777   46.484957       8.233101  -0.569588  -0.325414
 
 Number of surface maxima:    99
   #       a.u.         eV      kcal/mol           X/Y/Z coordinate(Angstrom)
     1  0.16368209    4.454016  102.712149      -8.568339  -4.272014   1.285120
     2  0.11810197    3.213718   74.110170      -7.566008  -3.074075   1.751584
     3  0.11970838    3.257431   75.118206      -7.450042  -5.033781   0.263297
     4  0.16659498    4.533280  104.540018      -7.069415  -1.630965   2.615808
     5  0.16979781    4.620433  106.549823      -6.854612  -6.179875  -0.879890
     6  0.18259004    4.968528  114.577077      -6.114122   4.518200   0.638379
     7  0.13059661    3.553714   81.950678      -5.732234  -3.065772  -0.140476
     8  0.15212543    4.139543   95.460226      -5.682787  -2.167816  -1.213741
     9  0.12337339    3.357161   77.418033      -5.533249  -1.528814   1.950650
    10  0.13836303    3.765049   86.824183      -5.530469   5.914887  -0.305813
    11  0.18317164    4.984354  114.942038      -5.569263   7.377175  -0.979878
    12  0.15263606    4.153438   95.780652      -5.239561  -0.370297   0.431682
    13  0.12589153    3.425683   78.998193      -5.196103  -4.000135   1.078720
    14  0.11112329    3.023818   69.730976      -5.173978  -2.214725  -3.000278
    15  0.16122211    4.387077  101.168485      -4.998861  -0.295894  -3.524045
    16  0.12485170    3.397388   78.345692      -4.827403  -0.420104  -1.608326
    17  0.16009685    4.356457  100.462373      -4.776051   1.556226  -1.940879
    18  0.11251576    3.061710   70.604765      -4.558080   1.323672  -0.123352
    19  0.13835093    3.764720   86.816592      -4.693497   3.688538   0.647852
    20  0.16188992    4.405249  101.587546      -4.121151  -0.897310   1.854049
    21  0.13794813    3.753760   86.563833      -3.972663   0.100989  -2.460434
    22  0.13823411    3.761541   86.743284      -3.974399   7.377175  -1.499498
    23  0.17904657    4.872105  112.353514      -3.775845   2.361432   0.909800
    24  0.19318910    5.256943  121.228090      -3.768114  -5.426190  -1.584190
    25  0.17033622    4.635084  106.887680      -3.718379  -1.685186  -0.419975
    26  0.16007265    4.355798  100.447191      -3.692170   0.625005  -3.881091
    27  0.17114878    4.657195  107.397568      -3.387441  -3.032989  -3.157070
    28  0.15689791    4.269409   98.455005      -3.447787  -2.605243  -1.406381
    29  0.14967129    4.072763   93.920233      -3.380132   4.741077  -1.344737
    30  0.13666077    3.718729   85.756000      -3.145895   1.639944   0.325214
    31  0.17221931    4.686326  108.069342      -3.087953  -4.351056  -0.399596
    32  0.14869713    4.046255   93.308938      -2.933684   5.449635   0.033782
    33  0.05914711    1.609475   37.115401      -2.850391  -0.686353   2.368550
    34  0.18305709    4.981237  114.870153      -2.620717   7.978373  -2.272095
    35  0.21720010    5.910315  136.295236      -2.310993  -5.562052   0.788131
    36  0.11977452    3.259230   75.159709      -2.355911   0.887542   0.094407
    37  0.16258825    4.424251  102.025753      -1.946728  -0.355466  -0.314145
    38  0.14523275    3.951984   91.135004      -2.010981   3.329569   0.638379
    39  0.10885352    2.962055   68.306673      -1.791395   0.541741  -3.737561
    40  0.14387609    3.915067   90.283683      -1.619775   6.631250  -1.959667
    41  0.19384292    5.274734  121.638373      -1.384741  -2.265524   0.529098
    42  0.14300452    3.891351   89.736766      -1.455055   0.617158   0.211463
    43  0.15624168    4.251552   98.043219      -1.513876   1.563944  -2.119243
    44  0.22094253    6.012152  138.643647      -1.299002  -2.817626  -0.993911
    45  0.14506603    3.947447   91.030385      -1.240240   3.599120   0.829153
    46  0.16987691    4.622586  106.599460      -1.254009  -1.363919  -3.472294
    47  0.18278630    4.973868  114.700232      -1.259619   2.881130  -1.610079
    48  0.16883560    4.594250  105.946025      -1.252961   5.535785   2.359062
    49  0.10850090    2.952460   68.085398      -1.063339   1.763619   1.507244
    50  0.18582894    5.056663  116.609518      -0.737308  -4.928317   0.514331
    51  0.17364901    4.725230  108.966491      -0.584794   4.495441  -1.199699
    52  0.16841791    4.582884  105.683920      -0.326366  -0.825072   0.675496
    53  0.15031079    4.090165   94.321523      -0.229697   1.291637  -0.854553
    54  0.19606686    5.335251  123.033917      -0.212378   5.722578  -1.942278
    55  0.16436639    4.472637  103.141552       0.209802   2.490670   0.389737
    56  0.14341776    3.902596   89.996078       0.385592   0.365577   2.162409
    57  0.18893602    5.141211  118.559245       0.438295   4.063940  -1.190341
    58  0.24083835    6.553545  151.128474       0.840416  -4.916834   0.501048
    59  0.21234767    5.778274  133.250285       0.976471  -3.480767  -0.570939
    60  0.16425006    4.469471  103.068552       1.110565  -0.137747  -0.230546
    61  0.16180673    4.402985  101.535340       1.227424   1.159343   3.643584
*   62  0.24243694    6.597045  152.131607       1.327740  -3.892635  -2.443803
    63  0.14004414    3.810795   87.879098       1.634167  -0.155072   3.427873
    64  0.13194545    3.590418   82.797092       1.646780   1.038010   1.044971
    65  0.16811279    4.574582  105.492459       1.701703   5.719310   1.167556
    66  0.12047693    3.278344   75.600479       2.144056   1.286343   1.544434
    67  0.16615701    4.521362  104.265182       2.565802  -1.486543   1.743853
    68  0.19637818    5.343722  123.229271       2.544007  -1.089660  -0.860722
    69  0.15743503    4.284025   98.792057       2.565802   0.149236   0.924990
    70  0.18699209    5.088314  117.339406       2.830391  -3.363097  -2.338777
    71  0.21891344    5.956938  137.370375       2.830391  -2.359494   0.109202
    72  0.10131650    2.756962   63.577116       2.829841  -1.485296   4.215299
    73  0.07099229    1.931799   44.548373       2.846035   1.955776  -1.598088
    74  0.16498564    4.489488  103.530142       3.323861  -2.865044   2.875376
    75  0.11281693    3.069905   70.793749       3.354186   0.460240   3.126975
    76  0.09211296    2.506521   57.801803       4.044524   2.482476   1.961983
    77  0.21874724    5.952415  137.266079       4.417923  -3.101746  -2.872587
    78  0.15156256    4.124227   95.107025       4.393647  -0.439065   4.557541
    79  0.16309809    4.438125  102.345681       4.287738   1.687950  -0.947952
    80  0.16573293    4.509822  103.999071       4.613111  -0.233000   0.304390
    81  0.12844536    3.495176   80.600746       4.596972   0.121459   3.066431
    82  0.14578485    3.967007   91.481450       4.657285   1.630034   3.622662
    83  0.15165874    4.126844   95.167374       4.808369  -1.737337   0.633387
    84  0.17241880    4.691754  108.194521       5.003683  -2.488315  -1.157158
    85  0.14822922    4.033522   93.015319       5.025287   1.933759   0.506085
    86  0.11587636    3.153156   72.713574       5.312509   0.622645   2.207345
    87  0.16555810    4.505065  103.889363       5.595935  -2.697166   1.692307
    88  0.12278062    3.341030   77.046064       5.740386   1.823539  -1.345046
    89  0.15233872    4.145347   95.594067       5.988003  -0.435117   3.783115
    90  0.19176182    5.218105  120.332461       6.108976  -3.655083  -0.831715
    91  0.12404458    3.375425   77.839217       6.436148  -0.534664  -2.095013
    92  0.10378970    2.824261   65.129072       6.729471  -1.221954   2.156161
    93  0.14519680    3.951006   91.112443       6.755132   0.080592   0.889849
    94  0.12810776    3.485989   80.388899       6.940993  -0.420581  -0.538959
    95  0.16537549    4.500096  103.774774       7.179053   2.717272  -1.884332
    96  0.11725442    3.190655   73.578318       8.215300   1.418949  -1.904641
    97  0.16861166    4.588157  105.805502       9.180518  -2.591291  -1.763863
    98  0.11836580    3.220897   74.275721       9.101629  -0.930851  -1.860166
    99  0.16247428    4.421150  101.954233       9.658417   0.608306  -2.272095
