 Number of surface minima:    72
   #       a.u.         eV      kcal/mol           X/Y/Z coordinate(Angstrom)
     1  0.10885136    2.961996   68.305319      -7.888641  -1.059697  -1.785437
     2  0.10168709    2.767046   63.809664      -7.708377  -1.576542   0.870317
     3  0.10756921    2.927107   67.500757      -6.861599  -2.007820  -3.040237
     4  0.09428430    2.565606   59.164344      -6.540005  -3.054657   1.288140
     5  0.10407277    2.831964   65.306702      -6.293156  -1.330241   1.916710
     6  0.16917260    4.603421  106.157499      -5.380117   1.054379  -1.120458
     7  0.09316976    2.535278   58.464958      -5.246494  -4.391874  -0.448477
     8  0.09889080    2.690956   62.054968      -5.233592  -3.973136  -2.314164
     9  0.16164155    4.398490  101.431690      -4.974043   0.498438  -0.119592
    10  0.16299605    4.435348  102.281650      -4.444866  -0.361965   0.904371
    11  0.16482565    4.485134  103.429743      -4.433277   1.335157  -0.312376
    12  0.16194143    4.406650  101.619865      -4.159778   0.025046  -2.677446
    13  0.14075610    3.830168   88.325858      -3.908244   3.704726  -2.047162
    14  0.09928068    2.701565   62.299618      -3.752831  -3.858134  -1.372946
    15  0.15016806    4.086281   94.231956      -3.475168  -0.762016  -1.876976
    16 -0.00957706   -0.260605   -6.009704      -3.224720  -4.054923   2.841981
    17  0.13122425    3.570793   82.344527      -3.087119   2.531557  -3.459982
    18  0.14980179    4.076314   94.002120      -3.002045  -1.619936  -0.910058
    19  0.14295179    3.889916   89.703676      -3.116088   1.710847   2.713083
    20  0.13977958    3.803596   87.713086      -3.100353   3.443242   2.712579
    21  0.14712804    4.003557   92.324314      -2.975933   0.146351  -2.162823
    22  0.13798138    3.754664   86.584697      -2.093708   3.546333  -2.321779
    23  0.13361431    3.635830   83.844315      -1.788744   2.378806   3.650049
    24  0.04742951    1.290623   29.762494      -1.635493  -0.937948   2.498634
    25  0.14899854    4.054456   93.498072      -1.534391   0.980824   2.114867
    26  0.12650233    3.442303   79.381477      -1.534391   1.893441  -2.422609
    27  0.16108494    4.383344  101.082409      -1.534391   3.366345  -0.068494
    28  0.04349873    1.183661   27.295890      -1.334641  -2.987201   2.709686
    29  0.07804425    2.123692   48.973545      -0.638856  -3.649136  -0.465377
    30  0.08116566    2.208630   50.932263      -0.366476  -0.984831  -1.788320
    31  0.03004496    0.817565   18.853514      -0.442281   0.130184  -2.152727
    32  0.13838101    3.765539   86.835468      -0.365523   4.625929   0.320730
    33  0.13849601    3.768668   86.907629       0.325942   4.344683  -0.952821
    34  0.00835332    0.227305    5.241791       0.713744   1.443576  -2.982172
    35  0.14743623    4.011944   92.517707       0.792660   3.295470   2.390851
    36  0.10680841    2.906405   67.023347       1.220887   0.504142  -0.376737
    37  0.14024064    3.816142   88.002404       1.188842   2.898587   1.631172
    38  0.09669531    2.631213   60.677272       1.326379   6.201216  -1.806160
    39  0.13656647    3.716163   85.696826       1.760436   2.385954   0.185518
    40  0.10268969    2.794329   64.438808       1.756651   7.106945   2.042583
    41  0.09543899    2.597027   59.888921       1.891800   7.376375  -0.603001
    42  0.04820998    1.311860   30.252243       2.179383  -3.171739   1.674991
    43  0.09081105    2.471094   56.984840       2.409054  -0.286756   2.010657
    44  0.12554655    3.416295   78.781716       2.935159  -0.418048  -0.913847
    45  0.10328341    2.810485   64.811373       2.868211   5.844153   2.989480
    46  0.08968769    2.440526   56.279922       3.115390   6.217734  -1.533671
    47  0.13260731    3.608428   83.212413       3.228779  -3.318901   1.254481
    48  0.09495498    2.583856   59.585201       3.333404   1.698802   0.699705
*   49 -0.01010580   -0.274993   -6.341491       3.360498   3.061100  -3.845236
    50  0.12543791    3.413339   78.713544       3.655240  -0.884277   0.328389
    51  0.11510859    3.132264   72.231793       3.857368  -4.567930  -0.345328
    52  0.11893461    3.236375   74.632655       3.865229  -4.247786  -1.405466
    53  0.10216575    2.780072   64.110031       3.889675   2.816994   0.484804
    54  0.12045144    3.277650   75.584484       3.901776  -4.772382   1.132716
    55  0.09952991    2.708346   62.456011       4.452293   4.238424   1.684773
    56  0.09354355    2.545449   58.699510       4.577571   4.527987  -0.312407
    57  0.10137424    2.758533   63.613351       4.696450  -5.168227   0.199527
    58  0.10646756    2.897130   66.809457       4.827801  -4.506876  -2.182254
    59  0.12693756    3.454147   79.654591       4.919872  -2.987967   1.718022
    60  0.12459377    3.390369   78.183837       5.006999  -2.334215   0.387359
    61  0.12727555    3.463344   79.866680       5.013207  -1.996302  -0.756066
    62  0.10520078    2.862659   66.014543       5.540040  -5.373121  -0.437428
    63  0.10525930    2.864251   66.051266       5.647660  -5.024741  -1.751697
    64  0.11798916    3.210648   74.039378       5.833208  -4.578871  -2.858961
    65  0.10784065    2.934493   67.671084       5.901765  -2.884112   0.876058
    66  0.11190537    3.045100   70.221736       5.975174  -2.185708  -1.536570
    67  0.11869059    3.229735   74.479531       6.642331  -3.634194   1.377710
    68  0.12243259    3.331560   76.827674       6.827962  -5.510896  -1.201791
    69  0.10974725    2.986375   68.867499       6.736046  -3.118760   0.264285
    70  0.10933221    2.975081   68.607057       6.771566  -2.726582  -1.063362
    71  0.12072117    3.284990   75.753741       6.844969  -2.612955  -2.294762
    72  0.12490963    3.398964   78.382040       7.786750  -3.655588  -0.537131
 
 Number of surface maxima:    93
   #       a.u.         eV      kcal/mol           X/Y/Z coordinate(Angstrom)
     1  0.16195300    4.406965  101.627128      -7.775038  -2.973079   0.184851
     2  0.16785501    4.567567  105.330695      -7.814470  -2.587726  -1.951515
     3  0.13948536    3.795590   87.528459      -7.094864  -1.195214  -0.580004
     4  0.12388430    3.371063   77.738635      -7.196775  -0.779399  -2.838918
     5  0.18384497    5.002676  115.364556      -7.105368   0.464784  -1.416733
     6  0.11220301    3.053199   70.408512      -7.064692  -1.850440   1.644864
     7  0.17460324    4.751196  109.565282      -6.843309  -0.036888   0.984708
     8  0.14412157    3.921747   90.437724      -6.577378  -2.661800  -0.872230
     9  0.16086930    4.377476  100.947094      -6.541803  -4.221534  -1.369098
    10  0.12697362    3.455128   79.677215      -5.799402  -3.126716   0.063800
    11  0.13757057    3.743486   86.326909      -5.786889  -2.531686  -2.217190
    12  0.18008472    4.900354  113.004964      -5.501715  -1.071502  -3.500509
    13  0.18258262    4.968326  114.572421      -5.556226  -0.027276  -1.021593
    14  0.23320378    6.345798  146.337704      -5.423841   0.883926  -2.635000
    15  0.15064278    4.099198   94.529849      -5.326157  -2.368891   2.092984
    16  0.17860177    4.860001  112.074394      -4.820663  -0.795143  -2.006484
    17  0.20596173    5.604504  129.243044      -4.745072   2.624972  -2.865961
    18  0.10940400    2.977034   68.652104      -4.577160  -4.322118  -1.600544
    19  0.19909677    5.417699  124.935212      -4.467875  -2.009474   0.456685
    20  0.16800261    4.571584  105.423318      -4.047983  -2.922362  -2.793449
    21  0.14845956    4.039790   93.159857      -3.778243  -3.973718   0.066749
    22  0.21553354    5.864966  135.249451      -3.767814   2.522760   1.403791
    23  0.23913289    6.507137  150.058277      -3.517798   0.517014   0.196010
    24  0.15127684    4.116452   94.927728      -3.055958   2.435375   3.106569
    25  0.14996445    4.080740   94.104190      -3.015634   3.639020  -2.714380
    26  0.19490155    5.303541  122.302671      -2.842036  -0.661616   1.671974
    27  0.22565299    6.140330  141.599510      -2.725040  -0.297462  -0.915775
    28  0.21355764    5.811199  134.009553      -2.762661   3.947287  -0.793120
    29  0.20319744    5.529283  127.508423      -2.570710   2.397516  -0.317706
    30  0.20727859    5.640337  130.069389      -2.469061   2.133507   0.609250
    31  0.18976665    5.163813  119.080473      -1.961328   0.914172   3.178250
    32  0.22060928    6.003084  138.434531      -1.920648   1.311055   1.141389
    33  0.19264320    5.242088  120.885537      -1.927095  -1.600271   0.461255
    34  0.20235071    5.506243  126.977091      -1.814608   3.948684   3.490292
    35  0.20923908    5.693685  131.299614      -1.670878   2.109420  -1.274043
    36  0.18063750    4.915396  113.351836      -1.802483   2.502626  -3.390209
    37  0.12832462    3.491890   80.524979      -1.034232  -2.668925  -2.106067
    38  0.19765416    5.378443  124.029962      -0.942799  -2.198476   0.989861
    39  0.20274996    5.517107  127.227628      -0.926872   0.221827  -0.068494
    40  0.21433488    5.832349  134.497281      -0.537997   3.365804  -0.200788
    41  0.17208335    4.682626  107.984024      -0.414585   1.840233   1.977372
    42  0.04242974    1.154572   26.625088      -0.313907   0.676873  -2.966620
    43  0.22726484    6.184191  142.610958      -0.158343  -0.408771  -0.015389
    44  0.22005697    5.988055  138.087950      -0.046476   4.682347   2.905914
    45  0.09687771    2.636177   60.791732       0.053141  -3.186951   3.966125
    46  0.22391528    6.093045  140.509079       0.082368  -0.617347   2.104227
    47  0.19955822    5.430255  125.224778       0.305882  -2.941231   0.720655
    48  0.16937530    4.608936  106.284696       0.241293   3.061794  -1.997050
    49  0.17516901    4.766591  109.920305       0.230123   6.507936   1.944945
    50  0.21147187    5.754442  132.700716       0.440794   2.255969   0.453037
    51  0.16571522    4.509340  103.987956       0.325305   6.740138  -0.464676
    52  0.21586928    5.874102  135.460130       0.582318   1.495705   2.100571
    53  0.16443501    4.474504  103.184612       0.582318   5.095588   1.097799
*   54  0.24510910    6.669758  153.808412       1.243789  -1.202536  -0.270487
    55  0.16898795    4.598396  106.041628       1.376084   1.746694  -1.108476
    56  0.16542333    4.501398  103.804797       1.398803   4.112909   1.818910
    57  0.18709574    5.091134  117.404445       1.578868  -1.499161   1.854117
    58  0.11794489    3.209444   74.011596       1.742079   6.278655   3.046985
    59  0.13186506    3.588231   82.746645       1.733539   6.545357   0.713390
    60  0.17530003    4.770156  110.002519       1.904254   4.485876   3.371086
    61  0.10570138    2.876281   66.328673       1.907598   6.865591  -1.518751
    62  0.19564594    5.323797  122.769782       2.078344  -3.420500  -0.968991
    63  0.21890477    5.956702  137.364933       2.107111  -1.662157  -2.052908
    64  0.18839072    5.126372  118.217062       2.105291   4.024678  -0.794523
    65  0.14404404    3.919638   90.389074       2.170599   5.148803  -2.317165
    66  0.15057346    4.097312   94.486352       2.348032   0.941832  -0.684077
    67  0.13290575    3.616549   83.399689       3.102530   4.755051   1.918528
    68  0.13819556    3.760492   86.719093       3.147892   5.861044   0.751242
    69  0.17420744    4.740426  109.316912       3.336692  -1.474401   0.146989
    70  0.12268635    3.338465   76.986912       3.344348   5.272264  -0.440747
    71  0.16534639    4.499304  103.756513       3.512188  -2.510457   0.752609
    72  0.16937623    4.608962  106.285281       3.466908   2.976562   2.048215
    73  0.16275958    4.428914  102.133267       3.396053   6.902971   1.933757
    74  0.15677203    4.265984   98.376014       3.428099   7.199606  -0.230693
    75  0.14843058    4.039002   93.141676       3.559588  -0.011888   1.321245
    76  0.18854013    5.130438  118.310816       3.757381  -3.825427   2.223857
    77  0.20982807    5.709712  131.669211       3.738112  -2.140414  -3.156991
    78  0.19105191    5.198787  119.886986       3.889675   1.046467  -1.858071
    79  0.15179360    4.130514   95.252002       3.877651   3.140894  -0.923596
    80  0.11241865    3.059067   70.543827       4.636278   3.560059   0.702257
    81  0.15871370    4.318819   99.594435       4.745790   5.606821   0.919915
    82  0.16110814    4.383975  101.096969       4.883519  -4.309816  -0.891410
    83  0.14629250    3.980821   91.800009       5.186848  -4.259344   1.739689
    84  0.15551164    4.231687   97.585110       5.244971  -2.894755  -3.071602
    85  0.20788982    5.656970  130.452939       5.286784   0.088951   0.799438
    86  0.16515253    4.494029  103.634866       5.568434  -2.928575  -0.489016
    87  0.12473413    3.394188   78.271912       6.378062  -5.478044  -1.135902
    88  0.18810299    5.118543  118.036507       6.734201  -5.105020   1.849971
    89  0.19186522    5.220918  120.397343       6.800150  -3.484228  -3.571031
    90  0.14641584    3.984178   91.877402       7.218411  -4.761600   0.340246
    91  0.14772054    4.019680   92.696113       7.273382  -4.113011  -2.052908
    92  0.12776557    3.476678   80.174173       7.440920  -3.323908  -0.477278
    93  0.19041933    5.181574  119.490036       8.250349  -4.897987  -0.993137
