 Number of surface minima:    78
   #       a.u.         eV      kcal/mol           X/Y/Z coordinate(Angstrom)
     1  0.07693468    2.093499   48.277281      -6.776090  -2.686988  -0.147138
     2  0.07926387    2.156880   49.738869      -6.616489  -3.612936  -0.614766
     3  0.07916926    2.154305   49.679501      -6.058819  -3.723878   2.201339
     4  0.08152887    2.218513   51.160178      -5.922101  -4.779011   1.677933
     5  0.07962061    2.166587   49.962728      -6.039094  -1.893222  -0.037333
     6  0.11600516    3.156661   72.794396      -5.878342   5.504540  -1.971380
     7  0.08453650    2.300355   53.047502      -5.765117  -4.009931  -1.086299
     8  0.09710182    2.642275   60.932366      -5.494254   4.785376  -0.815436
     9  0.06727064    1.830527   42.212999      -5.313678  -0.841673  -1.817339
    10  0.08117125    2.208782   50.935770      -5.174964  -2.951576   2.263542
    11  0.08963505    2.439094   56.246892      -5.135188  -2.131839  -0.443456
    12  0.08989665    2.446212   56.411045      -5.056192  -4.951223   1.310428
    13  0.06715695    1.827434   42.141658      -5.158049  -0.700478  -2.200627
    14  0.09735281    2.649105   61.089862      -5.114274   4.371590   0.070379
    15  0.09433286    2.566928   59.194816      -4.961297  -3.216165  -0.943951
    16  0.09752928    2.653907   61.200601      -5.028651   4.324759  -2.069766
    17  0.07205343    1.960674   45.214250      -4.640205   0.898757  -0.742001
    18  0.09335418    2.540297   58.580684      -4.270935   3.523318  -2.093371
    19  0.11463331    3.119331   71.933547      -4.257900   7.047351  -1.949580
    20  0.10684455    2.907388   67.046022      -4.194764   3.438980  -0.065606
    21  0.10403995    2.831071   65.286106      -3.869827   3.126499  -1.032135
    22  0.09532419    2.593903   59.816881      -3.545984   6.587055  -0.861145
    23  0.11153153    3.034927   69.987149      -3.241907   2.804305  -2.363434
    24  0.09610502    2.615151   60.306860      -3.227294   6.258570   0.021646
    25  0.06909621    1.880203   43.358561      -3.131747   0.249269  -3.347818
    26  0.06495146    1.767419   40.757690      -3.116453   0.548462   0.575919
    27  0.09493970    2.583441   59.575611      -3.094965   6.126310  -1.962085
    28  0.16578317    4.511189  104.030595      -2.524147  -2.826754  -1.413623
    29  0.10424106    2.836544   65.412308      -2.277417   5.245919  -0.103459
    30  0.08949718    2.435342   56.160376      -2.365378   5.391310  -2.058709
    31  0.16162831    4.398130  101.423382      -2.157246  -3.888808   1.712440
    32  0.16732547    4.553158  104.998407      -2.105291  -3.725597  -1.006271
    33  0.14381841    3.913498   90.247490      -2.097037  -2.653100   1.381064
    34  0.17998928    4.897757  112.945074      -2.087665  -4.918325  -0.189086
    35  0.12034942    3.274874   75.520464      -2.015034   2.011157   1.569823
    36  0.09880667    2.688666   62.002175      -1.886245   4.846312  -1.033275
    37  0.10547417    2.870098   66.186095      -1.563499   4.209640  -2.185560
    38  0.05272777    1.434796   33.087202      -1.415672   0.397122  -2.182133
    39  0.17523524    4.768393  109.961865      -1.183234  -3.995078  -0.876162
    40  0.15069693    4.100672   94.563832      -1.176123  -2.927556   1.511106
    41  0.02453428    0.667612   15.395504      -0.995849   0.552357   3.418380
    42  0.02841729    0.773274   17.832133      -0.734929   2.441531  -1.408496
    43  0.02993612    0.814603   18.785215      -0.524245   0.496834  -1.922213
    44  0.04661626    1.268493   29.252171      -0.404407   2.875718   2.971324
    45  0.18749892    5.102105  117.657444      -0.239569  -3.322962  -1.136045
    46  0.15176016    4.129604   95.231017      -0.241833  -2.278238   1.286233
    47  0.02994073    0.814729   18.788106      -0.211334   0.410812  -1.937673
    48  0.19051414    5.184153  119.549527       0.044356  -4.781073  -0.568599
    49  0.15607910    4.247128   97.941193       0.500153  -5.907760   1.091370
    50  0.04363220    1.187292   27.379639       0.403697   4.322710   0.443243
    51  0.16484831    4.485751  103.443963       0.705743  -4.360767  -2.445417
    52  0.03037455    0.826534   19.060335       1.028758   4.582787   3.077900
    53  0.03133572    0.852688   19.663481       1.225637  -0.406104   2.609107
    54  0.14967907    4.072975   93.925114       1.351377  -4.377570   2.043384
    55  0.14801245    4.027624   92.879293       1.439014  -2.961837  -3.552958
    56  0.15091521    4.106612   94.700801       1.602939  -1.070558  -1.548838
    57  0.02727837    0.742282   17.117452       1.802878   2.978690   1.369685
*   58  0.01687012    0.459059   10.586170       1.829877   3.264503  -0.359356
    59  0.16530447    4.498163  103.730207       1.895071  -5.200579   0.468021
    60  0.04991197    1.358174   31.320261       2.055542  -0.187976   2.918444
    61  0.15630605    4.253304   98.083609       2.499029  -4.581343  -2.752007
    62  0.14699387    3.999907   92.240122       2.681335  -1.099456  -2.032742
    63  0.03872965    1.053887   24.303242       2.826783   2.075607   0.890886
    64  0.05365857    1.460124   33.671291       3.328949   0.402847   3.930342
    65  0.14033354    3.818670   88.060699       3.437876  -0.517136  -1.673084
    66  0.17118681    4.658230  107.421438       3.443099  -3.082521  -0.478745
    67  0.16279859    4.429975  102.157742       4.248914  -2.425057  -0.075774
    68  0.15922269    4.332670   99.913830       4.206792  -1.760927   0.776442
    69  0.17542330    4.773511  110.079877       4.498253  -3.072169  -1.407195
    70  0.05462913    1.486534   34.280327       5.807850   0.749755   2.687033
    71  0.07586960    2.064517   47.608931       6.228743   1.023429  -2.332122
    72  0.08755088    2.382381   54.939054       6.536206  -0.808852   0.366891
    73  0.07100358    1.932106   44.555454       6.734106   1.144745   0.292107
    74  0.07438401    2.024092   46.676711       7.296020   0.903702  -2.569044
    75  0.07839092    2.133126   49.191088       7.526127  -0.972144   0.157426
    76  0.07714409    2.099198   48.408691       7.658829  -0.311197  -2.620854
    77  0.06958494    1.893503   43.665248       7.810055   0.888488   0.047807
    78  0.07294891    1.985041   45.776173       8.261072  -0.143271  -0.024952
 
 Number of surface maxima:    86
   #       a.u.         eV      kcal/mol           X/Y/Z coordinate(Angstrom)
     1  0.16909563    4.601326  106.109202      -8.498809  -4.280394   1.216916
     2  0.12329724    3.355089   77.370253      -7.598523  -2.819282   1.501979
     3  0.12607351    3.430635   79.112391      -7.290799  -5.071488   0.435341
     4  0.17091581    4.650856  107.251379      -7.289221  -1.341641   2.175457
     5  0.17702823    4.817183  111.086985      -6.585954  -6.385817  -0.342963
     6  0.11783407    3.206428   73.942057      -5.746068   5.195033  -1.831889
     7  0.18373315    4.999633  115.294391      -5.686713   6.976490  -2.466990
     8  0.13192417    3.589839   82.783735      -5.579775  -3.095490  -0.137613
     9  0.12858615    3.499007   80.689097      -5.637376  -1.231750   1.634273
    10  0.18361139    4.996320  115.217983      -5.668629   6.860446   0.708370
    11  0.13921411    3.788209   87.358246      -5.425842   6.645741  -0.907172
    12  0.13516761    3.678098   84.819027      -5.116646  -3.745342   1.281997
    13  0.08624414    2.346822   54.119061      -5.071392  -1.905883  -2.225831
    14  0.13842594    3.766761   86.863662      -4.695488   5.779848  -3.059439
    15  0.14465393    3.936234   90.771788      -4.494822   5.653498   1.245582
    16  0.17086607    4.649502  107.220165      -4.227154  -0.560447   1.510505
    17  0.14868592    4.045950   93.301903      -4.283470   4.276334  -0.900569
    18  0.11627037    3.163878   72.960819      -3.946007   6.876432  -1.912914
    19  0.18953657    5.157552  118.936095      -3.930345   0.091193  -2.029707
    20  0.22285279    6.064133  139.842353      -3.706016  -1.297095  -0.283191
    21  0.09438926    2.568462   59.230205      -3.730110   1.379740   0.036231
    22  0.18112274    4.928600  113.656330      -3.775672   4.986082  -4.256332
    23  0.19692571    5.358621  123.572855      -3.577074   4.720037   2.290200
    24  0.20727423    5.640219  130.066650      -3.433505  -5.585432  -1.000066
    25  0.14791684    4.025022   92.819294      -3.141669   5.405337  -0.991848
    26  0.19309553    5.254397  121.169375      -2.939892  -4.322113  -0.094860
    27  0.17422755    4.740973  109.329530      -2.922378   2.205850   0.436695
    28  0.13541321    3.684781   84.973141      -2.912250   3.998382  -3.189961
    29  0.17486729    4.758381  109.730972      -2.841223   3.795433   1.369685
    30  0.21859432    5.948254  137.170121      -2.769684  -1.632398  -2.076496
    31  0.06828771    1.858203   42.851223      -2.766083  -0.431277   2.568637
    32  0.14581691    3.967880   91.501568      -2.532025   2.602501  -0.884925
    33  0.19104741    5.198664  119.884157      -2.250779   3.159592   2.218477
    34  0.23904405    6.504719  150.002532      -2.153309  -5.341129   1.234196
    35  0.20341472    5.535196  127.644772      -2.052242  -0.107154  -0.548488
    36  0.08501958    2.313500   53.350635      -2.015527   0.223487  -3.378259
    37  0.17494837    4.760587  109.781853      -1.829790   2.914597  -2.833025
    38  0.13860887    3.771739   86.978452      -1.589307   3.548477  -0.977582
    39  0.14646308    3.985463   91.907045      -1.478222   0.747766   0.166928
*   40  0.24428119    6.647229  153.288890      -1.164308  -2.758125  -0.818162
    41  0.21862735    5.949153  137.190849      -1.216042  -2.177273   0.680080
    42  0.15891891    4.324404   99.723207      -1.229814   2.063774   1.314602
    43  0.17139860    4.663993  107.554336      -1.233071   5.767392   2.274789
    44  0.21078203    5.735671  132.267829      -0.769338  -4.901268   0.597958
    45  0.17451156    4.748701  109.507752      -0.277632  -0.707188   0.689713
    46  0.13247970    3.604956   83.132336      -0.298503   1.414136  -0.944219
    47  0.22428584    6.103128  140.741606      -0.042326  -3.095321  -2.622988
    48  0.21440917    5.834370  134.543895       0.131686  -5.199235   2.429638
    49  0.14032925    3.818553   88.058006       0.196407   2.670673   0.311330
    50  0.14278017    3.885246   89.595985       0.361265   0.607048   2.110650
    51  0.21546596    5.863127  135.207046       0.591893  -2.390107  -1.476299
    52  0.22999336    6.258438  144.323135       0.694725  -5.846962  -0.572034
    53  0.23948250    6.516650  150.277665       1.045808  -3.231342  -0.624210
    54  0.17023443    4.632314  106.823806       1.056579  -0.041101  -0.272784
    55  0.21428020    5.830861  134.462970       1.204464  -2.802873   0.731452
    56  0.17066785    4.644108  107.095782       1.313986  -4.408048  -2.999117
    57  0.14992711    4.079724   94.080758       1.260382   1.546430   3.557902
    58  0.17068480    4.644570  107.106418       1.585756  -5.415860   1.105096
    59  0.23305556    6.341764  146.244696       1.746444  -5.142952  -1.408496
    60  0.13439746    3.657141   84.335748       1.634632   1.198424   0.889384
    61  0.15225652    4.143111   95.542488       1.766719   5.960811   1.002065
    62  0.22756590    6.192383  142.799876       2.452901  -3.804257   0.810811
    63  0.18808747    5.118120  118.026770       2.499955   0.503589   1.115265
    64  0.21576991    5.871398  135.397777       2.578980  -0.767703  -0.812154
    65  0.07525911    2.047905   47.225846       2.787167  -0.825710   3.747494
    66  0.21562964    5.867581  135.309755       2.908699  -3.462441  -3.753406
    67  0.24017047    6.535371  150.709369       2.914366  -2.012445   0.178363
    68  0.06319244    1.719554   39.653890       2.783481   2.077250  -1.667593
    69  0.20395883    5.550002  127.986209       3.305582  -3.287457  -1.967495
    70  0.06042652    1.644289   37.918248       3.561274   2.723140   1.630697
    71  0.20958082    5.702984  131.514059       4.099348  -1.030822   1.898862
    72  0.17519648    4.767339  109.937543       4.341071   0.877523   2.784680
    73  0.21119972    5.747037  132.529934       4.488254   0.495341   0.590418
    74  0.16029404    4.361823  100.586112       4.370227   2.073643  -0.611232
    75  0.23614357    6.425793  148.182453       4.623661  -2.724507  -2.748724
    76  0.18835031    5.125273  118.191703       5.033323  -2.161237  -1.008203
    77  0.11990894    3.262888   75.244060       5.951468   2.274306  -0.911534
    78  0.20316454    5.528388  127.487782       6.188082  -3.265140  -0.891979
    79  0.07636791    2.078077   47.921629       6.285561  -0.236186   2.001512
    80  0.12983735    3.533054   81.474233       6.589231  -0.049887  -1.843812
    81  0.12631037    3.437080   79.261021       6.978896  -0.053523  -0.271943
    82  0.16293179    4.433600  102.241329       7.306833   3.178206  -1.248468
    83  0.11735345    3.193350   73.640466       8.354534   1.844825  -1.525547
    84  0.12128082    3.300219   76.104927       9.206393  -0.582167  -1.576388
    85  0.17275045    4.700779  108.402632       9.282762  -2.165417  -1.527482
    86  0.16427777    4.470225  103.085943       9.822940   1.041365  -1.782215
