 Number of surface minima:    64
   #       a.u.         eV      kcal/mol           X/Y/Z coordinate(Angstrom)
     1  0.17358873    4.723590  108.928665      -6.049287   0.197743  -1.953115
     2  0.16344309    4.447513  102.562174      -5.653250  -1.589497  -0.894761
     3  0.15704198    4.273330   98.545415      -5.515638  -0.331434  -0.894761
     4  0.16623364    4.523447  104.313270      -5.188954   0.904028  -0.982242
     5  0.09315055    2.534755   58.452902      -5.067034  -3.508407   2.150379
     6  0.15906281    4.328319   99.813503      -5.061743  -0.988950  -0.222330
     7  0.09734454    2.648880   61.084670      -4.792071  -1.870423   2.593434
     8  0.10119114    2.753551   63.498451      -4.552502  -4.975538  -0.105760
     9  0.17271462    4.699804  108.380150      -4.541012  -0.222072  -3.455979
    10  0.17455336    4.749839  109.533981      -4.462890   1.256097  -0.365583
    11  0.16216038    4.412608  101.757260      -4.130599  -2.139408  -2.438146
    12  0.15698920    4.271893   98.512292      -3.745290  -0.990663  -2.730831
    13  0.07661857    2.084897   48.078916      -3.257369  -2.607942   2.756650
    14  0.16314697    4.439455  102.376356      -3.329561   0.323767  -2.751736
    15  0.15992279    4.351721  100.353153      -3.190915  -1.658155  -1.959614
    16  0.09747964    2.652556   61.169451      -2.807656  -4.926486  -0.991806
    17  0.16553542    4.504448  103.875132      -2.543067   0.832263  -2.145604
    18  0.14371344    3.910642   90.181623      -2.409806   2.316751   1.221298
    19  0.16367288    4.453766  102.706372      -2.435038   4.285287  -0.935114
    20  0.11539079    3.139943   72.408875      -2.364118  -3.771086   0.317134
    21  0.14357389    3.906844   90.094053      -2.342650   3.440929   1.554660
    22  0.15963975    4.344019  100.175541      -2.263161   4.840407   1.771284
    23  0.02392585    0.651055   15.013709      -2.152309  -0.079996   2.140179
    24  0.16902809    4.599488  106.066820      -2.157047   5.621589  -0.232582
    25  0.10531586    2.865790   66.086753      -1.611454  -2.574589   1.090727
    26  0.15446059    4.203087   96.925567      -1.239175   4.816876  -0.794475
    27  0.13628644    3.708543   85.521106      -1.119803   3.901984   1.688349
    28  0.15956079    4.341870  100.125992      -0.396474   4.298866  -0.968942
    29  0.05264884    1.432648   33.037672      -0.268018  -2.977320  -0.324046
    30  0.13214407    3.595823   82.921725      -0.274103   3.391372   1.513290
    31  0.16165356    4.398817  101.439226      -0.294064   5.357221  -0.436000
    32  0.02769501    0.753619   17.378894      -0.049416  -3.646767   1.072197
*   33 -0.00327828   -0.089206   -2.057152      -0.050273  -1.660175   3.306322
    34  0.00084133    0.022894    0.527942       0.134630  -0.331434   3.399794
    35  0.05322406    1.448300   33.398628       0.160941   0.652749  -1.820821
    36  0.05696663    1.550141   35.747130       0.476419  -3.382393  -2.757456
    37  0.06485029    1.764666   40.694205       0.690660  -0.934241  -1.953115
    38  0.11697153    3.182957   73.400804       1.207522   1.699329  -1.423938
    39  0.10994185    2.991670   68.989611       1.317901   2.060670   1.133806
    40  0.11731722    3.192364   73.617730       1.277815   3.231720  -2.907696
    41  0.08189936    2.228595   51.392668       1.562138  -3.109228  -0.362374
    42  0.06563095    1.785909   41.184078       1.710109   0.330037  -0.721057
    43  0.06859388    1.866534   43.043344       1.887225   0.394618   1.286529
    44  0.12660107    3.444990   79.443436       2.018246  -2.517130  -0.037688
    45  0.11125194    3.027319   69.811704       2.325147   5.035845   1.694339
    46  0.11547543    3.142246   72.461990       2.480109   2.154467  -2.498846
    47  0.11442956    3.113787   71.805695       2.763888   4.047942  -2.210596
    48  0.09902841    2.694700   62.141319       3.126485   3.632893   1.866285
    49  0.10923593    2.972461   68.546638       3.350083   4.939819   0.550006
    50  0.11310803    3.077826   70.976422       3.977838  -1.103814  -1.506340
    51  0.11188762    3.044617   70.210598       4.182430  -2.187732  -1.033271
    52  0.10744066    2.923609   67.420090       4.602007  -0.066463   0.825199
    53  0.10565177    2.874931   66.297543       4.855368  -0.995147   1.218527
    54  0.10248499    2.788758   64.310355       4.873994  -0.461730  -2.084698
    55  0.10021050    2.726866   62.883092       5.461668  -2.645655  -1.159349
    56  0.10022060    2.727141   62.889427       5.424626   0.603202   0.298334
    57  0.10277378    2.796617   64.491573       5.850954  -0.801131  -2.158223
    58  0.09554833    2.600002   59.957530       6.027020  -1.452501   1.159236
    59  0.09950460    2.707658   62.440131       6.105297  -2.002026  -1.639292
    60  0.10057677    2.736833   63.112929       6.345532   0.250903   0.216754
    61  0.11143619    3.032333   69.927326       6.550473  -2.997048  -1.052794
    62  0.09665139    2.630018   60.649711       6.697737  -0.864149   0.687324
    63  0.11818384    3.215946   74.161541       7.215526  -1.316306  -2.011927
    64  0.11679423    3.178132   73.289544       7.749059  -0.336631  -0.115045
 
 Number of surface maxima:    75
   #       a.u.         eV      kcal/mol           X/Y/Z coordinate(Angstrom)
     1  0.16860739    4.588041  105.802826      -5.914615  -2.462083   1.062546
     2  0.24024303    6.537345  150.754904      -5.921895   0.228880  -3.479823
     3  0.17916844    4.875421  112.429988      -5.541379  -3.613230  -0.982598
     4  0.23330490    6.348549  146.401157      -5.567799  -2.572639  -2.076123
     5  0.19589025    5.330445  122.923089      -5.514077  -1.053441  -2.506341
     6  0.20648003    5.618607  129.568286      -4.879190   1.388392  -2.701706
     7  0.10376936    2.823708   65.116310      -4.766771  -2.574268   2.711935
     8  0.18867950    5.134230  118.398273      -4.694857  -2.331491  -0.634628
     9  0.25209970    6.859982  158.195080      -4.645999   3.383272   0.172285
    10  0.13159711    3.580939   82.578502      -4.466032  -3.709636   0.692771
    11  0.18354846    4.994608  115.178496      -4.140964  -0.849922   0.578289
    12  0.23456347    6.382797  147.190921      -4.217253   0.091166  -0.497878
    13  0.11601388    3.156898   72.799868      -4.063413  -4.894548  -1.356751
*   14  0.25822157    7.026566  162.036616      -4.078936   2.843629  -2.430630
    15  0.17802711    4.844364  111.713790      -3.866011  -2.508522  -1.484317
    16  0.14827393    4.034739   93.043374      -3.713056  -4.257595   2.426720
    17  0.14628825    3.980706   91.797342      -3.764056  -1.003296   2.516595
    18  0.22954937    6.246356  144.044525      -3.569137   2.464400  -0.871137
    19  0.19837757    5.398128  124.483912      -3.469128   4.505670   0.535860
    20  0.15684249    4.267901   98.420228      -3.232790  -5.406253   0.428182
    21  0.12783327    3.478520   80.216655      -3.062402  -3.773102   0.964500
    22  0.23431052    6.375913  147.032193      -3.072899  -0.331759  -1.559253
    23  0.17232040    4.689077  108.132774      -2.939950  -3.748693  -2.308682
    24  0.23301997    6.340796  146.222360      -2.798216   6.038942   0.966754
    25  0.20752733    5.647106  130.225476      -1.902168  -1.394908  -1.966260
    26  0.18425069    5.013716  115.619150      -1.999004  -1.372814  -0.346882
    27  0.18928408    5.150682  118.777655      -1.428666  -0.303227  -0.574125
    28  0.21544650    5.862597  135.194835      -1.335045   2.975923   0.856217
    29  0.23271406    6.332472  146.030400      -1.377797   3.372806  -0.683074
    30  0.18835818    5.125487  118.196643      -1.253312   5.619972   0.674131
    31  0.12392451    3.372157   77.763871      -0.955536  -0.702531   1.932824
    32  0.16882169    4.593872  105.937296      -1.085108   0.992539   0.692133
    33  0.04823183    1.312455   30.265954       0.122473  -3.640227   2.678046
    34  0.18993831    5.168484  119.188192       0.163962   2.640184  -1.230500
    35  0.22833772    6.213385  143.284204       0.350111   5.853526   0.817461
    36  0.16158064    4.396833  101.393467       0.373683   1.788860   0.566162
    37  0.06272841    1.706927   39.362704       0.461755   1.908236   3.274652
    38  0.10656586    2.899805   66.871146       0.588500  -3.814582  -1.027055
    39  0.17055394    4.641009  107.024306       0.784512   4.182736   0.986255
    40  0.18888419    5.139800  118.526716       0.757473   4.426514  -0.087435
    41  0.14247857    3.877039   89.406729       0.778681  -0.193396  -0.739786
    42  0.17229229    4.688312  108.115134       0.856208   1.862128  -2.639958
    43  0.16758602    4.560248  105.161905       0.907384  -1.769469   0.302588
    44  0.14813016    4.030827   92.953156       0.897975   0.727356   0.561298
    45  0.12388933    3.371200   77.741796       1.081196  -0.833162   1.671148
    46  0.18119424    4.930546  113.701195       1.307074   4.822154  -2.201251
    47  0.17305636    4.709103  108.594595       1.721261  -5.033610  -1.291644
    48  0.10158104    2.764161   63.743119       1.734343   0.915972   0.315454
    49  0.15999670    4.353732  100.399527       1.701222   4.042378   2.538144
    50  0.18171092    4.944605  114.025417       1.834822   5.749074   0.179147
    51  0.12697238    3.455094   79.676440       2.156156   3.177141  -2.879175
    52  0.15857562    4.315062   99.507785       2.346917   1.406241   0.306339
    53  0.15616977    4.249596   97.998093       2.415864  -1.458040  -0.830718
    54  0.18376257    5.000434  115.312850       2.616446  -2.986178   1.233177
    55  0.14525734    3.952653   91.150433       2.519355   4.069517  -0.742829
    56  0.15567312    4.236081   97.686438       2.880999  -0.528828  -0.762466
    57  0.15203529    4.137091   95.403666       2.814679   2.711335  -0.299609
    58  0.18094595    4.923790  113.545393       3.035268  -2.546351  -2.864354
    59  0.17029488    4.633959  106.861742       2.993929  -0.998211   1.613773
    60  0.11779331    3.205319   73.916483       2.953032   4.900077   1.426276
    61  0.15287270    4.159878   95.929148       3.161384   0.086387   0.307387
    62  0.20167532    5.487865  126.553283       3.145588   1.441233  -1.027055
    63  0.17193092    4.678478  107.888372       3.542470  -2.490738   0.825065
    64  0.18435904    5.016665  115.687144       3.716703   2.744878  -1.662395
    65  0.17250591    4.694124  108.249181       4.103026   3.519066   0.445793
    66  0.19315972    5.256143  121.209659       4.443580  -3.696825   1.089654
    67  0.15380280    4.185187   96.512792       4.748944   1.281522  -1.408088
    68  0.15420535    4.196141   96.765401       5.138898  -1.243976  -1.153187
    69  0.15201230    4.136465   95.389237       5.496345  -0.617770   0.273347
    70  0.14311183    3.894271   89.804104       5.856198  -3.177184   0.560477
    71  0.19327306    5.259227  121.280777       6.180404   1.771366  -2.072813
    72  0.14447100    3.931256   90.657000       7.065784   0.441208  -1.569227
    73  0.18295479    4.978453  114.805959       7.602063  -3.241909   0.145189
    74  0.14022062    3.815597   87.989839       7.684910  -1.752050  -0.603932
    75  0.18618054    5.066230  116.830152       8.435560  -0.592928  -1.419256
