 Number of surface minima:    60
   #       a.u.         eV      kcal/mol           X/Y/Z coordinate(Angstrom)
     1  0.18288183    4.976468  114.760179      -6.161922   0.460619  -1.890296
     2  0.17005346    4.627390  106.710247      -5.906808  -1.459178  -0.699648
     3  0.16731107    4.552766  104.989372      -5.706837  -0.200264  -0.787024
     4  0.16925624    4.605696  106.209982      -5.177660  -0.892839   0.024030
     5  0.18016645    4.902578  113.056250      -5.309911   0.989790  -0.964256
     6  0.17724128    4.822981  111.220679      -4.761157  -0.298247  -3.310635
     7  0.16175093    4.401467  101.500328      -4.454134  -2.123212  -2.225125
     8  0.15561994    4.234634   97.653066      -3.923080  -0.994618  -2.551768
     9  0.16637732    4.527357  104.403433      -3.467552   0.208459  -2.662078
    10  0.14883433    4.049988   93.395031      -3.406016  -1.736566  -1.706184
    11  0.20288471    5.520774  127.312182      -3.389917   3.900271  -0.631731
    12  0.16695330    4.543030  104.764866      -2.664068   0.567162  -2.087647
    13  0.05457385    1.485030   34.245638      -2.359270  -2.826142   1.192682
    14  0.02678279    0.728797   16.806468      -2.294351  -1.451976   1.813944
    15  0.17498669    4.761630  109.805898      -2.264768   2.182421   1.291723
    16  0.19709105    5.363120  123.676605      -2.292279   3.238800  -1.144205
    17  0.18763635    5.105845  117.743683      -2.260914   4.171750  -0.814600
    18  0.17496713    4.761098  109.793623      -2.157652   3.238800   1.635079
    19  0.18471952    5.026474  115.913347      -1.905497   4.680349   1.890384
    20  0.19071990    5.189752  119.678646      -1.894719   5.487803  -0.086824
    21  0.17920326    4.876369  112.451835      -1.072275   4.695355  -0.697596
    22  0.16894379    4.597194  106.013915      -0.842030   3.767977   1.752620
    23  0.05143140    1.399520   32.273717      -0.572643  -1.126912  -2.469616
    24  0.05601220    1.524169   35.148215      -0.625381   0.118010  -1.836023
    25  0.00877797    0.238861    5.508265      -0.344878  -3.375916  -0.497166
*   26 -0.00322645   -0.087796   -2.024629      -0.176082  -3.812291   0.877489
    27  0.18572759    5.053905  116.545921      -0.146852   4.049507  -0.973075
    28  0.16869211    4.590346  105.855986       0.008678   3.106505   1.473926
    29  0.18561010    5.050708  116.472193       0.125462   5.083730  -0.414708
    30  0.17878937    4.865106  112.192117       0.230953   4.289780   1.653915
    31  0.00254022    0.069123    1.594012       0.363851  -2.190306   3.264273
    32  0.09762462    2.656501   61.260426       0.378700   1.862121   2.184259
    33  0.03077788    0.837509   19.313429       0.743366  -0.658058   3.004593
    34  0.15134844    4.118401   94.972661       1.167288   0.077123  -1.222856
    35  0.11105517    3.021965   69.688231       1.172466   1.122091   1.087651
    36  0.04804412    1.307347   30.148166       1.569463   1.518890   3.930504
    37  0.02982338    0.811535   18.714467       2.014062  -1.656090   1.332597
    38  0.12097813    3.291982   75.914987       2.110169   1.536965   0.751365
    39  0.13408287    3.648580   84.138342       2.334629   3.963457  -0.699648
    40  0.06025051    1.639500   37.807796       2.520515  -0.018391   1.847844
    41  0.13372734    3.638906   83.915245       2.432283   3.175673   0.957052
    42  0.13418203    3.651279   84.200567       2.438691   3.975847  -0.198231
    43  0.11862827    3.228039   74.440425       3.114855  -1.136638   0.992263
    44  0.11216446    3.052150   70.384320       4.115011  -1.992357  -1.565092
    45  0.10682769    2.906929   67.035443       4.209825  -2.193627  -0.442225
    46  0.11014132    2.997098   69.114781       4.194970  -2.219807   0.877954
    47  0.11863948    3.228344   74.447458       4.088312  -0.069705   1.280247
    48  0.12233210    3.328826   76.764614       4.244592   0.387636   0.021135
    49  0.12875953    3.503725   80.797891       4.189887   0.586490  -1.123209
    50  0.10314915    2.806831   64.727124       5.169348  -1.863889  -2.362684
    51  0.11374793    3.095239   71.377963       5.166305   0.758559  -1.871015
    52  0.09527168    2.592474   59.783932       5.282144  -2.306097   0.101032
    53  0.10629203    2.892353   66.699312       5.254859   0.298828   0.617326
    54  0.10110348    2.751166   63.443444       6.077852  -2.176804  -0.556335
    55  0.10232247    2.784336   64.208373       6.057463  -1.936419  -1.893879
    56  0.10957347    2.981646   68.758445       6.175671   0.421764  -0.046965
    57  0.11057795    3.008979   69.388771       6.173461   0.682079  -1.503279
    58  0.11742536    3.195307   73.685590       6.311379   0.061910   1.012609
    59  0.12078300    3.286673   75.792540       7.358209  -1.832320  -1.237796
    60  0.12546388    3.414046   78.729840       7.406283   0.351596  -0.950457
 
 Number of surface maxima:    59
   #       a.u.         eV      kcal/mol           X/Y/Z coordinate(Angstrom)
     1  0.24959861    6.791923  156.625621      -6.065206   0.481523  -3.307019
     2  0.24007167    6.532682  150.647373      -5.923983  -2.418127  -1.865514
     3  0.20449981    5.564723  128.325676      -5.767315  -0.922801  -2.310898
     4  0.19145826    5.209844  120.141973      -5.049144  -2.187993  -0.425680
     5  0.21750410    5.918588  136.485997      -4.836817   1.518974  -2.607807
     6  0.18877963    5.136955  118.461106      -4.675203  -2.508605  -0.890692
     7  0.27216433    7.405968  170.785837      -4.431441   3.358833   0.328875
     8  0.25143624    6.841928  157.778755      -4.243465   0.199354  -0.300907
*    9  0.27231040    7.409943  170.877497      -3.993222   2.817669  -2.418842
    10  0.19597747    5.332818  122.977822      -3.854717  -0.966082   0.949401
    11  0.16352296    4.449686  102.612294      -3.794235  -3.976905   1.212954
    12  0.24982396    6.798056  156.767035      -3.457834   2.377401  -0.831942
    13  0.24925081    6.782459  156.407375      -3.566890   2.330147  -0.564257
    14  0.24295126    6.611040  152.454346      -3.315013  -0.336222  -1.501137
    15  0.22176161    6.034440  139.157625      -3.186732   4.434870   0.623023
    16  0.17465267    4.752541  109.596295      -2.393712  -1.658166  -0.035218
    17  0.25556814    6.954363  160.371564      -2.398543   5.883863   1.152143
    18  0.17779096    4.837938  111.565608      -1.585609  -0.329320  -0.543469
    19  0.12466960    3.392432   78.231422      -1.365947  -1.925744   0.474043
    20  0.18009810    4.900719  113.013359      -1.341125   1.046412   2.928914
    21  0.26360190    7.172972  165.412825      -1.237766   3.238800  -0.626583
    22  0.19667418    5.351776  123.415012      -1.076537   0.857502   0.676784
    23  0.25562289    6.955853  160.405920      -1.099662   2.701082   0.854335
    24  0.07181472    1.954178   45.064454      -1.026997  -2.664904  -2.502228
    25  0.14799505    4.027150   92.868373      -1.027904  -0.813691   1.946238
    26  0.21557007    5.865960  135.272377      -0.837673   5.353383   0.875027
    27  0.03593041    0.977716   22.546691      -0.120857  -3.846530   2.740004
    28  0.21978229    5.980580  137.915585       0.302597   2.180445  -1.228825
    29  0.18700405    5.088639  117.346913       0.677671  -0.568222  -0.788069
    30  0.20394737    5.549690  127.979011       0.545153   1.512617   0.376869
    31  0.11884314    3.233886   74.575259       0.707481  -2.121075   0.158310
    32  0.25592366    6.964037  160.594657       0.788607   5.492870   0.762780
    33  0.12566808    3.419602   78.857978       0.987415  -1.155318   1.628893
    34  0.16691418    4.541966  104.740315       0.913509   0.330533   0.362181
    35  0.21468774    5.841950  134.718702       0.969865   4.094552  -0.240778
    36  0.21357601    5.811699  134.021080       1.110322   3.886908   0.603990
    37  0.21380250    5.817862  134.163207       1.146786   4.024976   0.342925
    38  0.21093234    5.739761  132.362151       1.563485  -0.320865  -2.422781
    39  0.13147798    3.577698   82.503750       1.765513   1.847431   1.813944
    40  0.17806661    4.845439  111.738576       2.213059  -1.949653  -1.234729
    41  0.19767264    5.378946  124.041557       2.237074   0.468850  -0.694636
    42  0.19163139    5.214555  120.250612       2.767245  -0.341747  -2.138834
    43  0.14759784    4.016342   92.619123       3.038208  -1.663408   0.120185
    44  0.21132576    5.750466  132.609031       3.285181  -0.306344  -3.612017
    45  0.20964336    5.704686  131.553306       3.166446   2.441414  -0.563401
    46  0.18760857    5.105089  117.726255       3.275510   2.681764   2.199504
    47  0.16658859    4.533106  104.536009       3.597715   0.091742   4.106898
    48  0.17809558    4.846227  111.756761       3.818352  -1.227137   2.007141
    49  0.15644637    4.257122   98.171659       4.857605  -0.210121  -3.374442
    50  0.15736680    4.282168   98.749238       5.129452  -1.542665  -1.100906
    51  0.16348266    4.448589  102.587001       5.117897   0.027497  -0.846020
    52  0.14114520    3.840756   88.570022       5.381804  -1.137292   1.511588
    53  0.19297457    5.251105  121.093474       6.473486  -0.197462  -3.886396
    54  0.12266463    3.337874   76.973279       7.011877  -1.929397  -1.365817
    55  0.18600241    5.061383  116.718373       7.020692  -1.240915   1.691840
    56  0.12835353    3.492677   80.543124       7.019935   0.466233  -0.828454
    57  0.14776655    4.020932   92.724987       7.215602  -0.484825  -2.287179
    58  0.14514171    3.949507   91.077872       7.389324  -0.862603   0.093453
    59  0.19031923    5.178849  119.427217       8.394758  -0.743883  -1.130207
