 Number of surface minima:    81
   #       a.u.         eV      kcal/mol           X/Y/Z coordinate(Angstrom)
     1  0.08741201    2.378602   54.851914      -7.827905   1.257630   0.429359
     2  0.09696414    2.638528   60.845969      -7.752820   2.428230  -1.703589
     3  0.08013167    2.180494   50.283425      -7.595012  -0.619487   0.253769
     4  0.09715221    2.643646   60.963985      -7.318878   1.491900  -3.467051
     5  0.08204005    2.232423   51.480952      -6.583003  -1.886396  -1.941183
     6  0.08421379    2.291574   52.844994      -6.506712   0.309599   1.331210
     7  0.08612430    2.343561   54.043860      -6.333483  -0.977166  -3.543174
     8  0.06026144    1.639797   37.814654      -6.180233  -1.672894   2.454508
     9  0.05671463    1.543284   35.588997      -6.097497  -2.465371   1.609152
    10  0.06802477    1.851048   42.686221      -5.887984  -0.628877   2.239667
    11  0.06458586    1.757471   40.528276      -5.772780  -2.334365   0.650293
    12  0.15578466    4.239116   97.756431      -4.914264   3.009209  -1.651786
    13  0.08312028    2.261818   52.158805      -4.837279  -1.540600  -2.629649
    14  0.11372984    3.094746   71.366615      -4.524661  -1.406386  -0.910317
    15  0.14346118    3.903777   90.023325      -4.628690   1.489248   0.274921
    16  0.14269859    3.883026   89.544794      -4.506318   2.439073  -0.509377
    17  0.14762326    4.017033   92.635070      -3.957973   1.693762  -3.099528
    18  0.15112968    4.112448   94.835384      -3.715073   3.128099  -0.759847
    19  0.03936896    1.071284   24.704417      -3.630582  -2.213377   3.036400
    20  0.12384596    3.370020   77.714581      -3.591321   0.623302  -2.185574
    21  0.03271315    0.890170   20.527827      -3.518831  -2.894528   2.205436
    22  0.11598689    3.156164   72.782933      -3.463468  -0.123462  -1.459009
    23  0.04291893    1.167884   26.932060      -3.320575  -1.141180   2.795885
    24  0.02501989    0.680826   15.700230      -3.149164  -2.695561   1.231765
    25  0.04335319    1.179700   27.204560      -2.978297  -0.892302   1.845833
    26  0.12868889    3.501803   80.753565      -2.640332   1.421523  -2.463138
    27  0.00801330    0.218053    5.028428      -2.112817  -0.466879   1.864945
    28  0.12946267    3.522858   81.239119      -1.730552   1.364579  -1.976432
*   29 -0.01231600   -0.335135   -7.728415      -1.365256  -3.529203   0.140916
    30 -0.00405081   -0.110228   -2.541927      -1.372326  -2.927259  -1.105834
    31 -0.00598683   -0.162910   -3.756794      -1.110426  -2.264907   2.863876
    32  0.15505032    4.219134   97.295629      -0.548552   2.692818   1.271163
    33  0.02320850    0.631535   14.563564       0.149947  -1.238983   2.817465
    34  0.02429262    0.661036   15.243864       0.140485   0.197741  -1.930231
    35  0.15260409    4.152569   95.760595       0.111513   3.619160   1.604201
    36  0.00439877    0.119697    2.760273       0.398261  -2.979602  -0.898756
    37  0.16083631    4.376579  100.926392       0.373886   4.414980  -0.906126
    38  0.16574744    4.510217  104.008179       0.943611   4.839969   1.785983
    39  0.16723459    4.550685  104.941377       1.146248   5.544954  -0.248351
    40  0.15434279    4.199881   96.851641       1.473539   3.653244   1.653569
    41  0.15775316    4.292682   98.991684       1.456955   4.428029  -0.863223
    42  0.08880306    2.416454   55.724805       1.484485  -4.667041  -0.777529
    43  0.03248420    0.883940   20.384162       1.447839  -2.595199   2.532947
    44  0.15786173    4.295636   99.059814       1.864810   2.692818   1.400190
    45  0.09958468    2.709837   62.490383       2.074841  -3.803299  -2.668631
    46  0.16080971    4.375855  100.909702       2.127344   3.380940  -1.136090
    47  0.04980402    1.355236   31.252520       2.250255  -0.573339   4.026267
    48  0.08645796    2.352641   54.253234       2.352280  -0.087137   1.475320
    49  0.08691535    2.365087   54.540250       2.494217  -4.451074  -0.027357
    50  0.14549297    3.959065   91.298295       2.494217  -0.687003  -0.248351
    51  0.12225349    3.326687   76.715290       2.371313   7.071022   0.025003
    52  0.11528874    3.137166   72.344835       2.562568   0.247577   0.677709
    53  0.07857314    2.138084   49.305432       2.699406  -5.568828  -0.645234
    54  0.11662649    3.173568   73.184286       2.866350   0.299215   1.600685
    55  0.09939091    2.704564   62.368792       3.287983  -3.128131  -2.155089
    56  0.08664647    2.357770   54.371528       3.355175  -4.186486  -2.827046
    57  0.10492760    2.855225   65.843121       3.362929  -0.539593  -1.731074
    58  0.08626582    2.347412   54.132667       3.582229  -5.906312  -0.592941
    59  0.11024001    2.999783   69.176711       3.684866   6.793942  -0.828336
    60  0.11253753    3.062302   70.618427       3.657727   7.044455   1.051180
    61  0.12648630    3.441867   79.371416       3.798192  -0.396719   1.339180
    62  0.11542174    3.140785   72.428297       3.791679   3.618878   3.140041
    63  0.10662269    2.901351   66.906803       4.081749  -2.731248  -1.654855
    64  0.10855792    2.954011   68.121177       4.204453   5.205476   2.924782
    65  0.09265357    2.521232   58.141042       4.343970  -4.574467  -2.747379
    66  0.11631107    3.164985   72.986360       4.274075  -0.951390  -2.337627
    67  0.11071493    3.012707   69.474728       4.476661  -1.143884  -1.308675
    68  0.09222857    2.509667   57.874351       4.627067  -4.686313   0.536892
    69  0.09008481    2.451332   56.529120       4.643976  -5.497816   0.011450
    70  0.10895152    2.964722   68.368169       4.897737  -6.652292  -0.909823
    71  0.10427739    2.837532   65.435102       4.804088   1.695331  -1.835883
    72  0.10837421    2.949012   68.005901       4.759964   2.974786  -1.565878
    73  0.10521279    2.862986   66.022078       5.058713   4.728136  -1.703589
    74  0.09645547    2.624687   60.526774       5.404692  -4.186486  -2.162612
    75  0.10087076    2.744833   63.297409       5.278997  -3.379304  -1.688357
    76  0.11345884    3.087372   71.196559       5.305931   1.667998   0.694444
    77  0.10899344    2.965862   68.394475       5.306119   3.901919   2.290225
    78  0.11256988    3.063182   70.638729       5.536986  -5.509429  -2.686410
    79  0.10131055    2.756800   63.573382       5.675488   1.239147  -1.302144
    80  0.10457101    2.845522   65.619351       5.876019   3.719462  -0.306201
    81  0.10395163    2.828668   65.230688       5.999801   1.171219  -0.116057
 
 Number of surface maxima:   104
   #       a.u.         eV      kcal/mol           X/Y/Z coordinate(Angstrom)
     1  0.14753154    4.014537   92.577517      -8.532225   0.300464  -0.671026
     2  0.15579589    4.239422   97.763476      -8.410525   1.225799  -2.400096
     3  0.14767524    4.018448   92.667692      -7.726406  -0.887416  -2.649489
     4  0.09601048    2.612578   60.247536      -7.542325   0.452445   0.937180
     5  0.12820750    3.488703   80.451485      -7.221918   0.299620  -1.738711
     6  0.11274021    3.067817   70.745608      -7.178752   2.692818  -2.939091
     7  0.11240461    3.058685   70.535016      -6.816337  -0.634083  -1.047005
     8  0.12239063    3.330418   76.801344      -6.532123   0.508184  -2.962163
     9  0.15935134    4.336170   99.994557      -6.469760   2.044455   0.971877
    10  0.17052993    4.640355  107.009234      -6.396333   3.429418  -1.363871
    11  0.13371827    3.638659   83.909554      -6.237207  -1.088388   0.865331
    12  0.09596409    2.611316   60.218427      -5.999642  -1.727798  -2.949142
    13  0.17008389    4.628218  106.729340      -5.708030   1.917767  -3.917361
    14  0.14702637    4.000791   92.260515      -5.689778  -3.772065   3.864912
    15  0.10242560    2.787142   64.273087      -5.381582  -2.140212   3.985066
    16  0.09681585    2.634493   60.752911      -5.178868  -3.921898   2.265228
    17  0.13890491    3.779795   87.164217      -5.255639  -2.202071  -1.290824
    18  0.11129120    3.028388   69.836340      -5.269973  -1.377574   1.494598
    19  0.16034393    4.363180  100.617422      -5.237396   2.369686  -1.497544
    20  0.15575277    4.238248   97.736421      -5.178597  -0.614253   4.778875
    21  0.15216736    4.140684   95.486538      -5.046558   0.599018   0.195205
    22  0.14373156    3.911135   90.192992      -4.908889  -4.710321   0.816032
    23  0.15176177    4.129648   95.232025      -4.912942  -0.348925  -3.821347
    24  0.15649979    4.258576   98.205183      -4.847450  -0.283137  -0.544579
    25  0.16404847    4.463986  102.942058      -4.904395   1.373452  -2.496454
    26  0.22010128    5.989260  138.115756      -4.733620   3.089701  -3.110476
    27  0.09896321    2.692926   62.100406      -4.492470  -3.257841  -0.114613
    28  0.18295051    4.978336  114.803273      -4.086549   1.549178   2.557404
    29  0.14530115    3.953845   91.177928      -3.882046  -2.474959  -1.347356
    30  0.09006342    2.450750   56.515697      -3.723771  -1.672732   2.000626
    31  0.17444763    4.746961  109.467631      -3.565793   1.009197   1.088339
    32  0.21563661    5.867771  135.314128      -3.309599   1.933598  -0.224750
    33  0.18977966    5.164167  119.088632      -3.286314   3.354290  -2.456936
    34  0.19743655    5.372522  123.893410      -2.797555   0.949659  -1.368534
    35  0.13838180    3.765560   86.835966      -2.532966  -0.563236  -0.091388
    36  0.05412063    1.472697   33.961237      -2.107889  -1.645412  -2.750107
*   37  0.24924122    6.782199  156.401361      -1.913393   4.809527   0.391443
    38  0.24499502    6.666654  153.736828      -1.816404   4.070852  -2.365060
    39  0.11137360    3.030630   69.888049      -1.726137  -1.253278   0.302070
    40  0.02744365    0.746780   17.221166      -1.545153  -3.860144   2.132946
    41  0.21837123    5.942183  137.030128      -1.546479   3.486584  -0.717102
    42  0.16858933    4.587549  105.791488      -1.007583   0.513961  -0.575088
    43  0.11629338    3.164504   72.975256      -0.813140  -0.722146   1.782397
    44  0.20022585    5.448422  125.643724      -0.416258   5.134384   0.646263
    45  0.08256632    2.246744   51.811192      -0.256921  -2.429010  -0.359284
    46  0.17896699    4.869940  112.303578       0.085126   0.832378   0.638886
    47  0.13044695    3.549642   81.856767       0.598822  -0.892420  -1.103333
    48  0.19369877    5.270812  121.547917       0.793400   1.527485   2.148421
    49  0.22608628    6.152121  141.871404       0.785784   2.701516   0.824344
    50  0.22794445    6.202684  143.037419       0.774391   3.221995  -0.705406
    51  0.23332526    6.349103  146.413931       0.765126   6.118937   1.067826
    52  0.15522268    4.223824   97.403782       0.914207  -4.313604  -2.095237
    53  0.13295428    3.617870   83.430140       0.979377  -1.864791   1.074592
    54  0.15255616    4.151264   95.730516       1.466756  -0.726820   0.167428
    55  0.17485512    4.758050  109.723335       1.585503   1.002618   0.536178
    56  0.15125083    4.115744   94.911406       1.817160  -0.902831   0.143487
    57  0.19536521    5.316158  122.593625       1.823766   1.750859  -1.318491
    58  0.17286289    4.703839  108.473194       1.728474   5.213966  -0.252323
    59  0.15410923    4.193525   96.705080       1.973845  -2.837703   4.768655
    60  0.17240920    4.691493  108.188497       1.884378   5.074116  -0.329014
    61  0.18766739    5.106689  117.763161       1.988260   6.520005   1.582286
    62  0.12323324    3.353347   77.330089       2.085924  -5.249607  -2.371503
    63  0.18681139    5.083397  117.226017       2.063913   4.931195   1.148931
    64  0.18241210    4.963686  114.465419       2.266258   6.154950  -1.427321
    65  0.19852344    5.402098  124.575445       2.410158   1.529886  -2.978296
    66  0.17158792    4.669145  107.673135       2.373958   4.149765  -0.910982
    67  0.17864366    4.861141  112.100683       2.540386   4.723402   3.059006
    68  0.17355209    4.722593  108.905675       2.748673  -1.432249  -1.154144
    69  0.17211447    4.683473  108.003552       2.786413  -6.684603  -2.999924
    70  0.12992538    3.535449   81.529478       2.891100  -1.143717   1.942745
    71  0.12592004    3.426458   79.016083       2.918212   7.225511   0.039440
    72  0.17660640    4.805705  110.822282       3.155689   3.005275  -0.597366
    73  0.20235688    5.506411  126.980966       3.311744   1.518237   2.559567
    74  0.18807571    5.117800  118.019389       3.212593   2.749722   0.602319
    75  0.18668502    5.079958  117.146719       3.469078  -1.105163   0.960965
    76  0.17676111    4.809914  110.919365       3.623659   3.985271  -2.293972
    77  0.14210421    3.866852   89.171812       3.588588   5.647564   1.619626
    78  0.15860499    4.315861   99.526217       3.811588  -0.087372  -0.381281
    79  0.13991255    3.807214   87.796526       3.826904  -4.706366  -0.383171
    80  0.17558469    4.777902  110.181146       3.849398  -2.039108   0.301328
    81  0.14640620    3.983915   91.871357       3.843602   0.591392  -2.890435
    82  0.14589496    3.970004   91.550545       4.226556  -3.900308  -1.708758
    83  0.13188973    3.588902   82.762125       4.343299  -6.436872  -2.367654
    84  0.18825246    5.122610  118.130298       4.307081  -1.947344   2.766794
    85  0.12231561    3.328377   76.754270       4.379672   4.046694   3.107754
    86  0.17929050    4.878742  112.506579       4.402685   2.428230   2.321588
    87  0.15441357    4.201807   96.896059       4.625432   0.588816   2.020831
    88  0.14843728    4.039184   93.145876       4.591946   5.199893   0.665377
    89  0.15467987    4.209053   97.063167       4.625720   1.378237  -0.501600
    90  0.13790829    3.752675   86.538832       4.918895   3.918208   0.835800
    91  0.17082972    4.648513  107.197359       4.923498   6.694735   0.178502
    92  0.18770713    5.107771  117.788099       5.098113  -0.229745  -3.484325
    93  0.20645855    5.618023  129.554803       5.318343  -2.023831   0.855948
    94  0.16531170    4.498360  103.734744       5.274540   2.294489  -0.246235
    95  0.11765736    3.201620   73.831171       5.404692   3.728970  -1.490717
    96  0.16812199    4.574832  105.498232       5.458597   5.392610   2.027162
    97  0.18006663    4.899862  112.993612       5.821692  -6.843551  -2.112121
    98  0.14502019    3.946200   91.001622       5.876067  -0.482245  -1.968177
    99  0.16587079    4.513574  104.085578       5.820587   5.346898  -0.501416
   100  0.19834483    5.397237  124.463365       6.057366  -0.325329   2.125405
   101  0.13785899    3.751334   86.507896       6.198369  -5.508971  -1.170161
   102  0.15367546    4.181722   96.432887       6.190260  -0.598627   0.547738
   103  0.19449450    5.292465  122.047245       6.986410  -1.126040  -0.902225
   104  0.18736569    5.098480  117.573845       7.138800  -4.440409  -0.105150
