 Number of surface minima:    58
   #       a.u.         eV      kcal/mol           X/Y/Z coordinate(Angstrom)
     1  0.15385943    4.186728   96.548329      -7.428024  -1.486164  -2.143472
     2  0.14494369    3.944118   90.953616      -6.893205  -1.976508  -0.914204
     3  0.14227952    3.871623   89.281821      -6.632535  -0.812974  -1.476246
     4  0.13151506    3.578707   82.527016      -6.315120  -2.504776   0.096152
     5  0.15297998    4.162797   95.996466      -6.077535  -2.647111  -3.436928
     6  0.14327958    3.898836   89.909370      -5.702556  -3.151627   0.821151
     7  0.14507016    3.947560   91.032978      -5.634731  -4.273510  -1.755969
     8  0.14325321    3.898118   89.892821      -5.173379  -3.148730  -2.483309
     9  0.13980301    3.804233   87.727788      -4.895552  -2.037673  -3.085509
    10  0.13024228    3.544073   81.728332      -4.622512  -3.759275  -1.501482
    11  0.19187327    5.221137  120.402398      -3.827266   0.878655   0.077700
    12  0.17774574    4.836708  111.537229      -3.141920  -0.919107  -2.105807
*   13 -0.01753351   -0.477111  -11.002455      -2.402243  -4.385863   3.387050
    14  0.17050192    4.639593  106.991657      -1.998316  -0.193357  -1.547216
    15  0.19411760    5.282209  121.810737      -1.886123   2.458711  -1.412872
    16  0.15701216    4.272518   98.526701      -1.633521   2.076617   1.219270
    17  0.16644195    4.529116  104.443990      -1.586244   3.544975   1.306949
    18  0.14040144    3.820518   88.103311      -1.621454   6.036292  -1.127944
    19  0.15133611    4.118065   94.964925      -1.539850   7.368389  -0.768325
    20  0.01587626    0.432015    9.962512      -1.335609  -0.961759   2.740015
    21  0.13251051    3.605794   83.151668      -1.356321   5.772011   1.518733
    22  0.14709970    4.002786   92.306531      -1.342066   7.093403   1.412355
    23  0.08307432    2.260567   52.129966      -0.588163  -1.495329  -1.243466
    24  0.14374211    3.911422   90.199612      -0.439801   6.559130  -1.153154
    25  0.13718897    3.733102   86.087453      -0.272546   6.177843   1.422023
    26  0.06997804    1.904199   43.911917       0.014514  -0.411087  -1.478545
    27  0.05775376    1.571560   36.241062       0.358555  -3.879575  -2.168006
    28  0.15322854    4.169560   96.152438       0.577286   3.166267   1.084222
    29  0.13310262    3.621906   83.523224       0.675981   5.937989  -1.322265
    30  0.14621452    3.978699   91.751070       0.912159   6.971506  -1.016747
    31  0.12478203    3.395492   78.301972       0.919362   5.652486   1.288141
    32  0.14165130    3.854528   88.887606       1.043900   6.838893   1.154317
    33  0.04541464    1.235795   28.498138       1.176747  -3.291179  -0.036143
    34 -0.01680972   -0.457416  -10.548267       1.279512  -1.429010   3.866712
    35  0.09496968    2.584256   59.594426       1.284504  -1.272452  -2.031315
    36 -0.00433042   -0.117837   -2.717382       1.573630  -0.110739   3.535804
    37  0.11042510    3.004820   69.292852       1.679779   0.615516  -0.449179
    38  0.13454311    3.661104   84.427147       2.000204  -1.337655  -1.474747
    39  0.01048783    0.285388    6.581216       2.890364  -1.615608   1.679782
    40  0.14427072    3.925806   90.531318       2.951343   0.543855  -0.934714
    41  0.09907872    2.696069   62.172888       3.822633  -1.701904   1.080226
    42  0.10609398    2.886964   66.575036       4.363520  -2.276036  -1.744690
    43  0.09727209    2.646908   61.039210       4.452145  -3.086614   0.604878
    44  0.09785901    2.662879   61.407509       4.401405  -2.768678  -0.676296
    45  0.01681673    0.457607   10.552667       4.488261   2.207973  -0.699919
    46  0.09301824    2.531155   58.369874       5.027596   0.095041  -0.827616
    47  0.09401358    2.558240   58.994459       5.176468  -1.206172   1.434100
    48  0.08937081    2.431904   56.081080       5.165619  -0.429024   0.247354
    49  0.09569058    2.603873   60.046794       5.371492  -2.293703  -2.571344
    50  0.08395692    2.284584   52.683808       5.467677  -3.289938  -0.375513
    51  0.08968198    2.440371   56.276341       6.198263  -3.215921  -1.097258
    52  0.09278266    2.524745   58.222046       6.187824  -2.687897  -2.293369
    53  0.08783993    2.390246   55.120433       6.094120   0.096003  -1.620755
    54  0.07982453    2.172136   50.090689       6.231938  -0.954479   0.651511
    55  0.08637746    2.350450   54.202718       6.971122  -0.892498  -0.094783
    56  0.08845911    2.407095   55.508977       6.971117  -0.364170  -1.286281
    57  0.10989236    2.990323   68.958554       7.512945  -3.103808  -1.766714
    58  0.10818930    2.943980   67.889865       8.124012  -1.162780  -0.932580
 
 Number of surface maxima:    63
   #       a.u.         eV      kcal/mol           X/Y/Z coordinate(Angstrom)
     1  0.22055779    6.001683  138.402222      -7.507081  -2.118091  -3.458538
     2  0.21269944    5.787846  133.471024      -7.097045  -4.477350  -1.298337
     3  0.17635782    4.798940  110.666296      -7.024938  -3.082617  -2.284964
     4  0.18702210    5.089130  117.358239      -6.272439  -0.839691  -3.231499
     5  0.17144988    4.665389  107.586516      -5.782781  -4.089146  -0.270722
     6  0.20867020    5.678205  130.942636      -5.509578  -1.495329  -0.697614
     7  0.24474953    6.659973  153.582777      -5.437968   0.558802  -3.406077
     8  0.20654810    5.620460  129.611000      -4.744860  -4.345296   0.889918
     9  0.20683427    5.628247  129.790574      -4.511908  -2.231111  -1.697984
    10  0.23260372    6.329469  145.961160      -4.444218   0.489085  -2.217456
    11  0.20952446    5.701451  131.478696      -4.132315  -2.696470   1.032689
    12  0.27599067    7.510088  173.186905      -3.970354   3.012130   0.104045
    13  0.23954408    6.518326  150.316308      -3.753962   5.375573   0.337641
    14  0.25939903    7.058606  162.775484      -3.637992  -0.304681   0.228446
*   15  0.28086788    7.642804  176.247405      -3.660341   1.737534  -2.417440
    16  0.21016199    5.718799  131.878752      -3.477796  -3.123391   0.485369
    17  0.19266663    5.242726  120.900240      -2.901949  -1.054974   1.859450
    18  0.25000278    6.802922  156.879244      -2.995265   1.812028  -0.725948
    19  0.22740230    6.187931  142.697215      -2.924376   4.104343   0.116755
    20  0.25272332    6.876951  158.586411      -2.672802  -0.988074  -0.755819
    21  0.18258364    4.968353  114.573059      -2.584914   6.574623   0.329381
    22  0.21679837    5.899384  136.043143      -1.860261   8.152280   0.365884
    23  0.19475854    5.299649  122.212934      -1.592408  -1.897680   0.892933
    24  0.17556873    4.777468  110.171136      -1.317202  -3.467907   0.376549
    25  0.21953082    5.973737  137.757782      -1.177927   1.036709  -1.324377
    26  0.18510477    5.036957  116.155097      -0.885075  -0.646677   0.018744
    27  0.26249368    7.142816  164.717411      -0.779783   2.798538  -0.901753
    28  0.24430196    6.647795  153.301926      -0.684018   2.603693   0.622964
    29  0.20697818    5.632163  129.880880      -0.561488   5.242801  -0.728991
    30  0.17698042    4.815882  111.056985      -0.441022   0.741738   0.844583
    31  0.20088475    5.466352  126.057192      -0.442662   5.051694   0.822226
    32  0.17374451    4.727829  109.026421      -0.260474   7.658021   0.243584
    33  0.12111086    3.295594   75.998276      -0.168290  -0.577073   2.443847
    34  0.12929050    3.518174   81.131084      -0.030935  -1.870676  -2.417440
    35  0.19320563    5.257392  121.238462       0.491803  -1.892212  -4.062325
    36  0.21524526    5.857121  135.068552       0.873658   1.670994  -1.281309
    37  0.02659871    0.723788   16.690957       0.933253  -3.333948   3.816096
    38  0.19753424    5.375180  123.954713       1.214006  -0.936522  -0.385994
    39  0.18367835    4.998142  115.260004       1.190229   1.424279   0.372813
    40  0.21206585    5.770605  133.073440       1.416609   7.846547   0.082134
    41  0.11014814    2.997283   69.119057       1.453699  -2.271104   0.898955
    42  0.06628806    1.803790   41.596423       1.478177   2.124930   2.895745
    43  0.21851424    5.946075  137.119869       1.495044   3.717857  -0.829908
    44  0.14927925    4.062095   93.674220       1.606753   0.239952   0.503106
    45  0.21278863    5.790273  133.526994       1.730063   3.671115   0.099686
    46  0.17199989    4.680355  107.931650       1.768219   6.240035  -0.136148
    47  0.10712876    2.915122   67.224371       1.881227  -0.944278   1.991280
    48  0.20984089    5.710061  131.677256       2.212662   0.081785  -1.919133
    49  0.16448387    4.475834  103.215274       2.605847  -1.950780  -1.020771
    50  0.18004218    4.899197  112.978269       2.764279  -3.673496  -2.709217
    51  0.21121840    5.747545  132.541659       2.764279   4.962043  -0.232485
    52  0.16328011    4.443078  102.459901       3.172891   0.358177  -0.167153
    53  0.20092165    5.467356  126.080347       3.822633   0.031731  -3.211206
    54  0.15633598    4.254118   98.102391       4.484105  -2.421390   1.889059
    55  0.14382596    3.913703   90.252227       5.312224  -0.539067  -3.301358
    56  0.14363876    3.908609   90.134759       5.443570  -2.244112  -1.338056
    57  0.12246921    3.332557   76.850651       5.874554  -2.618472   1.222013
    58  0.13850285    3.768854   86.911924       5.839088  -0.824955  -0.687859
    59  0.18291227    4.977296  114.779276       6.997697  -0.727901  -3.917763
    60  0.17018430    4.630950  106.792352       7.526874  -3.156053   1.154506
    61  0.13527814    3.681105   84.888385       7.601566  -1.526848  -2.607336
    62  0.13047271    3.550343   81.872931       7.857450  -2.553684  -0.367038
    63  0.17835612    4.853317  111.920249       8.796163  -2.304020  -1.651029
