 Number of surface minima:    73
   #       a.u.         eV      kcal/mol           X/Y/Z coordinate(Angstrom)
     1  0.11745804    3.196196   73.706096      -7.443201  -3.133161   1.409158
     2  0.09939961    2.704801   62.374249      -6.612676  -2.698766   0.348916
     3  0.11289319    3.071980   70.841607      -6.430462  -5.044610   1.923053
     4  0.10109266    2.750871   63.436656      -6.183227  -2.269318   1.539564
     5  0.10056146    2.736417   63.103322      -6.007903  -2.570150  -0.415874
     6  0.11450892    3.115946   71.855495      -5.872329  -2.088648   2.733578
     7  0.09234532    2.512844   57.947610      -5.478725  -5.047452   0.853512
     8  0.10085598    2.744431   63.288139      -5.337702  -1.833608   1.695289
     9  0.11410039    3.104829   71.599133      -5.272569   3.302075  -0.180262
    10  0.09343221    2.542420   58.629647      -5.028111  -4.607585   1.961494
    11  0.09169356    2.495109   57.538626      -4.874453  -4.929373   0.084327
    12  0.11164347    3.037973   70.057393      -4.817254  -2.019104  -0.344799
    13  0.10785541    2.934895   67.680347      -4.780767   3.480879  -2.128190
    14  0.11104769    3.021761   69.683533      -4.552324  -1.683244   0.744560
    15  0.10879411    2.960438   68.269390      -4.593147   0.278647   0.987144
    16  0.11306962    3.076781   70.952316      -4.398874   5.190231   1.528298
    17  0.08937439    2.432001   56.083325      -4.090785  -4.145705   2.201036
    18  0.12218292    3.324766   76.671003      -4.009105  -1.414242   2.079414
    19  0.09930593    2.702252   62.315463      -3.777816  -4.376042   0.208581
    20  0.12407759    3.376323   77.859930      -3.620076   2.027229  -1.098532
    21  0.09766380    2.657567   61.285013      -3.362017  -3.996190   1.142681
    22  0.09442747    2.569502   59.254183      -3.485463  -0.769861  -0.975348
    23  0.10612810    2.887893   66.596445      -3.386708  -0.163296   2.597919
    24  0.10822194    2.944869   67.910349      -3.426327   5.413991  -2.890458
    25  0.10982669    2.988536   68.917348      -3.251271   6.603972   0.870313
    26  0.10759873    2.927910   67.519278      -3.021768  -3.416936   2.276696
    27  0.06318018    1.719220   39.646197      -2.857567   0.626930  -3.355325
    28  0.11089567    3.017625   69.588145      -2.965279   6.776529  -1.633622
    29  0.11852968    3.225357   74.378562      -2.626979   5.520349   2.068742
    30  0.11067453    3.011607   69.449372      -2.074441   2.912040   4.028959
    31  0.10192279    2.773460   63.957568      -1.760751   0.978124   3.910588
    32  0.09231968    2.512146   57.931525      -1.759210   1.233444  -1.359817
    33  0.13869441    3.774067   87.032129      -1.866207   2.174456  -0.956658
    34  0.03401108    0.925489   21.342296      -1.319831  -2.062937   1.465041
    35  0.04640043    1.262620   29.116734      -1.265228  -1.045730  -2.841029
    36  0.14034785    3.819059   88.069681      -1.215875   2.937756  -1.633608
    37  0.15734603    4.281603   98.736208      -1.074320   3.760371   1.026599
    38  0.15789932    4.296659   99.083401      -0.564045   4.007514  -2.269225
    39  0.15154579    4.123771   95.096497      -0.684647   4.417386   0.495043
    40  0.11183046    3.043062   70.174733      -0.545798   2.157224   3.562017
    41  0.01444683    0.393118    9.065529      -0.033731  -2.205590  -3.326701
    42  0.16375998    4.456136  102.761025      -0.151443   5.235599  -0.430435
    43  0.14486923    3.942092   90.906892       0.055585   2.926353  -1.937139
    44  0.02582348    0.702693   16.204493       0.363193  -0.088916   1.938715
    45  0.15483152    4.213180   97.158327       0.407417   4.321327   0.281815
*   46  0.00286107    0.077854    1.795353       0.605932  -3.944307  -0.973823
    47  0.14643526    3.984706   91.889590       0.659397   2.059715  -1.582914
    48  0.00618032    0.168175    3.878213       0.849697  -3.583815   0.606807
    49  0.03944340    1.073309   24.751125       1.545627  -0.496024  -2.411927
    50  0.03473496    0.945186   21.796532       1.785739  -1.488095  -1.789950
    51  0.13280408    3.613783   83.335889       2.099095   0.985821   1.671859
    52  0.11795977    3.209848   74.020933       2.250491  -0.714903   0.613504
    53  0.04391733    1.195051   27.558563       2.451658  -3.009466   0.104055
    54  0.05270497    1.434175   33.072898       2.826715  -3.818498  -1.648527
    55  0.08306075    2.260198   52.121453       2.850062  -0.355412  -3.503216
    56  0.13224589    3.598594   82.985621       3.120404   0.948776   2.140148
    57  0.06883306    1.873043   43.193436       3.141372  -2.217174  -3.468219
    58  0.12278492    3.341148   77.048767       3.755474  -0.838018   1.142681
    59  0.06982914    1.900148   43.818483       3.950422  -4.164979  -0.411198
    60  0.12550785    3.415242   78.757429       3.914170   0.022716   1.879512
    61  0.14826791    4.034575   93.039597       4.250643   2.271719   0.156212
    62  0.08772594    2.387144   55.048902       4.567969  -0.796976  -3.870543
    63  0.14499739    3.945580   90.987313       4.765857   0.742109  -0.709439
    64  0.14165220    3.854552   88.888174       4.904397   1.542120  -0.047967
    65  0.09277950    2.524659   58.220063       5.283209  -2.973958   1.298546
    66  0.15610903    4.247943   97.959977       5.317853   2.250206   0.996985
    67  0.08991783    2.446789   56.424338       6.453201  -2.608335   2.353374
    68  0.10648959    2.897729   66.823285       6.967472   0.696674  -1.615283
    69  0.09260258    2.519844   58.109045       6.971668  -2.859751   0.637825
    70  0.09823620    2.673143   61.644196       7.197700  -0.241873   3.335731
    71  0.09922569    2.700068   62.265113       7.764839  -0.911160  -1.111960
    72  0.10279759    2.797265   64.506516       8.067766   1.001249   2.226369
    73  0.09959200    2.710036   62.494978       8.245971   0.808033  -0.335837
 
 Number of surface maxima:   101
   #       a.u.         eV      kcal/mol           X/Y/Z coordinate(Angstrom)
     1  0.18381847    5.001955  115.347931      -7.792492  -4.370453   2.201036
     2  0.18305052    4.981058  114.866034      -7.292348  -4.726314  -1.093824
     3  0.13868433    3.773793   87.025807      -7.256736  -4.401181   0.585992
     4  0.13963002    3.799526   87.619235      -6.537080  -3.528799   2.770781
     5  0.14323677    3.897671   89.882503      -5.689042  -4.156430  -1.448932
     6  0.18408246    5.009139  115.513587      -5.632389  -3.027136   4.022285
     7  0.17030992    4.634369  106.871176      -5.544121   4.520722  -1.136899
     8  0.15234245    4.145449   95.596414      -5.295078  -2.623170   0.639041
     9  0.12837419    3.493239   80.556091      -4.953495   2.535306  -1.241219
    10  0.14524176    3.952229   91.140659      -4.662943  -4.081276   0.892512
    11  0.16981795    4.620981  106.562463      -4.748772   0.684187   2.534106
    12  0.19316424    5.256266  121.212489      -4.813185   1.087793  -1.497235
    13  0.17029392    4.633933  106.861136      -4.732394   6.108254   0.328801
    14  0.19543973    5.318186  122.640387      -4.420371  -3.658120  -2.381817
    15  0.18288162    4.976462  114.760047      -4.418964   2.140156   0.481011
    16  0.18445662    5.019320  115.748372      -4.322177  -1.494432  -3.366659
    17  0.17077434    4.647006  107.162609      -4.415265   6.110831  -1.897906
    18  0.14090265    3.834156   88.417820      -4.258491  -2.473373   3.033714
    19  0.15011124    4.084735   94.196307      -4.023488   5.108874  -0.678422
    20  0.11990527    3.262788   75.241753      -3.943858  -0.514560   1.241867
    21  0.16839834    4.582352  105.671640      -3.963217   0.584220  -0.384579
    22  0.19303104    5.252642  121.128906      -3.902302   3.203461   1.537682
    23  0.17192910    4.678429  107.887227      -3.627778  -2.880530  -1.375206
    24  0.16825946    4.578573  105.584493      -3.609487   2.558014  -2.556148
    25  0.13974445    3.802640   87.691039      -3.612454   4.267664  -2.029107
    26  0.15248131    4.149227   95.683544      -3.474791   1.884907   2.459207
    27  0.18628322    5.069024  116.894582      -3.389746   3.991545   2.281533
    28  0.12499057    3.401166   78.432830      -3.331661   5.899913   1.860401
    29  0.14993029    4.079811   94.082756      -3.199373  -1.636405   0.674210
    30  0.15932468    4.335445   99.977833      -3.203862  -1.307118  -0.429534
    31  0.17102008    4.653693  107.316811      -3.221166   1.878469   4.181670
    32  0.14270616    3.883232   89.549542      -3.035239   6.038148  -0.382661
    33  0.18429028    5.014793  115.643991      -2.858419  -1.893197   2.798715
    34  0.17813088    4.847188  111.778907      -2.854095   2.661897   0.069961
    35  0.18547549    5.047045  116.387722      -2.694159  -2.885340  -2.164186
    36  0.12364683    3.364601   77.589620      -2.593687   6.240548  -2.610742
    37  0.14180676    3.858758   88.985161      -2.542065  -2.879814   1.022358
    38  0.18180695    4.947219  114.085681      -2.407203   3.513125   0.928850
    39  0.15193293    4.134305   95.339435      -2.391703  -0.903344   2.112995
    40  0.17687838    4.813106  110.992953      -2.039074   4.433504  -3.177954
    41  0.16155906    4.396246  101.379925      -2.038564  -3.557463  -0.179658
    42  0.15073159    4.101615   94.585579      -1.488748  -0.394823  -0.057103
    43  0.17077454    4.647012  107.162733      -1.621688   0.955706   0.226994
    44  0.16652268    4.531313  104.494648      -1.514843   4.122613  -1.769874
    45  0.17995881    4.896928  112.925952      -1.622569   6.263912   1.032308
    46  0.15836202    4.309250   99.373753      -1.479635  -1.668109  -1.227338
    47  0.17982729    4.893349  112.843423      -1.402893   5.007986  -0.586091
    48  0.12020235    3.270872   75.428178      -1.312672   2.204355   4.118086
    49  0.18392532    5.004863  115.414979      -1.311583   6.571155  -1.172597
    50  0.18219716    4.957837  114.330542      -0.964454   3.731999   3.004533
    51  0.13691666    3.725692   85.916572      -0.583836  -1.101740   1.076580
    52  0.10916613    2.970562   68.502840      -0.463771  -2.642805  -0.053442
    53  0.15430804    4.198935   96.829841      -0.426745   0.803649   3.274239
    54  0.21022427    5.720493  131.917829      -0.471642   2.269823  -0.852240
    55  0.22702469    6.177656  142.460265      -0.211762   5.524686  -1.900088
    56  0.22274811    6.061284  139.776667      -0.128902   3.086729   0.539261
    57  0.18468349    5.025493  115.890735       0.065163   1.075029  -2.807059
    58  0.04019258    1.093696   25.221249       0.179302  -3.860039  -2.968785
    59  0.18998479    5.169749  119.217354       0.313878   0.684187  -0.629427
    60  0.13876960    3.776113   87.079315       0.445177  -0.914910  -1.951736
    61  0.19284821    5.247667  121.014183       0.864119   4.517705  -1.494120
    62  0.16305324    4.436904  102.317541       1.268284  -0.089932   0.382853
    63  0.11144581    3.032595   69.933359       1.302119  -1.942369  -0.570736
    64  0.05879321    1.599845   36.893327       1.730848  -2.755465   2.266717
    65  0.08779389    2.388993   55.091541       1.793858  -2.485585  -0.834090
    66  0.20785950    5.656145  130.433914       1.797461   2.860669   0.805572
    67  0.12043478    3.277197   75.574031       1.991409  -1.269088  -3.293671
    68  0.21076684    5.735257  132.258300       2.085579   2.940278   0.220757
    69  0.24207856    6.587292  151.906715       2.614714   3.638110   1.847602
*   70  0.24322074    6.618373  152.623448       2.460691   3.993820  -1.367739
    71  0.14862789    4.044371   93.265490       2.648191  -1.243263  -0.282919
    72  0.20166319    5.487534  126.545669       3.063984   0.363178   1.010387
    73  0.07233510    1.968338   45.391001       3.355216  -4.146694  -0.577145
    74  0.09426240    2.565010   59.150597       3.676118  -0.746896  -3.980189
    75  0.21306361    5.797756  133.699549       3.519836   1.215778  -0.311329
    76  0.18797611    5.115090  117.956891       3.928113   2.689477   1.947992
    77  0.13481301    3.668449   84.596513       4.034475  -3.158352   0.989013
    78  0.16315320    4.439624  102.380262       4.207053   0.688765  -2.943048
    79  0.13436160    3.656165   84.313248       4.593784  -4.091478  -1.908925
    80  0.16191463    4.405921  101.603047       4.840230  -1.239385   0.216621
    81  0.14394340    3.916899   90.325920       4.972524  -2.290288  -3.643604
    82  0.15242929    4.147812   95.650906       4.863136  -2.083987   2.589099
    83  0.15627983    4.252590   98.067155       5.088614   0.551893   2.166431
    84  0.16432621    4.471544  103.116342       5.237113  -0.270144  -0.633405
    85  0.21946503    5.971947  137.716501       5.301789   2.336395   2.530300
    86  0.15756393    4.287533   98.872945       5.735436  -2.820468  -0.377559
    87  0.16716138    4.548692  104.895435       5.652104   0.163211   3.650589
    88  0.16885824    4.594866  105.960233       5.700779   1.280147   0.944875
    89  0.17111229    4.656202  107.374674       5.983051  -1.712053  -1.261497
    90  0.10235756    2.785291   64.230391       6.163173  -3.087503   1.539564
    91  0.16945444    4.611090  106.334355       6.285776  -0.773614  -1.903973
    92  0.12688463    3.452706   79.621372       6.451490  -1.035639   2.383765
    93  0.17654591    4.804059  110.784325       6.818011   2.261365   1.801166
    94  0.17070694    4.645172  107.120310       6.956939   1.948789  -0.474414
    95  0.11562914    3.146429   72.558440       7.299294   1.026543   3.127096
    96  0.13657922    3.716510   85.704828       7.439340  -0.771050   1.119705
    97  0.13219990    3.597342   82.956758       7.511518   0.700553   0.893742
    98  0.11335122    3.084443   71.129021       7.745465   0.418096  -1.363222
    99  0.15425923    4.197607   96.799206       7.927413  -2.191922   1.697352
   100  0.16040061    4.364722  100.652984       8.413055  -0.505808   2.333738
   101  0.15879076    4.320916   99.642792       8.727458  -0.608804   0.135020
