 Number of surface minima:    64
   #       a.u.         eV      kcal/mol           X/Y/Z coordinate(Angstrom)
     1  0.14016138    3.813985   87.952665      -6.561585  -1.281765  -2.585025
     2  0.12604203    3.429778   79.092635      -6.143060   1.381147  -0.314953
     3  0.12060097    3.281719   75.678315      -5.775231  -1.845226  -1.599830
     4  0.11599324    3.156337   72.786920      -5.734560   1.267763   1.512539
     5  0.13384136    3.642008   83.986789      -5.637041   3.744254  -1.527430
     6  0.13688261    3.724765   85.895203      -5.392629  -1.831085  -4.326452
     7  0.13046117    3.550029   81.865686      -5.456512  -0.703192  -1.740689
     8  0.11812349    3.214304   74.123671      -5.224206  -2.615527  -1.014211
     9  0.12808629    3.485405   80.375429      -5.003304   0.263873   0.313502
    10  0.13004444    3.538689   81.604184      -5.047410   5.195922  -0.405527
    11  0.12505735    3.402983   78.474736      -4.842221  -3.632449  -3.500577
    12  0.13590941    3.698283   85.284512      -4.716876  -0.462763  -1.338960
    13  0.11212738    3.051141   70.361050      -4.824846   3.354915   2.960528
    14  0.11924554    3.244836   74.827767      -4.472327   4.902885   2.296441
    15  0.11621191    3.162287   72.924135      -4.401128  -2.477148  -3.779233
    16  0.12990079    3.534780   81.514047      -4.165507  -2.086478  -0.486285
    17  0.12316994    3.351624   77.290366      -4.031852  -1.283331  -3.882029
    18  0.11362247    3.091825   71.299237      -3.872962  -3.138619  -3.250056
    19  0.13695631    3.726771   85.941454      -3.897894  -1.151472  -0.576324
    20  0.00669811    0.182265    4.203130      -3.231803  -0.095850   4.210154
    21  0.12057024    3.280883   75.659034      -3.297398   3.975779   2.948476
    22  0.12473768    3.394285   78.274141      -3.142222  -0.909327  -3.420991
    23  0.09621124    2.618041   60.373515      -2.850397  -1.691750   1.277134
    24  0.12511751    3.404621   78.512489      -2.796348  -2.673329  -2.652471
    25  0.03982854    1.083790   24.992810      -2.576920  -3.138619   3.543451
    26  0.18684755    5.084380  117.248703      -2.660678   0.901993  -0.003209
    27  0.19767554    5.379025  124.043379      -2.562829   1.919049  -1.246280
    28  0.11391295    3.099729   71.481513      -2.366396  -3.325984   1.060586
    29  0.13049744    3.551016   81.888449      -2.464449  -1.682285  -2.724480
    30  0.20227346    5.504141  126.928621      -2.362353   2.885937  -2.120389
    31  0.19846216    5.400430  124.536989      -1.910660   4.458747  -0.679873
    32  0.18645864    5.073798  117.004659      -1.844679   2.882720   1.502130
    33  0.19031014    5.178602  119.421513      -1.796358   3.754940   0.462335
    34  0.12383066    3.369604   77.704979      -1.748522  -0.831737   0.718773
    35  0.04221101    1.148620   26.487832      -1.391518  -1.257253   3.113868
    36  0.19443014    5.290713  122.006855      -1.371282   2.039913  -1.878607
    37  0.19393224    5.277165  121.694421      -0.868605   3.890347  -0.065707
    38  0.03503702    0.953406   21.986080      -0.691641  -3.667797   2.041716
    39  0.09190357    2.500823   57.670410      -0.351164  -0.757322  -1.183296
    40  0.19316973    5.256416  121.215934      -0.373127   1.311569  -1.445753
    41  0.20774343    5.652986  130.361078      -0.204233   2.306896  -2.315665
    42  0.03535439    0.962042   22.185234      -0.107547   0.292386   2.802770
    43  0.20755282    5.647799  130.241468       0.015614   3.281304   0.259393
    44  0.03428140    0.932844   21.511923       1.660053  -1.759780  -1.227716
    45  0.17529209    4.769940  109.997541       2.314444   1.906499   1.010495
    46 -0.00161616   -0.043978   -1.014155       2.358306  -3.800091   0.650063
    47 -0.00151029   -0.041097   -0.947722       2.489152  -3.667797   0.349754
    48  0.00469906    0.127868    2.948707       2.782660  -2.799919   2.028692
    49  0.16899016    4.598456  106.043015       3.367870   2.298560   1.003144
    50  0.18557320    5.049703  116.449037       3.285192   2.682330  -1.598114
    51  0.17373617    4.727602  109.021187       4.050502   0.594996  -1.880684
    52  0.17804891    4.844957  111.727474       4.174333   1.888564  -1.739495
    53  0.16322930    4.441695  102.428016       4.277158   1.518515   0.847829
*   54 -0.02268646   -0.617330  -14.235978       4.279007  -3.665181  -1.394962
    55  0.17934813    4.880311  112.542745       4.700967   2.839787   0.761945
    56  0.18728985    5.096416  117.526252       4.676019   3.079213  -1.334435
    57  0.08648146    2.353280   54.267979       5.734374  -0.889616   1.468271
    58  0.10578922    2.878671   66.383793       5.703601  -0.108115  -3.304256
    59  0.09343814    2.542581   58.633370       6.925022  -0.961280  -2.263365
    60  0.08695508    2.366168   54.565180       7.058735  -1.429101   0.324767
    61  0.10443463    2.841811   65.533777       7.146823   0.697915  -3.160549
    62  0.09406779    2.559715   59.028480       7.338947  -0.216769   1.518708
    63  0.11337691    3.085143   71.145144       7.736304   2.692527  -1.397186
    64  0.11022908    2.999486   69.169847       7.828059   2.355181   0.523918
 
 Number of surface maxima:    83
   #       a.u.         eV      kcal/mol           X/Y/Z coordinate(Angstrom)
     1  0.20616667    5.610080  129.371646      -6.763945  -1.166748  -4.067882
     2  0.18299906    4.979658  114.833739      -6.654869   2.417741   0.610558
     3  0.19694924    5.359261  123.587617      -6.285065  -4.055546  -2.841962
     4  0.15841948    4.310813   99.409811      -6.217569  -2.489766  -3.278396
     5  0.18931312    5.151472  118.795877      -6.261311   4.291635  -0.194449
     6  0.13596922    3.699911   85.322045      -5.775415   0.697884   0.321625
     7  0.18037621    4.908286  113.187877      -5.860398   4.175450   1.939728
     8  0.17059374    4.642092  107.049278      -5.518213  -0.083416  -3.521083
     9  0.16706484    4.546065  104.834857      -5.300964   3.328083   0.690672
    10  0.16615944    4.521428  104.266713      -5.135527   2.623108  -0.795686
    11  0.14889028    4.051510   93.430138      -4.936244   2.462962   1.644833
    12  0.14820806    4.032946   93.002041      -4.848249   4.677419  -1.667319
    13  0.15843176    4.311147   99.417512      -4.752116  -4.074769  -1.929683
    14  0.20046851    5.455026  125.795997      -4.702885   1.101343  -1.399649
    15  0.22842809    6.215844  143.340909      -4.581029   1.352823  -3.367478
    16  0.17254933    4.695306  108.276430      -4.458831  -1.533294   2.578217
    17  0.17806458    4.845383  111.737302      -4.508885  -1.448753  -1.530230
    18  0.17474401    4.755026  109.653616      -4.434163   0.330170   1.636217
    19  0.16084432    4.376797  100.931422      -4.299266   4.561337   0.600716
    20  0.21529710    5.858532  135.101083      -4.220955   3.071340  -2.371692
    21  0.12906226    3.511963   80.987861      -4.158923   4.325642   2.891263
    22  0.20711935    5.636004  129.969465      -3.631012  -4.674328  -1.001053
    23  0.18239953    4.963344  114.457529      -3.726462  -4.397209   1.444599
    24  0.17335436    4.717212  108.781597      -3.651638  -1.815239  -2.842369
    25  0.16910606    4.601610  106.115746      -3.413418   2.537190   3.192330
    26  0.22248392    6.054095  139.610884      -3.306228   1.866154   1.380245
    27  0.20701137    5.633066  129.901704      -3.323295   5.398854  -0.768454
    28  0.21323458    5.802408  133.806831      -3.176713   2.800041  -1.143359
    29  0.18892828    5.141000  118.554388      -2.733129  -3.405863  -0.735552
    30  0.21173556    5.761618  132.866180      -2.732462   3.942624  -0.234995
    31  0.19372563    5.271542  121.564769      -2.785319   5.044859   1.634868
    32  0.18358916    4.995715  115.204037      -2.436233  -0.828542  -0.543096
    33  0.26591599    7.235942  166.864942      -2.474769   4.292403  -2.076643
    34  0.20704187    5.633896  129.920842      -2.391123   2.411209  -1.807920
    35  0.24503276    6.667681  153.760510      -2.098492   0.824904  -1.546314
    36  0.19892135    5.412925  124.825133      -1.835571  -3.995432  -0.207287
    37  0.18142163    4.936734  113.843886      -1.800075  -1.015951  -1.527231
    38  0.08127396    2.211577   51.000225      -1.376922  -2.843127   3.540641
    39  0.20810824    5.662913  130.590003      -1.474358   0.168738   1.050817
    40  0.26632092    7.246961  167.119039      -1.288924   1.488423  -0.476260
    41  0.19037233    5.180294  119.460539      -1.144930  -2.375470  -1.598494
    42  0.15756951    4.287684   98.876443      -0.993379  -0.765489   1.094631
    43  0.20828446    5.667708  130.700584      -0.979188   1.656208   2.054853
    44  0.26595927    7.237120  166.892099      -0.865485   2.702287   0.464767
    45  0.23514225    6.398546  147.554116      -0.940155   3.680871  -1.986926
    46  0.17299811    4.707518  108.558047      -0.741127  -2.588344   0.461998
    47  0.20074631    5.462585  125.970318       0.093349   0.216368  -0.074993
    48  0.15844555    4.311523   99.426165       0.347666  -1.787587  -0.686733
    49  0.14339321    3.901928   89.980673       0.359314  -2.583048   3.942843
    50  0.13990151    3.806914   87.789599       0.476979  -0.871407   2.350075
*   51  0.28551155    7.769164  179.161356       0.633618   3.629265  -2.323996
    52  0.11523399    3.135676   72.310479       0.984724  -2.746216   1.787597
    53  0.04911243    1.336417   30.818540       1.074455  -4.783979  -0.661998
    54  0.26432478    7.192643  165.866445       1.126404   2.994322  -0.736464
    55  0.18032231    4.906820  113.154054       1.551240  -0.045566   0.769057
    56  0.28085325    7.642405  176.238220       1.862751   4.355366  -0.085693
    57  0.12471981    3.393799   78.262929       1.980123  -1.815676   0.321890
    58  0.17384798    4.730644  109.091344       2.662883  -0.889616   0.137685
    59  0.19964510    5.432619  125.279296       2.620676  -0.431368  -1.601159
    60  0.25901184    7.048071  162.532519       2.888525   1.424012  -1.201016
    61  0.24411975    6.642836  153.187584       3.001276   1.251501   0.366972
    62  0.22447629    6.108310  140.861116       3.408324   3.795932  -0.180336
    63  0.06368809    1.733041   39.964915       3.625436  -0.883228   2.705576
    64  0.19857323    5.403452  124.606688       4.966694  -0.360439  -0.854245
    65  0.25084256    6.825773  157.406218       4.995094   3.927465  -0.180980
    66  0.18938813    5.153513  118.842945       5.203400   2.151793   0.321047
    67  0.19644547    5.345553  123.271495       5.138310   2.350854  -1.133347
    68  0.14873723    4.047346   93.334099       5.370665  -1.261483  -2.567541
    69  0.13715204    3.732097   86.064274       5.583211  -1.850755   0.312863
    70  0.18050918    4.911905  113.271316       5.603699   1.637925  -3.257655
    71  0.16240922    4.419380  101.913410       5.998962   0.671280   2.105315
    72  0.18560393    5.050540  116.468319       6.250490   2.925024   1.199747
    73  0.19227897    5.232177  120.656976       6.143132   3.484844  -1.650799
    74  0.11391695    3.099838   71.484025       6.528140  -0.031592  -3.318092
    75  0.10152932    2.762753   63.710666       6.931198  -0.873399   1.399337
    76  0.12535860    3.411181   78.663778       6.793437  -0.497460  -1.000143
    77  0.14378194    3.912506   90.224608       6.940281   1.638384  -1.797569
    78  0.13831208    3.763663   86.792212       7.057459   1.227186   0.586528
    79  0.14517822    3.950500   91.100786       7.385456   0.697915  -0.736464
    80  0.12908812    3.512666   81.004085       7.343559   3.351574  -0.327726
    81  0.16306025    4.437095  102.321940       8.178916   0.168738  -2.159580
    82  0.15874628    4.319706   99.614879       8.291642  -0.326672   0.218735
    83  0.16990327    4.623303  106.616000       8.584397   1.623975  -0.604170
