 Number of surface minima:    59
   #       a.u.         eV      kcal/mol           X/Y/Z coordinate(Angstrom)
     1  0.11365018    3.092579   71.316622      -8.101522  -0.345804   2.516399
     2  0.11792898    3.209011   74.001611      -7.795247   1.809294   2.011863
     3  0.09321609    2.536539   58.494031      -7.445102  -0.921807   1.442911
     4  0.09233539    2.512574   57.941379      -7.063047  -1.207216   0.531611
     5  0.10011794    2.724348   62.825009      -7.018525   1.650057   0.932083
     6  0.09470162    2.576962   59.426217      -6.657467  -0.780905   2.505141
     7  0.10100565    2.748504   63.382058      -6.636783   1.374550   0.005772
     8  0.10262440    2.792552   64.397838      -6.298419   1.771823   1.926063
     9  0.11633700    3.165691   73.002628      -5.828579   1.788537   3.055142
    10  0.10059328    2.737282   63.123287      -5.718544  -1.405059   0.546124
    11  0.09080189    2.470845   56.979091      -5.643767  -0.941668   2.580715
    12  0.11279680    3.069357   70.781117      -5.307457   1.113395  -0.128850
    13  0.10303523    2.803731   64.655637      -5.307037   1.644241   1.987906
    14  0.09893839    2.692250   62.084829      -5.056649  -1.287511   1.452424
    15  0.11451324    3.116064   71.858203      -4.782557   1.249361   0.794064
    16  0.10982936    2.988609   68.919020      -4.253219  -0.947341   2.516026
    17  0.09910440    2.696768   62.189001      -3.591748   1.374940  -0.573794
    18  0.13672550    3.720490   85.796619      -2.618295   2.962472   0.843592
    19  0.05937399    1.615648   37.257771      -2.522434   2.575644  -2.914185
    20  0.03371348    0.917390   21.155543      -2.332051  -1.069603   1.394425
    21  0.04370149    1.189178   27.423122      -2.170109   0.176833  -2.789796
*   22 -0.00070401   -0.019157   -0.441776      -2.004216  -3.519949  -1.516888
    23  0.01026736    0.279389    6.442871      -1.770106  -1.403240  -3.628173
    24  0.00223623    0.060851    1.403259      -1.628108  -3.656778  -0.141241
    25  0.13831586    3.763766   86.794585      -1.634701   1.895607  -0.169167
    26  0.13512519    3.676943   84.792406      -1.621075   3.069457   2.587312
    27  0.09228794    2.511283   57.911606      -0.968789   2.123940  -1.330646
    28  0.13496187    3.672499   84.689926      -0.214679   2.931055  -0.721620
    29  0.02332192    0.634622   14.634739      -0.044080  -0.741769   1.803558
    30  0.09286948    2.527107   58.276529       0.509376  -3.492625  -0.734460
    31  0.07286516    1.982762   45.723614       0.437252  -2.930601  -2.450987
    32  0.02479635    0.674743   15.559956       0.416204  -1.644565  -2.591501
    33  0.14528268    3.953343   91.166332       0.797164   3.383594  -1.147216
    34  0.09017148    2.453691   56.583504       0.883861  -4.752611  -1.597609
    35  0.15061877    4.098545   94.514785       0.807075   3.126965   1.730921
    36  0.10504277    2.858359   65.915387       1.932233  -4.243411  -3.102325
    37  0.15037136    4.091813   94.359530       1.873977   2.586308  -1.543439
    38  0.15555332    4.232821   97.611261       1.935457   3.617735   1.181353
    39  0.10913287    2.969656   68.481964       1.997566  -3.354701   0.399317
    40  0.13708657    3.730315   86.023192       2.122849  -1.123967   1.446351
    41  0.13539255    3.684219   84.960178       2.818661  -1.872135   1.722260
    42  0.11715723    3.188010   73.517333       2.862235   4.403723  -2.166722
    43  0.13573993    3.693671   85.178162       3.684439  -2.625657  -1.510490
    44  0.11285982    3.071072   70.820664       3.692968  -0.604115   3.178585
    45  0.11831564    3.219532   74.244246       3.793966   2.291389  -2.419456
    46  0.12587637    3.425270   78.988681       3.740509   3.518958  -2.455088
    47  0.12237303    3.329940   76.790302       3.956289   4.555109   0.267961
    48  0.14607328    3.974856   91.662441       4.213616  -3.371841  -1.155525
    49  0.14406069    3.920091   90.399522       4.491456  -2.318859  -0.656816
    50  0.11938475    3.248624   74.915126       4.460657  -1.413445   3.449132
    51  0.10821465    2.944671   67.905778       4.537899  -2.534195   3.045203
    52  0.13148590    3.577913   82.508718       4.802438   3.683588  -0.070216
    53  0.13773274    3.747898   86.428673       4.773816   5.106506  -0.380421
    54  0.12600939    3.428890   79.072154       4.896476   2.446113   0.009559
    55  0.12272365    3.339480   77.010319       5.404265   0.448880   1.394044
    56  0.13936387    3.792284   87.452224       5.785054   2.825366  -0.667871
    57  0.12677852    3.449819   79.554789       6.093802  -0.593670   1.580577
    58  0.13670636    3.719969   85.784610       6.084730   0.589443   2.395635
    59  0.11548100    3.142398   72.465479       6.272821  -1.692387   1.193083
 
 Number of surface maxima:    72
   #       a.u.         eV      kcal/mol           X/Y/Z coordinate(Angstrom)
     1  0.18254164    4.967211  114.546707      -9.006918   0.323522  -0.255862
     2  0.18448382    5.020060  115.765439      -8.776717   0.975309   2.898702
     3  0.13899292    3.782190   87.219444      -8.513054   0.705456   1.309469
     4  0.14309805    3.893896   89.795459      -7.393495  -0.063023  -0.888839
     5  0.14102785    3.837563   88.496384      -7.163694   0.887875   3.351903
     6  0.19366817    5.269979  121.528715      -6.232061  -0.472779  -1.974526
     7  0.14564936    3.963321   91.396431      -6.236020  -0.606504   1.328034
     8  0.15251018    4.150013   95.701665      -5.974086   0.974127   1.079768
     9  0.18628335    5.069028  116.894667      -5.803860   0.875620   4.419016
    10  0.17287188    4.704083  108.478831      -4.983958  -0.281858  -1.125187
    11  0.18299225    4.979472  114.829465      -4.919063   1.769622  -2.778317
    12  0.14395151    3.917120   90.331010      -4.678885   0.568412   3.254296
    13  0.18458408    5.022788  115.828355      -4.284040  -0.756558  -2.038964
    14  0.16486983    4.486336  103.457469      -4.094413  -1.741924  -0.129860
    15  0.14149429    3.850255   88.789080      -3.856173  -0.873990   1.193309
    16  0.15695232    4.270890   98.489148      -3.615652   0.443996   0.782690
    17  0.15875718    4.320002   99.621716      -3.489525   0.703900   0.108159
    18  0.19591176    5.331030  122.936586      -3.443915   3.677420  -0.625448
    19  0.18926928    5.150279  118.768363      -3.200744   0.182744   2.776516
    20  0.18379765    5.001388  115.334862      -2.768178   1.530379   0.426837
    21  0.03867253    1.052333   24.267400      -2.561489  -3.000386  -3.358139
    22  0.16234217    4.417555  101.871337      -2.505135  -0.589809  -1.278160
    23  0.14932894    4.063447   93.705404      -2.533393   2.581799   1.889610
    24  0.13836881    3.765207   86.827814      -2.282499   1.757613  -0.398831
    25  0.13908323    3.784647   87.276120      -2.359477   2.469584  -0.771410
    26  0.11387751    3.098765   71.459277      -2.259635  -1.929560  -0.517927
    27  0.15308416    4.165632   96.061843      -1.583892   0.496265  -0.097365
    28  0.20740323    5.643729  130.147598      -1.730972   4.284091   1.457355
    29  0.13129730    3.572781   82.390367      -1.369368  -0.885197   0.886622
    30  0.19335771    5.261531  121.333895      -1.339707   1.651363   3.037976
    31  0.17568117    4.780528  110.241688      -0.872155   1.363108   0.104554
    32  0.13842348    3.766695   86.862120      -0.518869  -0.718602  -2.208589
    33  0.05402365    1.470058   33.900379      -0.311379  -3.829482   1.457671
    34  0.11815804    3.215244   74.145350      -0.258780  -2.285396  -1.144310
    35  0.12583214    3.424067   78.960925      -0.138436  -4.039827  -1.577056
    36  0.18567229    5.052400  116.511218       0.004678   1.507234   1.770679
*   37  0.23592733    6.419909  148.046757      -0.019801   5.140392   0.632041
    38  0.17758347    4.832292  111.435406       0.176390   0.380483  -0.791332
    39  0.17918042    4.875747  112.437504       0.175411   1.173269  -2.908041
    40  0.15445160    4.202842   96.919922       0.615441  -1.281200   0.089569
    41  0.14807453    4.029313   92.918246       0.845685  -2.488257  -0.805620
    42  0.22143962    6.025679  138.955578       0.974598   2.036412  -0.590698
    43  0.10940759    2.977132   68.654358       1.236834  -4.380022  -2.842054
    44  0.19610639    5.336326  123.058722       1.420080   4.762038  -0.015874
    45  0.23126232    6.292968  145.119420       1.544030   2.159718   0.885070
    46  0.16586174    4.513328  104.079903       1.829642  -2.715230  -3.584954
    47  0.21673050    5.897537  136.000559       1.935954   6.101669  -0.400534
    48  0.17131979    4.661849  107.504881       2.212009  -1.808266  -2.008362
    49  0.20512843    5.581829  128.720144       2.340290  -1.939400   0.550336
    50  0.20617495    5.610306  129.376841       2.521632   0.638087   1.249996
    51  0.17856945    4.859122  112.054116       2.626085  -5.159865  -1.876391
    52  0.20783961    5.655603  130.421432       3.022968   0.512547  -0.859959
    53  0.18597840    5.060730  116.703307       2.968561   3.067277  -1.507210
    54  0.22156745    6.029157  139.035789       3.287556  -1.432105  -0.582620
    55  0.22877529    6.225292  143.558779       3.287556   1.827372   2.013268
    56  0.21611375    5.880754  135.613537       3.296317   0.726251   0.278457
    57  0.16528784    4.497711  103.719772       3.447946   5.648965  -1.029260
    58  0.19175694    5.217972  120.329399       3.606015   3.148637  -0.075990
    59  0.17627936    4.796805  110.617061       4.009241  -1.507859   2.251437
    60  0.21851603    5.946124  137.120995       4.126825  -4.710598  -0.367141
    61  0.18305943    4.981301  114.871626       4.615843  -3.524202   0.529522
    62  0.22640366    6.160757  142.070562       4.587768   0.153854  -1.194172
    63  0.18536422    5.044017  116.317901       4.922926  -0.958519   1.060789
    64  0.20462519    5.568135  128.404352       4.981503   5.806358  -1.717392
    65  0.17129710    4.661231  107.490645       5.139676   1.580216  -1.512116
    66  0.16371631    4.454947  102.733624       5.370260   4.145631  -1.742303
    67  0.20673967    5.625672  129.731209       5.763098  -4.232387   1.447134
    68  0.20555107    5.593329  128.985353       5.831849   0.864797   3.867886
    69  0.15772734    4.291979   98.975483       6.198031  -2.925651   2.383732
    70  0.15961381    4.343313  100.159260       6.190494  -0.614610   3.438223
    71  0.20736810    5.642773  130.125554       6.279834   2.803857  -2.114275
    72  0.19959646    5.431296  125.248772       7.070636  -2.076565   3.552914
