 Number of surface minima:    69
   #       a.u.         eV      kcal/mol           X/Y/Z coordinate(Angstrom)
     1  0.13292672    3.617120   83.412844      -6.633456   1.012398   1.332248
     2  0.14116803    3.841377   88.584351      -6.450327  -0.417680   2.728631
     3  0.11961155    3.254796   75.057444      -6.016873  -1.428394   0.586377
     4  0.12535098    3.410974   78.658995      -5.938209   0.111290   1.653124
     5  0.11779423    3.205344   73.917058      -5.842863  -0.703013  -1.286962
     6  0.13184984    3.587817   82.737095      -5.792972   1.065994   4.203023
     7  0.12222971    3.326040   76.700367      -5.691475  -3.862432   0.873164
     8  0.12441542    3.385516   78.071920      -5.541373   0.758892   0.851961
     9  0.11911515    3.241288   74.745947      -5.178199  -4.985851  -0.658173
    10  0.13627330    3.708185   85.512856      -5.186300  -0.835736   2.292456
    11  0.11160801    3.037008   70.035142      -5.107357  -2.286064  -3.335093
    12  0.11171379    3.039887   70.101518      -5.053176   1.878191   3.427689
    13  0.11128989    3.028352   69.835517      -4.781611  -4.059628  -3.039307
    14  0.12619367    3.433904   79.187788      -4.788452  -0.085616   0.180491
    15  0.11117592    3.025251   69.764003      -4.744338   2.497442   2.713535
    16  0.14683622    3.995617   92.141196      -4.600182  -1.481917   2.991830
    17  0.13694643    3.726502   85.935257      -4.249524   0.577467   0.539433
    18  0.11458046    3.117893   71.900383      -4.293590   1.021294   3.961095
    19  0.14047488    3.822516   88.149394      -3.907713  -1.039060   1.965675
    20  0.11720305    3.189257   73.546084      -3.944678  -0.542629  -2.566770
    21  0.11442960    3.113788   71.805717      -3.567184  -2.976923  -3.577722
    22  0.14252732    3.878365   89.437316      -3.667393  -0.011581   0.867992
    23  0.12419958    3.379642   77.936478      -3.434890   0.732357  -1.327586
    24  0.11915538    3.242383   74.771193      -3.520193   2.382397   2.328434
    25  0.11164103    3.037907   70.055861      -3.236589   0.889000   3.695153
    26  0.11827901    3.218535   74.221261      -2.799122   1.625853   2.778468
    27  0.18039840    4.908890  113.201802      -2.508830  -3.162605   1.429662
    28  0.16860725    4.588037  105.802736      -2.496460  -1.988163   0.866736
    29  0.16961817    4.615545  106.437098      -2.517582  -0.978915   0.150023
    30  0.17787653    4.840267  111.619302      -2.009180  -4.461987  -0.266603
    31  0.16715842    4.548612  104.893583      -2.015690  -2.426846  -1.980879
    32  0.13132538    3.573545   82.407988      -2.017808   0.599101   3.178849
    33  0.08061753    2.193715   50.588307      -1.997925   2.600899  -1.939016
    34  0.16620152    4.522573  104.293113      -1.861104  -3.502359  -1.199039
    35  0.14108056    3.838997   88.529462      -1.630180   2.995794   0.159507
    36  0.03324313    0.904591   20.860394      -1.559264   4.481146  -3.085184
    37  0.08196195    2.230298   51.431945      -1.429043   0.502081  -2.714035
    38  0.17026483    4.633142  106.842884      -1.313242  -2.287654   1.378554
    39  0.16957479    4.614365  106.409879      -0.931366  -3.759839  -0.782845
    40  0.05268381    1.433599   33.059615      -0.420292   0.745623   1.602231
    41  0.01520348    0.413708    9.540337      -0.498937   4.613852  -0.566085
    42  0.18350645    4.993465  115.152135      -0.266208  -2.821308   1.774244
    43  0.16923275    4.605057  106.195242      -0.272670  -1.648929   1.186817
    44  0.18043672    4.909933  113.225847      -0.097079  -3.191176  -0.960454
    45  0.01467209    0.399248    9.206883       0.512275   3.661927  -2.206909
    46  0.02914136    0.792977   18.286492       0.798300  -0.173317  -2.593277
    47  0.01271452    0.345980    7.978488       1.700418   1.365321   1.591876
    48 -0.00412712   -0.112305   -2.589808       1.718863   4.179847  -0.187520
    49  0.01267587    0.344928    7.954235       1.765696   2.476531   1.818134
    50  0.14701787    4.000560   92.255181       2.305191  -1.705461  -1.398037
    51  0.03144683    0.855712   19.733200       2.635418   1.942351   1.371177
*   52 -0.00463162   -0.126033   -2.906385       2.626029   3.228735  -1.672805
    53  0.15867855    4.317863   99.572378       3.312119  -2.947535   1.045040
    54  0.14252988    3.878435   89.438928       3.293771  -2.033183  -1.427657
    55  0.14968760    4.073207   93.930464       3.951011  -1.107475   1.739136
    56  0.14978073    4.075741   93.988906       4.040107  -2.351841   1.314365
    57  0.13505307    3.674981   84.747153       4.243148  -1.355462  -1.121985
    58  0.16350537    4.449207  102.601257       4.485378  -3.476712   0.678427
    59  0.15559588    4.233979   97.637972       4.635062  -2.682947  -1.338701
    60  0.08198104    2.230818   51.443923       5.335269   1.316011   1.405166
    61  0.09715216    2.643645   60.963952       5.575663  -0.827241   3.255737
    62  0.07577562    2.061960   47.549962       5.760496   1.021294  -1.198664
    63  0.09034870    2.458513   56.694714       6.953461   0.164629   2.640188
    64  0.09483280    2.580532   59.508533       7.140601  -1.744885   2.829049
    65  0.08264479    2.248879   51.860429       7.123711   1.281792   0.043011
    66  0.08429275    2.293722   52.894542       7.407838   0.221845  -1.390483
    67  0.09822772    2.672912   61.638878       7.677831  -2.220832  -1.068217
    68  0.10136240    2.758211   63.605918       7.685481  -3.075666   0.857914
    69  0.09811717    2.669904   61.569503       7.757325  -2.446506  -1.001154
 
 Number of surface maxima:    89
   #       a.u.         eV      kcal/mol           X/Y/Z coordinate(Angstrom)
     1  0.19958217    5.430907  125.239806      -7.273668   2.218283   1.911683
     2  0.17775887    4.837065  111.545471      -6.753069  -1.893942  -0.744769
     3  0.20335642    5.533610  127.608189      -6.750677  -0.189601   4.174817
     4  0.15798301    4.298936   99.135921      -6.728035   0.899763   2.844823
     5  0.18002242    4.898659  112.965869      -6.383936  -4.015387  -0.493843
     6  0.17398273    4.734311  109.175903      -6.138123  -3.225139  -2.492300
     7  0.13340020    3.630004   83.709957      -5.683893  -0.380299  -0.021450
     8  0.16230010    4.416410  101.844936      -5.767047   2.476531   1.032401
     9  0.15707972    4.274356   98.569092      -5.469616  -2.826429  -1.029320
    10  0.15264942    4.153802   95.789039      -5.154716  -2.647203   0.489827
    11  0.16325689    4.442446  102.445332      -5.235239  -0.779055   3.893735
    12  0.14509752    3.948304   91.050143      -5.057957  -1.762821  -1.816048
    13  0.13535056    3.683076   84.933832      -4.915012  -4.859945   0.718672
    14  0.21455636    5.838375  134.636261      -4.784964   3.222013   0.057200
    15  0.14926934    4.061825   93.668001      -4.650924  -4.062701  -1.454849
    16  0.18255391    4.967544  114.554404      -4.634607  -1.231872   1.496765
    17  0.18203067    4.953307  114.226068      -4.657313   0.227528  -1.325772
    18  0.12358634    3.362955   77.551665      -4.462542  -3.187455  -3.604158
    19  0.18023915    4.904557  113.101867      -4.512140   0.325197   1.637972
    20  0.19674684    5.353754  123.460611      -4.197598  -3.582771   1.821181
    21  0.16660575    4.533573  104.546776      -4.129660   1.407184   2.775130
    22  0.21074616    5.734695  132.245321      -3.856599  -1.624592   4.366617
    23  0.17256473    4.695725  108.286095      -3.809322  -1.473307  -3.499635
    24  0.26125816    7.109196  163.942111      -3.800049   1.809995  -3.762964
    25  0.19267387    5.242923  120.904777      -3.442856  -5.313937  -0.467632
    26  0.19313337    5.255426  121.193120      -3.524978   2.102649   0.099406
    27  0.19860902    5.404426  124.629146      -3.423270  -1.345213  -1.520687
    28  0.19379517    5.273435  121.608409      -3.340597  -0.963121  -0.892307
    29  0.19169090    5.216175  120.287957      -3.170302  -2.969641   0.673026
    30  0.17186471    4.676677  107.846827      -3.245894   5.151239  -1.001154
    31  0.18105612    4.926788  113.614527      -3.173643  -4.414587  -2.721039
    32  0.20494526    5.576844  128.605200      -2.920612   3.005708  -0.518589
    33  0.19079939    5.191915  119.728522      -2.848261  -3.816144  -0.546820
    34  0.17060955    4.642522  107.059201      -2.846899  -0.963121   3.158783
    35  0.20079648    5.463950  126.001797      -2.639145   0.889493  -0.339464
    36  0.24540131    6.677709  153.991775      -2.488791  -4.644441   1.126498
    37  0.12312299    3.350347   77.260907      -2.111947   3.534886  -1.068009
    38  0.18183250    4.947914  114.101714      -1.956864   2.658459   1.297483
    39  0.15977434    4.347681  100.259995      -1.864102   1.016946   1.897863
    40  0.21648137    5.890758  135.844223      -1.535780  -0.830826   2.461458
    41  0.19323801    5.258274  121.258785      -1.428504   0.124769  -0.852222
    42  0.24221789    6.591084  151.994147      -1.296918  -1.587373   0.226713
    43  0.14952824    4.068870   93.830463      -1.196029   2.471921  -0.050632
    44  0.21246983    5.781598  133.326942      -1.053593  -4.062337   1.115554
    45  0.18449963    5.020490  115.775361      -1.053593  -1.072546  -2.278137
    46  0.24230884    6.593559  152.051220      -0.941133  -2.458589  -1.041386
    47  0.15634336    4.254319   98.107019      -0.977625   1.021294  -0.925186
    48  0.15947826    4.339624  100.074201      -0.882810   1.716561  -3.499491
    49  0.14775132    4.020518   92.715428      -0.782404   2.469456  -0.073019
    50  0.14216838    3.868598   89.212079      -0.561699   6.564007  -2.063791
    51  0.17762507    4.833424  111.461507      -0.127533   0.030373  -0.007661
    52  0.07245831    1.971691   45.468313      -0.161548   4.848845  -2.216789
    53  0.13395154    3.645007   84.055929       0.332158   1.445500   1.046068
    54  0.13723277    3.734294   86.114938       0.533939   1.255735  -2.125694
*   55  0.26175409    7.122691  164.253308       0.585536  -4.138184   1.431740
    56  0.23497669    6.394041  147.450223       1.063116  -3.139134   0.157576
    57  0.09296722    2.529767   58.337858       1.055219   3.005193  -1.133200
    58  0.04616892    1.256320   28.971462       1.207210   4.345355   1.786040
    59  0.16076441    4.374622  100.881278       1.583281   0.211342  -0.771378
    60  0.25564652    6.956496  160.420746       1.830009  -4.332877  -0.931258
    61  0.11101022    3.020742   69.660023       1.997851   1.820663   0.062696
    62  0.16789776    4.568730  105.357523       2.581118  -0.238885   1.707496
    63  0.14424420    3.925084   90.514676       2.682706   0.816546   0.057200
    64  0.22794595    6.202725  143.038363       2.920285  -1.753616   0.861670
    65  0.21537772    5.860726  135.151675       3.051357  -1.220572  -0.595202
    66  0.19915531    5.419292  124.971947       3.318112  -3.856193  -0.599683
    67  0.04846940    1.318919   30.415033       3.712040   1.551105  -2.455241
    68  0.22512727    6.126025  141.269612       4.518626   3.537732   2.572761
    69  0.16543879    4.501818  103.814495       4.745234  -0.311911   1.468936
    70  0.22826568    6.211425  143.238996       4.944656  -4.005890  -0.575896
    71  0.16723229    4.550622  104.939933       4.983892  -0.047817   1.089548
    72  0.17258000    4.696141  108.295674       5.080941  -2.682947   0.635373
    73  0.16572130    4.509506  103.991770       5.204878  -2.245425  -0.736566
    74  0.14901762    4.054976   93.510047       5.531920   0.617816   2.809442
    75  0.16645132    4.529371  104.449871       5.611872  -2.499903   2.865488
    76  0.13582192    3.695902   85.229614       5.756721   1.746069   0.252798
    77  0.17671469    4.808651  110.890236       6.086228  -3.875520   0.988213
    78  0.14828945    4.035161   93.053115       6.011887  -0.380062  -2.137922
    79  0.17029152    4.633868  106.859631       6.260086  -2.779267  -1.782185
    80  0.10611402    2.887509   66.587606       6.535539  -0.807674   3.280619
    81  0.11765201    3.201474   73.827813       6.679720   0.155477   1.175798
    82  0.12989503    3.534624   81.510433       6.932303  -2.153769   1.428381
    83  0.12400087    3.374235   77.811785       7.016360  -1.200621  -0.814073
    84  0.09299463    2.530513   58.355063       6.948412   1.085641  -1.001154
    85  0.11558016    3.145096   72.527705       7.401056  -3.456151  -0.327558
    86  0.13319380    3.624388   83.580440       7.346800  -0.977459   0.678669
    87  0.15421968    4.196531   96.774392       8.162606  -0.842088   2.146866
    88  0.14967893    4.072971   93.925023       8.316769   0.089196  -0.088370
    89  0.15899906    4.326584   99.773499       8.546142  -1.901262   0.287418
