 Number of surface minima:    67
   #       a.u.         eV      kcal/mol           X/Y/Z coordinate(Angstrom)
     1  0.08925736    2.428816   56.009884      -6.742540   1.998811   1.493481
     2  0.09378484    2.552015   58.850926      -6.625190   2.118336  -1.172229
     3  0.09160761    2.492770   57.484689      -6.596639   3.201555  -1.133664
     4  0.08818639    2.399674   55.337843      -6.538728   3.152468   1.536685
     5  0.13691783    3.725724   85.917309      -6.435738  -1.394311  -2.543260
     6  0.13804550    3.756409   86.624932      -5.976477  -1.791585  -0.193356
     7  0.12995983    3.536387   81.551095      -5.913193  -3.517653  -2.845484
     8  0.09748847    2.652796   61.174991      -5.817728   1.335639   1.492354
     9  0.10084616    2.744164   63.281973      -5.836002   1.453263  -1.178351
    10  0.12614923    3.432695   79.159906      -5.549714  -1.161926  -1.431647
    11  0.09304108    2.531777   58.384211      -5.589710   3.558592   1.572967
    12  0.09918504    2.698962   62.239603      -5.610132   3.683381  -1.104566
    13  0.13412848    3.649822   84.166962      -5.050416  -0.737991  -3.702533
    14  0.12183667    3.315344   76.453728      -5.180785  -0.797530  -2.641026
    15  0.11269646    3.066627   70.718159      -4.880782  -3.666038  -1.955975
    16  0.11355286    3.089930   71.255555      -4.520145  -3.312546  -3.170213
    17  0.14561752    3.962454   91.376453      -4.388945  -1.667616   0.592085
    18  0.12567516    3.419795   78.862420      -4.236587  -0.512563  -2.761926
    19  0.10899638    2.965942   68.396321      -4.251101  -3.705819  -1.048657
    20  0.14598928    3.972570   91.609733      -3.859768  -0.846626  -0.946606
    21  0.12314862    3.351044   77.276992      -3.490559  -3.489531   0.122156
    22  0.11651497    3.170533   73.114307      -3.594489  -3.049275  -3.304057
    23  0.12228584    3.327567   76.735585      -3.011014  -3.316348  -1.188941
    24  0.11338682    3.085412   71.151365      -2.996809   1.118558   3.510553
    25  0.12661823    3.445457   79.454208      -2.669119  -2.992236  -2.320067
    26  0.17431132    4.743252  109.382095      -2.659104   0.798437  -0.254668
    27  0.16781494    4.566477  105.305551      -2.650011   1.620005  -1.147478
    28  0.17597064    4.788405  110.423336      -2.774911   2.647316  -1.846151
    29  0.16192984    4.406335  101.612596      -2.284284   2.762540   1.447482
    30  0.17873912    4.863739  112.160585      -2.248905   4.255532  -0.510878
    31  0.16222812    4.414452  101.799767      -2.127122   3.448687   0.672859
    32  0.04533372    1.233593   28.447361      -1.744670  -2.263076   1.204801
    33  0.08119915    2.209541   50.953278      -1.804763  -0.405873   2.889487
    34  0.17290403    4.704958  108.499006      -1.459839   1.882225  -1.679023
    35  0.16649392    4.530530  104.476601      -1.113786   3.819946   0.080645
    36  0.18036585    4.908004  113.181376      -0.537859   1.466349  -1.442700
    37  0.03450275    0.938868   21.650821      -0.223567  -4.003167   0.927768
    38  0.17589884    4.786451  110.378280      -0.178483   3.251206   0.483723
    39  0.10969556    2.984968   68.835061       0.103185  -2.665106  -1.695855
    40  0.01842116    0.501265   11.559463       0.298446   0.547275   2.969273
*   41 -0.01635340   -0.444999  -10.261919       0.561471  -2.230111   4.026064
    42  0.04885063    1.329293   30.654257       0.798431  -5.174739  -1.042941
    43  0.06582614    1.791220   41.306564       1.586407  -1.833236  -0.777074
    44  0.06337427    1.724501   39.767985       1.955691  -3.181695  -0.522420
    45 -0.00740041   -0.201375   -4.643830       1.834831  -1.589877   3.714040
    46  0.18262984    4.969611  114.602051       2.062852   0.455947  -1.650064
    47  0.14310129    3.893984   89.797490       2.201089   1.962930   1.149218
    48  0.10462612    2.847022   65.653938       2.656526  -2.240423  -0.652246
    49  0.16075807    4.374449  100.877295       2.987063   2.769190  -1.521651
    50  0.13841468    3.766455   86.856594       3.171844   2.390281   1.087407
    51  0.11440710    3.113176   71.791600       3.284866  -1.465352   0.668354
    52  0.15741775    4.283555   98.781211       3.823525   0.925858  -1.836558
    53  0.13143303    3.576475   82.475543       3.925786   0.510881   0.762354
    54  0.15513792    4.221518   97.350597       3.945444   1.974538  -1.715908
    55  0.12278545    3.341162   77.049096       4.013290  -1.925711  -2.179602
    56  0.13294134    3.617518   83.422022       4.180035   1.564955   0.877249
    57  0.16794500    4.570016  105.387165       4.209586   3.312125  -1.334830
    58  0.15010177    4.084477   94.190359       4.590356   2.760483   0.762895
    59  0.11467778    3.120541   71.961454       4.806459  -2.058601  -0.460372
    60  0.08316464    2.263025   52.186643       7.080644  -0.945928  -0.991439
    61  0.08447396    2.298653   53.008252       7.091784   0.768029  -2.534963
    62  0.07582305    2.063250   47.579724       7.315590   0.847413   0.990404
    63  0.08344183    2.270568   52.360582       7.508190   2.498518  -0.534243
    64  0.07631762    2.076708   47.890072       7.950984  -0.653862  -1.408288
    65  0.07798389    2.122049   48.935669       8.053366   0.256089  -2.247069
    66  0.07324742    1.993164   45.963487       8.288802   1.168405   0.513380
    67  0.07514978    2.044929   47.157237       8.331742   2.004846  -0.248665
 
 Number of surface maxima:    81
   #       a.u.         eV      kcal/mol           X/Y/Z coordinate(Angstrom)
     1  0.17756815    4.831875  111.425790      -8.828285   2.769190   0.163468
     2  0.13620761    3.706398   85.471640      -7.834464   1.444145   0.130026
     3  0.19082425    5.192592  119.744124      -7.414852  -0.240412   0.020045
     4  0.13285357    3.615130   83.366945      -7.542916   3.973774   0.137062
     5  0.20038530    5.452761  125.743778      -7.123748  -2.621886  -3.021578
     6  0.18142835    4.936916  113.848102      -6.862352   5.463425   0.296539
     7  0.19823552    5.394263  124.394769      -6.449231  -3.127631   0.134002
     8  0.15725173    4.279037   98.677030      -6.476067  -2.633375  -1.434680
     9  0.15804035    4.300497   99.171899      -5.760992  -2.018654  -3.751637
    10  0.14030641    3.817932   88.043675      -5.711888  -1.510106  -0.413313
    11  0.14399027    3.918175   90.355337      -5.607063   2.363072   1.015311
    12  0.14704280    4.001238   92.270825      -5.542629   2.533279  -0.611094
    13  0.13166621    3.582820   82.621862      -5.549730  -3.574290  -2.747731
    14  0.15567525    4.236139   97.687776      -4.853642  -2.680471   0.398590
    15  0.20340781    5.535008  127.640434      -4.810796  -1.608605  -5.069242
    16  0.17741070    4.827591  111.326990      -4.256651  -1.304783  -1.704871
    17  0.18565575    5.051950  116.500841      -4.350687   1.313953   2.536694
    18  0.16105601    4.382557  101.064257      -3.965958  -1.016651  -0.079894
    19  0.16826651    4.578765  105.588917      -3.872157  -2.841117  -2.005450
    20  0.20214778    5.500721  126.849751      -3.986033  -0.407839   0.136950
    21  0.19053916    5.184834  119.565226      -3.616937  -2.532252   1.289545
    22  0.20813036    5.663515  130.603885      -3.564787   5.048585   0.281534
    23  0.16953087    4.613170  106.382315      -3.330591  -1.331933  -4.156325
    24  0.12459233    3.390330   78.182931      -3.318194  -0.003547   3.168010
    25  0.19697455    5.359950  123.603499      -3.374096   0.897249   0.658035
    26  0.17723373    4.822775  111.215937      -3.198296   2.012258   1.626073
    27  0.19503800    5.307254  122.388297      -3.164143   3.603825  -0.239347
    28  0.17841742    4.854985  111.958716      -3.033220  -1.154523   1.743117
    29  0.24263544    6.602446  152.256166      -2.808874   4.115807  -1.870576
    30  0.16354131    4.450185  102.623808      -2.251344  -2.522582  -0.220498
    31  0.22831961    6.212893  143.272841      -1.743059  -1.011948  -3.911725
    32  0.20912829    5.690670  131.230093      -1.750422  -0.929631  -2.239600
    33  0.17940045    4.881735  112.575578      -1.727207  -5.012983  -1.696335
    34  0.16349561    4.448942  102.595130      -1.602290  -2.793434  -0.638158
    35  0.22518375    6.127561  141.305052      -1.729146  -0.276582  -0.916814
    36  0.03489450    0.949528   21.896645      -1.485900  -2.635078   4.132621
    37  0.18143791    4.937177  113.854102      -1.501453  -0.045189   1.183020
    38  0.16501602    4.490314  103.549206      -1.583937   0.936881   3.744624
    39  0.24358658    6.628328  152.853017      -1.374220   1.395326  -0.403083
    40  0.21140609    5.752652  132.659435      -1.198434   3.694609  -1.715109
    41  0.23720747    6.454744  148.850062      -1.065360   2.538703   0.686177
    42  0.14232311    3.872809   89.309175      -1.054245  -0.922688   1.601139
    43  0.10955450    2.981130   68.746546      -0.648501  -2.618672   1.079242
    44  0.19426909    5.286331  121.905795      -0.297535  -0.145476   0.249157
    45  0.23470111    6.386542  147.277292      -0.284970  -0.928849  -2.247534
    46  0.19564118    5.323667  122.766796       0.204794  -1.740323  -0.323275
    47  0.11700110    3.183762   73.419360       0.493800  -0.673394   2.644883
*   48  0.26310733    7.159515  165.102483       0.380209   3.703605  -2.115533
    49  0.18929313    5.150928  118.783335       0.760112  -3.695802  -3.277677
    50  0.21354266    5.810791  134.000153       0.831213   0.943107  -1.128261
    51  0.23422129    6.373485  146.976202       0.912518   3.056934  -0.519924
    52  0.10843511    2.950669   68.044113       1.093664  -2.596334   2.118416
    53  0.08912850    2.425310   55.929022       1.374201  -4.564800   0.001708
    54  0.16879104    4.593038  105.918068       1.476814   0.035819   0.972577
    55  0.25265045    6.874968  158.540682       1.696593   4.406693   0.157041
    56  0.13712652    3.731402   86.048260       1.961182  -1.650877   0.608824
    57  0.14805458    4.028770   92.905727       2.202393  -4.114425   1.567960
    58  0.19273482    5.244581  120.943025       2.472929  -1.868203  -2.255588
    59  0.19290103    5.249104  121.047326       2.385227  -0.256409  -1.549141
    60  0.16529521    4.497911  103.724395       2.620327  -0.808462   0.267470
    61  0.23343771    6.352163  146.484499       2.725648   1.446247  -1.113674
    62  0.21436512    5.833172  134.516256       2.935540   1.313953   0.446889
    63  0.19672945    5.353281  123.449699       3.193253   3.868968  -0.241614
    64  0.16411475    4.465789  102.983645       3.746351  -2.522582   0.463934
    65  0.13117491    3.569451   82.313569       3.970794  -2.477248  -1.408196
    66  0.05765007    1.568738   36.175993       3.824291  -0.917287   2.663275
    67  0.17033844    4.635145  106.889073       4.474773   0.095444  -1.516538
    68  0.17743846    4.828346  111.344406       4.739362  -0.222607  -0.130587
    69  0.22635961    6.159558  142.042916       4.889033   3.966229  -0.252420
    70  0.18184329    4.948208  114.108486       5.008075   2.377129  -1.185740
    71  0.18075600    4.918621  113.426196       5.339822  -1.363999  -1.850413
    72  0.17274258    4.700565  108.397695       5.430968  -1.173511   1.208364
    73  0.20112340    5.472846  126.206944       5.461054   3.093999  -2.451664
    74  0.12510776    3.404355   78.506373       6.921431  -1.067344   0.860834
    75  0.13199579    3.591788   82.828677       6.977358   0.246927  -1.328130
    76  0.12946947    3.523043   81.243388       7.222118   1.382494  -0.194340
    77  0.16481481    4.484839  103.422939       8.650030  -1.464227   1.001901
    78  0.17266439    4.698437  108.348631       8.708191   2.769190  -2.855156
    79  0.11847725    3.223930   74.345659       9.179832  -0.405873  -0.156373
    80  0.12170542    3.311773   76.371367       9.255306   1.453484  -1.848407
    81  0.16471995    4.482258  103.363417      10.352676   0.432375  -1.019703
