 Number of surface minima:    53
   #       a.u.         eV      kcal/mol           X/Y/Z coordinate(Angstrom)
     1  0.13009419    3.540043   81.635407      -6.755516  -1.331862  -1.620132
     2  0.13710516    3.730821   86.034858      -6.461890   0.813939  -2.003788
     3  0.12213022    3.323332   76.637934      -5.875509  -1.096347   0.506471
     4  0.13378475    3.640468   83.951269      -5.775402   1.130837   0.006228
     5  0.11236342    3.057564   70.509172      -5.660698  -1.536062  -0.667398
     6  0.11382965    3.097462   71.429242      -5.404278  -1.819915  -1.872124
     7  0.12512672    3.404871   78.518267      -5.310990   1.025968  -1.229071
     8  0.12456639    3.389624   78.166658      -5.111145   0.740066  -2.500529
     9  0.13585789    3.696881   85.252187      -5.006910   0.312168  -3.580953
    10  0.10826168    2.945950   67.935285      -4.960020  -1.503801   0.109588
    11  0.11660086    3.172871   73.168208      -4.582528  -2.038243  -2.236200
    12  0.12651974    3.442777   79.392402      -4.608896   1.092676  -0.417773
    13  0.12872766    3.502858   80.777895      -4.105071   0.531733  -2.807997
    14  0.12373932    3.367118   77.647663      -3.933705  -1.243590   1.035648
    15  0.12072993    3.285228   75.759239      -3.716597  -1.730924  -0.166347
    16  0.12659021    3.444695   79.436622      -3.581374  -1.992190  -1.355738
    17  0.19161446    5.214095  120.239989      -2.785041   3.063704  -0.297241
    18  0.13691994    3.725781   85.918633      -2.731475  -0.483341   0.930718
    19  0.09115923    2.480569   57.203331      -1.975105  -2.833469   0.160718
    20  0.18969240    5.161793  119.033881      -2.040232   2.077459  -0.087832
    21  0.18791415    5.113404  117.918011      -1.905835   2.741033  -1.144084
    22  0.04556961    1.240012   28.595388      -1.780519  -0.705598   1.564826
    23  0.20044981    5.454517  125.784260      -1.775707   3.664927  -2.072311
    24  0.18670745    5.080568  117.160792      -1.703462   4.533358   0.908930
    25  0.06568500    1.787380   41.217997      -0.916751   0.857563   2.887769
    26  0.19501219    5.306552  122.372101      -0.856573   2.599646  -1.946943
    27  0.19749335    5.374067  123.929050      -0.787811   5.185092  -0.950119
    28  0.04923684    1.339803   30.896613      -0.652162  -4.925350  -0.287295
    29  0.18375123    5.000125  115.305735      -0.735984   3.910884   1.216415
    30  0.18240367    4.963456  114.460130      -0.618175   4.550305   0.261905
    31  0.03083073    0.838947   19.346591      -0.519867  -3.281481   1.564825
    32  0.19770913    5.379939  124.064454       0.046696   1.765389  -1.708168
    33  0.20595059    5.604201  129.236055       0.204184   2.602049  -2.606011
    34  0.19212921    5.228102  120.563001       0.433316   4.399796  -0.546364
    35  0.02176538    0.592266   13.657991       0.769580   1.070996   2.700516
    36  0.06154726    1.674786   38.621520       0.873571  -3.016893  -0.816472
*   37 -0.01137960   -0.309655   -7.140815       0.898814  -1.588510   3.935998
    38  0.05910551    1.608343   37.089296       1.223174  -1.779199  -1.166310
    39  0.19971255    5.434455  125.321620       1.135669   3.665828  -0.219289
    40  0.08853880    2.409263   55.558984       2.045401  -2.436038  -0.948766
    41 -0.00375916   -0.102292   -2.358912       2.292784  -1.399794   3.326908
    42  0.08611124    2.343206   54.035667       3.184373  -2.487715  -0.088242
    43  0.16251098    4.422149  101.977266       3.157234   1.730997   0.324421
    44  0.18525481    5.041040  116.249243       3.737938   2.165035  -2.502117
    45  0.17807336    4.845623  111.742813       3.813817   0.012147  -2.723391
    46  0.16229212    4.416193  101.839927       4.214782   1.864048   0.060075
    47  0.14767221    4.018365   92.665788       4.349531  -0.241434  -0.168395
    48  0.17363405    4.724823  108.957104       4.401130   1.107362  -2.765368
    49  0.15383462    4.186053   96.532761       4.878543   0.807370  -0.200484
    50  0.17644694    4.801365  110.722221       5.021990   0.020681  -2.823396
    51  0.18589738    5.058525  116.652465       5.154161   2.122235  -2.585303
    52  0.16300963    4.435718  102.290176       5.450520  -0.221158  -0.645185
    53  0.17525860    4.769029  109.976527       5.597469   1.894114  -0.520084
 
 Number of surface maxima:    57
   #       a.u.         eV      kcal/mol           X/Y/Z coordinate(Angstrom)
     1  0.19997885    5.441701  125.488731      -7.580717  -0.120208  -2.035693
     2  0.15653586    4.259557   98.227817      -6.737700   0.061281  -0.648773
     3  0.19782043    5.382968  124.134296      -6.605406   0.346991   0.959880
     4  0.13196811    3.591035   82.811310      -6.415047  -1.503590  -1.580272
     5  0.15847466    4.312315   99.444437      -6.265294  -0.531395  -2.989952
     6  0.14073407    3.829569   88.312037      -5.970399   0.902340  -2.007121
     7  0.20382912    5.546472  127.904808      -5.431947  -0.907624  -4.418976
     8  0.15706161    4.273864   98.557732      -4.886072   0.152432   1.034326
     9  0.16971404    4.618154  106.497256      -4.478331  -1.296572  -1.203047
    10  0.17972789    4.890645  112.781049      -4.240769   0.264260  -1.485162
    11  0.17026617    4.633178  106.843721      -3.809124  -1.018015  -3.702534
    12  0.19516555    5.310725  122.468336      -3.504136   0.084377   1.755621
    13  0.17429784    4.742885  109.373637      -3.119337  -4.425713   0.005536
    14  0.26123030    7.108438  163.924627      -3.091130   4.259294   0.506471
    15  0.16356972    4.450958  102.641632      -2.617457  -1.030172   0.372005
    16  0.18323082    4.985964  114.979174      -2.456008   1.793976   3.549240
    17  0.21497370    5.849732  134.898147      -2.452644   2.709317   0.936557
    18  0.16173493    4.401031  101.490283      -2.197009  -1.783559  -0.022706
    19  0.22868491    6.222833  143.502071      -2.183855  -1.265060  -3.594652
    20  0.21129928    5.749746  132.592413      -2.038399   3.465528   1.432531
    21  0.22455098    6.110343  140.907987      -2.086752   4.394434  -0.806499
    22  0.21074622    5.734696  132.245363      -1.937863  -0.598353  -2.139415
    23  0.26591087    7.235803  166.861732      -1.445950   5.059110  -2.267254
    24  0.19391922    5.276810  121.686249      -1.429185  -3.792501  -2.672344
    25  0.23237109    6.323139  145.815182      -1.342458   0.357162  -1.081060
    26  0.04023576    1.094871   25.248340      -1.144363  -1.277561   4.334367
    27  0.20199179    5.496476  126.751866      -0.942002   1.040195   1.155621
    28  0.12574412    3.421671   78.905690      -0.850853  -1.718602   1.286560
    29  0.23445658    6.379888  147.123848      -0.663122  -1.155046  -2.256408
    30  0.27171016    7.393610  170.500846      -0.655851   2.141278  -0.553576
    31  0.14394459    3.916931   90.326670      -0.568066   0.025876   1.697120
    32  0.20286774    5.520312  127.301536      -0.098240  -1.247448  -0.369970
    33  0.20567244    5.596632  129.061513      -0.050469   2.744278   1.829414
    34  0.23289384    6.337364  146.143216       0.001420   4.147835  -2.288835
    35  0.20560340    5.594753  129.018189       0.031602   0.435486   0.112221
    36  0.26684391    7.261192  167.447224       0.176539   3.255159   0.259218
    37  0.09088111    2.473001   57.028806       0.422334  -4.314625   0.121995
    38  0.11124625    3.027164   69.808132       1.072670  -2.091512   2.096713
    39  0.12372139    3.366630   77.636406       1.077435  -0.101959   2.359683
    40  0.23416391    6.371924  146.940197       1.177947   1.080097  -1.622062
*   41  0.28287328    7.697373  177.505812       1.333120   3.597689  -2.916013
    42  0.15187745    4.132795   95.304616       1.845682  -3.919914   1.161302
    43  0.13810510    3.758031   86.662331       1.738734  -1.687902   0.243913
    44  0.18109293    4.927789  113.637627       1.836135   0.230797   0.446803
    45  0.25650846    6.979950  160.961624       1.968011   3.009836  -1.345649
    46  0.21370555    5.815224  134.102367       2.318901  -0.707300  -2.078826
    47  0.18291996    4.977505  114.784101       2.673399  -1.041253  -0.257152
    48  0.26065067    7.092665  163.560902       3.164075   0.951937  -1.921855
    49  0.27279285    7.423071  171.180242       3.214859   4.167068  -0.923780
    50  0.18268210    4.971033  114.634842       3.480147  -3.484798  -1.813554
    51  0.24324632    6.619069  152.639497       3.484699   0.837777  -0.383851
    52  0.05965282    1.623236   37.432743       4.141553  -1.141333   1.980443
    53  0.20028151    5.449937  125.678652       4.507316  -0.981007  -2.220238
    54  0.21833841    5.941290  137.009533       4.379713   3.202382  -1.341392
    55  0.20669604    5.624485  129.703832       5.775110   1.072132  -1.780670
    56  0.24982782    6.798161  156.769457       6.030488   2.780211  -1.622688
    57  0.24380126    6.634170  152.987730       6.125515  -0.486936  -2.132430
