 Number of surface minima:    71
   #       a.u.         eV      kcal/mol           X/Y/Z coordinate(Angstrom)
     1  0.11877100    3.231923   74.529988      -7.187694  -2.481695   1.655128
     2  0.10228359    2.783278   64.183978      -6.536838  -1.824214   0.709227
     3  0.11522973    3.135560   72.307807      -6.463367  -4.553044   1.207114
     4  0.10474496    2.850255   65.728512      -6.036117  -1.459564  -0.102741
     5  0.10263498    2.792840   64.404478      -5.890996  -1.870115   1.877650
     6  0.09655213    2.627317   60.587425      -5.657262  -4.265292   0.155002
     7  0.10434020    2.839241   65.474516      -5.725729   1.349629   1.245419
     8  0.11400951    3.102357   71.542109      -5.354762  -2.106628   2.948546
     9  0.09756247    2.654810   61.221425      -5.111147  -3.905012  -0.661360
    10  0.09610853    2.615246   60.309063      -5.043460  -4.306291   1.285770
    11  0.09952783    2.708290   62.454708      -5.073428  -0.102841   1.633665
    12  0.09556903    2.600565   59.970521      -5.061010   1.364815   2.855752
    13  0.10139405    2.759072   63.625782      -4.973285  -1.575604   2.022012
    14  0.11779244    3.205295   73.915931      -4.846558  -1.133673   0.092675
    15  0.11305080    3.076269   70.940505      -4.277392  -1.151279   1.099856
    16  0.12755421    3.470926   80.041541      -4.315005   3.694437   0.554879
    17  0.09181552    2.498427   57.615157      -4.052793  -4.042725   1.549336
    18  0.10640984    2.895559   66.773236      -3.814347  -3.485237  -0.509070
    19  0.12019393    3.270643   75.422892      -3.501060  -1.419127   2.320814
    20  0.10713623    2.915325   67.229055      -3.399858   2.621241  -1.872035
    21  0.11612512    3.159925   72.869674      -3.428138   4.480685  -0.031861
    22  0.10282323    2.797962   64.522606      -3.387216  -3.571485   0.563329
    23  0.10189005    2.772569   63.937027      -3.135795   1.838758  -1.169999
    24  0.11370977    3.094200   71.354020      -3.116342   3.740849   0.715304
    25  0.09197327    2.502720   57.714145      -3.018465   2.619169   3.836231
    26  0.10883562    2.961568   68.295438      -2.885449   5.238118  -0.679425
    27  0.10757305    2.927211   67.503162      -2.729849  -3.360047   1.725416
    28  0.09964886    2.711583   62.530657      -2.762886   3.412164  -2.642802
    29  0.11272871    3.067504   70.738396      -2.332967  -1.992680   1.406478
    30  0.10691504    2.909306   67.090254      -2.097143   1.703995  -1.077985
    31  0.05178932    1.409259   32.498315      -1.991294   0.917795  -2.248620
    32  0.08684528    2.363180   54.496285      -1.693479  -3.320857  -0.795066
    33  0.10136155    2.758188   63.605387      -1.694042   3.427712   3.057496
    34  0.07523971    2.047377   47.213671      -1.491673  -2.521857  -2.306335
    35  0.09343840    2.542588   58.633532      -1.492721   0.435098   0.338503
    36  0.08882484    2.417047   55.738473      -1.311244   1.446972   3.320444
    37  0.02746399    0.747333   17.233927      -1.224194  -1.728091   1.400795
    38  0.16272302    4.427919  102.110321      -0.187069   2.562953   1.275710
    39  0.03660761    0.996144   22.971643       0.000302  -4.686595  -2.137303
    40  0.01848218    0.502926   11.597755       0.072053  -0.755048  -3.248735
    41  0.02686991    0.731167   16.861137       0.067229   0.538620   1.905868
    42  0.03184585    0.866570   19.983589       0.180480  -3.443269  -0.111596
    43  0.02995893    0.815224   18.799529       0.203935  -2.124974  -2.572157
    44  0.16238323    4.418673  101.897104       0.281300   5.617216  -1.094093
    45  0.15322418    4.169442   96.149703       0.551906   4.218267  -2.787637
*   46  0.00956981    0.260408    6.005154       0.733765  -3.017906   1.502602
    47  0.14714414    4.003996   92.334418       0.685479   4.838905  -0.152579
    48  0.12792309    3.480964   80.273016       0.874889   3.099552  -2.156520
    49  0.02722315    0.740780   17.082800       1.769534   0.388993  -2.082385
    50  0.08302353    2.259185   52.098095       2.186977  -1.290463  -0.756049
    51  0.12831823    3.491717   80.520971       2.473116   1.490459   2.541026
    52  0.09057865    2.464770   56.839011       3.255839  -1.547441   0.846574
    53  0.07789578    2.119652   48.880378       3.236733  -4.236152  -2.081849
    54  0.10027500    2.728622   62.923566       3.401677  -1.039623  -2.704758
    55  0.10367069    2.821023   65.054396       3.645100  -3.005454  -0.323868
    56  0.15171970    4.128503   95.205629       3.620277   1.579266   3.513268
    57  0.10522950    2.863440   66.032566       3.819326  -2.455103  -3.015334
    58  0.08421849    2.291702   52.847944       3.907229  -2.236285   0.965722
    59  0.14393056    3.916550   90.317868       4.347751   2.703623   1.085789
    60  0.08643460    2.352005   54.238574       4.468034  -0.008265  -3.490520
    61  0.08520669    2.318592   53.468052       4.611416  -4.441193  -1.163214
    62  0.09413006    2.561409   59.067551       4.552902  -2.257373   1.752282
    63  0.09151780    2.490326   57.428334       4.748516  -1.486457   2.805615
    64  0.08138168    2.214508   51.067817       4.885898  -3.902122  -2.808067
    65  0.15957507    4.342258  100.134953       5.159500   2.484920   2.265071
    66  0.10731134    2.920090   67.338940       5.836631  -0.818520  -0.241813
    67  0.08392685    2.283766   52.664938       5.878063  -1.464227  -3.416353
    68  0.09247274    2.516311   58.027571       6.052111   0.042271  -2.328597
    69  0.11948383    3.251320   74.977296       6.443867  -1.947270  -0.237154
    70  0.10888233    2.962839   68.324753       6.451340  -0.881443   0.556612
    71  0.10317511    2.807538   64.743413       6.603552  -0.200053   1.350378
 
 Number of surface maxima:    91
   #       a.u.         eV      kcal/mol           X/Y/Z coordinate(Angstrom)
     1  0.18516397    5.038568  116.192241      -7.701459  -3.921520   1.879555
     2  0.18629408    5.069320  116.901399      -7.537977  -3.197485  -1.306646
     3  0.14129349    3.844791   88.663080      -7.304328  -3.408183   0.320987
     4  0.12080509    3.287274   75.806403      -6.831100  -2.261962   1.746386
     5  0.11655836    3.171714   73.141538      -6.190153  -4.538753   1.078279
     6  0.14013050    3.813145   87.933289      -6.289797  -3.571438   2.535853
     7  0.14756976    4.015577   92.601502      -5.975762  -2.490771  -1.630946
     8  0.10965260    2.983799   68.808100      -5.625757   0.795743   1.756800
     9  0.19618286    5.338407  123.106706      -5.430532   2.742468   0.012301
    10  0.16117517    4.385799  101.139031      -5.374276   2.756812   1.883831
    11  0.18300025    4.979690  114.834488      -5.134842  -3.462476   3.814835
    12  0.15395299    4.189274   96.607039      -5.111147  -1.916539   0.796391
    13  0.16708782    4.546691  104.849276      -5.070178   0.291951   0.045067
    14  0.19562576    5.323248  122.757118      -4.961590   4.897289  -2.193071
    15  0.19904985    5.416422  124.905772      -4.732207  -1.874575  -2.529867
    16  0.15366339    4.181394   96.425317      -4.826462   3.711611  -1.018704
    17  0.14979186    4.076044   93.995890      -4.705330  -3.435634   0.434341
    18  0.15970619    4.345826  100.217230      -4.441537  -0.015585   3.087709
    19  0.14308136    3.893442   89.784986      -3.978263   1.653795   0.101964
    20  0.13782949    3.750531   86.489383      -3.849778  -2.818229   2.876336
    21  0.12348470    3.360190   77.487885      -3.788204   1.860023   2.711387
    22  0.14678134    3.994123   92.106759      -3.908896   2.661221   0.973285
    23  0.17557227    4.777565  110.173357      -3.738621  -1.463503  -1.378219
    24  0.12335664    3.356705   77.407526      -3.655910   0.064857   1.191848
    25  0.15703505    4.273141   98.541063      -3.259027   3.862661   2.822290
    26  0.15430081    4.198739   96.825304      -3.259027   5.208613  -2.353863
    27  0.18643385    5.073123  116.989108      -3.007258  -0.422902  -0.373350
    28  0.12523613    3.407848   78.586922      -3.081560   0.653206   2.453904
    29  0.18842589    5.127329  118.239131      -2.893408  -1.346036  -2.278020
    30  0.13970152    3.801472   87.664099      -2.623689  -0.199964   0.894090
    31  0.15184118    4.131809   95.281860      -2.691100   1.088839   4.128558
    32  0.14224834    3.870774   89.262254      -2.404362  -2.521857   0.617511
    33  0.17441103    4.745966  109.444668      -2.439597  -2.242272   2.684779
    34  0.16892034    4.596556  105.999204      -2.335775   2.900681  -1.430056
    35  0.17278570    4.701738  108.424752      -2.348872   3.951116  -0.249119
    36  0.16584884    4.512976  104.071803      -2.217958  -5.175489  -0.884572
    37  0.16386320    4.458944  102.825795      -1.975095  -3.847877  -3.820090
    38  0.14744069    4.012065   92.520509      -2.065552  -2.787351  -0.365390
    39  0.10754151    2.926353   67.483373      -1.826977   2.849398   3.678864
    40  0.20892169    5.685048  131.100450      -1.812028   5.930443  -2.870266
    41  0.15786808    4.295809   99.063798      -1.418091   1.294919  -0.241679
    42  0.06199787    1.687048   38.904286      -1.337865   0.917795  -3.343176
    43  0.18431969    5.015594  115.662450      -1.248140   1.999716   0.986268
    44  0.14544403    3.957733   91.267582      -1.216782   0.124029  -0.472017
    45  0.16116283    4.385464  101.131289      -1.029735  -1.468328  -1.170133
    46  0.18709465    5.091104  117.403767      -0.761564   5.151213  -2.139576
    47  0.13884090    3.778053   87.124054      -0.604402  -0.531968   1.074207
    48  0.17194368    4.678825  107.896376      -0.503217   2.629627   2.260867
    49  0.10407752    2.832093   65.309683      -0.342850  -2.110233   0.430680
    50  0.22570298    6.141690  141.630877       0.017855   3.508202   0.104250
    51  0.16580606    4.511812  104.044958       0.028428   5.387085  -0.774392
    52  0.20286392    5.520208  127.299141       0.072007   2.651202  -1.244301
    53  0.22922490    6.237527  143.840919       0.462551   5.718073  -2.618451
    54  0.16357427    4.451082  102.644493       0.484485   0.957066  -0.766331
    55  0.13324175    3.625692   83.610533       0.976043  -0.802299  -1.693647
    56  0.15462302    4.207506   97.027492       1.374330   0.260750   0.684975
    57  0.04904062    1.334463   30.773482       1.631155  -1.841636   2.934643
    58  0.13478599    3.667713   84.579559       1.578791  -1.463503  -0.132339
    59  0.18938080    5.153314  118.838344       1.558785   4.809546  -1.692391
    60  0.13133857    3.573904   82.416267       2.263152  -1.472331  -2.107430
    61  0.15698464    4.271769   98.509431       2.397145  -2.928598  -1.049855
    62  0.21879691    5.953767  137.297247       2.316807   3.306487   0.302889
*   63  0.24163985    6.575355  151.631425       2.429628   4.150971   2.069962
    64  0.14765712    4.017955   92.656319       2.627326  -0.868922   0.060394
    65  0.20233063    5.505697  126.964496       2.826511   0.785501   1.555072
    66  0.24125665    6.564927  151.390962       3.029508   4.346125  -1.071330
    67  0.13963623    3.799695   87.623132       3.212525  -4.257511  -0.484494
    68  0.11560012    3.145639   72.540232       3.157561  -2.282167  -0.634037
    69  0.17794621    4.842163  111.663024       3.515622  -0.116877  -0.861702
    70  0.14059039    3.825659   88.221875       3.540971  -3.555140  -3.491523
    71  0.18852231    5.129953  118.299637       3.594679   3.111715   2.618238
    72  0.11280780    3.069656   70.788020       3.722603  -2.005646  -2.804855
    73  0.22313575    6.071833  140.019917       3.782992   1.477393   0.556612
    74  0.09167989    2.494737   57.530050       4.288502  -4.502951  -1.949762
    75  0.15847576    4.312345   99.445122       4.310080  -1.057576   1.644054
    76  0.14319629    3.896569   89.857107       4.520652  -1.341109  -4.250623
    77  0.16323779    4.441926  102.433345       4.711023   0.979463  -2.159901
    78  0.12770886    3.475135   80.138585       4.795740  -2.960090  -0.369448
    79  0.22746964    6.189764  142.739473       4.785475   2.495697   3.684169
    80  0.11230743    3.056040   70.474033       5.075514  -2.348928  -2.577817
    81  0.16242621    4.419842  101.924071       5.126719   2.291943   1.879555
    82  0.14271072    3.883356   89.552407       5.331565  -2.096174  -0.898170
    83  0.16615642    4.521346  104.264813       5.283491  -0.166563   0.688906
    84  0.09989713    2.718339   62.686450       5.736986  -0.140560  -3.208959
    85  0.15189351    4.133233   95.314699       6.028637  -3.691130  -1.544132
    86  0.18503854    5.035155  116.113533       6.161009  -3.404946  -0.061888
    87  0.20491038    5.575895  128.583315       6.136541   0.654006   3.864288
    88  0.14343765    3.903137   90.008561       6.469991  -2.582618   1.157323
    89  0.14841624    4.038611   93.132674       6.505369  -0.807273   3.046586
    90  0.15023672    4.088149   94.275044       6.751890  -1.345502  -1.980235
    91  0.18778883    5.109994  117.839372       7.213770  -2.376894   2.694081
