 Number of surface minima:    60
   #       a.u.         eV      kcal/mol           X/Y/Z coordinate(Angstrom)
     1  0.12942394    3.521804   81.214814      -6.808275  -0.618964  -0.153208
     2  0.12493680    3.399703   78.399088      -6.566340  -1.924276  -1.987697
     3  0.13654474    3.715571   85.683193      -6.376742  -0.135948  -3.216538
     4  0.12458711    3.390188   78.179659      -5.995823   0.277568  -0.447325
     5  0.11532097    3.138043   72.365064      -5.771666  -1.230717  -2.628130
     6  0.11974434    3.258409   75.140771      -5.769917  -0.567825   0.168043
     7  0.11322687    3.081060   71.050992      -5.461962  -1.977502  -2.057696
     8  0.13462725    3.663394   84.479945      -5.338841  -1.617051   0.700988
     9  0.15984195    4.349521  100.302419      -5.259063   2.877820   0.288803
    10  0.13495537    3.672322   84.685843      -5.219179   1.169349  -1.012390
    11  0.12126762    3.299860   76.096642      -4.933341  -0.391594  -3.115702
    12  0.15432644    4.199436   96.841382      -4.534891   4.390635   1.681327
    13  0.13321449    3.624951   83.593423      -4.426977  -0.620197   0.374736
    14  0.13694407    3.726438   85.933772      -4.268398   1.084162  -0.831380
    15  0.15614866    4.249021   97.984845      -4.422757   1.565567   1.104725
    16  0.14409504    3.921026   90.421081      -4.373702   2.131159   0.202379
    17  0.16997468    4.625246  106.660813      -4.294706   4.209880  -1.542199
    18  0.15927483    4.334088   99.946547      -4.190428   2.957826  -0.677541
    19  0.12233390    3.328875   76.765745      -4.125690  -2.125418  -1.762922
    20  0.14264133    3.881468   89.508863      -3.897800   0.170948  -0.157062
    21  0.11979551    3.259802   75.172878      -3.896449  -0.418251  -2.996703
    22  0.15162858    4.126024   95.148453      -3.665555   2.954212   2.626202
    23  0.16287567    4.432072  102.206111      -3.519915   5.657609  -0.104396
    24  0.12565266    3.419183   78.848304      -3.400489  -1.367453  -2.223862
    25  0.13901884    3.782895   87.235715      -3.435533   3.878389   1.962847
    26 -0.00726076   -0.197575   -4.556198      -3.209682  -0.933616   4.407532
    27  0.15864956    4.317074   99.554186      -3.332620   3.313709  -1.524700
    28  0.15222712    4.142311   95.524040      -3.327758   4.772271   0.992293
    29  0.14977834    4.075676   93.987408      -2.377926   5.068291   0.242274
    30  0.09409770    2.560529   59.047250      -1.797484  -2.695317  -1.814427
    31  0.19060855    5.186723  119.608774      -1.365073   1.871075  -1.102821
    32  0.03706416    1.008567   23.258133      -0.855031  -5.112096  -2.175266
    33  0.07393928    2.011990   46.397636      -0.811376  -0.773640  -1.145306
    34  0.02312539    0.629274   14.511412      -0.552688  -4.483782   0.177637
    35  0.01576432    0.428969    9.892271       0.099329  -0.765148   2.875671
    36  0.04068954    1.107219   25.533091       0.203323  -2.934005  -2.000105
    37 -0.01135705   -0.309041   -7.126660       0.383585  -3.595476   3.003785
    38  0.19729267    5.368606  123.803121       0.445593   2.840510   0.924968
    39  0.17751596    4.830455  111.393041       0.477327   4.469132  -2.317621
    40  0.03296879    0.897126   20.688245       0.963648  -1.763560  -1.831834
    41  0.16973679    4.618773  106.511533       0.984632   2.731974  -2.784738
    42 -0.00689096   -0.187513   -4.324147       1.731747  -3.389996   2.558935
    43  0.17856414    4.858977  112.050783       1.841244   3.995689  -1.647664
    44  0.17354534    4.722409  108.901439       2.055443   4.407126   1.036347
    45  0.14294728    3.889793   89.700846       2.334510   0.637942   1.267674
    46  0.15645355    4.257318   98.176165       2.322530   3.153893   2.432065
    47  0.19273897    5.244694  120.945632       2.584621   1.960885  -1.078446
    48  0.19574874    5.326594  122.834289       2.981504   3.316716  -0.416850
*   49 -0.01365156   -0.371478   -8.566492       3.476138  -4.003896  -2.896425
    50  0.16545469    4.502251  103.824474       3.575211   4.274418   1.469933
    51  0.13265853    3.609822   83.244552       5.912524   2.622356  -1.102044
    52  0.12172451    3.312292   76.383346       6.159071   0.648132  -2.209955
    53  0.12301878    3.347511   77.195516       6.220791   1.363637   1.235992
    54  0.11206119    3.049340   70.319518       6.406278  -0.565976   0.148811
    55  0.13369738    3.638091   83.896443       6.563954   1.712161  -1.646552
    56  0.12583006    3.424010   78.959621       6.825890   0.383321   0.594182
    57  0.14442540    3.930015   90.628381       7.234531   2.799070  -0.880717
    58  0.13568304    3.692123   85.142465       7.330526   0.630764  -2.096566
    59  0.13921009    3.788099   87.355721       7.408258   1.696296   1.032445
    60  0.14463934    3.935837   90.762630       7.394431   2.622356  -0.965797
 
 Number of surface maxima:    77
   #       a.u.         eV      kcal/mol           X/Y/Z coordinate(Angstrom)
     1  0.19771626    5.380133  124.068928      -7.772043  -1.486281  -1.037725
     2  0.15992593    4.351806  100.355122      -7.134770  -0.155824  -1.837049
     3  0.20861924    5.676818  130.910660      -7.172940   1.167119  -2.832914
     4  0.15697420    4.271485   98.502881      -6.223990  -2.085131  -0.351540
     5  0.22427231    6.102760  140.733117      -5.882215   4.032258   1.058362
     6  0.17157449    4.668779  107.664709      -5.551375   1.497959  -2.732838
     7  0.20254252    5.511462  127.097457      -5.218231  -3.062887   0.444968
     8  0.18228719    4.960287  114.387034      -4.859286   2.870949   1.632874
     9  0.18809340    5.118282  118.030490      -4.823860   4.652442  -0.086951
    10  0.17835130    4.853186  111.917226      -4.704431   0.086194  -0.798048
    11  0.17178365    4.674471  107.795957      -4.568200  -0.872081  -2.089510
    12  0.21596211    5.876628  135.518381      -4.426977   1.696296   2.639294
    13  0.23151784    6.299921  145.279759      -4.342131   5.665125  -1.325049
    14  0.22439952    6.106221  140.812942      -4.148259   2.242894  -3.249441
    15  0.17433376    4.743863  109.396178      -4.228554   3.746840  -1.343765
    16  0.18353096    4.994131  115.167514      -3.836864  -2.476186   0.106279
    17  0.17050428    4.639657  106.993141      -3.250475  -5.317634  -1.141809
    18  0.11235255    3.057268   70.502350      -3.315099  -3.963031  -2.150137
    19  0.19218397    5.229592  120.597362      -3.274744  -3.216178   0.700803
    20  0.18289785    4.976904  114.770231      -3.129389   1.285472  -2.341600
    21  0.21717213    5.909554  136.277682      -3.046284   1.092574   1.660411
    22  0.21713113    5.908438  136.251952      -3.022777   2.703613  -0.270283
    23  0.19608108    5.335637  123.042837      -2.832955  -0.942469   0.840995
    24  0.21576582    5.871286  135.395209      -2.707151   1.675372   2.369460
    25  0.19815320    5.392023  124.343112      -2.723343   5.013128  -1.544363
    26  0.17685181    4.812383  110.976282      -2.442006  -3.330341  -3.525768
    27  0.21376668    5.816887  134.140729      -2.473297   3.747519   0.773623
    28  0.17022834    4.632149  106.819988      -2.271615  -0.928205  -1.409895
    29  0.04002276    1.089075   25.114681      -1.793941  -3.603406   3.232797
    30  0.23041436    6.269894  144.587318      -1.714710   0.836618  -1.872690
    31  0.19407848    5.281144  121.786187      -1.391269  -0.299046   1.358946
    32  0.16159720    4.397284  101.403862      -1.261155  -2.670511   0.303562
    33  0.25290719    6.881954  158.701788      -1.251914   4.871359  -2.131643
    34  0.14740100    4.010985   92.495599      -1.051811  -1.214179   1.368286
    35  0.25211235    6.860326  158.203023      -1.105119   1.305004   0.047417
    36  0.22581044    6.144614  141.698307      -1.002060   3.277321  -1.568625
    37  0.19456400    5.294356  122.090853      -0.663161   0.800726   2.618511
    38  0.22777115    6.197968  142.928676      -0.604140   4.006212  -0.853349
*   39  0.26160985    7.118766  164.162798      -0.555541   2.252524   1.122741
    40  0.23977667    6.524655  150.462261      -0.565085   3.433359  -2.986474
    41  0.14611874    3.976093   91.690969      -0.211450  -1.751657  -0.912298
    42  0.18601911    5.061838  116.728854      -0.207081  -0.288119   0.149183
    43  0.07555083    2.055843   47.408904       0.129728  -4.653831  -1.674483
    44  0.21503963    5.851526  134.939518       0.377506   3.580926   0.200707
    45  0.11856228    3.226244   74.399016       0.592864  -1.746201   2.159974
    46  0.10013171    2.724722   62.833651       0.672606  -3.463182   1.043803
    47  0.24247370    6.598045  152.154669       0.837161   5.078684  -0.937981
    48  0.23763517    6.466382  149.118446       0.947722   3.404836   1.604603
    49  0.22076806    6.007404  138.534165       1.148124   1.718818  -1.143530
    50  0.18666276    5.079352  117.132746       1.196407   3.967015  -2.468249
    51  0.12859418    3.499226   80.694134       1.526266  -2.332185  -0.278898
    52  0.21484685    5.846280  134.818544       1.456777   2.023690   1.166502
    53  0.23960106    6.519876  150.352058       1.455473   2.551563  -0.086951
    54  0.16634959    4.526602  104.386028       1.551106  -0.798887   0.610099
    55  0.13614706    3.704750   85.433644       1.796652  -4.384783  -0.879385
    56  0.16468353    4.481267  103.340564       2.326810  -1.616650  -0.472263
    57  0.19096733    5.196485  119.833910       2.295994  -0.698666  -1.988436
    58  0.23976177    6.524250  150.452910       2.263331   2.490062  -1.939072
    59  0.17796169    4.842584  111.672738       2.588353   4.341920   1.632069
    60  0.24914859    6.779678  156.343229       2.981504   0.902530  -1.066138
    61  0.22814687    6.208192  143.164442       3.130450   0.253555   0.332749
    62  0.23571362    6.414094  147.912655       3.242007   4.603146  -0.076386
    63  0.05504464    1.497841   34.541059       3.679294  -2.509695   1.785948
    64  0.21251455    5.782815  133.355008       4.044551   3.018806   0.316974
    65  0.21964342    5.976801  137.828443       3.969168   3.313475   2.488244
    66  0.20310291    5.526711  127.449108       4.230296   2.548206   1.161841
    67  0.19985754    5.438400  125.412603       4.427544  -0.931932  -1.906976
    68  0.19280769    5.246564  120.988755       4.582128  -1.352446  -1.009309
    69  0.23479901    6.389206  147.338726       5.198455   3.802172   1.207969
    70  0.19412161    5.282318  121.813254       5.364741   1.305056  -1.147928
    71  0.18720057    5.093987  117.470232       5.562699   0.573251   0.245241
    72  0.19536721    5.316212  122.594877       6.052388  -1.818467  -2.032178
    73  0.17645844    4.801678  110.729435       6.489396   3.087480   0.545621
    74  0.15910612    4.329498   99.840682       6.950333  -0.769907  -1.539882
    75  0.16445650    4.475089  103.198097       7.962631   1.421980  -0.647284
    76  0.21006913    5.716272  131.820483       8.098455   2.875896   0.284830
    77  0.20190022    5.493984  126.694405       8.536063  -0.014281  -1.274528
