 Number of surface minima:    74
   #       a.u.         eV      kcal/mol           X/Y/Z coordinate(Angstrom)
     1  0.07716700    2.099821   48.423067      -6.793520  -3.259053  -0.345758
     2  0.07824340    2.129111   49.098518      -6.481341  -3.927933  -1.220057
     3  0.08372596    2.278299   52.538878      -6.006392  -2.581600   0.037277
     4  0.07361298    2.003111   46.192883      -5.872809  -5.099037   1.361688
     5  0.11318997    3.080056   71.027837      -5.873208   5.878723  -0.969219
     6  0.07500759    2.041060   47.068013      -5.661994  -5.780053   0.525349
     7  0.08586226    2.336431   53.879428      -5.471315  -3.925113  -1.663584
     8  0.09336005    2.540456   58.584366      -5.336355   0.144692   0.390290
     9  0.09586184    2.608533   60.154266      -5.336355   4.538903  -0.679048
    10  0.07755318    2.110329   48.665398      -5.205344  -4.454327   1.774273
    11  0.09289833    2.527892   58.294632      -4.942986   5.597752   0.060970
    12  0.09509385    2.587635   59.672342      -4.807178   3.612843  -0.519464
    13  0.08289692    2.255740   52.018647      -4.749488  -5.780053   0.114912
    14  0.11451430    3.116093   71.858871      -4.467252   6.466360  -2.588664
    15  0.09676461    2.633099   60.720764      -4.278001   1.413030   0.238707
    16  0.09168323    2.494828   57.532143      -4.206374   5.572045   0.718694
    17  0.10272716    2.795348   64.462320      -3.960391   3.533570   0.189516
    18  0.09847486    2.679637   61.793959      -3.620372   5.200648  -2.584709
    19  0.10165992    2.766307   63.792614      -3.593411   4.414104   0.839977
    20  0.10633348    2.893481   66.725322      -3.237747  -0.627442  -3.678682
    21  0.07214996    1.963300   45.274819      -3.247239   0.291354   1.183156
    22  0.09567849    2.603544   60.039208      -3.310788   6.276031  -1.927192
    23  0.09839988    2.677597   61.746911      -3.141788   4.384299  -2.456370
    24  0.10797179    2.938062   67.753381      -3.155356   7.249079  -1.201431
    25  0.10919125    2.971245   68.518603      -2.819909   0.965343  -3.112372
    26  0.09624715    2.619018   60.396050      -2.553312   6.263415  -1.263379
    27  0.12689559    3.453005   79.628252      -2.399532  -2.024090   1.035004
    28  0.10931283    2.974553   68.594892      -2.512645   0.592401  -0.294130
    29  0.15584347    4.240716   97.793336      -2.306382  -3.006007  -1.417971
    30  0.10896149    2.964993   68.374427      -2.223095   4.212512  -1.662604
    31  0.12758959    3.471889   80.063741      -2.037946  -3.009671   1.375505
    32  0.06835094    1.859924   42.890897      -2.088837   1.568589   1.247871
    33  0.14617157    3.977531   91.724119      -1.929605  -4.336039   1.598369
    34  0.15206999    4.138035   95.425440      -1.870986  -3.909065  -1.099532
    35  0.06114697    1.663894   38.370337      -1.920403   1.359477  -0.613934
    36  0.16097282    4.380293  101.012051      -1.789403  -5.171592  -0.392671
    37  0.10721460    2.917458   67.278236      -1.839397   5.125386  -1.001132
    38  0.06132616    1.668770   38.482778      -1.499821   0.759025  -0.868838
    39  0.13111040    3.567696   82.273089      -0.944715  -3.348214   1.563001
    40  0.15688553    4.269072   98.447238      -0.810991  -4.138848  -0.947459
    41 -0.00273229   -0.074349   -1.714539      -0.850768   0.832005   3.492427
    42  0.09631166    2.620773   60.436528      -0.623031   3.998632  -1.033507
    43  0.04684219    1.274641   29.393942      -0.304845   0.317476  -1.768141
    44  0.13053967    3.552165   81.914947      -0.163683  -2.595245   1.397507
*   45 -0.00595330   -0.161997   -3.735755      -0.043559   1.761893   3.629794
    46  0.06072208    1.652332   38.103712       0.234247   1.901043  -1.792465
    47  0.08351390    2.272529   52.405806       0.317630   4.131794   0.007054
    48  0.01762961    0.479726   11.062753       1.124493  -0.633131   2.528194
    49  0.16519775    4.495259  103.663237       1.457189  -0.355986  -0.690009
    50  0.15488206    4.214555   97.190043       1.623378  -1.333911  -1.714468
    51  0.05332160    1.450955   33.459838       1.744970   2.937247   0.311788
    52  0.02600159    0.707539   16.316255       1.700365   3.488460   1.934930
    53  0.05545900    1.509116   34.801076       1.951461   3.750593  -2.064493
    54  0.15181684    4.131146   95.266582       2.581549  -1.546635  -2.237487
    55  0.08019986    2.182349   50.326213       3.131186   2.691908   0.319549
    56  0.15887355    4.323169   99.694739       3.258971  -3.256817  -0.346242
    57  0.06650487    1.809690   41.732471       3.405033   2.584562   2.186708
    58  0.06658334    1.811825   41.781712       3.504522   0.954729   3.876965
    59  0.14819657    4.032634   92.994828       3.673836  -0.862514  -1.932335
    60  0.15483380    4.213242   97.159760       3.655677   0.041507  -1.002358
    61  0.15875091    4.319832   99.617786       4.056540  -1.811224  -2.645497
    62  0.15410809    4.193494   96.704366       4.159878  -2.604990  -0.007337
    63  0.15401716    4.191020   96.647308       4.188834  -1.874193   0.718694
    64  0.16660645    4.533592  104.547214       4.456719  -3.382921  -1.261649
    65  0.08330794    2.266924   52.276568       4.433956  -0.632643   3.986090
    66  0.08750783    2.381209   54.912040       4.956468   2.885434   0.836272
    67  0.08365720    2.276428   52.495731       6.806859  -0.100666  -2.634803
    68  0.08480777    2.307737   53.217725       7.087726   0.698318  -0.094049
    69  0.08674433    2.360433   54.432934       7.187213  -2.215324  -2.062640
    70  0.08426606    2.292996   52.877793       7.528636  -1.521649   0.498701
    71  0.07814999    2.126569   49.039902       7.825353  -0.423708  -2.656386
    72  0.07842619    2.134085   49.213219       8.009358  -1.552251  -2.350615
    73  0.07734497    2.104664   48.534743       8.139312   0.299194  -0.105560
    74  0.07780689    2.117233   48.824605       8.309283  -0.870080   0.216224
 
 Number of surface maxima:    93
   #       a.u.         eV      kcal/mol           X/Y/Z coordinate(Angstrom)
     1  0.16484668    4.485706  103.442941      -8.249672  -5.384066   0.053856
     2  0.11957128    3.253700   75.032171      -7.519654  -4.192521   0.983282
     3  0.16734351    4.553649  105.009729      -7.301153  -3.022177   2.299446
     4  0.12172813    3.312391   76.385619      -6.958727  -5.657056  -0.887685
     5  0.17235952    4.690141  108.157321      -6.093637  -6.423151  -2.145274
     6  0.18313608    4.983386  114.919725      -5.929198   6.655612  -2.347825
     7  0.18819879    5.121150  118.096625      -5.579497   3.499716  -3.103294
     8  0.14016776    3.814159   87.956668      -5.486382   5.055727  -2.497398
     9  0.13137600    3.574923   82.439752      -5.371697  -3.531050  -0.494653
    10  0.16389878    4.459913  102.848124      -5.346070   0.849937  -1.138642
    11  0.12858131    3.498875   80.686057      -4.925530  -4.695435   0.577480
    12  0.10325699    2.809766   64.794792      -4.674884   0.900771   0.652508
    13  0.13684403    3.723715   85.870998      -4.772050   7.052495  -1.230592
    14  0.17247448    4.693269  108.229463      -4.620302  -2.053289  -1.740316
    15  0.15818111    4.304327   99.260231      -4.549598  -0.995128   1.406545
    16  0.17013580    4.629630  106.761913      -4.415701   0.325111  -3.253999
    17  0.17590218    4.786542  110.380374      -4.325977  -1.815991   2.166904
    18  0.14328966    3.899110   89.915692      -4.340104  -0.355986  -1.724707
    19  0.14619525    3.978175   91.738980      -4.246735   2.844267  -2.175244
    20  0.14742561    4.011655   92.511048      -4.145707   4.671197  -0.296273
    21  0.18023682    4.904493  113.100404      -4.045589   8.050476  -0.135445
    22  0.13783034    3.750554   86.489920      -3.616529   0.617018  -1.483365
    23  0.17223643    4.686792  108.080083      -3.551825  -1.943518   0.121927
    24  0.18864657    5.133334  118.377609      -3.385042   1.706975  -1.673720
    25  0.13610411    3.703581   85.406687      -3.183473   1.678406   0.351048
    26  0.16845288    4.583836  105.705864      -3.117335  -2.610633  -1.278579
    27  0.15033226    4.090749   94.334995      -3.072666   5.076312  -1.401975
    28  0.19708004    5.362821  123.669697      -2.958178  -5.248257  -2.059428
    29  0.14815717    4.031562   92.970104      -2.825545   2.686374   0.070987
    30  0.13957793    3.798109   87.586545      -2.854437   6.867318   0.443652
    31  0.17327007    4.714918  108.728699      -2.651057  -4.539930  -0.452000
    32  0.11738925    3.194324   73.662931      -2.541174   0.307572  -3.519006
    33  0.11299780    3.074826   70.907247      -2.426185   0.853537   0.453806
    34  0.06247515    1.700035   39.203782      -2.365198  -0.778459   2.967697
    35  0.16672503    4.536819  104.621622      -2.293586   3.189950   1.465872
    36  0.16238445    4.418706  101.897867      -1.997052  -0.446877  -0.053760
    37  0.15153256    4.123411   95.088195      -2.032255   2.923010  -0.883088
    38  0.22065576    6.004348  138.463694      -1.865285  -5.735880   0.881359
    39  0.17651657    4.803260  110.765911      -1.886449  -1.520794  -3.360638
    40  0.15865313    4.317171   99.556424      -1.861637   1.376440  -2.025502
    41  0.18136181    4.935106  113.806350      -1.761634  -1.933121  -1.655850
    42  0.18946375    5.155571  118.890399      -1.654742   6.250926   1.368966
    43  0.18010447    4.900892  113.017354      -1.585372  -1.103010  -1.530310
    44  0.14023133    3.815888   87.996559      -1.513145   0.696690   0.445498
    45  0.16724580    4.550990  104.948415      -1.579779   4.855827   0.872802
    46  0.20423429    5.557498  128.159057      -1.229980  -2.448328   0.725540
    47  0.22375430    6.088664  140.408060      -1.078954  -2.819979  -0.819239
    48  0.11688194    3.180519   73.344584      -0.972100   1.900599   1.781882
    49  0.13853892    3.769836   86.934559      -0.598445   1.350096  -0.656706
    50  0.17896174    4.869797  112.300284      -0.662654   4.572607   1.537356
    51  0.18990896    5.167685  119.169769      -0.393713  -4.938534   0.614841
    52  0.17887332    4.867391  112.244800      -0.403527   4.678264  -2.837629
    53  0.17461009    4.751382  109.569575       0.064933  -0.908254   0.707388
    54  0.16047975    4.366876  100.702650       0.051916   2.627337   0.571590
    55  0.11781541    3.205920   73.930346       0.588105   0.556330   2.258627
    56  0.21324645    5.802731  133.814283       0.796357  -2.982180  -1.218546
    57  0.18573531    5.054115  116.550767       1.078699   0.073385  -0.142439
    58  0.04493375    1.222710   28.196377       1.158622   3.499314   3.374717
    59  0.24457242    6.655154  153.471642       1.274991  -4.718520   0.582502
    60  0.21630223    5.885883  135.731811       1.156415  -3.395755  -0.596859
*   61  0.25135684    6.839767  157.728930       1.421359  -3.911372  -2.181795
    62  0.17179525    4.674786  107.803236       1.478177   5.797074  -0.536726
    63  0.13126818    3.571989   82.372096       1.594860   1.387494   1.035194
    64  0.10516861    2.861783   65.994355       1.613901   4.112989  -0.268709
    65  0.10874415    2.959079   68.238041       2.131364   0.570074   3.496874
    66  0.11330913    3.083298   71.102611       2.220154   1.781237   1.001700
    67  0.20116129    5.473877  126.230722       2.465708   0.712481  -1.258110
    68  0.22470971    6.114662  141.007588       2.630559  -0.956155  -0.939830
    69  0.17542357    4.773518  110.080041       2.601303   0.510401   0.291341
    70  0.19793512    5.386089  124.206269       2.994749  -3.298563  -2.210563
    71  0.22427734    6.102897  140.736275       3.014849  -2.047468   0.179663
    72  0.08844327    2.406664   55.499037       3.635898  -0.368595   4.112140
    73  0.15846470    4.312044   99.438185       3.802989  -1.928790   2.976835
    74  0.09403374    2.558788   59.007112       4.065855   3.095890   0.726777
    75  0.22829005    6.212088  143.254292       4.585717  -3.212352  -2.666849
    76  0.17968815    4.889563  112.756111       4.564300   0.133901  -0.350519
    77  0.16885100    4.594669  105.955691       4.617932   2.051084  -0.697450
    78  0.16552546    4.504177  103.868884       4.840482  -1.129810   0.714067
    79  0.19240562    5.235623  120.736453       4.850306   1.579195  -1.558931
    80  0.17955002    4.885804  112.669432       4.973677  -2.569939  -0.981117
    81  0.12698316    3.455388   79.683205       5.061346   0.953627   2.161247
    82  0.14298165    3.890728   89.722413       5.191372   0.778845   3.870731
    83  0.14349137    3.904599   90.042267       5.224974   2.679256   2.294585
    84  0.19816685    5.392394  124.351679       5.884219  -3.719698  -0.088691
    85  0.16482378    4.485083  103.428568       5.993653  -0.105665   1.352498
    86  0.13413306    3.649946   84.169837       6.490313   1.548609  -1.662604
    87  0.13358760    3.635103   83.827555       6.948672  -1.023835  -1.825643
    88  0.13340674    3.630182   83.714063       7.151406  -0.568478  -0.287564
    89  0.17110259    4.655938  107.368588       8.011879   2.154821  -2.042320
    90  0.12206338    3.321513   76.595990       8.912397   0.695274  -1.692065
    91  0.17258592    4.696302  108.299390       9.166434  -3.266461  -0.627274
    92  0.12256096    3.335053   76.908229       9.374314  -1.664303  -1.129279
    93  0.16613835    4.520854  104.253474      10.248756  -0.361833  -1.547226
