 Number of surface minima:    68
   #       a.u.         eV      kcal/mol           X/Y/Z coordinate(Angstrom)
     1  0.10037834    2.731434   62.988411      -6.691677  -0.007733  -0.675028
     2  0.10453619    2.844574   65.597503      -6.308329  -0.609977   0.174412
     3  0.11008612    2.995596   69.080144      -6.043740  -1.544131   1.092379
     4  0.10094863    2.746952   63.346275      -5.514563  -0.582340   0.863521
     5  0.08791836    2.392380   55.169651      -5.249974  -1.536855  -2.339997
     6  0.15439019    4.201171   96.881387      -5.249974   2.590056  -2.314210
     7  0.08994082    2.447414   56.438765      -4.985386  -2.212297  -1.427908
     8  0.13901269    3.782728   87.231854      -4.963630   0.833282  -0.246360
     9  0.07034016    1.914053   44.139154      -4.387334  -1.215560   2.770321
    10  0.13840665    3.766236   86.851554      -4.323914   2.831190  -1.445448
    11  0.05741364    1.562305   36.027633      -4.018739  -3.021477   3.034909
    12  0.06319258    1.719558   39.653976      -4.054454  -0.924385   3.698028
    13  0.07930411    2.157975   49.764123      -3.911950  -2.103951  -0.663677
    14  0.06013808    1.636440   37.737248      -3.667556  -1.706284   4.243500
    15  0.05552402    1.510885   34.841875      -3.634161  -2.762262   3.973045
    16  0.15987158    4.350327  100.321016      -3.125250   1.319949   0.509868
    17  0.10787430    2.935409   67.692205      -2.843316   1.241424  -3.017343
    18  0.05644950    1.536069   35.422624      -2.341718  -3.037817   0.660576
    19  0.05824469    1.584919   36.549126      -2.069739  -2.245957   1.054363
    20  0.04909452    1.335930   30.807304      -1.836131  -0.977022   0.998016
    21  0.05173047    1.407658   32.461387      -1.689796  -2.905536   1.716214
*   22 -0.00846579   -0.230366   -5.312370      -1.299613  -2.387783  -2.815690
    23  0.06322076    1.720324   39.671659      -1.226752  -2.589976   2.770321
    24  0.00082260    0.022384    0.516188      -0.995375  -1.290839  -3.298484
    25  0.14337088    3.901320   89.966661      -1.015749   4.632177   0.527251
    26  0.16164550    4.398598  101.434170      -0.619674   5.890743   0.192711
    27  0.13921058    3.788112   87.356029      -0.355085   4.339523  -2.048805
    28  0.02408899    0.655495   15.116084      -0.077522  -2.904792   0.656803
    29  0.07731400    2.103821   48.515308       0.988697  -0.351966   2.284544
    30  0.01016708    0.276660    6.379944       0.972175  -1.981483  -2.520926
    31  0.14594218    3.971289   91.580178       1.134728   4.526029  -1.552808
    32  0.06889255    1.874662   43.230766       1.232447   0.463661   0.785906
    33  0.08388865    2.282726   52.640967       1.332681   0.258114   1.523591
    34  0.05646302    1.536437   35.431108       1.238739   0.929244  -1.585230
    35  0.04314423    1.174014   27.073434       1.408667  -3.129621   2.638026
    36  0.07364325    2.003935   46.211879       1.473648  -1.061206   2.761320
    37  0.06170717    1.679138   38.721867       1.533728  -0.894808   1.733731
    38  0.05437238    1.479548   34.119211       1.752927  -3.175543  -0.009667
    39  0.07860138    2.138852   49.323149       1.784842   1.471123   4.115886
    40  0.14524531    3.952326   91.142886       1.893918   3.491422  -1.015960
    41  0.13997738    3.808978   87.837208       2.026212   0.082272  -0.430655
    42  0.10268239    2.794130   64.434227       2.150586  -2.231129  -2.638186
    43  0.07369771    2.005417   46.246052       2.298064   0.688847   4.631724
    44  0.11948877    3.251455   74.980396       2.428248   3.577475   2.239800
    45  0.11572288    3.148980   72.617262       2.444457   5.439511   1.604540
    46  0.09826291    2.673870   61.660959       2.683374  -3.572431  -2.513952
    47  0.12128602    3.300360   76.108188       2.832617   4.644269   2.004245
    48  0.10097652    2.747711   63.363779       3.053562  -1.850604  -3.782260
    49  0.11887472    3.234746   74.595076       3.376643   2.693714  -0.093842
    50  0.11299709    3.074807   70.906803       3.285182   4.832432  -0.865599
    51  0.09501904    2.585600   59.625399       3.490822  -3.278439  -1.446327
    52  0.07545564    2.053252   47.349170       3.352343   0.399212   4.358276
    53  0.12924278    3.516875   81.101137       3.518412   3.601278   2.553327
    54  0.09969359    2.712800   62.558722       3.901069  -1.139742  -2.918334
    55  0.08381355    2.280683   52.593838       3.857646   0.924597   3.556523
    56  0.11954614    3.253016   75.016397       3.905195   3.741315  -0.225038
    57  0.10354319    2.817554   64.974390       4.032883  -2.863008  -0.669331
    58  0.08534577    2.322376   53.555322       4.066523  -4.043710  -2.389157
    59  0.08757515    2.383041   54.954284       4.421981  -1.834869  -3.831390
    60  0.10786488    2.935153   67.686291       4.518280  -0.709762  -2.124569
    61  0.09174357    2.496469   57.570006       5.061586  -4.115518  -2.235578
    62  0.09835839    2.676468   61.720872       5.394160  -3.112956  -0.669331
    63  0.09355700    2.545815   58.707951       5.478892  -1.962063  -3.725109
    64  0.09533252    2.594130   59.822108       5.831147  -3.641665  -1.330803
    65  0.09987461    2.717726   62.672318       5.871473  -0.927837  -2.109708
    66  0.09682398    2.634715   60.758018       6.261090  -1.464909  -2.778618
    67  0.11269084    3.066474   70.714628       6.548303  -4.233714  -2.386269
    68  0.11373260    3.094821   71.368342       6.922711  -2.381752  -3.572635
 
 Number of surface maxima:    82
   #       a.u.         eV      kcal/mol           X/Y/Z coordinate(Angstrom)
     1  0.18499806    5.034053  116.088132      -7.698714  -2.259367  -1.503699
     2  0.14515102    3.949760   91.083717      -7.019096  -0.803269  -2.283478
     3  0.20099719    5.469412  126.127750      -6.835003   0.534023  -3.310447
     4  0.13912520    3.785789   87.302452      -6.564404  -2.375941  -0.264538
     5  0.17777454    4.837491  111.555301      -5.974728  -3.104535   0.918200
     6  0.17890091    4.868141  112.262112      -5.586554   1.120174  -2.725737
     7  0.16579196    4.511429  104.036115      -5.296179   0.001517  -0.404743
     8  0.22100086    6.013739  138.680251      -5.316476   2.250520  -3.778602
     9  0.15641418    4.256246   98.151459      -4.534359  -1.056838  -1.330803
    10  0.12895808    3.509128   80.922487      -4.334662  -2.531419   0.781577
    11  0.18258618    4.968423  114.574655      -3.857254   2.911991  -3.113146
    12  0.22331563    6.076727  140.132792      -3.666383   1.605551  -0.789055
    13  0.14844675    4.039442   93.151822      -3.619793  -4.066292   0.544174
    14  0.10769044    2.930406   67.576831      -3.622402  -1.821098   3.057131
    15  0.18890027    5.140238  118.536808      -3.530148   1.384515   2.108849
    16  0.18216507    4.956964  114.310402      -3.163854   0.200435   0.720236
    17  0.19147293    5.210243  120.151177      -3.000971   0.747458  -1.907804
    18  0.10227220    2.782968   64.176830      -2.895234  -4.154527   2.053929
*   19  0.24439492    6.650324  153.360258      -2.810208   4.680644  -1.314366
    20  0.20587508    5.602146  129.188669      -2.505405   3.308874  -0.801626
    21  0.23703251    6.449983  148.740270      -2.585734   3.862881  -3.039299
    22  0.04181214    1.137766   26.237534      -2.234959  -3.708013  -1.479915
    23  0.11475331    3.122596   72.008851      -2.145188  -1.656292   2.373438
    24  0.17405929    4.736394  109.223945      -2.164979   0.584773   4.909085
    25  0.15072121    4.101333   94.579068      -2.071052  -4.894098   3.301260
    26  0.10672786    2.904213   66.972799      -1.790340  -3.442670   4.243668
    27  0.19673441    5.353416  123.452809      -1.793395   1.735545   0.280146
    28  0.16134104    4.390313  101.243114      -1.707678  -0.401351  -1.215174
    29  0.20237746    5.506971  126.993881      -1.678028   3.018613  -2.030408
    30  0.16087782    4.377708  100.952443      -1.377217  -2.504053   5.561089
    31  0.11769648    3.202684   73.855716      -1.269558  -1.451312   0.252773
    32  0.19428746    5.286831  121.917325      -1.411391   5.413879  -1.059337
    33  0.06140385    1.670884   38.531530      -0.946008   0.998125  -3.906140
    34  0.15537452    4.227956   97.499066      -0.764627  -0.943466   2.468182
    35  0.21430496    5.831534  134.478504      -0.830104   1.114029  -0.879761
    36  0.23314517    6.344203  146.300925      -0.384040   6.696181  -1.066214
    37  0.17570761    4.781247  110.258285      -0.222791  -0.107621   4.796000
    38  0.19646024    5.345955  123.280767      -0.302881   2.250520   2.425641
    39  0.13973935    3.802501   87.687837      -0.119621   0.074493   0.726588
    40  0.22842591    6.215785  143.339545      -0.211495   3.435153   0.378343
    41  0.10129739    2.756442   63.565122       0.066788  -1.537602  -2.076156
    42  0.21746498    5.917523  136.461447       0.306387   3.412091  -1.125090
    43  0.12135531    3.302246   76.151669       0.478881  -2.199092  -0.637054
    44  0.08953339    2.436327   56.183095       0.606599  -2.086371   2.417826
    45  0.18991649    5.167890  119.174496       0.888666   1.906739   1.050495
    46  0.19384568    5.274809  121.640103       0.968506   5.957332  -0.536463
    47  0.11779594    3.205390   73.918129       1.025277   0.058936  -1.595391
    48  0.12192341    3.317705   76.508162       1.269802  -0.780783   4.750491
    49  0.18579351    5.055698  116.587285       1.375552  -0.388748  -0.266992
    50  0.16235968    4.418032  101.882322       1.524074   2.376266  -0.949281
    51  0.17958487    4.886753  112.691303       1.898850   4.129900   1.192665
    52  0.15548559    4.230978   97.568762       1.995653  -5.088959   1.119497
    53  0.21538095    5.860814  135.153701       2.000761   7.094096  -0.419788
    54  0.16169779    4.400020  101.466977       2.125326  -2.916301  -3.733063
    55  0.13044529    3.549597   81.855721       2.064170  -0.081454   2.262684
    56  0.13436482    3.656253   84.315268       2.345557  -2.457319  -0.638161
    57  0.16649203    4.530479  104.475415       2.443724  -1.941583   5.151618
    58  0.13268501    3.610543   83.261168       2.434143  -2.509117  -1.592218
    59  0.18304584    4.980931  114.863098       2.555390   3.756046  -0.222160
    60  0.12740893    3.466973   79.950377       2.652913   0.922236   3.415066
    61  0.17880042    4.865407  112.199049       2.824648  -0.137588  -1.584285
    62  0.18949628    5.156456  118.910809       3.196282  -0.002380   0.245063
    63  0.14441681    3.929781   90.622993       3.231955   0.026591   0.793809
    64  0.16167290    4.399343  101.451363       3.313627   6.215583   0.232139
    65  0.12643645    3.440511   79.340136       3.613715  -1.447809   3.963411
    66  0.12727678    3.463377   79.867455       3.614653  -3.437625  -3.976515
    67  0.18114234    4.929134  113.668632       3.810056  -0.728231  -0.272448
    68  0.16485347    4.485891  103.447198       3.764072   1.992513   1.303447
    69  0.18089882    4.922507  113.515816       3.948130  -2.706866   1.948887
    70  0.16069975    4.372862  100.840697       4.525582   4.360920   1.438152
    71  0.17489711    4.759192  109.749684       4.774350  -4.239614  -4.817887
    72  0.14637820    3.983153   91.853783       4.804393  -3.041252  -1.678461
    73  0.20337698    5.534169  127.621088       4.879680   3.013102   2.184136
    74  0.20220455    5.502266  126.885379       4.825961   5.965621   0.931211
    75  0.14712059    4.003355   92.319642       4.969695  -1.685301  -2.521452
    76  0.18332884    4.988632  115.040683       5.065247  -1.435654   3.178073
    77  0.21366892    5.814227  134.079383       5.031500  -0.537457   0.594107
    78  0.20348857    5.537206  127.691114       4.954732   0.933983   0.909242
    79  0.13442298    3.657835   84.351762       6.003568  -3.818977  -3.829987
    80  0.14036086    3.819413   88.077845       7.370942  -2.747458  -1.980343
    81  0.18218795    4.957586  114.324760       7.652142  -3.702724  -3.315217
    82  0.18949030    5.156293  118.907061       7.780049  -1.882075  -0.604150
