 Number of surface minima:    62
   #       a.u.         eV      kcal/mol           X/Y/Z coordinate(Angstrom)
     1  0.11490108    3.126617   72.101576      -7.781377  -1.995654   1.837561
     2  0.11321439    3.080720   71.043164      -7.106449  -4.079265   1.984875
     3  0.09584133    2.607975   60.141394      -6.997177  -1.525967   0.743382
     4  0.09594269    2.610733   60.204995      -6.499179  -1.376965  -0.030946
     5  0.09369252    2.549503   58.792993      -6.203411  -4.060543   0.799251
     6  0.09657191    2.627855   60.599841      -6.327187  -1.309132   1.974916
     7  0.09453076    2.572313   59.318998      -5.674234  -3.914173  -0.019971
     8  0.09349420    2.544107   58.668546      -5.539840  -3.834341   1.967231
     9  0.09275704    2.524048   58.205973      -5.409645  -1.015022   2.122574
    10  0.10600198    2.884461   66.517303      -5.277351  -1.022942   0.001712
    11  0.10381597    2.824976   65.145561      -4.748174  -0.847659   1.016026
    12  0.08807250    2.396575   55.266377      -4.609906  -3.561895   2.103904
    13  0.10288085    2.799530   64.558761      -4.388374  -3.503224   0.098676
    14  0.07406918    2.015525   46.479150      -4.442995   1.486930   0.133002
    15  0.11116817    3.025040   69.759139      -4.128182  -0.866686   2.348654
    16  0.09760110    2.655861   61.245664      -3.984869  -3.360192   1.027352
    17  0.07351389    2.000415   46.130703      -3.552899   2.911676   2.755639
    18  0.10432534    2.838837   65.465194      -3.360809  -2.919372   2.293454
    19  0.06345388    1.726668   39.817947      -3.272095   1.618794  -1.038166
    20  0.11225851    3.054709   70.443335      -2.852094  -1.694587   1.593366
    21  0.07573968    2.060981   47.527406      -2.763759   1.019546   2.832574
    22  0.13500925    3.673788   84.719653      -2.530782   5.092069   0.847578
    23  0.11575100    3.149745   72.634912      -2.215453   4.904349  -1.837291
    24  0.13684645    3.723781   85.872517      -2.234582   6.812358   0.054274
    25  0.02657041    0.723018   16.673199      -1.691334  -1.721937   1.449822
    26  0.12146260    3.305166   76.218998      -1.733678   5.886603   0.583758
    27  0.04746045    1.291465   29.781908      -1.594325  -2.397921  -2.808521
    28  0.03762068    1.023711   23.607355      -1.401724  -3.952329  -0.232063
    29  0.13704371    3.729149   85.996300      -1.356133   2.627619  -1.083489
    30  0.12854206    3.497807   80.661430      -1.334204   5.671173  -2.312101
    31  0.02445868    0.665555   15.348068      -1.155109  -0.259023  -3.431870
    32  0.02814317    0.765815   17.660119      -1.065829  -4.656945  -2.824384
    33  0.13324357    3.625742   83.611670      -0.811154   6.669721   0.043932
    34  0.14042347    3.821117   88.117135      -0.408861   6.727414  -2.709272
    35  0.02929363    0.797120   18.382044      -0.090738  -0.141192   1.889658
    36  0.12351159    3.360921   77.504761      -0.081514   5.449755  -2.522214
    37  0.14357423    3.906854   90.094267      -0.012184   7.527880  -0.690658
*   38  0.01335390    0.363378    8.379708       0.183713  -3.663440   0.532355
    39  0.02638801    0.718054   16.558739       0.386282  -3.453042  -1.235396
    40  0.13010656    3.540379   81.643166       0.451059   6.510672  -0.136288
    41  0.15249122    4.149497   95.689763       0.609463   3.232030  -1.739797
    42  0.13974776    3.802730   87.693118       1.075442   2.108420  -1.475062
    43  0.03321931    0.903943   20.845448       1.337940  -0.141892  -2.529452
    44  0.17895054    4.869492  112.293255       1.441907   3.109156   0.981374
    45  0.04704667    1.280205   29.522254       1.543624  -3.109995  -1.903085
    46  0.14353276    3.905725   90.068239       2.012647   0.532748   1.563263
    47  0.04197330    1.142152   26.338669       2.395719  -3.713138   0.041361
    48  0.19324205    5.258384  121.261321       2.303642   3.994190   0.264281
    49  0.13555623    3.688672   85.062888       3.209880  -1.581919   1.035069
    50  0.15418354    4.195547   96.751712       3.189484   0.255691   2.156357
    51  0.17480177    4.756598  109.689860       3.579510   1.712448  -0.273203
    52  0.19230765    5.232957  120.674976       4.046761   2.435910   0.773794
    53  0.06060611    1.649176   38.030942       4.805487  -2.865756  -2.876830
    54  0.12393992    3.372577   77.773540       4.972768  -2.855915   1.302972
    55  0.11148199    3.033579   69.956064       5.265676  -2.166124   2.229032
    56  0.12219983    3.325227   76.681618       5.242790  -0.204595   3.419680
    57  0.12568390    3.420033   78.867902       5.704371  -1.332134   3.027038
    58  0.13854716    3.770060   86.939731       6.383429  -0.389623   3.847874
    59  0.11650591    3.170287   73.108622       6.761431  -1.067252   0.327320
    60  0.12727746    3.463396   79.867880       6.631348   0.920988   1.434876
    61  0.12968537    3.528918   81.378867       7.165673  -0.232671   1.159272
    62  0.14093954    3.835160   88.440973       7.598685   0.563768   2.229032
 
 Number of surface maxima:    73
   #       a.u.         eV      kcal/mol           X/Y/Z coordinate(Angstrom)
     1  0.18262763    4.969550  114.600662      -8.298733  -3.306645   2.369910
     2  0.18209570    4.955076  114.266871      -8.084070  -3.322055  -0.832486
     3  0.13777458    3.749037   86.454926      -7.868227  -3.128951   0.801233
     4  0.11670142    3.175607   73.231306      -7.404603  -1.758866   1.948383
     5  0.13734067    3.737230   86.182647      -6.807168  -2.861657   3.022797
     6  0.14275551    3.884575   89.580513      -6.527231  -2.814984  -1.269851
     7  0.18002384    4.898698  112.966760      -5.656949  -2.507958   4.236202
     8  0.14877664    4.048418   93.358830      -5.674234  -1.674744   0.960068
     9  0.14574031    3.965795   91.453500      -5.277351  -3.228049   0.906089
    10  0.19440413    5.290005  121.990535      -5.301645  -2.399906  -2.307249
    11  0.13447190    3.659166   84.382462      -4.435041  -2.102586   3.203636
    12  0.08930877    2.430215   56.042145      -4.292447   2.270426  -0.754894
    13  0.17233517    4.689478  108.142040      -4.104441  -2.133081  -1.378906
    14  0.20542162    5.589807  128.904123      -3.733695   4.479444   0.082291
    15  0.16817039    4.576149  105.528600      -3.626161  -4.723849  -1.911979
    16  0.19700147    5.360683  123.620394      -3.679451   1.980376   1.437060
    17  0.18800121    5.115773  117.972639      -3.323954  -1.873431  -2.190446
    18  0.17484882    4.757878  109.719380      -3.419591  -0.519833  -0.408837
    19  0.16456747    4.478109  103.267734      -3.074610   5.679757  -0.572600
    20  0.20516611    5.582854  128.743787      -3.034470   7.291118  -1.196255
    21  0.13782323    3.750361   86.485456      -2.957617  -2.319464   0.976820
    22  0.17444392    4.746860  109.465301      -2.929277  -1.624799   2.838700
    23  0.09706847    2.641367   60.911435      -3.014189   4.106144   2.500848
    24  0.09064163    2.466484   56.878529      -2.786633   0.072358   2.229032
    25  0.23322209    6.346296  146.349197      -2.561512   3.430754   0.314570
    26  0.21460324    5.839651  134.665681      -2.071635   1.240414   0.170986
    27  0.15498210    4.217277   97.252815      -1.931020  -1.299457  -1.292231
    28  0.06154438    1.674708   38.619714      -2.050738   1.446340  -2.914663
    29  0.18436783    5.016904  115.692657      -1.963736   3.845813   0.914298
    30  0.14803440    4.028221   92.893066      -1.573111   0.042894  -0.232769
    31  0.22783349    6.199664  142.967792      -1.478532   2.212385   1.823356
    32  0.16621443    4.522925  104.301219      -1.440816   7.352487  -1.475209
    33  0.14860682    4.043797   93.252266      -1.036466  -6.197989  -0.802127
    34  0.13640660    3.711812   85.596503      -1.058301  -2.422429  -0.284560
    35  0.13539513    3.684289   84.961797      -0.779345  -0.963673   0.983158
    36  0.18955823    5.158142  118.949688      -0.782584   4.752398  -1.480840
    37  0.19439595    5.289783  121.985401      -0.511065   5.288454  -0.017100
    38  0.21047045    5.727192  132.072313      -0.087914   8.061055  -2.089028
    39  0.22711336    6.180069  142.515902       0.010505   2.636277  -0.815215
    40  0.14763621    4.017386   92.643200       0.146715  -0.802664  -2.058773
    41  0.17645202    4.801504  110.725409       0.146715   0.715381  -0.750930
    42  0.24599106    6.693757  154.361848       0.291243   3.052465   0.650415
    43  0.14945703    4.066933   93.785783       0.440273  -1.982326  -3.468863
    44  0.13012863    3.540980   81.657019       1.000681  -1.861018  -0.753538
    45  0.17379307    4.729150  109.056887       0.981825   6.755830  -1.731275
    46  0.16824748    4.578247  105.576973       1.141484  -0.405781   0.313326
    47  0.05610556    1.526710   35.206800       1.385542  -3.003488   2.012621
    48  0.07726901    2.102597   48.487073       1.676749  -2.418837  -2.930446
    49  0.21441165    5.834438  134.545452       1.919492   4.542059  -1.048419
    50  0.19673576    5.353452  123.453658       2.192514  -1.799634  -0.781257
    51  0.22985583    6.254695  144.236831       2.405858   5.815027  -1.742340
    52  0.22934473    6.240788  143.916114       2.592171   2.568852   0.308775
    53  0.22717629    6.181781  142.555391       2.924896  -0.257271   0.934919
*   54  0.26329610    7.164651  165.220936       3.176967   3.015184   1.956419
    55  0.26199275    7.129185  164.403068       3.194915   3.699475  -0.944159
    56  0.21899267    5.959094  137.420093       3.431554  -1.199546  -1.917220
    57  0.18126173    4.932383  113.743549       3.708766  -3.364739  -1.890843
    58  0.24237654    6.595401  152.093705       3.664084   0.465702  -0.206843
    59  0.07461457    2.030366   46.821391       3.773830  -4.242315   0.299785
    60  0.20543733    5.590234  128.913979       4.247839  -2.292350   0.112323
    61  0.21408423    5.825528  134.339994       4.271753   1.878789   2.114116
    62  0.20415298    5.555285  128.108039       4.644722  -2.397206  -0.286376
    63  0.18126383    4.932440  113.744867       4.909310  -1.596429  -0.584279
    64  0.18704701    5.089808  117.373870       4.951598  -0.760376   2.096737
    65  0.23012578    6.262041  144.406225       5.198123   2.420758   3.165750
    66  0.19647186    5.346271  123.288054       5.735806  -3.274121   0.001542
    67  0.08714911    2.371448   54.686936       5.739075  -2.099051  -2.243180
    68  0.19053914    5.184834  119.565216       5.748116  -0.096152   0.906089
    69  0.17253150    4.694821  108.265245       6.323246   1.175078   3.265729
    70  0.15875563    4.319960   99.620744       6.544640  -2.606986   1.086181
    71  0.16277909    4.429444  102.145507       7.468428  -1.041350   2.803735
    72  0.20822684    5.666140  130.664424       7.745707   0.313907   3.742486
    73  0.20115404    5.473680  126.226174       7.843302  -2.533650   2.104971
