 Number of surface minima:    67
   #       a.u.         eV      kcal/mol           X/Y/Z coordinate(Angstrom)
     1  0.10314362    2.806681   64.723656      -8.257005   0.131153  -1.404912
     2  0.09687272    2.636041   60.788602      -7.982807  -0.530318   1.108679
     3  0.10131684    2.756971   63.577332      -7.378120  -0.897132  -2.846785
     4  0.09510296    2.587883   59.678059      -6.986943  -2.117850   1.412825
     5  0.09962474    2.710927   62.515523      -6.476861  -0.385058   2.038048
     6  0.09123982    2.482762   57.253899      -5.982450  -2.920445  -2.378841
     7  0.09108885    2.478654   57.159167      -5.819793  -3.569993  -0.609817
     8  0.16264078    4.425681  102.058718      -5.569131   1.891364  -0.867765
     9  0.14928108    4.062145   93.675372      -5.096052   1.254789   0.115606
    10  0.09285690    2.526765   58.268633      -4.784024  -2.518708   1.093003
    11  0.15095200    4.107613   94.723890      -4.642868   0.378628   0.938854
    12  0.15660423    4.261418   98.270718      -4.644104   0.769177  -2.521249
    13  0.15567382    4.236100   97.686877      -4.437726   2.177704  -0.152128
    14  0.08555727    2.328132   53.688043      -4.314137  -2.911616  -1.506090
    15  0.13757857    3.743703   86.331930      -3.963351  -0.138301  -1.814439
    16  0.16796455    4.570548  105.399436      -3.513940   2.307724   0.242481
    17  0.13044426    3.549569   81.855075      -3.397366  -1.059495  -0.875735
    18  0.14225589    3.870980   89.266991      -3.293761   0.784267  -2.070861
    19  0.05982695    1.627974   37.542007      -2.424705  -2.514733   0.976385
    20  0.06509051    1.771203   40.844947      -2.336707  -1.553664   2.055595
    21  0.14515308    3.949816   91.085011      -2.242009   0.968094  -1.651457
    22  0.02295019    0.624506   14.401471      -1.395455  -3.246860  -0.284920
    23  0.02215881    0.602972   13.904872      -1.217753   0.519624   2.388980
    24  0.14111002    3.839799   88.547950      -0.867812   2.644745   1.301077
    25  0.03556203    0.967692   22.315529      -0.681356  -3.314010   0.967097
    26  0.02648906    0.720804   16.622153      -0.536315  -1.186318  -2.318456
    27  0.15755707    4.287346   98.868638      -0.557366   4.351287  -1.052381
    28  0.13957302    3.797975   87.583464      -0.279728   3.695736   1.482704
    29  0.02763332    0.751941   17.340183      -0.036015  -0.012517  -1.859711
    30  0.16405766    4.464236  102.947820       0.022311   5.555220  -0.561942
    31  0.15556135    4.233040   97.616301       0.280989   4.908943   1.531013
    32  0.15157452    4.124552   95.114528       0.535836   4.498599  -1.135593
    33  0.03915244    1.065392   24.568548       0.531690  -4.493193   2.957192
    34  0.13543240    3.685303   84.985187       0.799402   3.719999   1.367342
    35  0.08928356    2.429529   56.026325       1.020262  -3.996989   0.442889
    36  0.02541855    0.691674   15.950397       1.119433  -2.147757   2.759145
*   37  0.00486065    0.132265    3.050106       1.345114  -0.662613   3.275818
    38  0.15423239    4.196877   96.782365       1.298377   3.559370  -1.442150
    39  0.07774639    2.115587   48.786636       2.188577  -3.196972   1.494764
    40  0.06330222    1.722541   39.722775       2.287676   0.303976  -0.854944
    41  0.02978579    0.810513   18.690881       2.550278  -0.630389   0.733176
    42  0.10448238    2.843110   65.563736       2.644030   7.407340  -0.150830
    43  0.10169791    2.767341   63.816457       2.879277   6.810855   1.702843
    44  0.10413948    2.833779   65.348562       3.063127   4.382096  -2.697254
    45  0.08567055    2.331214   53.759128       3.453486   2.933489   1.889080
    46  0.10032424    2.729961   62.954463       3.572995   5.965112  -2.206562
    47  0.10440256    2.840938   65.513654       3.683848  -4.102264   0.144762
    48  0.11061210    3.009908   69.410202       3.834679  -2.779321  -2.131878
    49  0.10227847    2.783139   64.180765       3.936532  -3.239748   0.711796
    50  0.09910746    2.696851   62.190924       3.880397   2.558168  -0.721895
    51  0.11425970    3.109164   71.699102       4.204813  -1.985556  -1.584676
    52  0.09179552    2.497883   57.602607       4.203070   4.623721   2.286710
    53  0.10932299    2.974830   68.601267       4.371956  -2.113145   1.258686
    54  0.09625216    2.619155   60.399195       4.519975  -4.977582  -0.346558
    55  0.09912620    2.697361   62.202682       4.627347  -3.566538  -2.606968
    56  0.10004086    2.722250   62.776639       4.587557   4.473459  -1.801795
    57  0.09504997    2.586441   59.644808       4.993006   3.692335   0.956412
    58  0.09331447    2.539216   58.555763       5.289916  -3.109809   0.910486
    59  0.11106442    3.022217   69.694035       5.422211  -4.499147  -2.928665
    60  0.10713091    2.915180   67.225717       5.390274  -1.783384  -1.404912
    61  0.09558276    2.600939   59.979136       5.568126  -4.871476  -0.219585
    62  0.09942382    2.705460   62.389439       5.697104  -3.427546  -2.445148
    63  0.09677519    2.633387   60.727398       5.982479  -3.777937   0.506946
    64  0.10384109    2.825660   65.161320       6.083682  -2.382439  -1.740817
    65  0.11908990    3.240601   74.730103       6.670938  -1.662888  -1.008030
    66  0.11464179    3.119562   71.938870       6.894160  -4.607165  -0.218926
    67  0.11772645    3.203500   73.874524       7.059423  -3.391113  -2.066384
 
 Number of surface maxima:    84
   #       a.u.         eV      kcal/mol           X/Y/Z coordinate(Angstrom)
     1  0.16235322    4.417856  101.878269      -8.381501  -1.347228  -1.674119
     2  0.15791913    4.297198   99.095836      -8.262111  -1.863933   0.412543
     3  0.11774488    3.204001   73.886087      -7.696112   0.383355  -2.519204
     4  0.13231742    3.600540   83.030507      -7.468696  -0.265730  -0.346558
     5  0.10884540    2.961834   68.301574      -7.278042  -0.950433   1.857067
     6  0.17714450    4.820347  111.159945      -7.283817   1.577977  -1.145426
     7  0.15590268    4.242328   97.830493      -7.230896  -3.143805  -1.379984
     8  0.13744387    3.740038   86.247406      -7.067613  -1.642832  -0.769914
     9  0.16650428    4.530812  104.483099      -7.036514   0.890583   1.234108
    10  0.12882978    3.505637   80.841977      -6.379727  -1.518078  -2.128084
    11  0.12372283    3.366669   77.637313      -6.288319  -2.186482   0.182619
    12  0.17290446    4.704970  108.499278      -5.955099  -0.001141  -3.334602
    13  0.17342891    4.719241  108.828377      -5.822805   0.847212  -0.821148
    14  0.15510195    4.220539   97.328022      -5.710857  -1.729998   2.138087
    15  0.22827554    6.211693  143.245186      -5.713291   1.837711  -2.391790
    16  0.10161222    2.765009   63.762682      -5.290729  -3.441588  -1.674203
    17  0.16841589    4.582829  105.682654      -5.231762   0.193019  -1.934090
    18  0.17518008    4.766892  109.927249      -4.782354  -1.374561   0.314914
    19  0.15497834    4.217175   97.250456      -4.714517  -2.067916  -2.860150
    20  0.14731544    4.008657   92.441913      -4.509991  -3.297381   0.042610
    21  0.19735811    5.370387  123.844187      -4.238365   2.517638  -1.936533
    22  0.22638913    6.160362  142.061445      -3.706096   1.115568   0.240974
    23  0.24182376    6.580359  151.746830      -3.557716  -3.848156   3.125566
    24  0.17023733    4.632393  106.825630      -3.059574  -0.006395   1.614148
    25  0.21636671    5.887637  135.772272      -3.044625   0.333169  -0.938308
    26  0.25121491    6.835905  157.639870      -3.071464   3.514294  -2.066384
    27  0.24982463    6.798074  156.767455      -2.773104   4.368522   0.448495
    28  0.15504482    4.218984   97.292175      -2.250859  -1.118559   0.421088
    29  0.22617376    6.154501  141.926294      -2.377776   3.040209  -0.472174
    30  0.05822769    1.584456   36.538456      -1.750240  -2.657803  -2.122311
    31  0.15946877    4.339366  100.068246      -1.448109  -2.113045   3.089912
    32  0.12758455    3.471752   80.060580      -1.303757  -1.575833   0.728521
    33  0.16131563    4.389622  101.227171      -1.174003  -0.117714  -0.320487
    34  0.19677099    5.354411  123.475762      -1.307970   5.022734   0.457834
    35  0.13503814    3.674575   84.737783      -0.398739  -0.640443   2.081383
    36  0.16321785    4.441384  102.420832      -0.253314   0.935062   0.728831
    37  0.22783343    6.199663  142.967753       0.013004   3.188471  -0.848928
    38  0.22809208    6.206701  143.130064      -0.121815   6.214488   0.710275
    39  0.21279360    5.790408  133.530111       0.241617   2.769503   0.676988
    40  0.16152497    4.395318  101.358535       0.673513  -2.362985   0.194064
    41  0.14314577    3.895195   89.825405       0.659616  -0.947859  -0.918728
    42  0.16902928    4.599521  106.067566       1.025798  -5.888343   0.645544
    43  0.17381582    4.729769  109.071165       1.032846   1.828886  -1.547917
    44  0.17507008    4.763899  109.858223       1.076601   5.333271  -0.346558
    45  0.17845630    4.856043  111.983114       0.994385   6.865021  -0.635144
    46  0.18676966    5.082261  117.199829       1.161069  -3.844763  -1.325960
    47  0.16788191    4.568299  105.347575       1.157344   5.014138   1.051580
    48  0.11018571    2.998306   69.142637       1.395097  -1.487918   1.447278
    49  0.15408485    4.192862   96.689785       1.453382   1.143997   0.182619
    50  0.17192585    4.678340  107.885189       1.345101   6.095914   2.159875
    51  0.13411493    3.649453   84.158459       1.462514   0.003619   0.317170
    52  0.16971684    4.618230  106.499012       1.891998   5.574023  -2.443800
    53  0.11821126    3.216692   74.178751       1.955096   7.367056   0.968756
    54  0.17647742    4.802195  110.741343       2.123195  -1.975382  -1.648886
    55  0.04834470    1.315526   30.336780       2.020235   1.353089   2.981489
    56  0.17249190    4.693743  108.240395       2.271990  -3.783269  -1.350505
    57  0.19510196    5.308994  122.428430       2.448789  -5.091271  -2.129331
    58  0.17866482    4.861717  112.113961       2.736719   3.296820  -0.506365
    59  0.15287922    4.160055   95.933240       2.776325   4.075167   2.778755
    60  0.13440735    3.657410   84.341958       2.744584   6.148858  -0.875735
    61  0.16346056    4.447988  102.573139       3.113081  -4.511267   2.672332
    62  0.14271668    3.883518   89.556141       3.135440  -2.129109   0.521248
    63  0.12955541    3.525382   81.297316       3.241187   5.490905   1.441248
    64  0.11314035    3.078706   70.996704       3.834679   4.925815  -2.535243
    65  0.13971647    3.801878   87.673481       3.793560   5.544784   0.156652
    66  0.16128983    4.388919  101.210978       3.828894   3.172143  -2.078173
    67  0.14383381    3.913917   90.257156       4.070466  -5.305614  -2.092761
    68  0.16389657    4.459853  102.846740       4.002171   7.034286   0.600875
    69  0.12746219    3.468423   79.983798       4.122321   4.245765  -0.341680
    70  0.17938638    4.881352  112.566747       4.349127  -0.552676   0.835614
    71  0.15328783    4.171174   96.189648       4.363856   2.452912   0.553669
    72  0.13606607    3.702546   85.382819       4.543911  -1.011736  -0.827975
    73  0.10353177    2.817243   64.967222       4.534375   3.721313   1.927341
    74  0.14967476    4.072857   93.922408       4.826999  -3.705382  -0.148004
    75  0.16142837    4.392689  101.297914       4.783231   5.965490  -1.127015
    76  0.15255685    4.151283   95.730947       4.928927  -2.907354  -1.532347
*   77  0.25622432    6.972218  160.783321       4.922183   0.257671  -1.783513
    78  0.15826529    4.306618   99.313052       5.123669   5.282227   1.085635
    79  0.18343114    4.991415  115.104876       5.554505  -6.029058  -2.537940
    80  0.14400471    3.918568   90.364398       5.618580  -1.260009   0.378988
    81  0.13962314    3.799339   87.614918       6.526295  -4.896030  -1.801795
    82  0.14159274    3.852934   88.850858       7.296849  -2.895244  -0.465283
    83  0.18689039    5.085546  117.275588       7.320089  -1.555861   0.469260
    84  0.18497839    5.033518  116.075790       7.986189  -4.206540  -1.260610
