 Number of surface minima:    60
   #       a.u.         eV      kcal/mol           X/Y/Z coordinate(Angstrom)
     1  0.14448020    3.931506   90.662770      -6.557064  -2.734596  -2.036944
     2  0.14844469    4.039386   93.150530      -6.171887  -0.347537  -2.432206
     3  0.14815416    4.031480   92.968214      -6.263433   2.174830   0.375145
     4  0.14051794    3.823688   88.176415      -6.034419  -1.406727  -1.642556
     5  0.12905322    3.511717   80.982188      -5.910677  -2.594857  -1.093450
     6  0.13602067    3.701311   85.354333      -5.487953  -0.362461  -1.397412
     7  0.14527236    3.953062   91.159857      -5.567395   4.538984   0.012829
     8  0.14117477    3.841561   88.588580      -5.376507   2.288708   2.450875
     9  0.14115240    3.840952   88.574546      -5.387032   3.077597  -0.214542
    10  0.13631079    3.709205   85.536382      -5.268783   1.880602  -0.241492
    11  0.14031377    3.818132   88.048291      -4.817762   4.559434   2.096293
    12  0.13016395    3.541941   81.679179      -4.685433   4.167583  -0.547310
    13  0.13183045    3.587289   82.724924      -4.430832   3.098563   2.215763
    14  0.13267354    3.610231   83.253973      -4.177406  -2.065757  -3.355023
    15  0.12326110    3.354105   77.347572      -4.267742   2.049090   2.238542
    16  0.12182027    3.314898   76.443440      -4.050654  -3.202203  -2.904259
    17  0.16043518    4.365663  100.674682      -4.054748  -2.864874   0.734977
    18  0.12127932    3.300178   76.103988      -3.675786   4.136735   1.918990
    19  0.16265652    4.426109  102.068594      -3.528734  -3.784913   1.284339
    20  0.12511941    3.404672   78.513681      -3.518178  -1.021290  -3.103180
    21  0.15685956    4.268366   98.430940      -3.248826  -2.997721   1.539130
    22  0.15140198    4.119857   95.006256      -2.595416  -2.163831  -1.733593
    23  0.14986176    4.077946   94.039751      -2.314356   2.436695   1.421405
    24  0.16272228    4.427898  102.109860      -2.309423   3.494024  -1.375375
    25  0.14906237    4.056193   93.538130      -2.105331   1.361325   1.387388
    26  0.15131374    4.117456   94.950883      -1.901676  -1.129557  -1.388658
    27  0.13082951    3.560052   82.096827      -1.404768  -3.283379  -0.361812
    28  0.15995430    4.352578  100.372923      -1.251893   3.234113  -1.749191
    29  0.16536369    4.499775  103.767372      -1.344583   4.142101  -1.585309
    30  0.02572508    0.700015   16.142747      -0.710666  -0.464075   2.763595
    31  0.06938005    1.887927   43.536673      -0.407317  -2.665812   2.527021
    32  0.12981187    3.532361   81.458246      -0.434810   3.105111   0.779702
    33  0.06481049    1.763583   40.669231       0.050470  -3.601337   1.459201
    34  0.03084276    0.839274   19.354138       0.294039  -0.370233  -1.790587
    35  0.02665833    0.725410   16.728368       0.971886  -1.808267  -2.043268
*   36  0.00742454    0.202032    4.658975       1.663485   0.860974   3.286975
    37  0.02369790    0.644853   14.870671       1.731603  -3.398674   0.300228
    38  0.06288682    1.711237   39.462110       1.680997   2.025392  -0.676438
    39  0.01973008    0.536883   12.380824       2.163572  -0.518011   3.231212
    40  0.03058958    0.832385   19.195269       2.585223   1.391761   0.090698
    41  0.04324862    1.176855   27.138944       2.829949  -2.606174   1.524478
    42  0.11354857    3.089814   71.252864       3.531461   1.381471  -0.587139
    43  0.02883639    0.784678   18.095121       3.896574  -2.213124   3.663662
    44  0.04323628    1.176519   27.131200       3.920489   0.082916   2.221446
    45  0.11189606    3.044847   70.215899       4.003029   1.756021  -2.050041
    46  0.10194241    2.773994   63.969881       4.602392   0.491776  -2.253049
    47  0.10578741    2.878622   66.382655       4.664992   2.020410   0.049530
    48  0.10369781    2.821761   65.071415       5.046083  -0.501297  -2.229314
    49  0.09222206    2.509490   57.870264       5.226366   1.510387  -2.679752
    50  0.09735638    2.649202   61.092100       5.415932   0.908434   0.206627
    51  0.10185798    2.771697   63.916900       5.792709  -0.066159   0.260212
    52  0.08878754    2.416032   55.715068       6.022980   1.909162  -0.162488
    53  0.09580443    2.606971   60.118236       6.154542   1.246888  -2.941413
    54  0.09411891    2.561106   59.060555       6.239638  -0.764603  -2.623127
    55  0.09461362    2.574567   59.370990       6.708006   0.061438  -2.925616
    56  0.09386181    2.554110   58.899224       7.038147   1.750392  -0.498203
    57  0.09425461    2.564798   59.145709       7.112010  -0.332271  -0.140314
    58  0.09370817    2.549929   58.802811       7.579052   0.565348  -0.476119
    59  0.11431124    3.110567   71.731446       7.601574   1.240389  -3.219147
    60  0.11325985    3.081957   71.071691       8.356993   1.490325  -1.131230
 
 Number of surface maxima:    66
   #       a.u.         eV      kcal/mol           X/Y/Z coordinate(Angstrom)
     1  0.21486094    5.846664  134.827391      -6.806829   2.035797   1.802177
     2  0.21048934    5.727706  132.084167      -6.594444  -3.139859  -3.516310
     3  0.17100567    4.653301  107.307769      -6.042076  -1.548291  -3.369648
     4  0.17091042    4.650709  107.247996      -6.104292   3.480630   1.460347
     5  0.21058274    5.730248  132.142773      -6.035068   5.160233   1.380311
     6  0.21553827    5.865095  135.252420      -5.847425   0.040978  -3.839147
     7  0.17040073    4.636840  106.928165      -5.571522  -3.861188  -2.240302
     8  0.18036804    4.908064  113.182750      -5.464912   1.008017   1.288344
     9  0.21937593    5.969523  137.660592      -4.853433  -5.001370  -1.252934
    10  0.19969084    5.433864  125.307998      -4.725353  -1.658652  -0.963826
    11  0.23711575    6.452248  148.792504      -4.685635  -0.317905   1.024575
    12  0.17099570    4.653030  107.301510      -4.447537   5.272011   0.707003
    13  0.20205043    5.498072  126.788665      -4.117507   2.752305  -0.124815
    14  0.20189033    5.493715  126.688200      -3.928086  -4.078078  -0.460305
    15  0.19183053    5.219974  120.375576      -3.726561  -2.016227  -2.174670
    16  0.23866407    6.494380  149.764089      -3.628238   1.399294  -2.019668
    17  0.19168836    5.216106  120.286363      -3.550776   2.883412   1.329235
    18  0.23020416    6.264174  144.455413      -3.411134   0.432566  -0.334814
    19  0.23961416    6.520233  150.360282      -3.141203  -5.147145   0.463222
    20  0.21768398    5.923482  136.598877      -3.255171   0.173817   0.738228
    21  0.24509493    6.669372  153.799522      -3.058424  -1.744973   0.603510
    22  0.22047437    5.999413  138.349873      -3.093851   6.000382   0.210584
    23  0.21943069    5.971013  137.694951      -2.714314   0.329258  -1.255008
    24  0.19325117    5.258632  121.267043      -2.306878  -4.009709   1.397276
    25  0.20349329    5.537334  127.694074      -2.178576   4.696621  -0.173697
    26  0.20624027    5.612083  129.417835      -1.911653  -2.165706   2.101067
    27  0.22798823    6.203875  143.064894      -1.925372  -2.062223  -0.438536
*   28  0.24794663    6.746971  155.588993      -1.864218   2.126102  -0.914295
    29  0.22707815    6.179111  142.493809      -1.308394   2.146553   0.548670
    30  0.24234620    6.594575  152.074664      -0.907019   5.328412  -0.588347
    31  0.08918180    2.426760   55.962473      -0.452569  -3.915072   2.610769
    32  0.18032440    4.906877  113.155366      -0.474952  -2.338492   0.997090
    33  0.16405839    4.464256  102.948279      -0.380388   0.559637   0.816178
    34  0.16168469    4.399664  101.458761      -0.320893  -1.125519  -0.047426
    35  0.20925466    5.694109  131.309389      -0.189088   1.940568  -1.730317
    36  0.19689149    5.357690  123.551378      -0.173053   3.786284  -1.248610
    37  0.13768526    3.746606   86.398875       0.530455  -1.943437   1.215790
    38  0.12986589    3.533830   81.492142       0.579647  -0.424117   2.255124
    39  0.17769502    4.835327  111.505399       0.598846   1.773816  -0.048669
    40  0.05742554    1.562628   36.035101       0.749813  -3.614709  -1.360815
    41  0.15270432    4.155296   95.823487       0.934700  -2.887546   2.847776
    42  0.05514193    1.500488   34.602112       0.956174   2.788408   2.449893
    43  0.13324972    3.625909   83.615532       1.383622   0.984049   0.196331
    44  0.14079511    3.831230   88.350340       1.379515  -0.484956  -0.841291
    45  0.09820738    2.672359   61.626113       1.816245   3.118266  -1.487421
    46  0.15511777    4.220969   97.337952       2.589078  -1.360341   0.338921
    47  0.13509408    3.676097   84.772883       2.500561  -0.022523   1.372023
    48  0.13598305    3.700287   85.330723       3.250217  -0.732974   1.033222
    49  0.16938771    4.609274  106.292481       3.291007  -0.951903  -1.447725
    50  0.17825685    4.850615  111.857953       3.622416   2.617313  -0.883942
    51  0.13824962    3.761963   86.753019       4.009838   0.816458   0.015719
    52  0.18672587    5.081069  117.172349       4.029029  -2.352142  -0.053251
    53  0.10879570    2.960482   68.270392       4.152042  -1.812227   1.528875
    54  0.17092422    4.651085  107.256659       4.816962  -1.557907  -0.316209
    55  0.15006921    4.083591   94.169930       4.972654   0.057603   4.201138
    56  0.13642795    3.712393   85.609905       5.079779   2.810774  -1.511310
    57  0.19368468    5.270428  121.539071       5.842255  -2.665524  -0.719433
    58  0.16954804    4.613637  106.393093       5.871419  -1.995274   1.874616
    59  0.14756550    4.015462   92.598830       5.808120   0.408950  -2.105675
    60  0.14587976    3.969590   91.541009       6.369105   0.689719  -0.640508
    61  0.18178276    4.946560  114.070497       6.391171   3.729083  -2.047268
    62  0.14195305    3.862739   89.076956       7.062068  -1.768614  -1.227405
    63  0.13768315    3.746549   86.397554       7.475024   2.447248  -2.157748
    64  0.13744017    3.739937   86.245078       8.428938   0.194535  -2.160897
    65  0.18166429    4.943337  113.996157       8.675075  -1.423128  -1.895888
    66  0.18266080    4.970453  114.621476       8.877478   1.743784  -2.581758
