 Number of surface minima:    57
   #       a.u.         eV      kcal/mol           X/Y/Z coordinate(Angstrom)
     1  0.14822571    4.033427   93.013113      -6.078823   2.570339   0.387103
     2  0.15862914    4.316518   99.541369      -6.036658   0.936467   0.041524
     3  0.15397683    4.189923   96.622003      -5.492807  -0.094506  -3.230827
     4  0.17614066    4.793031  110.530026      -5.338131  -2.425918  -1.303251
     5  0.18435150    5.016459  115.682411      -5.272431  -0.379598  -1.307640
     6  0.14183025    3.859397   88.999897      -5.285057   1.303893   1.673553
     7  0.18466509    5.024993  115.879193      -5.152763   0.003003  -1.129213
     8  0.16223434    4.414621  101.803674      -4.961019   1.303893  -2.699038
     9  0.16982926    4.621289  106.569560      -4.755880  -1.492967  -0.419031
    10  0.13604596    3.701999   85.370203      -4.693040  -5.380277  -1.069170
    11  0.16381504    4.457634  102.795578      -4.681768  -2.400347  -0.112602
    12  0.13095630    3.563502   82.176387      -3.982361  -5.360284   0.681164
    13  0.16072917    4.373663  100.859164      -3.831951  -2.661589   0.952546
    14  0.16964336    4.616231  106.452904      -3.799120   4.237718  -0.732780
    15  0.15030918    4.090121   94.320516      -3.697526   0.510127  -3.618434
    16  0.17342451    4.719121  108.825615      -3.565231  -2.748644  -2.577608
    17  0.12954810    3.525183   81.292726      -2.903760  -5.645323  -0.935807
    18  0.14113670    3.840525   88.564690      -2.785582   2.625190   1.334846
    19  0.16179305    4.402613  101.526754      -2.746776  -1.725518  -2.106165
    20  0.15672506    4.264706   98.346543      -2.614497   3.707141  -1.268850
    21  0.15993287    4.351995  100.359474      -2.619463  -2.786306  -1.706696
    22  0.14064244    3.827075   88.254538      -2.527266   1.427185   1.175012
    23  0.13818640    3.760243   86.713350      -2.136424   3.288308   1.283173
    24  0.16234165    4.417541  101.871010      -2.096577  -0.679699  -1.569700
    25  0.15773723    4.292248   98.981690      -1.845405  -3.119211  -0.699171
    26  0.12999979    3.537474   81.576168      -1.845100   6.466056   0.549486
    27  0.01201114    0.326840    7.537112      -1.335075  -1.092554   2.615458
    28  0.15764595    4.289764   98.924409      -1.383249   3.485875  -1.502566
    29  0.14945471    4.066869   93.784325      -1.167140  -3.052779   0.420633
    30  0.12922184    3.516305   81.087997      -0.938761   6.151535  -1.038662
    31  0.16454380    4.477465  103.252880      -0.088683   2.920877  -1.521825
    32  0.12378594    3.368387   77.676913      -0.172285   5.655502   0.800830
    33  0.04074039    1.108602   25.565005       0.620094   0.752014  -1.567839
    34  0.04398686    1.196943   27.602193       0.863481  -2.998819   0.416575
    35 -0.00510028   -0.138786   -3.200475       0.918819   0.496654   3.429967
*   36 -0.01081810   -0.294376   -6.788467       1.073268  -0.802157   3.596731
    37  0.05850944    1.592123   36.715258       1.184352  -1.210638  -1.696633
    38  0.01733848    0.471804   10.880070       1.295285  -3.246837   1.861766
    39  0.05181055    1.409837   32.511639       1.665842  -3.651695  -2.025421
    40  0.04659553    1.267929   29.239160       1.760144   0.907010  -0.740470
    41  0.06796384    1.849390   42.647988       2.641066  -2.669783   0.264476
    42  0.12074694    3.285691   75.769915       2.936810   1.051629  -0.787897
    43  0.11872846    3.230766   74.503298       2.974444  -1.813916   0.473830
    44  0.10543135    2.868933   66.159228       4.361507  -0.289709  -1.708649
    45  0.09877809    2.687888   61.984237       4.662542   1.490149   0.205949
    46  0.10511915    2.860438   65.963321       4.895541  -1.080869  -1.043354
    47  0.09485074    2.581020   59.519791       4.899076   0.377568  -2.494575
    48  0.09823155    2.673016   61.641280       5.280766   0.764857   0.798850
    49  0.09151764    2.490322   57.428234       5.274882   2.180166  -0.559272
    50  0.09614594    2.616264   60.332537       5.978803   0.284837  -2.586896
    51  0.09428074    2.565509   59.162105       6.182345  -1.212431  -1.174956
    52  0.09351216    2.544595   58.679815       6.319021   2.074177  -0.670101
    53  0.08946231    2.434393   56.138496       6.504919   0.664277   0.692461
    54  0.09391306    2.555504   58.931381       6.592885  -0.556030  -1.881018
    55  0.09064860    2.466674   56.882906       6.981112   1.283563  -0.010024
    56  0.11294240    3.073319   70.872485       7.443672   0.297812  -2.573920
    57  0.11137557    3.030683   69.889282       7.719542   1.855122  -1.000940
 
 Number of surface maxima:    68
   #       a.u.         eV      kcal/mol           X/Y/Z coordinate(Angstrom)
     1  0.22431047    6.103798  140.757061      -6.082283   0.525938  -1.830273
     2  0.16294810    4.434043  102.251559      -6.153081   1.361930   0.548870
     3  0.22176996    6.034668  139.162871      -5.881205   2.097659  -1.237926
     4  0.20659276    5.621675  129.639021      -5.533293   2.795627   1.762149
     5  0.20044092    5.454275  125.778684      -5.469991  -4.675807   0.151987
     6  0.21964318    5.976795  137.828293      -5.136804  -0.129307   0.695672
*    7  0.24142509    6.569511  151.496657      -5.110687  -2.758066  -2.738929
     8  0.16814176    4.575370  105.510636      -4.946474   0.907010  -3.213671
     9  0.20747874    5.645784  130.194986      -4.867414  -1.314310  -2.206918
    10  0.19993165    5.440417  125.459109      -4.559186   3.156013   0.120915
    11  0.19956275    5.430379  125.227621      -4.465090  -3.568723  -1.418952
    12  0.21583850    5.873264  135.440815      -4.391332  -0.878757  -4.015077
    13  0.23299328    6.340070  146.205614      -4.341624   4.728900   0.542511
    14  0.14513400    3.949297   91.073038      -3.948480  -5.820836  -0.497656
    15  0.23121140    6.291582  145.087465      -3.871890   0.642421  -0.793188
    16  0.20172447    5.489202  126.584119      -3.730587  -5.057887  -2.282640
    17  0.20405161    5.552527  128.044425      -3.697526   0.487343   0.509720
    18  0.23534258    6.403997  147.679823      -3.625846  -1.503453   0.151987
    19  0.22359979    6.084460  140.311105      -3.408253   1.738121  -2.471022
    20  0.20912787    5.690659  131.229830      -2.903760   0.623925  -1.597751
    21  0.19368062    5.270318  121.536524      -2.612733  -3.935065   0.681164
    22  0.19069032    5.188948  119.660086      -2.768080   4.873654   0.286933
    23  0.19859630    5.404080  124.621162      -2.527210   6.317938  -0.959532
    24  0.19330966    5.260223  121.303743      -2.439019  -5.443116   0.616728
    25  0.22849642    6.217704  143.383785      -2.362306  -1.736535  -0.885672
    26  0.23088809    6.282784  144.884585      -2.247675   2.491814  -0.915673
    27  0.20911695    5.690362  131.222977      -1.998134   2.352057   0.644504
    28  0.17121866    4.659097  107.441423      -1.859480   4.206839  -1.327160
    29  0.22295932    6.067032  139.909202      -1.719297  -3.718168   1.606087
    30  0.18842415    5.127282  118.238037      -1.488715   5.790146   1.812213
    31  0.20513583    5.582030  128.724785      -1.142873  -2.236405  -1.417815
    32  0.17607609    4.791274  110.489505      -1.115820  -2.135759   0.517959
    33  0.18630054    5.069495  116.905449      -0.885244  -0.916266  -0.196230
    34  0.14086681    3.833181   88.395329      -0.999206   6.515805   0.045251
    35  0.15976901    4.347536  100.256649      -0.800145   0.786271   0.832704
    36  0.17868235    4.862194  112.124962      -0.383469   2.099808  -1.425272
    37  0.11521139    3.135061   72.296302      -0.194959  -0.446348   2.268696
    38  0.19043168    5.181910  119.497786      -0.153689   4.040446  -0.520080
    39  0.15668341    4.263572   98.320406       0.136606   1.842966   0.150298
    40  0.05851299    1.592219   36.717485       0.407071   2.630423   2.800879
    41  0.19506740    5.308054  122.406742       0.458944   5.301204  -0.641779
    42  0.13726042    3.735046   86.132287       0.932775  -0.242112  -0.732546
    43  0.13353631    3.633708   83.795371       0.918736   1.034815   0.433675
    44  0.23137127    6.295932  145.187785       0.961243   3.176148  -0.623057
    45  0.09932477    2.702764   62.327286       1.858835  -3.723291  -0.177450
    46  0.03971949    1.080822   24.924379       1.783804  -2.797230   3.384313
    47  0.16191606    4.405960  101.603947       1.763730  -1.341993   0.567420
    48  0.12124198    3.299162   76.080557       1.792658  -0.181791   1.673342
    49  0.11106090    3.022121   69.691827       2.392420  -1.859325  -1.838159
    50  0.19188646    5.221496  120.410670       2.862610   1.965364  -1.723276
    51  0.15050171    4.095360   94.441330       3.059340  -1.075809  -0.641156
    52  0.14608982    3.975306   91.672822       3.166088   0.104573  -0.937870
    53  0.16676932    4.538024  104.649415       3.310151  -4.635118  -0.239243
    54  0.14221328    3.869820   89.240255       3.363793   1.039304  -0.083097
    55  0.16174429    4.401286  101.496161       3.539866   0.366829   1.410086
    56  0.17397511    4.734103  109.171121       3.843801  -1.738876   1.520418
    57  0.17576985    4.782941  110.297339       3.844708  -2.397565  -2.493941
    58  0.14271357    3.883434   89.554193       4.365146   2.121571  -2.250307
    59  0.16356344    4.450788  102.637694       4.511161  -1.204862   0.817768
    60  0.14713966    4.003874   92.331606       5.539636  -0.029956  -1.455927
    61  0.18552025    5.048263  116.415812       5.537181   2.841993  -3.155371
    62  0.18674843    5.081683  117.186509       5.721733  -1.871170   1.395415
    63  0.14411410    3.921544   90.433037       5.742970   1.086905  -0.329590
    64  0.13759072    3.744034   86.339551       6.886019  -1.166205   0.548870
    65  0.13818078    3.760090   86.709821       6.809561   1.888907  -2.570357
    66  0.13520617    3.679147   84.843222       8.129835   0.377833  -1.144130
    67  0.18151189    4.939190  113.900528       8.391419   1.486350  -2.361605
    68  0.17862800    4.860715  112.090856       8.519242  -0.899419  -0.066911
