 Number of surface minima:    66
   #       a.u.         eV      kcal/mol           X/Y/Z coordinate(Angstrom)
     1  0.09679150    2.633831   60.737632      -9.365788  -1.473214  -1.255555
     2  0.08230007    2.239499   51.644116      -8.392144  -1.983156  -0.674150
     3  0.08127489    2.211602   51.000809      -8.215792  -1.507217  -1.796831
     4  0.07267775    1.977662   45.606016      -8.212351   0.481845   0.322516
     5  0.06913602    1.881287   43.383544      -7.995770   0.938623  -0.759565
     6  0.07646038    2.080593   47.979655      -7.330026   0.151147   0.960910
     7  0.08645645    2.352600   54.252285      -7.174739  -1.398823  -2.206532
     8  0.06868177    1.868926   43.098498      -6.948660   1.052800  -1.160239
     9  0.08615131    2.344296   54.060811      -6.357087   0.237534   0.583855
    10  0.17765789    4.834317  111.482104      -4.731977  -2.924941  -0.557581
*   11 -0.02979676   -0.810811  -18.697764      -4.455196   3.628362  -1.603743
    12  0.16966217    4.616742  106.464710      -4.291662  -2.068931  -1.193864
    13  0.15097835    4.108330   94.740423      -4.031326  -1.011789   1.181972
    14  0.17185546    4.676425  107.841020      -3.841024  -0.733654  -1.676549
    15  0.15751989    4.286334   98.845306      -3.231505  -1.670777   1.456866
    16  0.16382521    4.457911  102.801955      -2.746037  -5.040125   1.000498
    17 -0.00092157   -0.025077   -0.578295      -2.769570   2.966890   1.934003
    18 -0.00600184   -0.163318   -3.766215      -2.418330   3.921143   0.572388
    19  0.15900638    4.326783   99.778090      -2.029430  -1.283536   1.347444
    20  0.15740971    4.283336   98.776167      -1.640387  -3.923029   2.251768
    21  0.17746204    4.828988  111.359206      -1.578008  -4.016432  -2.186162
    22  0.02918835    0.794255   18.315980      -1.551908   1.776241  -1.346341
    23  0.17515700    4.766264  109.912767      -1.076892  -4.843895   0.712132
    24  0.16549426    4.503328  103.849300      -0.674451  -2.721765  -3.223800
    25  0.17085807    4.649285  107.215149      -0.127880  -4.531321  -2.720456
    26  0.20378107    5.545165  127.874662       0.252891  -3.084734   0.430272
    27  0.17934750    4.880294  112.542347       0.282146  -1.001939  -1.232113
    28  0.03293761    0.896278   20.668682       0.486681   0.184168   2.800508
    29  0.02543949    0.692244   15.963537       0.429038   4.025245   2.089842
    30  0.08623292    2.346517   54.112017       0.597492   0.843052  -1.162267
    31  0.18359831    4.995964  115.209778       1.417979  -1.677743  -1.657037
    32  0.03902142    1.061827   24.486331       1.689032   1.693323   2.820659
    33  0.10608393    2.886690   66.568724       1.867601   1.272253   0.750225
    34  0.09753716    2.654121   61.205543       1.931018   3.892950   0.911837
    35  0.18100320    4.925347  113.581317       2.085128  -3.521931   0.440484
    36  0.18312338    4.983041  114.911751       2.117894  -2.457176   1.558628
    37  0.18966009    5.160913  119.013601       2.218209  -4.111240  -0.486699
    38  0.18779241    5.110091  117.841616       2.360053  -1.537146  -1.264837
    39  0.19856719    5.403288  124.602895       2.360327  -2.580111  -2.079026
    40  0.03592927    0.977685   22.545978       2.499379   3.773340   3.372366
    41  0.12265423    3.337591   76.966755       2.868097   1.773291  -2.607398
    42  0.08836384    2.404502   55.449193       2.902389   2.335146   1.248211
    43  0.11730974    3.192160   73.613034       2.932516   2.728269  -2.682867
    44  0.11747949    3.196780   73.719555       3.784581   0.971575  -3.040667
    45  0.10587858    2.881103   66.439867       3.963832   3.387818  -3.226136
    46  0.00579272    0.157628    3.634988       4.033978   0.976671   3.463724
    47  0.11749578    3.197223   73.729780       3.965353   1.792179  -0.213365
    48  0.11527936    3.136911   72.338953       4.091441   2.853909  -0.322312
    49  0.11617752    3.161351   72.902555       4.660984   1.409981  -3.467990
    50  0.10876491    2.959644   68.251068       4.715875   2.694946  -3.559145
    51  0.12518383    3.406425   78.554108       4.921165  -1.341752  -0.194502
    52  0.11133338    3.029535   69.862807       4.888119   0.995796  -0.611841
    53  0.11808591    3.213281   74.100086       4.993743   3.899084  -3.530768
    54  0.10423722    2.836439   65.409900       5.229183  -4.100387   1.483265
    55  0.10583527    2.879924   66.412687       5.155882   3.385270  -0.843761
    56  0.09656317    2.627617   60.594352       5.715303  -1.473674   1.525707
    57  0.11196862    3.046821   70.261426       5.761372   1.498452  -1.069195
    58  0.12972503    3.529998   81.403754       5.898551   2.161850  -3.833447
    59  0.10725439    2.918540   67.303199       5.903410   2.825051  -1.184737
    60  0.11788848    3.207909   73.976198       5.986289   3.956790  -1.481214
    61  0.10328975    2.810657   64.815352       6.187038  -4.309297  -0.288385
    62  0.10033815    2.730340   62.963191       6.215063  -4.306100   0.970542
    63  0.09724923    2.646286   61.024863       6.700629  -1.690732   0.961495
    64  0.10570652    2.876421   66.331900       6.815659  -1.720598  -0.237110
    65  0.12830849    3.491452   80.514862       6.816945   2.165856  -1.828226
    66  0.11589938    3.153783   72.728020       7.353477  -4.345963   0.429711
 
 Number of surface maxima:    78
   #       a.u.         eV      kcal/mol           X/Y/Z coordinate(Angstrom)
     1  0.16621893    4.523047  104.304044     -10.415669  -0.274092  -0.915051
     2  0.12316125    3.351388   77.284918      -9.488044  -0.899923   0.307067
     3  0.17282308    4.702755  108.448214      -9.144466  -1.525944   1.889129
     4  0.12041687    3.276710   75.562787      -9.092119   0.056415  -2.007248
     5  0.16714722    4.548307  104.886554      -8.346540   0.605666  -3.368941
     6  0.13719123    3.733163   86.088868      -7.165185  -1.397167  -0.882438
     7  0.12740524    3.466873   79.948060      -7.118194   0.112908  -0.297912
     8  0.20122415    5.475588  126.270168      -5.882309  -1.932187   2.139509
     9  0.19036462    5.180085  119.455701      -5.196690  -1.799610   0.813185
    10  0.18717290    5.093233  117.452864      -5.057978   0.086448  -2.944152
    11  0.24555585    6.681914  154.088749      -4.999515  -3.589362   0.703950
    12  0.17395479    4.733550  109.158368      -4.793389   0.563329  -0.281759
    13  0.19577098    5.327199  122.848248      -4.615782   0.079583  -1.367446
    14  0.06000949    1.632941   37.656555      -3.531086   1.054130   2.760019
    15  0.21710102    5.907619  136.233058      -3.445338  -3.639550   0.453241
    16  0.22245911    6.053420  139.595319      -3.205858  -4.309297   2.240189
    17  0.22761845    6.193813  142.832855      -2.981580  -0.884142   0.638892
    18  0.25175497    6.850601  157.978761      -2.788819  -1.392142  -0.881044
    19  0.19316420    5.256265  121.212468      -2.544386   0.321004  -1.595605
    20  0.16658764    4.533080  104.535408      -2.562052   1.113125   0.036664
    21  0.24027767    6.538288  150.776641      -2.083480  -5.039040  -0.554970
    22  0.23945079    6.515787  150.257764      -2.016528  -2.455063  -2.206472
    23  0.12341614    3.358324   77.444861      -2.004242   1.789923   0.315277
    24  0.17968757    4.889547  112.755748      -1.567033  -4.970768   1.249661
    25  0.17708301    4.818674  111.121361      -1.353737   0.166686   0.841527
    26  0.04506175    1.226193   28.276698      -1.191642   4.875390  -0.883582
    27  0.25256654    6.872685  158.488027      -1.064138  -2.819780  -0.334814
    28  0.10522723    2.863378   66.031136      -1.102518   2.911098   1.738765
    29  0.18412157    5.010203  115.538126      -1.044404  -4.005914  -2.845559
    30  0.22963094    6.248576  144.095713      -0.970217  -1.802515  -1.304035
    31  0.22484514    6.118347  141.092576      -0.847824  -2.471461   0.926568
    32  0.24346437    6.625002  152.776326      -0.769102  -5.047604  -1.280465
    33  0.13897221    3.781626   87.206449      -0.397615   1.142992   2.330327
    34  0.15267744    4.154564   95.806618      -0.290003   1.912755  -0.736404
    35  0.14215513    3.868238   89.203767      -0.295383   2.539705   3.952882
    36  0.23823926    6.482820  149.497518      -0.192350  -3.654793   1.348403
    37  0.18926055    5.150041  118.762886       0.233794   0.292679   0.119515
    38  0.16834569    4.580919  105.638603       0.651914   2.873700   0.461798
    39  0.23425874    6.374505  146.999704       0.762971  -3.451740  -3.465677
    40  0.22780566    6.198907  142.950331       1.010292  -3.803425  -1.685582
    41  0.26065327    7.092736  163.562532       1.051204  -2.411930   0.571656
    42  0.14118226    3.841765   88.593281       1.078473   1.142556   1.151746
    43  0.25304240    6.885634  158.786635       1.307206  -1.256069  -0.488658
    44  0.20071206    5.461653  125.948826       1.292149  -1.134233   2.099455
    45  0.07729415    2.103281   48.502852       1.278627   3.226994   3.460559
    46  0.18421985    5.012877  115.599796       1.325267   2.456882  -1.799160
    47  0.19385142    5.274965  121.643705       1.570283   0.206328   0.980452
    48  0.18793626    5.114006  117.931883       1.585383   4.328215  -0.726153
    49  0.17221487    4.686205  108.066553       2.147700   1.176555  -1.350974
    50  0.17708353    4.818688  111.121687       2.463724   3.860321  -1.024611
*   51  0.26142746    7.113803  164.048345       2.610023  -4.079774  -1.964493
    52  0.17007171    4.627886  106.721697       2.620107   1.257495  -0.358016
    53  0.22991890    6.256411  144.276406       2.660379  -0.559769  -1.124980
    54  0.20183678    5.492258  126.654601       3.011975  -1.266528  -0.817245
    55  0.19803484    5.388802  124.268843       3.144269   5.131248  -1.391011
    56  0.21520854    5.856122  135.045513       3.265800  -2.463355  -1.299508
    57  0.21619636    5.883002  135.665377       3.203992  -1.795705   1.557439
    58  0.17218000    4.685256  108.044672       3.263130   5.324022   1.356973
    59  0.20561910    5.595180  129.028043       3.475430  -0.935366   0.703950
    60  0.20222239    5.502751  126.896574       3.661757  -2.447672   2.977150
    61  0.23520462    6.400243  147.593249       3.894789  -2.461761  -2.619695
    62  0.16391012    4.460221  102.855237       4.014490   2.158867  -2.611212
    63  0.16123297    4.387372  101.175300       4.520940   2.570007   2.184766
    64  0.14966587    4.072616   93.916833       4.569291   4.621541  -2.074230
    65  0.16348815    4.448739  102.590448       4.696988   2.165185  -1.164871
    66  0.15843491    4.311233   99.419487       5.229191  -3.568085   0.295054
    67  0.14671277    3.992258   92.063733       5.189057  -2.854059   2.748738
    68  0.15901388    4.326988   99.782797       5.591522  -1.994337   0.240729
    69  0.21419758    5.828612  134.411121       5.537420  -0.871296  -2.461231
    70  0.15981091    4.348676  100.282944       6.187038   0.628551  -2.692744
    71  0.18987700    5.166816  119.149717       6.116003   4.747975  -2.867996
    72  0.14983414    4.077194   94.022422       6.459844   3.103347  -2.863545
    73  0.18350727    4.993487  115.152647       6.916657  -3.118648   3.153395
    74  0.20070276    5.461400  125.942987       7.113098  -3.091216  -2.547175
    75  0.19869813    5.406851  124.685063       7.318682   1.744000  -3.264879
    76  0.14014446    3.813525   87.942047       7.466374  -3.264876   1.608049
    77  0.14767359    4.018403   92.666654       7.559697  -3.225461  -1.001842
    78  0.18614797    5.065344  116.809711       8.629874  -3.515531   0.337944
