 Number of surface minima:    56
   #       a.u.         eV      kcal/mol           X/Y/Z coordinate(Angstrom)
     1  0.10845716    2.951270   68.057956      -5.759514  -2.380022  -0.781994
     2  0.12784241    3.478769   80.222392      -5.773894  -2.094606  -3.528255
     3  0.11489298    3.126397   72.096491      -5.614299  -1.147272  -0.830388
     4  0.15360956    4.179929   96.391533      -5.424103   1.817383  -0.228662
     5  0.10714078    2.915449   67.231912      -4.962427  -3.013555  -0.335503
     6  0.11596741    3.155634   72.770710      -4.855480  -0.641667  -0.492514
     7  0.14471571    3.937915   90.810555      -4.964477   3.996096   0.199220
     8  0.10757814    2.927350   67.506357      -4.632374  -2.649125  -3.172755
     9  0.11383557    3.097623   71.432959      -4.567575  -1.427744  -3.239737
    10  0.13991903    3.807390   87.800589      -4.411861   1.119670   1.676207
    11  0.13804532    3.756404   86.624817      -4.399871   1.266732   0.221205
    12  0.14612040    3.976138   91.692014      -4.374182   1.676655  -1.062443
    13  0.13487882    3.670239   84.637809      -4.071795   3.135018   2.248040
    14  0.11744054    3.195720   73.695115      -3.907393  -2.335416   0.105146
    15  0.12183085    3.315186   76.450074      -3.907393  -1.195067   0.000737
    16  0.13234490    3.601288   83.047746      -3.997926   3.785348   0.883826
    17  0.13067635    3.555884   82.000716      -3.885809   4.157618  -0.182119
    18  0.11507980    3.131481   72.213726      -3.775099  -0.845163  -2.922790
    19  0.10600512    2.884546   66.519274      -3.771736  -3.153418  -2.716841
    20  0.12874069    3.503212   80.786071      -3.465999   0.865012   1.146288
    21  0.12551180    3.415350   78.759909      -2.982863   3.334019   1.785283
    22  0.11720846    3.189404   73.549483      -2.842906  -2.485839  -2.302983
    23  0.09935693    2.703640   62.347469      -2.696951  -1.560797   1.300307
    24  0.12088047    3.289325   75.853707      -2.742194  -1.435915  -2.349791
    25  0.04200743    1.143080   26.360080      -2.451772  -2.226010   3.908596
    26  0.15062734    4.098778   94.520162      -2.273868  -0.215174  -0.681955
    27  0.06166190    1.677906   38.693461      -2.171378   3.067346   3.502818
    28  0.17062622    4.642975  107.069658      -1.950081   1.701855  -2.059577
    29  0.04910295    1.336159   30.812591      -1.658390  -0.148036   2.825011
    30  0.09187680    2.500095   57.653612      -1.775051  -0.080301   0.486702
    31  0.17800888    4.843868  111.702354      -1.558983   2.399917  -3.294684
    32  0.17800161    4.843670  111.697790      -1.342063   4.392447  -2.396036
    33  0.15625423    4.251894   98.051089      -0.753764   1.711570  -2.594446
    34  0.04000419    1.088569   25.103026      -0.707911   1.361455   2.848903
    35  0.01948350    0.530173   12.226088      -0.335447  -2.574409   2.869435
    36  0.08067526    2.195285   50.624532      -0.341627  -0.524779  -1.112788
    37  0.16056678    4.369244  100.757258      -0.447195   4.129664  -1.520151
    38  0.16169866    4.400044  101.467529      -0.051841   1.351757  -2.049163
    39  0.01998579    0.543841   12.541281       0.286632   1.601000   2.381313
    40  0.02180946    0.593466   13.685655       1.512789  -1.562230  -1.260623
*   41 -0.00460395   -0.125280   -2.889026       1.844273  -3.148328   2.113243
    42  0.01941403    0.528283   12.182499       2.180521  -2.875713  -0.866358
    43 -0.00427229   -0.116255   -2.680904       2.708131  -1.823148   2.580908
    44  0.13153152    3.579155   82.537346       3.215518   2.525537   0.808342
    45  0.15294624    4.161879   95.975295       3.765688   2.805984  -1.783878
    46  0.08409907    2.288452   52.773010       4.348802  -1.771437   0.198111
    47  0.15619296    4.250227   98.012646       4.533375   3.060296   0.817362
    48  0.10900187    2.966092   68.399762       4.824480  -1.163796  -2.312441
    49  0.16694674    4.542852  104.760751       4.956325   3.201798  -1.337600
    50  0.09618451    2.617314   60.356741       5.649214  -1.296208   0.520644
    51  0.11703986    3.184816   73.443680       5.641874  -2.094109  -2.184170
    52  0.11302604    3.075595   70.924973       6.146974  -0.634737  -1.976685
    53  0.09677903    2.633491   60.729806       6.027841  -0.090500   0.854388
    54  0.11055504    3.008356   69.374392       6.433480   0.310354  -1.758932
    55  0.11560482    3.145767   72.543184       6.868435  -0.899325   0.654984
    56  0.12340804    3.358104   77.439782       7.310874  -0.510990  -1.555767
 
 Number of surface maxima:    67
   #       a.u.         eV      kcal/mol           X/Y/Z coordinate(Angstrom)
     1  0.19683691    5.356205  123.517127      -7.220928  -1.827130  -2.981721
     2  0.14933849    4.063707   93.711394      -6.291790  -3.016792  -2.449839
     3  0.21885253    5.955280  137.332151      -6.266212   3.086865  -0.317841
     4  0.15855837    4.314593   99.496965      -6.083853  -0.502442  -2.639819
     5  0.18994744    5.168733  119.193918      -5.833147  -4.677199  -2.155968
     6  0.21500173    5.850495  134.915737      -5.517643   1.044489  -2.458171
     7  0.17253503    4.694917  108.267457      -5.356675   2.543510   0.992981
     8  0.20495623    5.577143  128.612083      -5.081221   2.151557   2.574134
     9  0.18323035    4.985951  114.978877      -4.981450   3.196076  -1.400737
    10  0.16420747    4.468312  103.041827      -4.576900  -1.817060  -0.846693
    11  0.14991580    4.079416   94.073663      -4.331467  -4.343409  -1.390533
    12  0.18133525    4.934383  113.789685      -4.418704  -1.426941   2.191080
    13  0.23606443    6.423640  148.132791      -4.199114   3.730975  -2.776368
    14  0.16976977    4.619670  106.532226      -4.067805   0.634108  -1.786303
    15  0.16288256    4.432260  102.210435      -3.888296  -1.951594  -2.285605
    16  0.15186870    4.132558   95.299130      -3.595228   1.529549   2.362397
    17  0.20863820    5.677334  130.922557      -3.115046   1.746350  -0.199634
    18  0.16741878    4.555697  105.056959      -3.023876  -4.277741   2.492528
    19  0.19776265    5.381395  124.098039      -2.976956  -4.737259  -0.725857
    20  0.19778785    5.382081  124.113851      -2.820088   3.256282   0.252596
    21  0.21319237    5.801259  133.780342      -2.733579   3.327811  -2.457779
    22  0.21346256    5.808612  133.949892      -2.642463   1.027077  -1.153896
    23  0.16615428    4.521288  104.263470      -2.489038  -0.688623  -0.207560
    24  0.17615939    4.793541  110.541776      -2.259957  -3.353012  -0.567073
    25  0.24927654    6.783160  156.423519      -2.064759   3.755947  -3.645269
    26  0.16740198    4.555240  105.046418      -1.990040  -0.834092  -1.257126
    27  0.08457563    2.301420   53.072051      -1.526096  -1.228818   3.837447
    28  0.18521508    5.039959  116.224312      -1.424790  -3.740568  -0.066477
    29  0.17392242    4.732670  109.138060      -1.414923   0.908268   0.727289
    30  0.21949965    5.972889  137.738225      -1.453902   1.450597   5.562077
    31  0.18381310    5.001809  115.344557      -1.168344  -2.099247  -1.439174
    32  0.18548988    5.047436  116.396757      -0.984864   2.302268   1.396459
    33  0.13518284    3.678512   84.828581      -0.941556  -0.105559   1.124172
    34  0.23522685    6.400848  147.607199      -0.921667   1.689518  -1.181874
    35  0.24046821    6.543473  150.896208      -0.715251   3.094009  -0.448166
    36  0.16354773    4.450360  102.627836      -0.611381  -1.962586   0.990313
    37  0.20660040    5.621883  129.643815      -0.354906   3.453205  -3.141204
    38  0.18000179    4.898098  112.952925      -0.081678   0.290342  -0.071469
    39  0.15062919    4.098829   94.521321      -0.028122  -0.345957   4.222672
    40  0.14932459    4.063329   93.702673       0.432304  -1.580764  -0.347272
    41  0.13232761    3.600817   83.036898       0.447015   0.157691   2.312075
    42  0.09253888    2.518111   58.069071       0.999994  -1.704591   2.337053
    43  0.04820097    1.311615   30.246589       1.210705  -4.401952   0.449579
*   44  0.25440441    6.922696  159.641309       1.252084   3.201798  -3.290844
    45  0.23173921    6.305945  145.418672       1.512728   3.067280  -1.383271
    46  0.16317107    4.440111  102.391480       1.547447   0.582114   0.609466
    47  0.21819067    5.937270  136.916829       1.703333  -4.284612  -3.187175
    48  0.11730613    3.192062   73.610771       2.080440  -1.146920   0.601563
    49  0.24925096    6.782464  156.407472       2.222358   4.577647  -0.561713
    50  0.14544459    3.957749   91.267934       2.726175  -0.715188  -0.014634
    51  0.17755303    4.831464  111.416301       2.731350  -0.479362  -1.641065
    52  0.20656228    5.620846  129.619897       3.103802   1.349508   0.197977
    53  0.23207444    6.315067  145.629032       3.245326   1.493641  -1.372459
    54  0.05153977    1.402469   32.341723       3.632662   0.158731   2.843548
    55  0.19500083    5.306242  122.364968       3.793671   3.909600  -0.436073
    56  0.12826796    3.490349   80.489426       4.684403  -2.631304  -1.527487
    57  0.12822191    3.489096   80.460532       4.705410  -2.472490  -1.780012
    58  0.16871578    4.590990  105.870837       4.854416  -0.315643   0.065817
    59  0.17062915    4.643055  107.071496       4.837296   2.818329  -1.504509
    60  0.17711807    4.819628  111.143359       5.016574   0.056917  -1.461466
    61  0.23368006    6.358758  146.636576       5.444986   3.854512  -0.090833
    62  0.19160178    5.213750  120.232032       5.679693   2.337635  -0.300716
    63  0.18271167    4.971837  114.653399       6.086346  -3.148328  -1.389420
    64  0.14651305    3.986823   91.938404       6.836067  -1.833681  -0.844609
    65  0.21149918    5.755185  132.717852       7.142722   2.213132   0.037016
    66  0.15482282    4.212943   97.152868       7.356078   0.569469  -0.187977
    67  0.19222373    5.230674  120.622312       8.147102  -1.025154  -0.330836
