 Number of surface minima:    72
   #       a.u.         eV      kcal/mol           X/Y/Z coordinate(Angstrom)
     1  0.11434383    3.111454   71.751894      -8.519926  -0.999756   0.917727
     2  0.11764700    3.201338   73.824667      -8.204417   1.155641   1.217482
     3  0.09629114    2.620215   60.423654      -7.291453  -1.505179   1.472836
     4  0.09411774    2.561074   59.059822      -7.375093  -1.329962   0.168565
     5  0.10114781    2.752372   63.471264      -6.795368   1.088257   1.717625
     6  0.09942009    2.705358   62.387103      -6.882295   1.259522   0.428366
     7  0.08759518    2.383586   54.966849      -6.566021  -1.392895  -0.577446
     8  0.09826300    2.673872   61.661014      -6.413128  -1.713270   1.845473
     9  0.09502061    2.585642   59.626383      -6.136457   1.216420  -0.268047
    10  0.10397587    2.829327   65.245900      -5.954253   0.896194   2.146993
    11  0.09897642    2.693285   62.108690      -5.434909  -1.631523  -0.111126
    12  0.10662980    2.901544   66.911267      -5.342335  -1.791792   1.051908
    13  0.10070163    2.740231   63.191280      -5.345635  -1.267613  -1.339750
    14  0.10976128    2.986756   68.876301      -5.158528   0.898835  -1.155606
    15  0.10868303    2.957416   68.199686      -5.081927   0.946509   0.260895
    16  0.11510719    3.132226   72.230913      -4.990983   0.789559   1.328729
    17  0.10568228    2.875761   66.316689      -4.198902  -0.402774  -1.184863
    18  0.09567225    2.603374   60.035292      -3.862278   2.314045  -0.256611
    19  0.08862049    2.411486   55.610242      -3.387458   3.755299  -1.741119
    20  0.01153937    0.314002    7.241068      -3.231225  -0.737879  -1.723325
    21  0.10751168    2.925542   67.464653      -3.323677   2.446501   1.879623
    22  0.10015173    2.725267   62.846214      -2.733627   5.486408  -1.243058
    23  0.15895074    4.325270   99.743179      -2.203287  -0.126985   1.168829
    24  0.02780173    0.756524   17.445867      -2.017232  -3.775139  -0.259821
    25  0.10977698    2.987183   68.886150      -2.136628   4.298485   2.665590
    26  0.10913847    2.969809   68.485484      -1.855123   5.784441   1.350318
    27  0.07768133    2.113817   48.745814      -1.869922   0.864754   0.409917
    28  0.09277498    2.524536   58.217230      -1.749372   4.295760  -2.425963
*   29 -0.01571070   -0.427510   -9.858618      -1.692850  -1.657484  -3.509639
    30 -0.01089660   -0.296512   -6.837728      -1.514978  -0.400544  -3.499870
    31  0.10405985    2.831613   65.298597      -1.586869   2.833536  -1.696564
    32  0.09124993    2.483037   57.260243      -1.480501  -2.056658   1.987115
    33  0.05213856    1.418762   32.717466      -0.929370  -4.013518   2.294830
    34  0.06161401    1.676603   38.663409      -0.703750   0.453974   1.706319
    35  0.07002224    1.905402   43.939658      -0.406143  -3.076378  -0.354754
    36  0.11726603    3.190971   73.585607      -0.495747   4.887913   2.317765
    37  0.10903804    2.967076   68.422461      -0.042582   2.968037  -1.603830
    38  0.06752436    1.837431   42.372214       0.188634  -3.245016   0.270374
    39  0.06149670    1.673410   38.589795       0.409996  -4.547923  -1.935970
    40  0.08222314    2.237405   51.595842       0.444285  -4.201693   0.138080
    41  0.14492996    3.943745   90.944997       0.562353   3.829304   0.862274
    42  0.15484738    4.213612   97.168282       0.732324   4.802610   0.380359
    43  0.01270506    0.345722    7.972549       1.269810  -0.609865  -2.543035
    44  0.15221562    4.141998   95.516822       1.293397  -0.202247   1.786099
    45  0.08452386    2.300011   53.039566       1.428023  -5.880012  -0.654330
    46  0.05935764    1.615204   37.247515       1.482720  -3.452576  -3.641426
    47  0.12572409    3.421127   78.893125       1.738644  -2.932063   0.931846
    48  0.12668964    3.447400   79.499014       1.804414   1.378667  -1.480283
    49  0.14686369    3.996364   92.158433       1.729365   4.186175   0.454031
    50  0.15190894    4.133652   95.324378       1.979078  -1.124055   2.537284
    51  0.12205931    3.321403   76.593439       2.058229   0.586277   3.819926
    52  0.13002119    3.538056   81.589595       2.067675   2.438263  -1.851448
    53  0.12849109    3.496420   80.629442       2.684619  -0.266262   4.503792
    54  0.11771072    3.203071   73.864652       2.939683  -1.466436   4.371498
    55  0.07724806    2.102026   48.473927       3.272014  -2.840315  -3.816148
    56  0.10427633    2.837503   65.434438       3.380361   4.020197  -2.690177
    57  0.09785923    2.662885   61.407645       3.951553  -5.610048  -1.041831
    58  0.14090455    3.834208   88.419014       4.029280  -2.073193  -0.126509
    59  0.11357275    3.090472   71.268034       3.973558   4.845009  -0.213665
    60  0.10696036    2.910539   67.118697       4.123172   1.966056  -2.191623
    61  0.11490059    3.126604   72.101266       4.181523   3.092228  -2.524319
    62  0.15951465    4.340614  100.097039       4.217703  -0.457930   1.467611
    63  0.15013050    4.085259   94.208388       4.421298  -2.872647   0.534963
    64  0.14935923    4.064271   93.724410       4.424030  -1.665858   1.032066
    65  0.12351715    3.361073   77.508248       4.379313   1.285003   2.675655
    66  0.11797529    3.210271   74.030676       4.756203   2.727341   0.303704
    67  0.09486597    2.581434   59.529348       4.859614  -4.163308  -2.227476
    68  0.12354387    3.361800   77.525012       4.762304   3.926792  -0.117631
    69  0.13002678    3.538209   81.593107       4.918778   0.380365   3.313143
    70  0.10915238    2.970187   68.494208       5.198152  -4.303370  -0.549955
    71  0.12023375    3.271727   75.447881       5.219369  -0.752949   3.167906
    72  0.13292018    3.616942   83.408743       5.729612   2.943493  -0.188300
 
 Number of surface maxima:    97
   #       a.u.         eV      kcal/mol           X/Y/Z coordinate(Angstrom)
     1  0.18398252    5.006419  115.450870      -9.352329   0.162177   1.266547
     2  0.13751160    3.741881   86.289902      -8.366692   0.209432  -0.129088
     3  0.14157284    3.852393   88.838372      -8.101591  -0.058206   2.386954
     4  0.17777916    4.837617  111.558198      -8.077252   0.342464  -1.705382
     5  0.11956991    3.253663   75.031312      -7.727651   1.214928   1.320657
     6  0.18817241    5.120432  118.080072      -7.398196  -0.434838   3.890405
     7  0.13124015    3.571226   82.354509      -6.387377   0.058727  -1.594675
     8  0.14824403    4.033925   93.024610      -6.276343  -1.058482   0.737082
     9  0.15322635    4.169501   96.151070      -5.958248   0.492403   0.951261
    10  0.15127376    4.116368   94.925799      -5.840525  -0.590681   3.326231
    11  0.16552281    4.504105  103.867216      -4.924435  -0.096225  -2.160707
    12  0.16313185    4.439043  102.366864      -4.244363   3.345852   1.054750
    13  0.13700726    3.728157   85.973426      -4.254682  -1.126572  -0.522339
    14  0.20785298    5.655967  130.429826      -4.225701  -0.839396   3.459806
    15  0.16068621    4.372494  100.832201      -3.907779   4.812785  -0.545389
    16  0.18507080    5.036033  116.133780      -3.733786  -0.839534   2.036142
    17  0.17334640    4.716996  108.776602      -3.511977  -4.324666   1.990200
    18  0.17669233    4.808043  110.876207      -3.492496  -1.960622   0.657386
    19  0.13878408    3.776507   87.088395      -3.359252   1.198076  -0.710601
    20  0.18229734    4.960563  114.393403      -3.095712   0.451005   1.040997
    21  0.12335269    3.356597   77.405045      -3.141867   3.167853  -0.592944
    22  0.16870187    4.590611  105.862113      -3.197316   5.094152   1.726290
    23  0.14275358    3.884523   89.579302      -2.868544   4.031171   0.534963
    24  0.10677995    2.905630   67.005484      -2.703034   4.824937  -2.048115
    25  0.20906171    5.688858  131.188315      -2.558934  -1.002187   2.250354
    26  0.12400486    3.374344   77.814287      -2.410843  -2.899528   1.541923
    27  0.13560564    3.690017   85.093895      -2.450700   3.092727  -2.575493
    28  0.17399122    4.734542  109.181233      -2.278549   1.319480   2.122495
    29  0.13814109    3.759010   86.684914      -2.276933   3.237948   1.728621
    30  0.09384950    2.553775   58.891497      -2.140638  -0.859302  -1.844337
    31  0.13283617    3.614656   83.356028      -1.938016  -1.978423  -0.420668
    32  0.13291399    3.616774   83.404858      -1.758042   0.470457  -0.648460
    33  0.13552906    3.687933   85.045840      -1.770988   5.056994   0.128769
    34  0.03439809    0.936020   21.585147      -1.642279  -3.695779  -3.090864
    35  0.18034837    4.907529  113.170407      -1.637761  -0.472659   0.504871
    36  0.05737324    1.561205   36.002279      -1.335692   1.942636  -3.149395
    37  0.12435184    3.383786   78.032025      -1.346976   5.229708   2.390735
    38  0.16241660    4.419580  101.918038      -1.125360  -5.942022   0.657657
    39  0.15706822    4.274044   98.561879      -1.071608   1.800872  -0.375474
    40  0.17837033    4.853703  111.929164      -0.869757   5.476695  -1.347401
    41  0.18065261    4.915807  113.361317      -0.769174   3.369700   2.838103
    42  0.14946137    4.067051   93.788502      -0.581758   4.151619  -1.229108
    43  0.17703272    4.817305  111.089799      -0.584558   4.527379  -0.139293
    44  0.10567217    2.875486   66.310341      -0.434977  -4.164100   0.541968
    45  0.18578799    5.055548  116.583819      -0.553476   2.313427   1.054354
    46  0.10856172    2.954115   68.123566      -0.335956  -3.917461  -0.685106
    47  0.11499021    3.129043   72.157505      -0.195222  -1.005274  -2.286950
    48  0.18352594    4.993995  115.164362      -0.214618   5.698219   0.799552
    49  0.12863416    3.500313   80.719220       0.108793  -2.174209  -0.915499
    50  0.22306299    6.069853  139.974257       0.211045   5.583644  -0.931094
    51  0.15723700    4.278636   98.667792       0.284256   0.508438  -0.920274
    52  0.18171819    4.944804  114.029984       0.500403  -0.730807   0.271397
    53  0.09342872    2.542325   58.627455       0.569750  -5.383592  -0.535054
    54  0.19416373    5.283464  121.839679       0.559342  -1.333185   2.049910
    55  0.09557000    2.600592   59.971132       0.755921  -2.300143  -3.306234
    56  0.19914634    5.419047  124.966320       1.038545   2.314975  -1.051747
    57  0.16319319    4.440712  102.405358       1.225377  -2.386976  -0.591412
    58  0.21993005    5.984601  138.008303       1.257928   2.696936   0.471695
    59  0.18453884    5.021557  115.799968       1.557986   4.999958  -1.029617
    60  0.13960831    3.798935   87.605612       1.721212  -5.834079  -2.186395
    61  0.15795585    4.298197   99.118874       1.854698  -5.074071   0.843708
    62  0.20641202    5.616757  129.525607       1.696587   1.115587   1.451073
    63  0.21113565    5.745293  132.489731       1.932194  -1.408378   1.193243
*   64  0.23027384    6.266070  144.499140       2.092839   2.569763   2.143740
    65  0.20742789    5.644400  130.163073       2.351752   6.209924  -1.714040
    66  0.08096089    2.203058   50.803770       2.503552  -2.565407  -3.937180
    67  0.12325341    3.353896   77.342747       2.635008  -4.542807  -2.097790
    68  0.18652093    5.075493  117.043750       2.696048  -0.519422   3.180849
    69  0.12117421    3.297318   76.038026       2.815807  -5.029964  -0.720808
    70  0.17346702    4.720278  108.852291       2.922428  -3.718857   0.299148
    71  0.20457350    5.566728  128.371920       2.836782   1.243128   0.905959
    72  0.13809977    3.757886   86.658985       3.013223  -4.369265  -3.723294
    73  0.19995102    5.440944  125.471264       2.934192   0.591519  -0.523391
    74  0.17345890    4.720057  108.847196       3.039957   2.082269   3.465097
    75  0.22051182    6.000432  138.373373       3.267730  -0.988669   0.410529
    76  0.17277613    4.701478  108.418751       3.268452   2.969591  -1.730148
    77  0.18262323    4.969431  114.597903       3.555949   3.396113  -0.250278
    78  0.15226830    4.143431   95.549882       3.621337  -1.446253  -2.798848
    79  0.21002558    5.715087  131.793154       3.770257   2.159894   5.002348
    80  0.15595501    4.243752   97.863327       3.828835   5.530220  -1.825067
    81  0.15348629    4.176574   96.314181       3.914795  -5.411232  -2.557313
    82  0.19029018    5.178059  119.408988       3.881915  -2.848133   2.329714
    83  0.17819148    4.848837  111.816939       4.048944  -4.844147   0.629831
    84  0.15547898    4.230798   97.564616       4.029616  -2.998414  -0.009668
    85  0.22460824    6.111901  140.943920       4.074820  -4.042171   1.462917
    86  0.18855676    5.130890  118.321255       4.100566  -0.181841   2.534330
    87  0.16484882    4.485765  103.444284       4.224214   0.608444   5.062917
    88  0.22429082    6.103264  140.744735       4.444525   0.150262  -0.270295
    89  0.16404845    4.463985  102.942043       4.600755  -1.864614   4.503792
    90  0.21351937    5.810157  133.985538       4.706418  -3.280213   3.568393
    91  0.20529456    5.586349  128.824390       4.971923  -0.744867   5.763033
    92  0.11337194    3.085007   71.142026       5.045035  -4.832547  -1.028980
    93  0.16570957    4.509187  103.984411       5.262226   1.458084  -0.816522
    94  0.16917073    4.603370  106.156325       5.342769  -2.899884  -1.210620
    95  0.19709478    5.363222  123.678943       5.501006   5.472172  -2.116431
    96  0.15623666    4.251416   98.040066       5.722954   3.830427  -1.714040
    97  0.20156357    5.484824  126.483158       6.592159   2.446683  -1.448940
