 Number of surface minima:    56
   #       a.u.         eV      kcal/mol           X/Y/Z coordinate(Angstrom)
     1  0.13030334    3.545734   81.766647      -7.300440   0.256949  -1.696551
     2  0.11687493    3.180329   73.340189      -6.334616  -0.254589  -2.055767
     3  0.10428085    2.837626   65.437274      -6.078208  -0.658738   0.578646
     4  0.12121892    3.298535   76.066086      -6.076585   0.797862  -1.932623
     5  0.12702765    3.456598   79.711121      -5.922227   2.136731  -1.640813
     6  0.10680509    2.906314   67.021263      -5.834041   0.651397   0.679974
     7  0.11800379    3.211046   74.048557      -5.054907   1.306336  -1.990487
     8  0.09724968    2.646298   61.025149      -4.660881   1.173847   0.651754
     9  0.17067568    4.644322  107.100698      -4.528547  -3.059775  -2.394816
    10  0.16027725    4.361366  100.575575      -4.306629  -3.384151  -0.226534
    11  0.10251634    2.789611   64.330029      -3.963626   0.656676   0.570375
    12  0.06872688    1.870154   43.126807      -3.696246   3.332162   0.446646
    13  0.15762104    4.289087   98.908781      -3.310805  -2.367095  -2.611660
    14  0.13750156    3.741608   86.283607      -3.071631  -2.915222  -0.018386
    15 -0.00859689   -0.233933   -5.394632      -1.867697  -0.011726   3.715898
    16  0.03172537    0.863291   19.907988      -1.480672   1.806978  -0.901680
    17  0.04622302    1.257792   29.005405      -1.035251   2.928292  -0.058452
*   18 -0.01018695   -0.277201   -6.392415      -0.515563   0.402347   4.145511
    19  0.01097186    0.298560    6.884954      -0.115199  -1.841840   2.196865
    20  0.02465713    0.670954   15.472593      -0.120990   2.916398   2.569414
    21  0.04114037    1.119486   25.815995      -0.223281   4.932615   1.271176
    22  0.17105433    4.654625  107.338301       0.246045  -0.563350  -1.954313
    23  0.06985646    1.900891   43.835628       0.375913   1.050386  -0.902767
    24  0.16862911    4.588631  105.816454       0.927891  -3.308107  -2.473048
    25  0.17078657    4.647339  107.170282       0.940204  -0.645554  -2.594419
    26  0.03072132    0.835970   19.277934       1.057189  -1.396152   3.052410
    27  0.09276679    2.524313   58.212085       1.088472   3.096690  -0.167866
    28  0.13131982    3.573394   82.404498       1.360489   0.127547   1.267415
    29  0.18708202    5.090761  117.395837       2.015232  -3.137297  -3.245721
    30  0.19286050    5.248001  121.021891       1.963339  -0.964375  -3.415105
    31  0.16975317    4.619219  106.521811       2.258562  -0.664696  -0.484980
    32  0.12348162    3.360106   77.485951       2.644721   2.841794  -1.284888
    33  0.11654845    3.171444   73.135315       3.041604   2.819862  -2.582926
    34  0.12999869    3.537444   81.575475       3.200363  -3.541415   0.985801
    35  0.12953189    3.524742   81.282555       3.264985  -0.997901   1.612928
    36  0.12137612    3.302812   76.164726       3.306998   3.172133  -0.490097
    37  0.14193191    3.862164   89.063691       3.573062   0.387594  -1.018824
    38  0.13903023    3.783205   87.242860       4.121489  -3.415320   1.778413
    39  0.14022060    3.815597   87.989831       4.089097  -1.387008   2.133580
    40  0.13741308    3.739200   86.228081       4.054297   0.392136  -2.124316
    41  0.11761650    3.200508   73.805531       4.085753   3.127701  -2.758109
    42  0.13663303    3.717974   85.738596       4.213051  -3.475291   0.295504
    43  0.13708048    3.730150   86.019374       4.232252   0.719799  -0.193632
    44  0.13368447    3.637739   83.888340       4.389328  -3.411820  -0.868430
    45  0.14042193    3.821075   88.116164       4.404499  -0.876017   0.599744
    46  0.13848690    3.768420   86.901916       4.401040  -0.748839  -0.724899
    47  0.11297752    3.074275   70.894525       4.635868   3.587981  -0.746818
    48  0.11368093    3.093415   71.335917       4.893724   3.519365  -1.840089
    49  0.13468331    3.664919   84.515126       4.903449   0.647126  -2.340016
    50  0.14751340    4.014044   92.566134       5.422901  -3.253137  -0.299860
    51  0.13369048    3.637903   83.892115       5.451935   3.340772  -2.977697
    52  0.15261480    4.152860   95.767315       5.473309  -1.012694  -0.201446
    53  0.12456880    3.389689   78.168168       5.436095   1.084747  -0.353461
    54  0.12659998    3.444961   79.442754       5.828657   1.071299  -1.408620
    55  0.14312024    3.894500   89.809382       6.288260   1.318196  -2.637586
    56  0.13347118    3.631935   83.754498       6.474196   1.593029  -0.626576
 
 Number of surface maxima:    66
   #       a.u.         eV      kcal/mol           X/Y/Z coordinate(Angstrom)
     1  0.19947228    5.427917  125.170850      -8.265004   0.330544  -0.522616
     2  0.16098062    4.380506  101.016950      -7.284664  -1.067795  -0.761549
     3  0.21642662    5.889268  135.809867      -6.920500  -2.657194  -1.044771
     4  0.15614283    4.248862   97.981184      -7.009510   1.453143  -0.622775
     5  0.19500575    5.306376  122.368060      -6.426278   2.905728  -0.491123
     6  0.19595198    5.332124  122.961826      -5.402594  -2.634943  -1.138512
     7  0.23741136    6.460292  148.978001      -5.048851  -4.014997  -1.427428
     8  0.18675932    5.081980  117.193343      -5.039798  -0.004747  -1.572936
     9  0.17957683    4.886534  112.686259      -4.924629  -0.146665  -0.006025
    10  0.14053994    3.824286   88.190219      -4.948718   2.376550  -1.337553
    11  0.13920499    3.787960   87.352524      -4.879524   2.527932  -0.214278
    12  0.05270500    1.434176   33.072912      -3.807746  -0.380709   2.571695
    13  0.19929303    5.423039  125.058369      -3.373326  -3.841282  -1.614281
    14  0.21683313    5.900329  136.064956      -3.043934  -1.592279  -0.301503
    15  0.23915102    6.507630  150.069655      -3.014940  -1.179475  -1.807186
    16  0.16056482    4.369191  100.756029      -2.816373   0.777862  -0.026117
    17  0.18908149    5.145169  118.650525      -2.722434   0.845930  -1.360271
    18  0.14392412    3.916374   90.313824      -2.706207   3.904926  -1.051328
    19  0.14770308    4.019205   92.685162      -2.520657   3.075113   1.879985
    20  0.12629584    3.436684   79.251900      -1.933254   1.238228   0.884146
    21  0.25327554    6.891978  158.932937      -1.720991  -4.290178  -1.836417
    22  0.16103946    4.382107  101.053872      -1.619129  -0.545471   0.567232
    23  0.23875877    6.496957  149.823515      -1.126070  -2.518339  -2.145205
    24  0.09876085    2.687419   61.973419      -1.019545   1.329905   2.599438
    25  0.08236256    2.241199   51.683329      -1.057741   4.092932   1.358573
*   26  0.26286529    7.152928  164.950597      -0.688831  -2.002815  -3.982698
    27  0.11730702    3.192086   73.611329      -0.647847  -0.637706   2.278481
    28  0.14372379    3.910923   90.188113      -0.251593   1.452596  -0.090708
    29  0.18556892    5.049587  116.446353       0.015056  -0.277021  -0.198945
    30  0.16038452    4.364285  100.642890       0.785745   1.581494   1.489608
    31  0.24917212    6.780318  156.357998       1.052061  -2.659614  -1.154898
    32  0.19206425    5.226334  120.522240       1.019736  -2.538477   0.964115
    33  0.21678453    5.899007  136.034463       0.969674  -2.093378  -3.739714
    34  0.14792855    4.025340   92.826642       0.983494  -0.137041   1.287303
    35  0.23937244    6.513655  150.208600       1.162689  -1.108601  -1.296463
    36  0.17693797    4.814727  111.030342       1.167942   4.879330  -1.054151
    37  0.18049210    4.911440  113.260596       1.345636  -0.880407   0.749927
    38  0.22217799    6.045771  139.418913       1.274857   0.776889  -2.505192
    39  0.13443410    3.658138   84.358742       1.387541  -3.114047   3.874589
    40  0.04568918    1.243266   28.670419       1.698916   0.645595   4.228974
    41  0.16945389    4.611075  106.334011       1.690081   1.710986  -0.914498
    42  0.17217732    4.685183  108.042993       2.309857   4.819867   1.952194
    43  0.25990927    7.072491  163.095667       2.644721  -2.063292  -4.137200
    44  0.20076125    5.462992  125.979694       2.644721   0.321617   0.699526
    45  0.17769489    4.835324  111.505318       2.697790   0.943596  -3.216234
    46  0.19456883    5.294487  122.093888       2.841820   1.949424   2.087274
    47  0.20191241    5.494316  126.702055       3.050820  -2.894320  -0.217542
    48  0.21015965    5.718735  131.877283       3.191402  -1.294466  -0.075685
    49  0.21983061    5.981895  137.945909       3.239284  -1.923775  -2.740126
    50  0.14936125    4.064326   93.725681       3.451966  -3.154041   2.012455
    51  0.15231140    4.144604   95.576926       3.399668  -1.869744   2.353054
    52  0.18774884    5.108906  117.814276       3.438397   1.716475   1.096355
    53  0.21631873    5.886332  135.742166       3.673528   1.307480  -4.641075
    54  0.17010748    4.628860  106.744144       3.845024   2.661125  -1.543748
    55  0.17965704    4.888717  112.736592       4.364547   1.158354  -1.297930
    56  0.20768938    5.651515  130.327164       4.614150   2.503215   1.733182
    57  0.24048205    6.543849  150.904889       4.699442  -2.021144  -3.066702
    58  0.20927751    5.694731  131.323733       5.014500  -2.522217   2.546299
    59  0.16649471    4.530551  104.477093       5.039766   1.730620  -3.767475
    60  0.18426384    5.014074  115.627399       5.319119  -2.099506  -1.528745
    61  0.17571046    4.781325  110.260069       5.445843  -2.237687   0.976911
    62  0.16039269    4.364507  100.648018       5.640982   2.627884   0.424962
    63  0.22045051    5.998764  138.334902       6.505424  -2.103471  -0.211489
    64  0.20518582    5.583390  128.756155       6.508464   2.388356  -3.676159
    65  0.15887708    4.323265   99.696959       6.525567   2.540574  -1.915677
    66  0.19935201    5.424644  125.095382       7.098710   3.028938  -0.516631
