 Number of surface minima:    56
   #       a.u.         eV      kcal/mol           X/Y/Z coordinate(Angstrom)
     1  0.14511162    3.948688   91.058991      -7.414117  -1.864770  -1.788385
     2  0.13818784    3.760282   86.714250      -6.850388  -3.624770  -0.137489
     3  0.13434617    3.655745   84.303565      -6.752646  -2.335479  -0.564902
     4  0.13186142    3.588132   82.744357      -6.620352  -1.203632  -1.127248
     5  0.14447913    3.931477   90.662097      -6.091174  -2.876148  -3.236738
     6  0.12456374    3.389552   78.164990      -6.090172  -2.844408   0.408629
     7  0.13330264    3.627349   83.648742      -5.165114  -3.453108  -2.318368
     8  0.13019700    3.542841   81.699921      -4.973436  -2.320250  -2.905337
     9  0.12319562    3.352323   77.306481      -4.503643  -3.981990  -1.392013
    10  0.17022255    4.631991  106.816350      -3.824725   0.717091   0.256295
    11  0.16425615    4.469637  103.072379      -3.156865  -1.004164  -1.996468
    12  0.18935889    5.152717  118.824595      -3.055021   3.126615  -1.057725
    13  0.15322204    4.169384   96.148365      -2.122345  -0.302544  -1.549102
    14  0.17482080    4.757116  109.701798      -1.976882   2.321413  -1.432552
    15  0.13727484    3.735438   86.141336      -1.704301   2.063542   1.224901
    16  0.15137442    4.119108   94.988965      -1.697660   3.260028   1.233954
    17  0.13098128    3.564182   82.192065      -1.703709   5.900886  -1.288012
    18  0.05082142    1.382921   31.890952      -1.696237  -2.438952   2.393157
    19  0.14333155    3.900250   89.941982      -1.662235   7.204940  -0.989989
    20  0.12257072    3.335319   76.914351      -1.431237   5.775097   1.368511
    21  0.15132204    4.117682   94.956091      -1.328579  -1.321286  -0.186546
    22  0.00449876    0.122417    2.823015      -1.303110  -0.973741   2.816201
    23  0.13899693    3.782299   87.221961      -1.451900   7.083017   1.196950
    24  0.13425033    3.653137   84.243424      -0.563168   6.398287  -1.365639
    25  0.07083793    1.927598   44.451512      -0.416095  -1.658778  -1.229146
    26  0.12705568    3.457361   79.728711      -0.250520   6.163815   1.222544
    27  0.05785576    1.574335   36.305065      -0.029334  -0.475186  -1.490452
    28  0.12673540    3.448646   79.527732       0.423077   5.777266  -1.539483
    29  0.05196010    1.413906   32.605480       0.582608  -3.981009  -1.950718
    30  0.13950840    3.796217   87.542916       0.678450   6.954389  -1.271838
    31  0.11733262    3.192783   73.627395       0.809145   5.635671   1.093126
    32  0.03785683    1.030137   23.755538       1.381757  -3.246310   0.201883
    33  0.09077765    2.470185   56.963883       1.459873  -1.380347  -1.970388
*   34 -0.02366834   -0.644048  -14.852120       1.374956  -1.204246   3.899322
    35 -0.01248744   -0.339800   -7.835993       1.457798   0.069036   3.588055
    36  0.10546579    2.869870   66.180836       1.594356   0.609581  -0.374003
    37  0.08541115    2.324155   53.596348       2.353316   2.033017   0.480641
    38  0.09773815    2.659590   61.331667       2.411773  -2.303528  -1.281693
    39  0.00573073    0.155941    3.596090       2.903840  -1.524755   1.724366
    40  0.09871611    2.686202   61.945344       3.872963  -1.637378   1.075807
    41  0.09937315    2.704081   62.357647       4.418687  -2.526227  -0.730016
    42  0.10776888    2.932540   67.626049       4.384495  -2.053603  -1.713037
    43  0.09813555    2.670404   61.581038       4.649421  -2.945861   0.556135
    44  0.09615880    2.616614   60.340611       5.126032  -1.012597   1.438203
    45  0.10503622    2.858181   65.911277       5.125904   0.260422  -0.721548
    46  0.09597294    2.611556   60.223978       5.255986  -0.270647   0.334915
    47  0.09794339    2.665175   61.460459       5.351182  -1.990615  -2.575702
    48  0.08560446    2.329416   53.717657       5.524756  -3.039736  -0.449759
    49  0.09454827    2.572789   59.329986       6.185465  -2.380794  -2.304409
    50  0.09648987    2.625623   60.548357       6.118151   0.352868  -1.559533
    51  0.08372956    2.278397   52.541137       6.320792  -0.743700   0.644787
    52  0.09116333    2.480680   57.205900       6.367182  -2.972794  -1.164246
    53  0.09357414    2.546282   58.718710       6.940133  -0.071247  -1.251340
    54  0.09009807    2.451693   56.537442       7.072929  -0.665750  -0.060188
    55  0.11104703    3.021743   69.683122       7.522306  -2.775651  -1.871920
    56  0.11062178    3.010172   69.416274       8.167024  -0.871429  -0.938170
 
 Number of surface maxima:    63
   #       a.u.         eV      kcal/mol           X/Y/Z coordinate(Angstrom)
     1  0.21255691    5.783968  133.381585      -7.524347  -2.560715  -3.151955
     2  0.16849698    4.585036  105.733541      -6.910166  -3.517441  -1.993727
     3  0.20696802    5.631886  129.874505      -6.832300  -4.913496  -1.027111
     4  0.17733478    4.825525  111.279346      -6.460483  -1.233883  -2.895312
     5  0.23366147    6.358252  146.624912      -5.694291   0.250213  -3.169925
     6  0.16668514    4.535733  104.596593      -5.590559  -4.371791   0.005138
     7  0.19834067    5.397124  124.460756      -5.486385  -1.791073  -0.524039
     8  0.19570545    5.325416  122.807128      -4.503643  -2.520981  -1.518536
     9  0.21784815    5.927950  136.701892      -4.592593   0.193342  -2.068227
    10  0.21063563    5.731687  132.175964      -4.352854  -4.571574   1.072978
    11  0.25973063    7.067630  162.983571      -4.052466   2.880320   0.172859
    12  0.20452409    5.565383  128.340910      -3.939903  -2.682570   1.195787
*   13  0.26463564    7.201102  166.061514      -3.842171   1.591808  -2.243865
    14  0.22865684    6.222069  143.484457      -3.834036   5.358971   0.275057
    15  0.24674625    6.714307  154.835738      -3.580369  -0.462783   0.414512
    16  0.20561341    5.595026  129.024473      -3.180700  -3.170490   0.374769
    17  0.20835149    5.669532  130.742641      -3.298133  -1.400582   1.848128
    18  0.22974399    6.251652  144.166650      -3.106979   1.648579  -0.680489
    19  0.21293138    5.794157  133.616570      -2.987697   4.029877   0.036020
    20  0.19300068    5.251816  121.109855      -2.666861   0.827201   1.001790
    21  0.24405079    6.640960  153.144310      -2.646087  -1.131596  -0.657357
    22  0.17333420    4.716663  108.768944      -2.624815   6.535578   0.152123
    23  0.20356130    5.539185  127.736754      -2.059322  -2.654110   0.200456
    24  0.20917885    5.692046  131.261818      -1.893487   8.082849   0.260242
    25  0.20433991    5.560372  128.225335      -1.346660   0.967212  -1.340625
    26  0.17436511    4.744716  109.415851      -1.141453  -3.588361   0.430977
    27  0.17056025    4.641180  107.028262      -0.841893  -0.878376   0.072426
    28  0.25210465    6.860116  158.198191      -0.824642   2.693487  -0.982201
    29  0.23383245    6.362905  146.732201      -0.639639   2.594842   0.568890
    30  0.19704449    5.361853  123.647388      -0.646364   5.107442  -0.891729
    31  0.18968497    5.161591  119.029218      -0.524074   4.964416   0.681911
    32  0.16481506    4.484846  103.423099      -0.432544   0.712072   0.886708
    33  0.16608714    4.519461  104.221343      -0.287205   7.575032  -0.001228
    34  0.11126752    3.027743   69.821482      -0.078177  -0.600424   2.518730
    35  0.22730434    6.185266  142.635746       0.696510   2.065485  -1.532358
    36  0.18626646    5.068568  116.884064       0.893982  -2.055661  -3.894383
    37  0.02267703    0.617073   14.230061       1.112138  -3.246310   3.901093
    38  0.18726118    5.095636  117.508264       1.065761   1.389332   0.281762
    39  0.21286178    5.792264  133.572897       1.185012   3.500699  -1.124329
    40  0.18657688    5.077015  117.078859       1.203603  -0.992350  -0.360818
    41  0.05850963    1.592128   36.715375       1.428691   2.303060   2.762375
    42  0.20350987    5.537785  127.704481       1.447670   3.500140   0.136367
    43  0.20658590    5.621488  129.634717       1.368338   7.729956  -0.248074
    44  0.10038547    2.731628   62.992889       1.575623  -2.173354   1.070120
    45  0.14690377    3.997455   92.183587       1.556375   0.322164   0.514893
    46  0.16765800    4.562206  105.207072       1.676080   6.138149  -0.417121
    47  0.09926408    2.701113   62.289201       1.901917  -0.837892   2.044986
    48  0.21212026    5.772086  133.107584       2.254143   0.315058  -1.828658
    49  0.15353259    4.177834   96.343235       2.698458  -1.865158  -0.895345
    50  0.21574576    5.870741  135.382624       2.661503   4.840008  -0.509953
    51  0.12499866    3.401386   78.437908       2.853464   2.045462  -0.920922
    52  0.17482706    4.757286  109.705727       3.106471  -3.775487  -2.275147
    53  0.17732038    4.825133  111.270309       3.235356   0.523860  -0.193521
    54  0.20817758    5.664800  130.633512       3.832388   0.326415  -3.168588
    55  0.15629009    4.252870   98.073594       4.627253  -2.316501   1.861878
    56  0.14532969    3.954622   91.195833       5.522615  -1.990616  -1.385054
    57  0.14456425    3.933793   90.715510       5.910984  -0.604774  -0.678721
    58  0.12366253    3.365029   77.599475       6.059013  -2.452544   1.155312
    59  0.18614950    5.065385  116.810671       6.887450  -0.318081  -3.941843
    60  0.17144760    4.665326  107.585083       7.570078  -2.962181   1.094717
    61  0.13784127    3.750852   86.496775       7.622371  -1.152130  -2.640748
    62  0.13195026    3.590549   82.800109       7.897443  -2.320250  -0.407377
    63  0.17960853    4.887397  112.706149       8.810533  -1.934238  -1.874859
