 Number of surface minima:    69
   #       a.u.         eV      kcal/mol           X/Y/Z coordinate(Angstrom)
     1  0.10293571    2.801023   64.593189      -6.845222  -5.755469  -0.540521
     2  0.08201229    2.231668   51.463531      -6.469311  -3.499834   1.053642
     3  0.07984835    2.172784   50.105635      -6.581287  -2.996138  -0.042939
     4  0.08781835    2.389659   55.106893      -5.845972  -5.321768  -1.120586
     5  0.08097528    2.203449   50.812796      -5.778926  -2.440028  -0.532438
     6  0.10860699    2.955347   68.151974      -5.652866   6.411338  -0.544790
     7  0.08824995    2.401403   55.377727      -5.671664  -5.789328  -0.048703
     8  0.08549816    2.326523   53.650952      -5.515963  -3.382486   1.551754
     9  0.10918649    2.971116   68.515615      -5.400291   5.853004  -2.684841
    10  0.08752751    2.381745   54.924390      -5.000529   5.204002   0.083599
    11  0.09277119    2.524433   58.214852      -5.003589  -4.748649  -1.643963
    12  0.00996395    0.271133    6.252475      -4.864935   0.807685  -1.499250
    13  0.09626144    2.619407   60.405017      -4.829108  -5.665633   0.343080
    14  0.08129617    2.212181   51.014158      -4.715795   4.281736   0.386842
    15  0.08828474    2.402350   55.399556      -4.767684   4.515364  -2.462450
    16  0.09615964    2.616637   60.341136      -4.742873  -2.900134   1.132801
    17  0.08169408    2.223009   51.263855      -4.455935   3.483554  -2.131608
    18  0.08896757    2.420931   55.828042      -4.323693   6.282630  -0.128570
    19  0.09452114    2.572051   59.312960      -4.220308   3.036361   0.551818
    20  0.09009990    2.451743   56.538587      -4.102728   2.402736  -1.512183
    21  0.08958517    2.437736   56.215588      -3.925887   5.600952  -2.660360
    22  0.09102191    2.476832   57.117160      -3.458934   4.195314   0.546543
    23  0.08959388    2.437974   56.221058      -3.334367   6.227992   0.017926
    24  0.09350277    2.544340   58.673926      -3.161953   3.527374  -1.973516
    25  0.10246606    2.788243   64.298478      -3.114290   2.272025  -0.270728
    26  0.08946820    2.434554   56.142192      -3.005020   5.494482  -2.520000
    27  0.09692072    2.637347   60.818719      -2.779831   5.022632   0.412934
    28  0.02569263    0.699132   16.122383      -2.562631   1.548404   0.343080
    29  0.09846692    2.679421   61.788979      -2.475405   4.407932  -2.137222
    30  0.17686530    4.812750  110.984745      -2.204273  -2.692289  -1.446170
    31  0.15485820    4.213906   97.175070      -2.090779  -2.868161   1.406725
    32  0.17228050    4.687991  108.107736      -1.946358  -4.028060  -0.929821
    33  0.18016684    4.902589  113.056495      -1.915922  -4.948780  -0.263009
    34  0.04693760    1.277237   29.453813      -1.789245   3.512439   2.085950
    35  0.00954934    0.259851    5.992304      -1.293068   1.225188   3.287469
    36  0.15923816    4.333091   99.923540      -0.942280  -3.076070   1.609701
    37  0.03969466    1.080147   24.908797      -0.912950   0.480323  -1.773628
    38  0.03956909    1.076730   24.830003      -0.497624   0.419904  -1.869293
    39  0.01887749    0.513683   11.845815      -0.380865   2.275082   3.122607
    40  0.03953772    1.075876   24.810314      -0.119185   0.359092  -1.834441
    41  0.15864678    4.316998   99.552442      -0.019139  -2.103257   1.352834
    42  0.19747331    5.373522  123.916474       0.334890  -4.814676  -0.393494
    43  0.02563908    0.697675   16.088777       0.347363   4.590692   3.362316
    44  0.03295238    0.896680   20.677949       0.693906   1.627304  -2.268429
    45  0.16266106    4.426233  102.071444       0.927575  -5.816291   1.264066
    46  0.03564006    0.969815   22.364494       1.071048   3.726735   1.269476
    47  0.17274011    4.700497  108.396143       1.106859  -4.466726  -2.291054
    48  0.03325300    0.904860   20.866592       1.231318  -0.086460   2.628439
    49  0.15686339    4.268470   98.433346       1.463496  -3.006212  -3.364482
    50  0.15579086    4.239285   97.760325       1.593632  -4.213733   2.192664
    51  0.16152888    4.395424  101.360989       1.604551  -0.893851  -1.380201
    52  0.02170449    0.590609   13.619783       2.058609   3.126875  -0.160654
    53  0.17175150    4.673596  107.775786       2.253377  -4.997830   0.606689
    54  0.16354977    4.450416  102.629115       2.791290  -4.404822  -2.761820
    55  0.15974805    4.346965  100.243498       2.847346  -1.035333  -1.982161
    56  0.13348678    3.632360   83.764290       2.854519   0.816787  -0.255163
    57  0.15511836    4.220985   97.338323       3.626377  -0.373861  -1.600013
    58  0.17206732    4.682190  107.973961       4.168135  -1.299921   1.058454
*   59 -0.01325531   -0.360695   -8.317840       4.283858   2.828700   2.745291
    60  0.16962773    4.615805  106.443095       4.555999  -2.225982  -0.008920
    61  0.17767402    4.834756  111.492222       4.850490  -2.755159  -1.037372
    62  0.09350860    2.544498   58.677580       5.991386   0.982010  -1.092755
    63  0.08312206    2.261866   52.159922       6.764033   1.230422  -1.632532
    64  0.07566373    2.058915   47.479745       6.923550   1.252145   0.632206
    65  0.08949056    2.435162   56.156224       7.515166  -1.356138   0.594728
    66  0.07535421    2.050492   47.285523       7.667667   1.451862   0.071955
    67  0.07901380    2.150075   49.581950       7.697099   1.472782  -1.106014
    68  0.08598425    2.339751   53.955980       8.347651  -1.109265  -1.215239
    69  0.08465661    2.303624   53.122869       8.407813  -1.107465  -0.024339
 
 Number of surface maxima:    81
   #       a.u.         eV      kcal/mol           X/Y/Z coordinate(Angstrom)
     1  0.17285307    4.703571  108.467027      -8.227155  -5.144159  -0.077518
     2  0.12842771    3.494696   80.589670      -7.330997  -4.278316  -1.180077
     3  0.17550907    4.775845  110.133697      -7.061207  -3.548925  -2.630113
     4  0.12966064    3.528245   81.363347      -6.932448  -5.335005   1.136846
     5  0.17187561    4.676973  107.853662      -6.749673   3.589008  -1.122615
     6  0.17808561    4.845956  111.750500      -6.314849   6.758646  -1.892722
     7  0.17836931    4.853676  111.928528      -6.204722  -5.797928   2.527673
     8  0.13099654    3.564597   82.201638      -6.206043   5.181857  -1.379461
     9  0.13671714    3.720263   85.791372      -5.410957  -3.368709   0.364587
    10  0.10998546    2.992856   69.016973      -5.410957   6.309802  -0.381738
    11  0.12053190    3.279840   75.634974      -5.263326   2.957311  -0.699843
    12  0.11066594    3.011373   69.443982      -5.151482   5.577441  -2.700714
    13  0.14327485    3.898707   89.906399      -4.876771  -4.734912  -0.316342
    14  0.13335867    3.628874   83.683898      -4.749485   7.086962  -1.743104
    15  0.14822591    4.033432   93.013239      -4.227247   1.861937  -0.037667
    16  0.19578645    5.327620  122.857954      -3.887733  -2.422584  -2.567394
    17  0.14044589    3.821727   88.131200      -3.801973   5.088100  -0.280496
    18  0.06242180    1.698584   39.170307      -3.683409   1.223081  -0.575672
    19  0.18745518    5.100915  117.630003      -3.558836  -1.900173   0.007418
    20  0.13990967    3.807136   87.794718      -3.586152   4.727747  -1.831498
    21  0.17814657    4.847615  111.788756      -3.318718   8.049389  -1.920294
    22  0.20555132    5.593336  128.985508      -3.258006  -2.340300  -1.075915
    23  0.20680312    5.627399  129.771026      -3.125767  -4.587906   2.495976
    24  0.19520609    5.311828  122.493772      -2.734926  -4.049271   1.177133
    25  0.13124445    3.571343   82.357208      -2.765071   3.065791   0.270755
    26  0.05924922    1.612253   37.179480      -2.484975  -0.589890   2.856672
    27  0.14964432    4.072029   93.903308      -2.110219   4.529162   4.063877
    28  0.13817307    3.759880   86.704983      -2.181312   6.824612  -1.478458
    29  0.17348082    4.720653  108.860947      -1.822058  -0.341114   0.111239
    30  0.24813332    6.752051  155.706142      -1.726757  -5.568378   1.124250
    31  0.13692606    3.725948   85.922475      -1.836072   3.594327   0.882309
    32  0.19889047    5.412085  124.805756      -1.699766  -1.024983  -1.496094
    33  0.13867177    3.773451   87.017922      -1.545900   0.704371   0.227399
    34  0.23089206    6.282892  144.887074      -1.175674  -2.224410   0.742407
    35  0.16781106    4.566371  105.303121      -1.207549   3.189347  -1.552390
*   36  0.25305376    6.885943  158.793767      -1.017580  -2.700876  -0.793286
    37  0.13070820    3.556751   82.020706      -1.162181   2.126397   1.395582
    38  0.12845414    3.495415   80.606258      -1.045245   3.081558   1.037813
    39  0.16779342    4.565891  105.292052      -1.104144   4.859011  -0.612030
    40  0.16785123    4.567464  105.328322      -0.887660   6.159842   1.533729
    41  0.19041519    5.181461  119.487438      -0.763336   6.253091  -1.099093
    42  0.21794133    5.930485  136.760362      -0.344890  -4.950761   0.640674
    43  0.14574928    3.966040   91.459131      -0.408252   1.345965  -0.904282
    44  0.17808135    4.845840  111.747831      -0.235883  -0.628173   0.775054
    45  0.15759329    4.288331   98.891364      -0.086730   2.813259   0.218257
    46  0.23471765    6.386992  147.287670       0.127616  -3.288953  -2.313619
    47  0.18469641    5.025845  115.898845       0.015376   4.521924  -0.449035
    48  0.22181586    6.035916  139.191668       0.406997  -5.263302   2.474894
    49  0.13440771    3.657420   84.342179       0.378622   0.802606   2.143424
    50  0.22389812    6.092578  140.498312       0.793485  -2.361988  -1.381304
    51  0.17480239    4.756615  109.690245       1.053148   0.148411  -0.213638
    52  0.06918983    1.882751   43.417311       1.074097   3.596600   2.857283
    53  0.23701215    6.449429  148.727495       1.314133  -5.677880  -0.465543
    54  0.24802981    6.749234  155.641186       1.336274  -3.148465  -0.446614
    55  0.22121482    6.019561  138.814514       1.492621  -2.730669   0.775567
    56  0.17826725    4.850899  111.864485       1.569781  -4.359886  -2.858407
    57  0.13735262    3.737555   86.190145       1.500624   1.501089   0.890627
    58  0.17709824    4.819088  111.130913       1.932211  -5.268751   1.242408
    59  0.23918341    6.508512  150.089984       2.230722  -5.064731  -1.244451
    60  0.13262128    3.608809   83.221181       2.155839   2.156362   2.742018
    61  0.17367205    4.725857  108.980951       2.340133   0.816787   0.583859
    62  0.06248810    1.700388   39.211908       2.454915   2.240366  -1.905923
    63  0.23270262    6.332160  146.023222       2.658996  -0.721499  -0.847568
    64  0.23405709    6.369017  146.873166       2.666597  -3.544046   1.141888
    65  0.19403100    5.279852  121.756394       2.897458  -0.520871   1.746533
    66  0.24989559    6.800005  156.811981       3.077640  -1.698907   0.361136
    67  0.22381128    6.090215  140.443814       3.076071  -3.274522  -3.631876
    68  0.21521591    5.856323  135.050137       3.474239  -3.164670  -1.919883
    69  0.18367994    4.998185  115.261002       4.575465   0.616547   0.210786
    70  0.20122486    5.475607  126.270613       4.748899  -0.249412   0.988632
    71  0.24703605    6.722193  155.017592       4.907999  -2.644153  -2.490855
    72  0.19346930    5.264567  121.403917       4.845516  -0.903039  -1.836111
    73  0.20663384    5.622793  129.664798       5.209288  -0.621569  -3.192165
    74  0.18985963    5.166343  119.138814       5.590945  -0.630723   2.320183
    75  0.13305457    3.620599   83.493073       6.762954   0.688329  -0.580723
    76  0.14001485    3.809998   87.860717       7.167278  -0.906197  -0.578072
    77  0.17750306    4.830104  111.384944       8.406781   0.390476  -3.493454
    78  0.17040334    4.636911  106.929798       8.778493   0.306412   2.206766
    79  0.12744626    3.467989   79.973805       9.080939   0.392261  -1.905923
    80  0.12433213    3.383249   78.019656       9.216376   0.406519   0.576186
    81  0.16969342    4.617593  106.484318      10.228423   0.705038  -0.697506
