 Number of surface minima:    53
   #       a.u.         eV      kcal/mol           X/Y/Z coordinate(Angstrom)
     1  0.13630389    3.709017   85.532053      -6.729397   1.367593  -1.089297
     2  0.12661502    3.445370   79.452192      -6.597102  -0.614417  -0.681385
     3  0.13306448    3.620869   83.499292      -6.083949   1.125586  -3.169930
     4  0.12300831    3.347226   77.188944      -5.906980  -0.963529  -2.839856
     5  0.11796744    3.210057   74.025749      -6.055067   0.468578  -0.507314
     6  0.11733267    3.192784   73.627422      -5.516054  -0.438382  -0.204434
     7  0.12524576    3.408110   78.592966      -5.390935   1.527653  -0.503054
     8  0.11299920    3.074865   70.908131      -5.273907   0.074051  -3.008462
     9  0.11153607    3.035051   69.990002      -4.857930  -0.859907  -2.752859
    10  0.11885287    3.234151   74.581364      -4.609674   1.139931  -2.994883
    11  0.13052814    3.551851   81.907716      -4.231159  -0.349852   0.110443
    12  0.12844993    3.495300   80.603614      -4.346867   1.663129  -0.228470
    13  0.13476885    3.667247   84.568801      -3.759374   0.530019   0.091154
    14  0.11917340    3.242873   74.782502      -3.719614   1.255065  -2.793662
    15  0.12211850    3.323013   76.630578      -3.595518  -0.733928  -2.410528
    16  0.12611434    3.431746   79.138010      -3.068288   0.191503  -2.414277
    17  0.18763147    5.105712  117.740625      -2.670015   2.972773   0.681697
    18  0.03550068    0.966023   22.277032      -1.812329  -3.743594   3.104110
    19  0.13901783    3.782867   87.235076      -1.807816  -2.148579   0.467097
    20  0.18263115    4.969646  114.602874      -1.918931   1.973578   0.476359
    21  0.07041189    1.916005   44.184165      -1.807751  -1.521875   2.031961
    22  0.18631086    5.069776  116.911926      -1.674938   3.269096  -0.325604
    23  0.17976928    4.891771  112.807019      -1.665247   3.929792   2.327678
    24  0.12271868    3.339345   77.007200      -1.320945  -0.328563   0.934852
    25  0.19361092    5.268421  121.492791      -1.294964   4.471371  -0.847962
    26  0.03140675    0.854621   19.708049      -1.184915  -3.914044   0.522967
    27  0.08420749    2.291402   52.841042      -1.167481  -0.184646   2.677749
    28  0.17451870    4.748895  109.512230      -0.735929   3.140665   2.466497
    29  0.07819032    2.127667   49.065208      -0.379270   0.277703  -1.219516
    30  0.18307332    4.981678  114.880342      -0.468194   3.287578  -1.008513
    31  0.17436543    4.744725  109.416052      -0.456835   4.197747   1.806161
    32  0.18816820    5.120317  118.077425      -0.475962   5.252345   0.990854
    33  0.01760740    0.479122   11.048818       0.278631  -3.354144   1.890049
    34  0.17993295    4.896224  112.909724       0.323466   2.363855  -0.985484
    35  0.19282648    5.247075  121.000543       0.605726   3.540827  -1.496990
    36  0.18176339    4.946033  114.058343       0.607360   4.332975   1.150530
    37  0.00214853    0.058464    1.348224       1.285615  -3.895242  -0.251985
    38  0.19100056    5.197390  119.854763       1.317762   3.504907   1.181199
    39  0.02401892    0.653588   15.072115       1.401880  -1.055737  -1.891485
    40  0.03505512    0.953898   21.997436       1.552775   0.177738   2.492828
*   41 -0.00055583   -0.015125   -0.348787       2.405577  -3.356917   1.095390
    42  0.03874826    1.054394   24.314923       2.495047  -2.184535  -1.714554
    43  0.15816258    4.303823   99.248600       3.207504   1.528825   1.122808
    44  0.17373728    4.727632  109.021882       4.012103   2.745647  -1.387592
    45  0.16057229    4.369394  100.760721       4.145909   0.893495  -2.312971
    46  0.15598086    4.244455   97.879550       4.266844   1.661119   0.992158
    47  0.13591421    3.698414   85.287527       4.446630  -0.323296  -0.037383
    48  0.16093642    4.379303  100.989213       4.666360   1.925708  -1.914201
    49  0.14531845    3.954316   91.188777       5.030340   0.725089   0.402034
    50  0.16183447    4.403740  101.552746       5.319886   0.744003  -2.336022
    51  0.17617660    4.794009  110.552580       5.450862   2.858993  -1.295659
    52  0.15078157    4.102975   94.616941       5.622048  -0.191001  -0.449498
    53  0.16793779    4.569820  105.382645       5.714658   1.801721   0.574514
 
 Number of surface maxima:    56
   #       a.u.         eV      kcal/mol           X/Y/Z coordinate(Angstrom)
     1  0.19616282    5.337862  123.094133      -7.206074  -1.329150  -1.927970
     2  0.20212810    5.500185  126.837403      -7.184997   1.925708  -2.375315
     3  0.15568134    4.236305   97.691595      -6.862422   0.337985  -2.085807
     4  0.16408685    4.465030  102.966138      -5.676194   2.459950  -2.086968
     5  0.15745231    4.284495   98.802896      -5.595488  -1.835273  -1.319650
     6  0.17472958    4.754634  109.644559      -4.675900   0.501250  -0.693078
     7  0.20667385    5.623881  129.689907      -4.478875  -2.834141  -0.894596
     8  0.21724463    5.911527  136.323177      -4.358863   3.627414  -1.957907
     9  0.17051768    4.640022  107.001547      -4.198308   0.220526  -2.194532
    10  0.17903634    4.871827  112.347093      -3.953612  -3.488885   1.359152
    11  0.25914646    7.051734  162.616993      -3.542142  -0.444151   4.139811
    12  0.18732723    5.097433  117.549711      -3.341183  -1.697677  -0.365277
    13  0.25461800    6.928508  159.775343      -3.025156   3.890118   1.687958
    14  0.19123480    5.203763  120.001746      -2.621347  -2.702413  -0.493564
    15  0.19455624    5.294145  122.085989      -2.495979  -0.961522   0.606988
    16  0.20743338    5.644549  130.166519      -2.365804   2.456826   1.887848
    17  0.17904548    4.872075  112.352831      -2.315473   0.510153  -0.208167
    18  0.19418853    5.284139  121.855245      -2.154965   2.958469   0.108031
    19  0.17365667    4.725438  108.971298      -1.966802   0.338176  -1.366886
    20  0.21693524    5.903108  136.129031      -1.837579   4.581007   0.697710
    21  0.14752147    4.014263   92.571199      -1.735921  -5.797417   1.870053
    22  0.12218569    3.324842   76.672744      -1.765005  -2.307710   0.630285
    23  0.18492091    5.031954  116.039723      -1.771844  -1.186692  -1.757851
    24  0.23619594    6.427218  148.215315      -1.751818   2.178860  -0.927201
    25  0.19867853    5.406318  124.672762      -1.232710   3.881878  -0.821834
    26  0.25828278    7.028232  162.075029      -1.173036   5.719797  -0.258470
    27  0.18334695    4.989124  115.052046      -1.142868   3.795073   2.319967
    28  0.16851180    4.585439  105.742837      -0.863636  -1.866015   0.053768
    29  0.19217175    5.229259  120.589696      -0.879367   0.641671   1.108164
    30  0.15274446    4.156388   95.848677      -0.643859  -0.409156   1.136394
    31  0.25635116    6.975670  160.862917      -0.445176   2.354776   0.097994
    32  0.15812301    4.302746   99.223767      -0.142914  -1.258102   3.557066
    33  0.19340854    5.262914  121.365796      -0.100556   1.673423   2.548513
    34  0.05417801    1.474258   33.997240       0.162856  -3.876480  -2.075605
    35  0.14814398    4.031203   92.961826       0.202139  -0.959260  -1.106811
    36  0.18489952    5.031372  116.026301       0.214590   0.503277   0.096289
    37  0.25565151    6.956631  160.423877       0.202764   3.022316   1.378165
    38  0.22283999    6.063785  139.834323       0.284014   4.823995  -0.619431
    39  0.09875205    2.687180   61.967896       0.915812  -2.754482   0.825371
    40  0.14320485    3.896802   89.862474       0.928374  -0.992017   1.988287
    41  0.11992873    3.263427   75.256475       1.859697  -1.640666  -0.475642
*   42  0.27196823    7.400632  170.662787       1.812581   4.514442  -1.216195
    43  0.16957215    4.614293  106.408221       1.972220  -0.072468   0.507875
    44  0.24707432    6.723234  155.041608       2.193345   3.307674  -0.200810
    45  0.15749669    4.285703   98.830746       2.716934  -0.931331  -0.629866
    46  0.24357724    6.628074  152.847152       3.328118   1.539652  -1.296382
    47  0.26628043    7.245859  167.093632       3.338363   4.186552   0.837130
    48  0.23063723    6.275958  144.727171       3.695853   0.867353   0.106924
    49  0.23225988    6.320113  145.745395       3.828412  -3.772399  -3.430600
    50  0.05273454    1.434980   33.091448       3.975493  -1.913350   1.743015
    51  0.21054763    5.729292  132.120746       4.661021   3.384712   0.167499
    52  0.17988574    4.894940  112.880104       4.912502  -0.263352  -2.025160
    53  0.16724736    4.551032  104.949394       4.890820   1.252420  -2.252191
    54  0.19528607    5.314004  122.543962       6.035374   1.593342  -0.894455
    55  0.24201500    6.585563  151.866835       6.304015   3.052633  -0.130856
    56  0.22954903    6.246347  144.044309       6.447757   0.205882  -1.688221
