 Number of surface minima:    61
   #       a.u.         eV      kcal/mol           X/Y/Z coordinate(Angstrom)
     1  0.19415283    5.283167  121.832844      -6.049289   0.585122  -2.015699
     2  0.18235426    4.962112  114.429124      -5.810042  -1.413063  -0.849531
     3  0.18459409    5.023061  115.834640      -5.565685   0.013379  -0.891415
     4  0.19306127    5.253464  121.147875      -5.177689   1.105489  -0.961585
     5  0.18222932    4.958712  114.350718      -5.043029  -0.754718  -0.032012
     6  0.07021643    1.910686   44.061509      -4.748476  -4.414524   0.350687
     7  0.18666694    5.079466  117.135372      -4.543740   0.025899  -3.402832
     8  0.17488883    4.758967  109.744488      -4.375037  -2.043434  -2.256205
     9  0.17004011    4.627027  106.701869      -3.711555  -0.761204  -2.561122
    10  0.06486618    1.765099   40.704179      -3.516760  -3.008488   2.531906
    11  0.21277442    5.789886  133.518075      -3.495866   4.135405  -0.225380
    12  0.17530321    4.770243  110.004520      -3.314975   0.436634  -2.685179
    13  0.15815951    4.303739   99.246673      -3.194056  -1.542390  -1.747161
    14  0.06639460    1.806689   41.663276      -2.984204  -1.882243   2.402992
    15  0.17651123    4.803115  110.762565      -2.390622   0.806664  -1.948695
    16  0.06122021    1.665887   38.416297      -2.283275  -4.242072   0.747570
    17  0.17461701    4.751570  109.573917      -2.258328   2.207271   1.409042
    18  0.19516849    5.310805  122.470178      -2.337083   4.399993  -0.521833
    19  0.19588352    5.330262  122.918869      -2.335516   5.590642   0.273499
    20  0.04340067    1.180992   27.234355      -2.092257  -0.335807   2.114087
    21  0.17421938    4.740750  109.324404      -2.124330   3.210302   1.807595
    22  0.18665379    5.079108  117.127119      -2.128169   4.663687   2.199407
    23  0.05286860    1.438628   33.175577      -1.596856  -2.956385  -0.523270
    24  0.18727333    5.095966  117.515886      -1.315815   4.929171  -0.407763
    25  0.16965705    4.616603  106.461493      -0.931374   3.874866   1.950334
    26  0.03477362    0.946238   21.820796      -0.552886  -3.032661  -1.112306
    27  0.18622618    5.067472  116.858789      -0.374531   4.299006  -0.797180
    28  0.04120591    1.121270   25.857119      -0.168492  -3.337958   0.418100
    29  0.04495843    1.223381   28.211863      -0.071728  -0.494896  -2.622190
    30  0.05001293    1.360921   31.383611       0.013262   0.712430  -1.868902
    31  0.15784579    4.295202   99.049814       0.026977   3.235867   1.588702
    32  0.18540465    5.045117  116.343272      -0.008689   5.325957  -0.178861
    33  0.17627661    4.796730  110.615334       0.236693   4.526085   1.798862
*   34  0.01810020    0.492531   11.358054       0.799515  -0.497867   3.270410
    35  0.03535191    0.961974   22.183675       1.148009  -1.977338   2.449073
    36  0.04062462    1.105452   25.492357       1.249574  -4.395475   2.138763
    37  0.07386855    2.010065   46.353254       1.502500   1.810695  -1.974023
    38  0.09187387    2.500015   57.651771       1.736901  -3.249394  -0.142048
    39  0.05772498    1.570777   36.223004       1.842795   1.621813   1.368352
    40  0.06173788    1.679973   38.741137       2.092350   1.090914   0.509328
    41  0.03937328    1.071401   24.707125       2.211756   0.237054   1.082637
    42  0.08775033    2.387808   55.064212       2.574799  -2.408778   1.114601
    43  0.07539653    2.051644   47.312076       2.732365   2.547873  -2.030610
    44  0.07909885    2.152389   49.635320       3.287965   4.529979   0.079958
    45  0.07904771    2.150998   49.603228       3.252817   4.655400  -0.208705
    46  0.10747070    2.924426   67.438938       4.360123  -2.482480   0.094515
    47  0.10449747    2.843521   65.573207       4.367780  -1.663784   0.873256
    48  0.10963450    2.983306   68.796744       4.369871  -0.481661   1.702023
    49  0.10604716    2.885690   66.545651       4.372457   0.197849  -0.982133
    50  0.11348581    3.088106   71.213483       4.381828   1.009087   0.086099
    51  0.10850979    2.952702   68.090979       4.479885  -0.630337  -1.763016
    52  0.09262675    2.520502   58.124214       5.431669  -1.124418   1.400712
    53  0.09431631    2.566477   59.184425       5.429772   0.686296  -0.545145
    54  0.09736790    2.649515   61.099333       5.563201  -3.017675  -0.412346
    55  0.09704036    2.640602   60.893796       5.560708  -1.131047  -2.302550
    56  0.09608474    2.614599   60.294136       6.340802  -2.538877   0.026532
    57  0.09623630    2.618723   60.389243       6.353831  -1.657210   0.869031
    58  0.09657166    2.627848   60.599682       6.363173  -0.715236  -1.898316
    59  0.09708897    2.641925   60.924301       6.311754   0.241297  -0.972256
    60  0.11421733    3.108012   71.672518       7.606532  -1.950133   0.293474
    61  0.11506175    3.130989   72.202397       7.581438  -0.312614  -1.236845
 
 Number of surface maxima:    64
   #       a.u.         eV      kcal/mol           X/Y/Z coordinate(Angstrom)
     1  0.25905538    7.049255  162.559844      -5.853835   0.683013  -3.416729
     2  0.24815708    6.752698  155.721050      -5.809891  -2.198140  -2.019417
     3  0.21481892    5.845520  134.801020      -5.585195  -0.763935  -2.439455
     4  0.23391568    6.365169  146.784431      -4.782406  -1.805696   0.481809
     5  0.22809046    6.206657  143.129045      -4.704092   1.689641  -2.624254
     6  0.28069982    7.638231  176.141944      -4.524381   3.337247   0.604312
     7  0.08654530    2.355017   54.308041      -4.120779  -1.829551   2.719167
     8  0.26392419    7.181743  165.615071      -4.200151   0.320947  -0.443079
*    9  0.28198387    7.673171  176.947699      -3.866009   3.037374  -2.295199
    10  0.19375728    5.272404  121.584631      -3.685316  -3.611318   1.012159
    11  0.22751027    6.190869  142.764968      -3.559205  -2.702164  -0.930521
    12  0.21521566    5.856316  135.049979      -3.581271  -0.961289   0.942649
    13  0.26090518    7.099591  163.720611      -3.526928   2.469922  -0.521030
    14  0.26110845    7.105122  163.848165      -3.386231   2.547873  -0.736311
    15  0.22829836    6.212314  143.259501      -3.407968   4.399993   0.905155
    16  0.25238367    6.867709  158.373277      -3.184388  -0.148180  -1.551600
    17  0.25931612    7.056350  162.723457      -2.783215   5.862096   1.544046
    18  0.18751331    5.102497  117.666478      -2.621497  -1.802224   0.913578
    19  0.20922559    5.693318  131.291150      -2.393584  -1.678526  -0.044057
    20  0.07124633    1.938711   44.707787      -1.596856  -3.871225   0.149421
    21  0.16114301    4.384924  101.118848      -1.332268  -2.582529   2.518063
    22  0.19942290    5.426573  125.139867      -1.449830   0.170303  -0.554303
    23  0.26682177    7.260590  167.433328      -1.331199   3.474752  -0.441760
    24  0.20070730    5.461523  125.945840      -1.200525   0.974659   0.600640
    25  0.25129756    6.838154  157.691732      -1.189239   2.944756   1.033443
    26  0.14416050    3.922807   90.462156      -1.114563  -1.732429   0.195501
    27  0.21639175    5.888319  135.787988      -1.089015   5.557686   1.137934
    28  0.07590780    2.065556   47.632903      -0.960669  -2.091590  -2.869346
    29  0.15128500    4.116674   94.932851      -0.869324  -0.891779   1.739691
    30  0.19310279    5.254594  121.173934      -0.666154   5.053898  -0.429772
    31  0.08520577    2.318567   53.467472       0.137621  -3.512041   2.190995
    32  0.21903973    5.960374  137.449621       0.227264   2.671183  -1.146697
    33  0.06565350    1.786523   41.198229       0.449983   1.684238   3.323587
    34  0.25073069    6.822729  157.336017       0.421620   5.868160   1.045042
    35  0.15824448    4.306051   99.299994       0.652147  -0.230307  -1.020050
    36  0.21216731    5.773366  133.137106       0.784441   1.943853   0.218393
    37  0.23864618    6.493893  149.752865       0.805012   4.132122  -0.827830
    38  0.17778175    4.837687  111.559826       0.981255  -1.753319  -0.113970
    39  0.15237588    4.146359   95.617387       0.936105   0.714323   0.500894
    40  0.19648325    5.346581  123.295205       1.211109   1.927928  -0.551343
    41  0.12385539    3.370277   77.720496       1.216481  -0.873366   1.444198
    42  0.23237227    6.323171  145.815923       1.302959   3.563710   1.005978
    43  0.09509246    2.587597   59.671468       1.700093   2.808693  -2.708516
    44  0.19408755    5.281391  121.791881       2.085950  -2.613180  -1.770718
    45  0.17137334    4.663306  107.538484       2.341658  -5.140666  -0.201022
    46  0.18137403    4.935438  113.814019       2.484605  -0.494896  -1.542622
    47  0.14719219    4.005303   92.364572       2.789379  -1.685544   0.658708
    48  0.20355931    5.539131  127.735505       2.813708   3.243111  -0.543634
    49  0.17644714    4.801371  110.722346       3.181335  -2.326887  -1.488856
    50  0.14634953    3.982373   91.835794       3.136212  -0.951417   0.687932
    51  0.09822163    2.672746   61.635052       3.126730   1.621813   0.864544
    52  0.16855794    4.586695  105.771795       3.760616  -3.569151   2.136213
    53  0.19780724    5.382609  124.126022       3.793561  -3.280100  -2.444583
    54  0.17690491    4.813828  111.009602       3.708619   0.854202   1.433156
    55  0.14895974    4.053401   93.473729       5.282423  -0.631054  -1.094667
    56  0.13633775    3.709939   85.553300       5.285719   0.568024   1.279036
    57  0.14462399    3.935419   90.753000       5.389805  -3.043155  -2.170334
    58  0.14985514    4.077766   94.035598       5.396478  -1.722950   0.086099
    59  0.18149651    4.938771  113.890875       6.975786   0.896571   1.477565
    60  0.18353650    4.994282  115.170988       7.154915  -3.156105  -2.437027
    61  0.11674447    3.176779   73.258322       7.266862  -0.230307  -1.302641
    62  0.13823457    3.761554   86.743577       7.524798  -0.232426   0.346481
    63  0.13867004    3.773404   87.016835       7.590974  -1.950133  -1.369139
    64  0.18327343    4.987124  115.005912       8.653839  -1.056962  -0.443079
