 Number of surface minima:    61
   #       a.u.         eV      kcal/mol           X/Y/Z coordinate(Angstrom)
     1  0.10505643    2.858731   65.923963      -8.270797  -1.139278  -0.964524
     2  0.10230185    2.783775   64.195432      -7.569109  -1.755316   1.531412
     3  0.10371597    2.822255   65.082807      -7.325973  -2.047929  -2.417995
     4  0.10305613    2.804300   64.668754      -6.303386  -3.126337   1.788600
     5  0.10892486    2.963996   68.351439      -6.086394  -1.437519   2.394802
     6  0.16579895    4.511619  104.040499      -5.859164   1.221789  -0.717592
     7  0.09595215    2.610991   60.210934      -5.401829  -3.815813  -2.052615
     8  0.15329291    4.171312   96.192832      -5.253476   0.616484   0.264635
     9  0.09735584    2.649187   61.091761      -4.959290  -4.278148  -0.320709
    10  0.16066069    4.371800  100.816192      -4.831416   0.211671  -2.389182
    11  0.15486376    4.214057   97.178560      -4.701659  -0.204095   1.040943
    12  0.15818503    4.304434   99.262691      -4.724299   1.590779   0.004828
    13  0.14259882    3.880311   89.482188      -3.930533  -0.522479  -1.706573
    14  0.16280488    4.430146  102.161688      -3.798238  -1.047815   1.751938
    15  0.09168672    2.494923   57.534336      -3.727968  -3.276217  -1.379063
    16  0.16966361    4.616781  106.465609      -3.793694   1.883070   0.349346
    17  0.14621948    3.978834   91.754184      -3.515881   0.445670  -2.039807
    18  0.13349185    3.632498   83.767472      -3.256259  -1.395272  -0.834191
    19  0.14946877    4.067252   93.793146      -2.466978   0.733301  -1.627612
    20  0.02725699    0.741700   17.104035      -1.301808   0.425521   2.454186
    21  0.14648777    3.986135   91.922539      -1.298181   2.670695   1.244099
    22  0.16037724    4.364087  100.638324      -1.131769   4.283548  -1.218267
    23  0.03005539    0.817849   18.860057      -0.858471  -3.501780  -0.158208
    24  0.14417123    3.923099   90.468886      -0.784444   3.735381   1.336459
    25  0.16754428    4.559112  105.135713      -0.601997   5.495146  -0.849886
    26  0.02955838    0.804324   18.548178      -0.490881  -1.424097  -2.239248
    27  0.16021224    4.359597  100.534780      -0.343022   5.070800   1.288442
    28  0.03251553    0.884793   20.403820      -0.124531  -0.033906  -1.840993
    29  0.04306732    1.171921   27.025173       0.018443  -3.544258   1.257173
    30  0.15561979    4.234630   97.652976       0.075865   4.430949  -1.328099
    31  0.14127731    3.844351   88.652924       0.281288   3.856362   1.230770
    32  0.15794647    4.297942   99.112990       0.807667   3.459324  -1.551744
    33  0.02389583    0.650239   14.994875       1.103705  -1.660928   2.999816
    34  0.03553451    0.966943   22.298261       1.178021  -4.120907   3.383532
*   35  0.00751641    0.204532    4.716620       1.383886  -0.365743   3.299142
    36  0.16640897    4.528218  104.423292       1.583064   2.266191  -1.575134
    37  0.10715221    2.915760   67.239080       2.080631   7.497542  -0.659671
    38  0.10486569    2.853541   65.804271       2.352372   7.107811   1.199601
    39  0.11451959    3.116237   71.862189       2.563836   4.150560  -2.828393
    40  0.03997067    1.087657   25.081997       2.610164  -0.307466   0.629295
    41  0.06076226    1.653425   38.128928       2.708011  -2.474495   1.945143
    42  0.09191882    2.501238   57.679978       2.920275   3.280057   1.928295
    43  0.10686927    2.908061   67.061538       3.099710   5.713210  -2.541474
    44  0.10657446    2.900038   66.876537       3.780172  -2.712456  -2.121977
    45  0.09722044    2.645503   61.006796       3.653658   4.969445   2.104005
    46  0.10629831    2.892524   66.703252       4.014125  -1.686544  -1.894502
    47  0.10946106    2.978587   68.687909       4.139420   4.339170  -1.833628
    48  0.10328213    2.810450   64.810570       4.188821  -3.408512   0.390164
    49  0.10027796    2.728702   62.925420       4.415892  -2.339188   0.621852
    50  0.10212920    2.779077   64.087095       4.425144   3.875947   1.012963
    51  0.09593162    2.610432   60.198050       4.671923  -3.672099  -2.566883
    52  0.11079553    3.014900   69.525302       4.653772  -1.032939   0.713646
    53  0.09564879    2.602736   60.020572       5.215032  -4.318352  -0.032351
    54  0.09652239    2.626508   60.568764       5.199499  -1.291150  -2.039106
    55  0.09203758    2.504470   57.754505       5.628421  -1.921838   0.520106
    56  0.09612880    2.615798   60.321784       5.652597  -3.276217  -2.644066
    57  0.09831405    2.675261   61.693047       5.923246  -2.085568  -2.373417
    58  0.09477282    2.578900   59.470895       6.095788  -3.953053  -0.114488
    59  0.09571633    2.604574   60.062957       6.373667  -2.623362   0.182496
    60  0.11547595    3.142260   72.462314       7.031938  -3.018831  -2.596896
    61  0.11427431    3.109562   71.708275       7.425121  -3.553470  -0.503862
 
 Number of surface maxima:    88
   #       a.u.         eV      kcal/mol           X/Y/Z coordinate(Angstrom)
     1  0.16462308    4.479622  103.302631      -8.105077  -2.688167  -1.216672
     2  0.11939585    3.248926   74.922088      -7.837726  -0.894920  -2.111193
     3  0.16312050    4.438734  102.359742      -7.568742  -3.210186   0.969747
     4  0.17923783    4.877309  112.473530      -7.497642   0.440107  -0.709201
     5  0.13810254    3.757961   86.660722      -7.237890  -1.376762   0.123509
     6  0.17190557    4.677789  107.872467      -6.966940  -0.240556   1.660864
     7  0.14262772    3.881097   89.500317      -6.647159  -2.685486  -0.421695
     8  0.11615423    3.160717   72.887942      -6.600437  -2.094405   2.284977
     9  0.16030131    4.362020  100.590672      -6.498185  -4.222193  -0.860108
    10  0.13433909    3.655553   84.299125      -6.165576  -2.458374  -1.766817
    11  0.17587690    4.785854  110.364515      -6.179536  -0.894920  -3.034392
    12  0.23154207    6.300580  145.294962      -6.070444   1.086199  -2.192093
    13  0.17760433    4.832860  111.448493      -5.962565   0.031140  -0.717592
    14  0.13356787    3.634567   83.815175      -5.540629  -3.054493   0.473057
    15  0.17464337    4.752288  109.590461      -5.404620  -0.504573  -1.676723
    16  0.19961796    5.431881  125.262265      -4.724299   1.936579  -1.775946
    17  0.10736083    2.921437   67.369997      -4.602339  -4.107740  -1.396589
    18  0.17904227    4.871988  112.350813      -4.685568  -2.334224   2.080889
    19  0.16067710    4.372246  100.826488      -4.455065  -2.608910  -2.694254
    20  0.19038492    5.180637  119.468443      -4.395640  -1.889204   0.537127
    21  0.22921705    6.237313  143.835992      -3.824445   0.705213   0.353364
    22  0.16713737    4.548039  104.880371      -3.721796  -3.305250   0.340763
*   23  0.25335488    6.894137  158.982723      -3.657849   3.089258  -2.029375
    24  0.23092681    6.283838  144.908880      -3.259342  -2.332690   1.411308
    25  0.25289470    6.881615  158.693952      -3.269061   4.203573   0.314591
    26  0.17741629    4.827743  111.330496      -3.127542  -0.490528   1.676268
    27  0.21781557    5.927063  136.681448      -3.136767   0.011756  -0.902511
    28  0.23075546    6.279176  144.801361      -2.753443   2.809321  -0.470356
    29  0.19174428    5.217627  120.321455      -2.311478   1.550271   1.066128
    30  0.16368623    4.454129  102.714744      -2.077700  -1.290624   0.606763
    31  0.19938337    5.425497  125.115057      -1.880529   4.926030   0.208469
    32  0.06074974    1.653084   38.121069      -1.593965  -3.035760  -1.813456
    33  0.16788143    4.568286  105.347277      -1.424583  -2.479244   2.859393
    34  0.19441484    5.290297  121.997257      -1.253486   1.508827  -1.337207
    35  0.16665905    4.535023  104.580221      -1.218259  -0.365743  -0.254321
    36  0.14110862    3.839761   88.547067      -1.137060  -1.681614   0.885808
    37  0.23165221    6.303577  145.364080      -0.906167   6.223386   0.335335
    38  0.23049944    6.272209  144.640702      -0.348793   3.081862  -0.970899
    39  0.13715152    3.732083   86.063950      -0.262424  -0.509279   2.142477
    40  0.16893514    4.596959  106.008493      -0.226292   0.888329   0.801068
    41  0.21641265    5.888888  135.801099      -0.207203   2.824609   0.632358
    42  0.17939034    4.881459  112.569235       0.453838   5.364368  -0.585297
    43  0.18081128    4.920125  113.460884       0.505401   6.910444  -1.176547
    44  0.14622852    3.979080   91.759859       0.681750  -0.901372  -0.877200
    45  0.17486065    4.758200  109.726804       0.594501   5.197581   0.740658
    46  0.16263144    4.425427  102.052855       0.903774  -2.278445   0.177478
    47  0.17982096    4.893177  112.839453       0.835586   1.887160  -1.510811
    48  0.17578992    4.783487  110.309934       0.834082   6.388755   1.786167
    49  0.16256377    4.423585  102.010393       1.213150   1.218484   0.062255
    50  0.18917622    5.147747  118.709969       1.404509  -3.894419  -0.564788
    51  0.13957610    3.798059   87.585397       1.398122   0.200317   0.228030
    52  0.12065527    3.283197   75.712387       1.371897   7.569137   0.338636
    53  0.12882416    3.505484   80.838450       1.533297  -1.270729   1.438881
    54  0.17634217    4.798515  110.656477       1.518500   5.350064  -2.823409
    55  0.13352574    3.633420   83.788737       1.680777  -2.162914   1.057184
    56  0.05390158    1.466736   33.823778       1.924322   1.777197   2.742230
    57  0.17461695    4.751569  109.573880       2.089395  -2.217863  -1.576967
    58  0.19312158    5.255105  121.185720       2.251804   3.329406  -0.476441
    59  0.15956198    4.341902  100.126739       2.175328   4.532432   2.617496
    60  0.14094535    3.835318   88.444617       2.350286   6.116678  -1.183782
    61  0.17315134    4.711688  108.654197       2.540944  -5.281547   1.335285
    62  0.17318254    4.712536  108.673774       2.578333  -3.770050  -0.696346
    63  0.23486815    6.391087  147.382113       2.633284   1.883261  -0.747181
    64  0.13578401    3.694871   85.205826       2.614185   5.782093   1.134529
    65  0.14228222    3.871696   89.283515       2.807926  -2.352624   0.867315
    66  0.19562484    5.323223  122.756545       2.876451  -5.200657  -1.186794
    67  0.18556756    5.049550  116.445502       3.081065   2.875702  -1.743239
    68  0.14871199    4.046659   93.318260       3.141830  -1.231038  -0.982180
    69  0.14346127    3.903780   90.023383       3.357118  -1.537828   0.348859
    70  0.17346978    4.720353  108.854025       3.370561   2.578054   0.358120
    71  0.14592891    3.970928   91.571852       3.261093   5.635235  -0.164423
    72  0.12188368    3.316623   76.483226       3.351322   4.666483  -2.712457
    73  0.16690824    4.541804  104.736588       3.417593   7.246972   0.045050
    74  0.15691299    4.269820   98.464472       3.547109  -3.304949   3.717281
    75  0.13833323    3.764239   86.805486       3.616171   4.267750  -0.452245
    76  0.10958927    2.982076   68.768361       3.921465   3.893983   1.842634
    77  0.19005794    5.171740  119.263257       4.255802   0.234542  -0.084875
    78  0.14332852    3.900167   89.940079       4.389153  -5.150821  -1.524052
    79  0.16783171    4.566933  105.316077       4.302097   5.867552  -1.491932
    80  0.16382633    4.457941  102.802662       4.617766   5.436129   0.860062
    81  0.14996494    4.080754   94.104502       4.939224  -2.611241  -1.769455
    82  0.14825610    4.034254   93.032186       5.255126  -3.011629  -0.263357
    83  0.14210571    3.866893   89.172757       5.689515  -0.429882  -0.467170
    84  0.18259533    4.968672  114.580394       6.004961  -5.773311  -2.030852
    85  0.13848339    3.768325   86.899714       6.858540  -4.334572  -1.835007
    86  0.18533396    5.043193  116.298910       7.293082  -0.369706  -0.864014
    87  0.13974295    3.802599   87.690099       7.421478  -1.958530  -1.263723
    88  0.18384167    5.002586  115.362486       8.198601  -3.419310  -1.798824
