 Number of surface minima:    54
   #       a.u.         eV      kcal/mol           X/Y/Z coordinate(Angstrom)
     1  0.17296401    4.706590  108.536647      -6.475248  -0.014610  -1.365869
     2  0.15950663    4.340396  100.092006      -5.892432  -1.971858  -0.367818
     3  0.15734420    4.281553   98.735060      -5.827474  -0.583956  -0.374850
     4  0.16976219    4.619464  106.527474      -5.561030   0.608547  -0.505290
     5  0.15738582    4.282686   98.761174      -5.102590  -1.437535   0.364509
     6  0.16629311    4.525066  104.350589      -5.189476  -0.369089  -3.034174
     7  0.15022617    4.087862   94.268427      -4.562565  -2.353328  -2.013781
     8  0.14409801    3.921106   90.422945      -4.172606  -1.112141  -2.358272
     9  0.15417784    4.195392   96.748135      -3.908018   0.117795  -2.486563
    10  0.13600964    3.701010   85.347407      -3.440257  -1.900981  -1.559580
    11  0.15534038    4.227027   97.477642      -2.968926   0.537071  -1.899383
    12  0.18610433    5.064156  116.782327      -2.697507   3.187620  -0.930258
    13  0.17626649    4.796455  110.608987      -2.714080   4.115317  -0.569156
    14  0.17013873    4.629710  106.763753      -2.574779   2.008111   1.437986
    15  0.16819430    4.576800  105.543602      -2.318112   3.069351   1.806267
    16  0.18091948    4.923069  113.528785      -2.437670   5.315166   0.101847
    17  0.17720904    4.822103  111.200448      -2.154423   4.539133   2.120009
    18  0.03716171    1.011222   23.319344      -2.168843  -3.004111   1.038073
    19  0.02082483    0.566672   13.067790      -2.048686  -1.692434   1.688985
    20  0.16723799    4.550777  104.943509      -1.500000   4.670745  -0.534751
    21  0.16189599    4.405414  101.591350      -1.152582   3.716797   1.892970
    22  0.03019319    0.821598   18.946528      -0.487346   0.392085  -2.035568
    23  0.17053429    4.640474  107.011972      -0.500075   4.051210  -0.899162
    24  0.00298066    0.081108    1.870392      -0.343459  -3.317823  -0.834359
    25  0.17332175    4.716325  108.761129      -0.365545   5.107637  -0.307514
*   26  0.00083503    0.022722    0.523987      -0.139924  -3.627831   0.417810
    27  0.01458796    0.396959    9.154090      -0.199610  -2.224819   3.010480
    28  0.16135994    4.390827  101.254978      -0.146972   3.055326   1.469117
    29  0.17035632    4.635631  106.900297      -0.046245   4.269480   1.714184
    30  0.09896932    2.693092   62.104240       0.482109   1.894711   1.828923
    31  0.04779573    1.300588   29.992298       0.861527  -0.659852   2.741518
    32  0.10513084    2.860756   65.970651       0.985387   1.343047   0.872977
    33  0.03484134    0.948081   21.863287       1.401565  -0.633413  -1.605632
    34  0.08213544    2.235019   51.540812       1.539761   1.516635  -0.920145
    35  0.06278677    1.708515   39.399328       1.769125   1.447733   3.618797
    36  0.12129476    3.300598   76.113674       2.511407  -0.148492  -1.498163
    37  0.09571429    2.604518   60.061676       2.574949   0.938321   1.023078
    38  0.11269758    3.066657   70.718861       3.416526  -0.865147  -2.508161
    39  0.10314451    2.806705   64.724214       4.006712  -1.610183  -1.511157
    40  0.12520895    3.407109   78.569867       4.147056   0.668692  -0.189275
    41  0.10497707    2.856571   65.874164       4.446955  -2.064229  -0.664474
    42  0.12019841    3.270765   75.425702       4.539605   0.246896   0.605337
    43  0.09552445    2.599353   59.942549       4.718897  -1.121541  -2.499966
    44  0.11998462    3.264947   75.291547       4.969426   1.121186  -1.070108
    45  0.09690343    2.636876   60.807870       5.779212  -2.176126  -0.511782
    46  0.09959290    2.710061   62.495541       5.851482  -1.225853  -2.300717
    47  0.11404650    3.103363   71.565319       5.901481   1.110444  -1.061748
    48  0.12814537    3.487013   80.412502       5.761165   1.470625  -2.286125
    49  0.10832214    2.947595   67.973224       5.899242   0.151760   0.786073
    50  0.09793226    2.664872   61.453473       6.382248  -1.765059  -1.291364
    51  0.10783109    2.934233   67.665084       6.431331   0.569519  -0.028166
    52  0.11764770    3.201357   73.825108       6.990223  -0.069630   0.800948
    53  0.11803743    3.211962   74.069666       7.268836  -1.113960  -2.095503
    54  0.12470885    3.393500   78.256052       7.323829   0.804387  -0.975837
 
 Number of surface maxima:    58
   #       a.u.         eV      kcal/mol           X/Y/Z coordinate(Angstrom)
     1  0.23975622    6.524099  150.449428      -6.553842   0.144903  -2.821077
     2  0.22808192    6.206425  143.123684      -5.989913  -2.737697  -1.607756
     3  0.19322383    5.257888  121.249883      -6.007520  -1.160478  -2.012454
     4  0.16431069    4.471121  103.106600      -5.766077  -1.302590  -0.158822
     5  0.20746522    5.645416  130.186498      -5.444111   1.254643  -2.108196
     6  0.17840654    4.854689  111.951888      -4.909314  -2.576271  -0.307514
     7  0.26465768    7.201702  166.075342      -4.780858   3.095193   0.652313
     8  0.26230500    7.137682  164.599012      -4.540115   2.713681  -1.895046
     9  0.24097831    6.557353  151.216299      -4.448567  -0.103069  -0.149109
    10  0.24108434    6.560239  151.282836      -3.916177   2.144997  -0.311598
    11  0.24103793    6.558976  151.253709      -3.778265   2.262945  -0.573938
    12  0.17767559    4.834799  111.493212      -3.708985  -1.178092   1.082167
    13  0.21364872    5.813677  134.066707      -3.575791   4.245974   0.950773
    14  0.22750264    6.190662  142.760184      -3.491315  -0.511094  -1.334099
    15  0.23076737    6.279500  144.808835      -3.145719  -5.470796   1.676900
    16  0.24730879    6.729614  155.188740      -2.844779   5.695601   1.543144
    17  0.15610983    4.247965   97.960480      -2.320161  -1.705973  -0.174298
    18  0.16540115    4.500794  103.790873      -1.669683  -0.388232  -0.588259
    19  0.24956986    6.791141  156.607582      -1.635955   3.187620  -0.519715
    20  0.24507469    6.668821  153.786818      -1.427392   2.658443   0.947588
    21  0.20510370    5.581156  128.704625      -1.298152   5.292342   1.112834
    22  0.05825218    1.585122   36.553825      -1.232546  -2.615474  -2.649156
    23  0.11623520    3.162921   72.938748      -1.250800  -1.967463   0.361043
    24  0.18616145    5.065711  116.818173      -1.206204   0.938617   2.867549
    25  0.18931573    5.151543  118.797514      -1.061521   0.742345   0.686863
    26  0.14596202    3.971829   91.592627      -0.889713  -0.924443   1.772792
    27  0.19038392    5.180610  119.467813      -0.203777   2.496045  -1.296607
    28  0.13852114    3.769352   86.923402       0.325400  -0.398850  -1.128119
    29  0.18358061    4.995482  115.198666       0.268701   1.543389   0.297258
    30  0.04586030    1.247922   28.777794       0.389189  -3.823978   2.402161
    31  0.24408540    6.641901  153.166028       0.391192   5.502416   0.851392
    32  0.20050860    5.456116  125.821149       0.713709   4.110920   0.348381
    33  0.11882725    3.233454   74.565287       0.785866  -1.971858  -0.175220
    34  0.14989465    4.078841   94.060391       0.753999   0.556080   0.231097
    35  0.16793729    4.569806  105.382326       1.357685  -0.926407   1.103089
    36  0.14056997    3.825103   88.209059       1.785855   0.155902   0.883135
    37  0.13151040    3.578580   82.524090       1.806339   2.041882   1.676900
    38  0.16900803    4.598942  106.054230       2.676272  -2.165707  -0.236775
    39  0.15725998    4.279262   98.682211       2.723102   0.299099   0.367055
    40  0.18752269    5.102752  117.672361       2.666077   0.536254  -2.577806
    41  0.19000373    5.170264  119.229238       2.816957  -1.853077   1.898098
    42  0.14551596    3.959691   91.312717       2.807233  -0.919798  -1.249984
    43  0.15553707    4.232379   97.601067       2.838992   0.212723  -0.504231
    44  0.19647355    5.346317  123.289119       3.366416   2.790154   1.811897
    45  0.17778520    4.837781  111.561991       3.739468  -1.323645   1.220357
    46  0.14543052    3.957366   91.259106       3.765052   1.134521  -1.169965
    47  0.18694823    5.087120  117.311881       3.897346   0.072027   3.396726
*   48  0.26800555    7.292802  168.176165       4.112654   2.765850  -0.968986
    49  0.15016708    4.086254   94.231342       4.239170   0.751263  -2.743871
    50  0.19914532    5.419020  124.965679       4.850076  -1.969476   2.070696
    51  0.15234386    4.145487   95.597298       5.193073  -1.231593  -1.154781
    52  0.16225046    4.415060  101.813788       5.180626   0.210660  -0.452144
    53  0.19225982    5.231656  120.644963       5.512876   1.070911  -3.692670
    54  0.14794449    4.025774   92.836647       6.196981  -1.574975   1.198355
    55  0.14694369    3.998541   92.208634       6.675527   0.409440  -2.631293
    56  0.14400746    3.918642   90.366120       7.697292  -0.526028  -0.593362
    57  0.18696625    5.087610  117.323192       7.861956  -1.429978   0.880168
    58  0.18938443    5.153412  118.840624       8.200690   0.116875  -2.027340
