 Number of surface minima:    65
   #       a.u.         eV      kcal/mol           X/Y/Z coordinate(Angstrom)
     1  0.09665215    2.630039   60.650189      -6.362247  -2.575746   0.640587
     2  0.09541374    2.596340   59.873079      -6.073280  -4.256823  -1.407767
     3  0.09410391    2.560698   59.051144      -6.097058  -3.500483   1.438703
     4  0.11621928    3.162487   72.928760      -6.026864   5.545803  -0.357203
     5  0.09344095    2.542658   58.635134      -5.804558  -5.177460  -0.611759
     6  0.10129387    2.756346   63.562913      -5.671249   4.078991  -0.508807
     7  0.10140760    2.759441   63.634285      -5.269575  -3.701126  -1.769179
     8  0.10608812    2.886805   66.571359      -5.288094   3.273474  -0.625027
     9  0.09776511    2.660324   61.348586      -5.052859  -3.660680   1.710919
    10  0.09740782    2.650602   61.124384      -5.027792   4.987037   0.366591
    11  0.09999570    2.721021   62.748300      -4.868802  -5.413240  -0.306230
    12  0.11391106    3.099678   71.480328      -4.880131   6.319176  -2.079957
    13  0.11609818    3.159192   72.852772      -4.234996   2.880944  -0.098635
    14  0.10469677    2.848944   65.698271      -4.364231   5.782239   0.961918
    15  0.09220237    2.508954   57.857909      -4.101732   4.722448   0.891499
    16  0.09711735    2.642698   60.942110      -4.178172   5.042891  -2.473912
    17  0.09981584    2.716127   62.635435      -3.906020   4.124394  -2.738500
    18  0.10733336    2.920689   67.352759      -3.712049   3.533628   0.581619
    19  0.09346803    2.543395   58.652126      -3.580118   5.886486  -1.663672
    20  0.05917478    1.610228   37.132766      -3.393764   0.006350   2.950155
    21  0.09826677    2.673975   61.663378      -2.897439   1.831288   1.243098
    22  0.10466195    2.847996   65.676419      -2.799861   4.448947   1.332078
    23  0.08683149    2.362805   54.487629      -2.665060   5.640320  -1.143868
    24  0.19233305    5.233648  120.690910      -2.395056  -1.237353  -1.571059
    25  0.09876225    2.687457   61.974297      -2.259154   4.460043  -1.401127
    26  0.17247867    4.693383  108.232090      -2.139360  -2.562112  -1.583719
    27  0.15553329    4.232276   97.598696      -2.096414  -2.008102   0.993136
    28  0.11162010    3.037337   70.042726      -2.062808   3.850897   0.965740
    29  0.09233283    2.512504   57.939773      -1.843902  -0.954171   1.899508
    30  0.16610155    4.519853  104.230385      -1.826248  -3.718780  -1.409984
    31  0.16211245    4.411304  101.727183      -1.752883  -3.279936   1.165603
    32  0.03922317    1.067317   24.612928      -1.573759   1.564254   2.696856
    33  0.09956144    2.709204   62.475796      -1.667009   5.172756  -0.357203
    34  0.17440692    4.745854  109.442086      -1.584926  -4.934388  -1.018460
    35  0.13889990    3.779659   87.161078      -1.455846   0.466215  -0.288808
    36  0.10503480    2.858142   65.910388      -1.552201   3.928682   0.453264
    37  0.17753754    4.831042  111.406581      -1.295721  -4.644882   1.135078
    38  0.16826312    4.578672  105.586788      -0.638997  -3.990954  -1.384834
    39  0.01209770    0.329195    7.591426      -0.553255   3.477739   0.779386
    40  0.16080877    4.375829  100.909108      -0.528254  -3.609655   1.230449
    41 -0.00109478   -0.029790   -0.686983      -0.199509   2.738034   3.347037
    42  0.16461401    4.479375  103.296935       0.288365  -2.798594   1.130958
    43  0.03922985    1.067499   24.617125       0.522144   0.331800  -1.665305
*   44 -0.01259222   -0.342652   -7.901743       1.640495   3.585371   1.494917
    45  0.02436364    0.662968   15.288426       1.925266   0.298196   2.420977
    46 -0.00407716   -0.110945   -2.558459       1.946041   3.249129   0.138694
    47  0.15194917    4.134747   95.349626       2.108907  -1.226708  -1.685272
    48  0.14653982    3.987551   91.955202       3.167946  -1.345308  -2.091842
    49  0.11628427    3.164256   72.969543       3.275896   0.964842   0.171974
    50  0.12612386    3.432005   79.143984       3.710446   0.350245  -0.737983
    51  0.15842686    4.311014   99.414437       3.862551  -3.064680  -0.202435
    52  0.14159193    3.852912   88.850351       4.010047  -0.569324  -1.638319
    53  0.16516930    4.494485  103.645390       4.390284  -1.708389  -2.473912
    54  0.15187369    4.132693   95.302261       4.406889  -1.495384   1.007526
    55  0.15108109    4.111126   94.804894       4.775610  -2.279873   0.184533
    56  0.16269492    4.427154  102.092691       5.100468  -2.950621  -0.812488
    57  0.08754771    2.382294   54.937063       6.123592   0.753619  -1.244600
    58  0.07430297    2.021887   46.625856       6.792752   1.547385   0.453090
    59  0.07727834    2.102851   48.492930       7.010990   0.928645  -1.788350
    60  0.08048715    2.190167   50.506491       7.672461  -0.895840   1.098034
    61  0.07338693    1.996960   46.051032       7.804756   1.357809  -1.283263
    62  0.07119803    1.937397   44.677474       7.733176   1.679679  -0.164194
    63  0.08407236    2.287725   52.756246       7.964580  -1.448566  -1.018675
    64  0.07663774    2.085419   48.090947       8.576338  -0.742258   0.558021
    65  0.07707295    2.097262   48.364049       8.730816  -1.034749  -0.558039
 
 Number of surface maxima:    70
   #       a.u.         eV      kcal/mol           X/Y/Z coordinate(Angstrom)
     1  0.18062546    4.915069  113.344284      -8.263162  -4.333871   0.141109
     2  0.13981100    3.804451   87.732803      -7.410203  -3.205935  -0.755204
     3  0.19207514    5.226630  120.529070      -7.220133  -1.892267  -1.792530
     4  0.13648089    3.713834   85.643121      -6.879912  -5.067330   0.877138
     5  0.19186836    5.221004  120.399314      -6.470154   3.671669  -2.996587
     6  0.18359491    4.995871  115.207640      -6.228403   6.607551  -1.397414
     7  0.18381707    5.001917  115.347050      -6.048903  -6.088441   1.891800
     8  0.14263409    3.881271   89.504317      -6.084508   4.988150  -2.076844
     9  0.15105373    4.110381   94.787725      -5.137775  -3.172179   0.611888
    10  0.15181123    4.130994   95.263064      -4.923336  -4.149051  -0.668710
    11  0.13619625    3.706088   85.464508      -4.922319   6.537912  -0.496278
    12  0.18004695    4.899327  112.981260      -4.630909   2.122995   2.202821
    13  0.20283240    5.519350  127.279361      -4.521846  -0.622643   0.515538
    14  0.15308404    4.165629   96.061765      -4.367921   3.930982  -0.352814
    15  0.22234968    6.050442  139.526647      -4.132126   1.354155  -2.402553
    16  0.22746022    6.189507  142.733565      -3.941934  -1.207543  -1.930139
    17  0.17538845    4.772562  110.058006      -3.736243   7.184898   0.559402
    18  0.14842338    4.038805   93.137154      -3.545032   4.606488  -1.556264
    19  0.21140922    5.752738  132.661401      -3.161013  -1.878643  -1.013885
*   20  0.26167617    7.120571  164.204415      -3.040307  -0.300409  -0.754624
    21  0.21368002    5.814529  134.086352      -2.805669  -5.337259   1.601515
    22  0.12839641    3.493844   80.570034      -2.844254   5.847631   0.635686
    23  0.19833652    5.397011  124.458152      -2.647474  -4.539777   0.168025
    24  0.15286057    4.159548   95.921534      -2.646494   2.096975   0.607375
    25  0.19965722    5.432949  125.286900      -2.528026  -4.288178   0.665669
    26  0.23669994    6.440933  148.531582      -2.437979   0.621325  -1.339336
    27  0.10440268    2.840941   65.513726      -2.117317  -0.361514   2.893376
    28  0.24443542    6.651426  153.385669      -1.610736  -5.767254   0.161388
    29  0.20380328    5.545769  127.888593      -1.580714  -0.823481  -1.400677
    30  0.17988067    4.894802  112.876918      -1.455846   2.496760  -1.639098
    31  0.16142754    4.392667  101.297398      -1.518110   4.960693   1.098034
    32  0.18661521    5.078058  117.102908      -1.266847   0.926118   0.200761
    33  0.23635017    6.431415  148.312095      -0.941720  -2.428538   0.542543
    34  0.24455027    6.654551  153.457739      -0.817274  -2.602623  -1.067559
    35  0.10809947    2.941536   67.833500      -0.772296   2.063694   1.619854
    36  0.16916741    4.603279  106.154243      -0.411395  -0.552421   3.471181
    37  0.15951548    4.340637  100.097557      -0.261144   1.418635  -0.740739
    38  0.21003926    5.715459  131.801733      -0.151056  -4.963079   0.032282
    39  0.18163264    4.942476  113.976301      -0.110416  -0.686324   0.751948
    40  0.20183903    5.492319  126.656012       0.560820  -1.730541  -1.507027
    41  0.10133095    2.757355   63.586186       0.502848   2.696839   0.557859
    42  0.14490575    3.943086   90.929808       0.582501   0.517472   2.210320
    43  0.16803982    4.572596  105.446666       1.341578   0.108892  -0.200015
    44  0.23965502    6.521345  150.385919       1.454629  -3.270866  -0.776026
    45  0.26100061    7.102188  163.780495       1.471340  -4.809449   0.047105
    46  0.20028978    5.450162  125.683839       1.454707  -2.022277   0.969274
    47  0.02862894    0.779033   17.964947       1.498807   3.304747   3.499738
    48  0.11842827    3.222597   74.314923       1.856156   1.289083   0.967577
    49  0.25885825    7.043891  162.436143       2.147374  -3.860093  -2.179026
    50  0.15359359    4.179494   96.381516       2.522661   0.619223   0.707016
    51  0.05592428    1.521777   35.093047       2.645278   2.341151  -1.765509
    52  0.21858335    5.947956  137.163240       2.923182  -0.818946  -0.859538
    53  0.17303085    4.708409  108.578590       3.207550  -0.803969   1.670080
    54  0.23106219    6.287522  144.993838       3.228117  -1.892267   0.323455
    55  0.20229159    5.504634  126.939994       3.571338  -3.233544  -1.999065
    56  0.21173139    5.761504  132.863565       4.068460   0.959193   1.617435
    57  0.18121318    4.931061  113.713085       4.865931  -0.309382   1.074866
    58  0.17721085    4.822153  111.201583       4.882339   0.222158   0.825331
    59  0.23431402    6.376009  147.034389       5.291164  -2.967059  -2.257203
    60  0.18325289    4.986565  114.993020       5.266012  -1.244679  -1.731257
    61  0.18867086    5.133995  118.392848       5.311957   0.102195   2.281530
    62  0.18230174    4.960683  114.396167       5.555753  -1.681297  -1.469176
    63  0.20070457    5.461449  125.944124       5.925509  -1.369833  -3.014561
    64  0.12685438    3.451883   79.602395       6.972054   0.698223  -0.634217
    65  0.13163752    3.582039   82.603859       7.524506  -0.731809  -0.100787
    66  0.16604401    4.518287  104.194274       8.568028   1.271262   2.363952
    67  0.17115359    4.657326  107.400589       9.066128  -0.200482  -3.064660
    68  0.11881995    3.233255   74.560709       9.195853   0.993062   0.833446
    69  0.12098524    3.292176   75.919449       9.394546   0.357311  -1.546388
    70  0.16443663    4.474548  103.185630      10.353016   1.042354  -0.335872
