 Number of surface minima:    67
   #       a.u.         eV      kcal/mol           X/Y/Z coordinate(Angstrom)
     1  0.10163550    2.765643   63.777292      -7.965422   1.191538  -0.564299
     2  0.10536494    2.867126   66.117556      -7.891539   1.913297   1.221303
     3  0.08547480    2.325888   53.636293      -7.129141  -1.293834  -1.334382
     4  0.09895702    2.692757   62.096518      -7.021075   0.174900   3.187147
     5  0.08179453    2.225742   51.326884      -6.660744  -2.386896  -0.028056
     6  0.09177960    2.497450   57.592617      -6.598391  -1.544033   2.647519
     7  0.10231379    2.784100   64.202924      -5.434081  -0.520194   3.414552
     8  0.07537045    2.050934   47.295710      -5.372357  -1.785353  -1.154403
     9  0.16992578    4.623916  106.630126      -4.843690   2.519172   1.033413
    10  0.13384526    3.642115   83.989237      -4.254161   0.780048  -0.965817
    11  0.15427248    4.197968   96.807522      -4.248250   1.588172   1.560057
    12  0.16263931    4.425641  102.057795      -3.988095   0.663590   1.811177
    13  0.13298837    3.618797   83.451530      -3.921932  -0.202634  -0.686413
    14  0.14464852    3.936086   90.768395      -3.422501   1.479616  -1.179776
    15  0.15202624    4.136844   95.397983      -3.278390   4.900469  -0.534616
    16  0.03519607    0.957734   22.085885      -2.787658  -2.424897   0.747416
    17 -0.00309478   -0.084213   -1.942004      -2.633232  -3.270503  -1.724392
    18  0.14297505    3.890549   89.718272      -2.274681   1.325483  -1.218672
    19  0.14648311    3.986008   91.919614      -2.258480   3.974409  -1.945868
*   20 -0.00816225   -0.222106   -5.121894      -1.938117  -4.172063  -0.498344
    21  0.16374206    4.455648  102.749783      -1.741334   4.899087  -0.430036
    22  0.16648866    4.530387  104.473300      -1.573944   4.122003   2.227635
    23  0.01592564    0.433359    9.993496      -1.434167  -1.828306   1.444455
    24  0.15655373    4.260044   98.239030      -0.670949   2.854908   3.221270
    25  0.02165090    0.589151   13.586153      -0.240724   0.033591  -2.889515
    26  0.18640366    5.072302  116.970160      -0.127896   3.073485  -0.560891
    27  0.02158899    0.587466   13.547304       0.016860  -0.088111  -2.882723
    28  0.16073233    4.373749  100.861147      -0.038471   4.574241   2.691599
    29  0.16601255    4.517431  104.174536       0.274342   1.076596   1.182778
    30  0.07480994    2.035682   46.943986       0.528468  -0.781583   1.177643
    31  0.03606933    0.981496   22.633865       0.926203  -1.457257  -3.178069
    32  0.17923185    4.877147  112.469776       0.816617   3.704259  -0.280887
    33  0.03975610    1.081818   24.947348       1.153933  -3.830955  -1.806730
    34  0.17768142    4.834957  111.496865       1.364896   1.776837   1.430296
    35  0.06901562    1.878010   43.307989       1.475715  -0.101431  -2.653452
    36  0.17845668    4.856053  111.983351       1.710147   2.785178  -1.613315
    37  0.16963328    4.615956  106.446583       1.719769   3.576130  -0.813837
    38  0.12243226    3.331551   76.827469       1.844436  -0.916606  -0.798096
    39  0.18469509    5.025809  115.898014       1.870471   4.294658   0.239647
    40  0.17812117    4.846924  111.772817       2.509868   1.074139   0.236204
    41  0.03745584    1.019225   23.503912       2.605895  -3.232189  -3.659593
    42  0.17408110    4.736988  109.237629       2.527922   1.740190   0.922494
    43  0.18858542    5.131670  118.339239       2.570931   2.783760   1.629406
    44  0.12284494    3.342781   77.086428       2.700985  -1.846540   2.685521
    45  0.08184078    2.227001   51.355908       2.787091  -1.310400  -1.708621
    46  0.11903825    3.239195   74.697689       3.165143  -2.769246   2.504782
    47  0.11754486    3.198558   73.760578       3.140839   3.431661  -3.391918
    48  0.11749093    3.197091   73.726733       3.297880  -1.052774   3.480017
    49  0.13586994    3.697209   85.259746       4.026636  -0.853195   0.636530
    50  0.10947705    2.979022   68.697943       4.241729  -3.151694   2.997176
    51  0.11797785    3.210341   74.032281       4.154713  -1.386590   3.811593
    52  0.11419395    3.107375   71.657846       4.340224   4.466210  -2.803122
    53  0.12960765    3.526803   81.330093       4.379969  -1.839228   0.363262
    54  0.11182879    3.043016   70.173686       4.753118  -2.508012   3.626270
    55  0.12464025    3.391634   78.213006       4.775314   0.051701  -0.275490
    56  0.11164601    3.038042   70.058987       4.741116   2.664041  -3.310365
    57  0.12291823    3.344775   77.132420       4.924562   5.071914  -0.267458
    58  0.12180138    3.314384   76.431584       5.389689  -3.491656   3.282416
    59  0.11715715    3.188008   73.517283       5.583913  -2.206394   0.901119
    60  0.13286684    3.615491   83.375274       5.649517  -1.714246   4.285158
    61  0.12883259    3.505713   80.843737       5.555312  -0.379257   1.819995
    62  0.11532457    3.138141   72.367319       5.552821   0.932287  -1.736839
    63  0.12643799    3.440553   79.341104       5.552117   3.850795   1.034619
    64  0.11898737    3.237811   74.665762       6.056887  -1.457063   1.568249
    65  0.12072241    3.285024   75.754518       5.997617   1.225760   0.161203
    66  0.12644746    3.440810   79.347047       6.472944  -2.588837   1.481765
    67  0.13798938    3.754882   86.589717       6.758827  -0.913228   2.618621
 
 Number of surface maxima:    99
   #       a.u.         eV      kcal/mol           X/Y/Z coordinate(Angstrom)
     1  0.16246097    4.420788  101.945886      -8.629631   0.660924   0.754570
     2  0.15120910    4.114609   94.885220      -8.040288  -1.421660   0.134265
     3  0.15714371    4.276098   98.609250      -7.943020  -0.649458   2.358764
     4  0.12016003    3.269721   75.401623      -7.682547   2.321834   0.174603
     5  0.13731669    3.736577   86.167599      -7.245142  -0.218487   0.922503
     6  0.12781171    3.477933   80.203126      -7.033618   0.265653  -0.559509
     7  0.13522691    3.679711   84.856241      -6.873238   0.917600   1.820086
     8  0.09351434    2.544655   58.681184      -6.605178  -1.975512  -1.081423
     9  0.11987035    3.261838   75.219841      -6.481941  -1.295812   1.174301
    10  0.17492476    4.759945  109.767036      -6.598798   1.993666  -1.352568
    11  0.18204293    4.953640  114.233757      -6.426628   2.783760   1.495566
    12  0.10978123    2.987299   68.888819      -6.301314  -0.639910   3.414710
    13  0.15028571    4.089482   94.305788      -5.945995  -0.351925  -2.009356
    14  0.17256576    4.695753  108.286741      -5.638609   1.255752   3.209645
    15  0.17170330    4.672284  107.745539      -5.400548   1.474143  -0.415536
    16  0.17774750    4.836755  111.538331      -5.301249   1.841322   0.860542
    17  0.23357661    6.355943  146.571659      -5.355465   3.180643  -0.312405
    18  0.13574535    3.693819   85.181563      -5.166786  -2.514352   0.252867
    19  0.15328964    4.171223   96.190780      -4.910493  -1.687279   2.638914
    20  0.17242471    4.691915  108.198233      -4.485120  -0.913204   0.111616
    21  0.20298569    5.523522  127.375553      -3.846012   3.376968  -0.093206
    22  0.21022134    5.720413  131.915992      -3.788039   4.137700  -1.819089
    23  0.05284584    1.438009   33.161296      -3.641183  -1.594877  -2.563404
    24  0.20015709    5.446551  125.600576      -2.893813  -0.367427   1.864780
    25  0.21599055    5.877402  135.536229      -2.984639   0.734659  -0.486512
    26  0.23873208    6.496230  149.806768      -2.919952   1.120028   1.089507
    27  0.16565947    4.507823  103.952975      -2.523069  -1.239007   0.053415
    28  0.22540768    6.133655  141.445572      -2.553620   4.839777   0.972721
    29  0.16786422    4.567818  105.336479      -2.194385   4.964564  -0.818707
    30  0.22740528    6.188012  142.699089      -2.057637   2.623860   2.341347
    31  0.11186969    3.044129   70.199352      -1.835130  -1.967487  -0.144548
    32  0.16101378    4.381408  101.037759      -1.515105  -0.391303  -0.834425
    33  0.20896946    5.686348  131.130427      -1.182782   2.519172  -0.782696
    34  0.23448935    6.380780  147.144411      -1.202019   2.790620   0.515348
    35  0.21343547    5.807874  133.932891      -1.004130   1.857700   1.361703
    36  0.10667087    2.902662   66.937039      -0.896465  -3.009133  -1.588823
    37  0.17338632    4.718082  108.801647      -0.934554   4.105391   2.881273
    38  0.03864421    1.051562   24.249627      -0.671015  -4.896654   1.038962
    39  0.22637599    6.160004  142.053198      -0.708059   3.833774  -1.242796
    40  0.22886158    6.227640  143.612928      -0.769009   5.165058   1.332235
    41  0.12448978    3.387539   78.118580      -0.563877  -1.185069  -2.325133
    42  0.13439275    3.657013   84.332793      -0.328252  -3.572820  -3.478123
    43  0.14254644    3.878886   89.449318      -0.137222  -1.843690   0.778149
    44  0.18286811    4.976094  114.751567       0.189757  -0.192068  -0.090296
    45  0.24989696    6.800042  156.812842       0.784289   2.445253  -0.818707
    46  0.22527750    6.130113  141.363884       0.846274   3.475768   3.344401
    47  0.15651328    4.258943   98.213649       0.984441  -2.704742  -0.353966
    48  0.16048178    4.366931  100.703919       1.041753  -1.046138  -1.210631
    49  0.21737307    5.915022  136.403778       0.977055   3.902588   1.490768
    50  0.21297584    5.795367  133.644471       1.179107   1.596394  -2.274566
    51  0.24380378    6.634238  152.989310       1.229760   1.328523   0.288236
    52  0.07729556    2.103319   48.503737       1.415772  -3.309837  -3.381684
    53  0.17978458    4.892187  112.816624       1.586010  -2.594458   1.553639
    54  0.20784210    5.655671  130.422995       1.580386   0.012990  -0.951751
    55  0.17115161    4.657272  107.399350       1.972496  -1.045617   1.570651
    56  0.23139319    6.296529  145.201543       2.108362   0.797073   1.833642
    57  0.20640778    5.616641  129.522944       2.214665   2.061985  -2.141650
    58  0.19306355    5.253526  121.149307       2.371820  -3.891258  -0.051465
    59  0.20711200    5.635804  129.964853       2.305924   0.270169  -0.664666
    60  0.20725531    5.639704  130.054779       2.517634   0.399965  -0.675172
*   61  0.25218677    6.862351  158.249717       2.473889   4.226122   1.664027
    62  0.17812050    4.846905  111.772393       2.559742  -0.732558   0.636530
    63  0.20690657    5.630214  129.835940       2.551689   2.037569  -2.009356
    64  0.17799835    4.843581  111.695742       2.780418  -1.574159  -0.429458
    65  0.19637528    5.343643  123.227450       2.744973   3.794141  -0.038788
    66  0.18626914    5.068641  116.885746       2.768703   4.701456  -2.306761
    67  0.11416623    3.106621   71.640451       3.055736   0.118788  -2.811941
    68  0.18562184    5.051027  116.479559       3.165586  -3.227261   0.446458
    69  0.20841337    5.671216  130.781474       3.051811   0.943035  -0.939070
    70  0.20227760    5.504253  126.931218       3.170215   1.593112  -1.618082
    71  0.19898153    5.414563  124.862901       3.109969   2.886619   0.845502
    72  0.19852834    5.402231  124.578520       3.228008   1.390945  -1.480179
    73  0.19774203    5.380834  124.085099       3.288854   5.323924  -0.010759
    74  0.18107036    4.927175  113.623463       3.430175   0.730616   2.552215
    75  0.17494821    4.760583  109.781752       3.323400   1.872839  -3.440045
    76  0.16905055    4.600099  106.080911       3.913950  -1.891942   2.753239
    77  0.12565240    3.419176   78.848135       3.970728   3.720675  -3.440169
    78  0.20480956    5.573152  128.520047       4.195292  -4.417356   0.579306
    79  0.17825675    4.850613  111.857892       4.115108  -1.033138  -3.454632
    80  0.17785127    4.839579  111.603450       4.249701   0.010576  -1.741866
    81  0.20525529    5.585281  128.799750       4.240132   3.182997   1.957713
    82  0.15360836    4.179896   96.390782       4.352383   4.236379  -1.205152
    83  0.18347981    4.992740  115.135416       4.378466  -3.554029  -1.592131
    84  0.21897833    5.958703  137.411089       4.498038   1.338456   3.687864
    85  0.19039945    5.181032  119.477557       4.620823   1.034314   1.240448
    86  0.17436371    4.744678  109.414970       4.663797  -1.274389   1.456747
    87  0.14625440    3.979785   91.776101       4.771570   2.023162  -1.980164
    88  0.14026608    3.816834   88.018365       4.860961   4.712375   0.977613
    89  0.15732262    4.280966   98.721517       5.076553   2.504892   0.392674
    90  0.15611370    4.248070   97.962910       5.282295  -3.778173   1.483077
    91  0.16092040    4.378867  100.979163       5.218209   3.019646  -1.083296
    92  0.16545374    4.502225  103.823877       5.548501   0.006228   3.679597
    93  0.13252097    3.606079   83.158232       5.567169   0.395987  -0.412556
    94  0.17572942    4.781841  110.271967       5.753519   3.683042  -2.552862
    95  0.18288706    4.976610  114.763460       6.221143   4.113388  -0.288225
    96  0.15578070    4.239008   97.753948       6.518138  -2.243423   3.168639
    97  0.17799036    4.843364  111.690732       6.535397   2.052448  -1.083296
    98  0.19551364    5.320197  122.686763       6.737532  -3.777373   2.518119
    99  0.20304322    5.525087  127.411652       6.943838  -0.934289   4.046879
