 Number of surface minima:    78
   #       a.u.         eV      kcal/mol           X/Y/Z coordinate(Angstrom)
     1  0.10320611    2.808381   64.762866      -8.126779  -1.398620   1.619039
     2  0.10105312    2.749795   63.411840      -7.825876  -1.884261  -0.536616
     3  0.08446302    2.298356   53.001392      -7.486346  -0.058403   1.633706
     4  0.08079523    2.198550   50.699814      -7.068424  -0.647373  -0.914388
     5  0.08545631    2.325385   53.624691      -7.060583   0.740459   1.533289
     6  0.08180617    2.226059   51.334189      -6.789766  -1.099537   1.948974
     7  0.08180540    2.226038   51.333707      -6.671542   0.183176  -1.048059
     8  0.07727162    2.102668   48.488716      -5.745481  -1.214203   2.123192
     9  0.09653643    2.626890   60.577575      -5.743534   0.741750   1.675208
    10  0.06498962    1.768457   40.781636      -5.330167  -1.751639  -0.449260
    11  0.09251361    2.517423   58.053217      -5.231161  -0.055926   1.908875
    12  0.06920331    1.883118   43.425769      -4.554833  -0.796860  -0.534697
    13  0.09070703    2.468264   56.919569      -4.412782  -1.373599   2.068062
    14  0.14960521    4.070965   93.878762      -4.037875   2.182318   1.518175
    15  0.05873110    1.598155   36.854355      -3.819804  -1.433089  -0.112572
    16  0.07540719    2.051934   47.318764      -3.524386   1.400258  -1.662277
    17  0.11849774    3.224488   74.358519      -3.474982   1.947655  -0.670279
    18  0.01855781    0.504984   11.645209      -3.099595  -2.697294  -0.652775
    19  0.10004263    2.722298   62.777751      -3.088093   2.339125  -0.700236
*   20  0.01081846    0.294385    6.788694      -2.681691  -0.712880  -2.788872
    21  0.05091276    1.385407   31.948263      -2.420902   0.080886   1.702826
    22  0.05297494    1.441522   33.242308      -2.173535   2.792329  -3.295635
    23  0.10048686    2.734387   63.056511      -2.173535   3.255949   1.853753
    24  0.02730781    0.743083   17.135921      -2.148460  -2.679599   1.020106
    25  0.03304718    0.899259   20.737435      -2.138677   0.496550  -2.535447
    26  0.05316262    1.446628   33.360075      -1.937191   1.133395   1.652461
    27  0.09174121    2.496405   57.568527      -1.910386   1.799897   0.080248
    28  0.10450655    2.843768   65.578903      -2.023276   4.996374   0.493461
    29  0.05691417    1.548713   35.714212      -1.839285  -4.082870  -1.267988
    30  0.09615942    2.616631   60.340995      -1.523576   2.851366  -0.326234
    31  0.07419082    2.018835   46.555480      -1.206564  -5.566858  -0.162244
    32  0.05617306    1.528547   35.249154      -1.141835  -3.629826   0.570237
    33  0.02586932    0.703940   16.233259      -1.131039  -0.590545   2.712872
    34  0.09686518    2.635836   60.783871      -0.982886   2.112125   1.004520
    35  0.07682949    2.090637   48.211271      -1.053330   2.524034  -0.918043
    36  0.09108287    2.478491   57.155412      -0.793255   2.784109   3.518112
    37  0.06714783    1.827185   42.135935      -0.684155  -3.479782  -3.210509
    38  0.04157042    1.131189   26.085856      -0.589773  -1.904453  -1.643600
    39  0.10746320    2.924222   67.434233      -0.173904   6.448560   1.019350
    40  0.02524696    0.687005   15.842723       0.047794   0.290132   2.062875
    41  0.03790144    1.031351   23.783532       0.182910  -1.120094  -2.343860
    42  0.12698609    3.455467   79.685043       0.613078   3.261397  -1.108706
    43  0.09759613    2.655726   61.242547       0.792892   2.121253   3.441770
    44  0.09952649    2.708253   62.453866       0.838513   3.906283   3.859403
    45  0.09370137    2.549744   58.798546       1.019921  -6.505577  -0.961367
    46  0.10804017    2.939922   67.796286       1.015731  -3.220464   1.131175
    47  0.10672963    2.904261   66.973912       1.072234   5.972541   2.398169
    48  0.08473706    2.305813   53.173355       1.266117  -3.844091  -3.846517
    49  0.11845292    3.223268   74.330390       1.416972   6.302653   0.757170
    50  0.13895953    3.781281   87.198497       1.657834   3.122284  -1.908532
    51  0.12192078    3.317633   76.506510       1.795294  -2.898960   1.861209
    52  0.12900439    3.510388   80.951544       1.684435  -0.700653   1.660491
    53  0.09459006    2.573926   59.356209       2.192177  -5.691642  -2.519004
    54  0.13039135    3.548129   81.821878       2.206623  -1.631529   2.190320
    55  0.14517080    3.950298   91.096130       2.298923   1.788647  -2.219640
    56  0.14433904    3.927665   90.574193       2.432083   3.382239   0.859778
    57  0.15436814    4.200571   96.867550       2.709755   4.310395   0.337575
    58  0.10680570    2.906331   67.021647       2.783848  -6.004652  -0.917400
    59  0.13595428    3.699504   85.312668       2.974606  -3.215321  -0.688688
    60  0.14458328    3.934311   90.727457       3.250531  -4.115489  -0.149086
    61  0.15051577    4.095742   94.450151       3.360003   3.377007   0.029648
    62  0.10970017    2.985093   68.837951       3.458127  -0.240696   3.328824
    63  0.10567885    2.875668   66.314537       3.647414  -2.404127   3.707925
    64  0.11201600    3.048110   70.291162       3.588863   2.831764  -3.493486
    65  0.14320586    3.896830   89.863111       3.779708  -2.987962   0.155615
    66  0.11402529    3.102786   71.552009       3.714513   0.580046  -3.161799
    67  0.11659143    3.172614   73.162287       3.908850  -1.105121   3.792277
    68  0.15723899    4.278690   98.669038       3.862871   2.306126  -0.235261
    69  0.12093627    3.290843   75.888719       3.993682   1.644251  -3.544101
    70  0.11744290    3.195784   73.696596       5.200213   3.248280  -1.395865
    71  0.11793944    3.209295   74.008178       5.357972  -0.300874   1.430549
    72  0.11965093    3.255867   75.082156       5.305935   0.977189  -1.041199
    73  0.11326331    3.082051   71.073861       5.514382  -2.556589   1.793789
    74  0.12323875    3.353497   77.333547       5.753639  -1.363402   1.955893
    75  0.12546434    3.414058   78.730127       5.680917   2.088681  -1.592277
    76  0.13336084    3.628933   83.685262       6.024545  -0.049474   2.329144
    77  0.13287564    3.615730   83.380790       5.993653   3.249508  -2.325983
    78  0.13445959    3.658831   84.374736       6.120132   0.846323  -1.918604
 
 Number of surface maxima:    93
   #       a.u.         eV      kcal/mol           X/Y/Z coordinate(Angstrom)
     1  0.17208932    4.682789  107.987771      -8.974637  -2.045315   0.572238
     2  0.17505441    4.763473  109.848396      -8.983578   1.139240  -0.213613
     3  0.12788667    3.479973   80.250166      -8.641617  -0.438073   0.219434
     4  0.12368072    3.365524   77.610890      -7.407151  -2.506844   0.872226
     5  0.13533147    3.682557   84.921854      -6.269755  -0.179774   1.275507
     6  0.16463721    4.480006  103.311493      -6.116096  -3.571124   1.269109
     7  0.19432833    5.287943  121.942971      -6.167750   2.816750  -0.199486
     8  0.13008627    3.539827   81.630436      -6.098708  -0.563685  -0.266034
     9  0.11298489    3.074475   70.899151      -4.912862  -2.432706   1.175668
    10  0.16816224    4.575927  105.523488      -4.571882   2.190505  -3.238554
    11  0.20130286    5.477729  126.319558      -4.125714   3.031935   0.501015
    12  0.17242794    4.692003  108.200256      -3.792295   1.392730   1.748487
    13  0.12807888    3.485204   80.370780      -3.624103  -0.318598   0.340420
    14  0.04361652    1.186866   27.369805      -3.576240  -2.247879  -2.250305
    15  0.13623687    3.707194   85.489995      -3.474106  -2.046884   1.275595
    16  0.18647520    5.074248  117.015054      -3.244594   4.381739  -1.269388
    17  0.11935467    3.247806   74.896248      -2.579689  -0.851847   0.365724
    18  0.14338875    3.901806   89.977876      -2.570418   0.402864  -0.847600
    19  0.14605106    3.974251   91.648500      -2.581557   2.456911   0.732462
    20  0.12399312    3.374024   77.806922      -2.601435   3.777017   0.457728
    21  0.16322702    4.441633  102.426587      -2.289388   4.832531   2.056999
    22  0.07954416    2.164507   49.914754      -1.686632  -4.833969  -0.065584
    23  0.11798103    3.210427   74.034276      -1.515542   2.039409   0.323683
    24  0.16707604    4.546370  104.841886      -1.507996   4.450987  -0.966330
    25  0.13906333    3.784106   87.263628      -1.378468   0.358445   1.270899
    26  0.12597616    3.427986   79.051301      -1.226650   1.430545   0.094280
    27  0.13589426    3.697871   85.275010      -1.206172  -5.719859  -1.736251
    28  0.09839453    2.677451   61.743550      -1.150407  -2.622584  -0.464497
    29  0.06688970    1.820161   41.973954      -1.110517  -2.556554   2.589696
    30  0.12472420    3.393918   78.265682      -1.115181   3.520538   2.241432
    31  0.12264180    3.337253   76.958955      -1.005602  -1.806599  -0.326242
    32  0.13430806    3.654708   84.279653      -0.840250  -0.572001  -1.759270
    33  0.13478630    3.667722   84.579749      -0.718298   5.163933   0.739932
    34  0.16038475    4.364291  100.643035      -0.598100   4.559190   3.724531
    35  0.14180419    3.858688   88.983550      -0.586004   4.636843   2.120825
    36  0.11520874    3.134989   72.294640      -0.586081  -2.037199  -2.963258
    37  0.13889735    3.779589   87.159473      -0.447175   1.544133   2.991775
    38  0.16765513    4.562128  105.205268      -0.434262   6.201458   2.490669
    39  0.14123678    3.843248   88.627490      -0.191757  -5.073949   1.135342
    40  0.16812877    4.575017  105.502486      -0.215264   2.323330   0.195427
    41  0.14232264    3.872796   89.308881       0.189434  -4.954513  -3.642292
    42  0.15339351    4.174050   96.255962       0.182107  -2.571925  -0.334630
    43  0.12185852    3.315939   76.467441       0.227225  -4.935892  -2.029308
    44  0.16559256    4.506003  103.910986       0.323229  -0.720749   0.472187
    45  0.18250294    4.966158  114.522420       0.324108   0.603785  -0.612531
    46  0.11476943    3.123035   72.018966       0.390545  -5.557281  -0.715306
    47  0.10845178    2.951123   68.054577       0.475490   2.861421   3.927443
    48  0.17803285    4.844520  111.717396       0.500606   5.927974  -0.545928
    49  0.09164208    2.493708   57.506322       0.604596  -3.093920  -3.890418
    50  0.18647963    5.074369  117.017834       0.503622   1.153475  -2.551112
    51  0.17257277    4.695944  108.291138       0.733203   4.317036  -0.189116
    52  0.15274870    4.156503   95.851336       0.799766  -6.376774  -2.504599
    53  0.13482958    3.668899   84.606907       0.901113   4.599645   2.503685
    54  0.12177848    3.313761   76.417211       1.062994   6.492478   1.167402
    55  0.16236203    4.418095  101.883795       1.447410  -4.368121   0.210754
    56  0.16779651    4.565975  105.293986       1.514215  -2.307518  -1.534245
    57  0.21233367    5.777893  133.241502       1.512996   2.055958  -1.016319
    58  0.19529559    5.314263  122.549939       1.649351  -1.897635   1.020082
    59  0.16283181    4.430879  102.178591       1.668384   3.788873   1.270417
    60  0.16816434    4.575984  105.524804       1.887512  -6.007443   0.467295
    61  0.16298232    4.434975  102.273038       1.845142   4.203434   0.789779
    62  0.17295262    4.706280  108.529499       2.165637   3.249106   3.105706
    63  0.22526567    6.129791  141.356463       2.175711   5.344311  -0.723469
    64  0.11045673    3.005681   69.312704       2.421672  -6.311860  -1.252612
    65  0.16136186    4.390880  101.256181       2.333832  -2.689843  -3.085886
    66  0.22020429    5.992063  138.180393       2.389350   2.130179   0.343049
    67  0.14946525    4.067156   93.790938       2.589060  -4.037602  -0.627323
    68  0.17806065    4.845277  111.734838       2.466806   5.380779   1.675677
    69  0.20281037    5.518751  127.265534       2.707897  -0.340165  -1.035545
    70  0.20020712    5.447913  125.631971       2.598547   0.609507   1.136067
    71  0.21595248    5.876366  135.512342       2.831219  -5.111375   0.994598
    72  0.21604250    5.878816  135.568832       2.744121  -1.888055  -0.193235
    73  0.18929009    5.150845  118.781425       2.973547   4.313029  -1.350728
    74  0.18103937    4.926332  113.604014       3.382825  -3.964719   1.665992
    75  0.17283161    4.702987  108.453563       3.382825  -1.360629   2.617517
    76  0.20205805    5.498279  126.793445       3.382825   0.146924   0.046535
    77  0.18065066    4.915754  113.360096       3.383283   1.802644  -2.434889
    78  0.16808924    4.573941  105.477679       3.434657  -4.762172  -1.745166
*   79  0.22640663    6.160838  142.072422       3.620071   1.748501   1.519909
    80  0.21191968    5.766628  132.981721       3.746463   5.189509  -2.316339
    81  0.22448202    6.108466  140.864710       4.013845  -1.303090  -1.376777
    82  0.20567669    5.596747  129.064177       4.314037  -4.672778   2.721766
    83  0.18513951    5.037902  116.176896       4.346422   2.083836  -1.206947
    84  0.17981594    4.893041  112.836299       4.475618  -1.489934   1.412035
    85  0.16040871    4.364943  100.658071       4.810675   4.015981  -2.970932
    86  0.16760146    4.560668  105.171594       4.981968  -0.323143  -2.170574
    87  0.15601956    4.245508   97.903832       5.167690  -3.358766   3.276041
    88  0.15732471    4.281023   98.722830       5.841396  -0.977469   3.727679
    89  0.20336698    5.533897  127.614812       5.895664   0.742203   3.649975
    90  0.15921592    4.332485   99.909581       5.908971   1.805380  -3.356115
    91  0.20039032    5.452898  125.746927       6.100164   3.327401  -3.890369
    92  0.19782678    5.383141  124.138285       6.263030  -2.436933   4.286993
    93  0.20352798    5.538278  127.715844       6.168111   0.085814  -3.360780
