 Number of surface minima:    63
   #       a.u.         eV      kcal/mol           X/Y/Z coordinate(Angstrom)
     1  0.11226163    3.054794   70.445295      -8.241477  -0.349195   1.938680
     2  0.11198201    3.047185   70.269830      -8.233391   1.629795   0.958964
     3  0.09245445    2.515814   58.016094      -7.125456  -0.953001   1.139936
     4  0.09198257    2.502973   57.719984      -7.073602   1.456949   0.023915
     5  0.09595885    2.611173   60.215136      -6.886746  -0.440028   2.303483
     6  0.09553714    2.599698   59.950511      -6.815703   1.971195   1.214564
     7  0.08692090    2.365238   54.543733      -6.387670  -1.277622   0.426161
     8  0.08563230    2.330173   53.735123      -6.360709   1.163418  -0.637556
     9  0.09936974    2.703988   62.355503      -5.967815  -0.300650   2.669801
    10  0.09890902    2.691451   62.066401      -5.965535   2.086900   1.479152
    11  0.09969925    2.712955   62.562275      -5.490007  -1.449713  -0.516072
    12  0.09834776    2.676179   61.714205      -5.354798   0.524677  -1.431322
    13  0.10086372    2.744641   63.292995      -5.197001  -1.148414   0.694245
    14  0.09874506    2.686990   61.963510      -5.192751   1.253150  -0.365701
    15  0.10849075    2.952183   68.079031      -5.066414   1.697786   0.685387
    16  0.10909982    2.968757   68.461226      -5.007955  -0.687620   1.743741
    17  0.10083490    2.743857   63.274906      -4.356727  -0.458086  -1.020000
    18  0.00990443    0.269513    6.215129      -3.430685  -0.725029  -1.647714
    19  0.10044258    2.733182   63.028723      -3.254178  -1.544963   1.458569
    20  0.04067828    1.106912   25.526028      -2.358615  -2.800874  -0.046466
    21  0.05531388    1.505167   34.710011      -1.915221  -3.560746   2.130986
*   22 -0.01873629   -0.509840  -11.757207      -1.896374  -1.009973  -3.815601
    23  0.09816789    2.671284   61.601330      -1.965155  -0.819883   2.036818
    24  0.08684430    2.363153   54.495664      -2.013890   2.565103  -0.768778
    25 -0.00924481   -0.251564   -5.801209      -1.574099   0.232644  -3.627663
    26  0.09860157    2.683085   61.873473      -1.538310   1.106042   0.268435
    27  0.06103076    1.660731   38.297411      -0.298558  -0.341098   1.490553
    28  0.07302831    1.987201   45.825997      -0.294961  -1.535337   1.349036
    29  0.12619362    3.433903   79.187757       0.243518   2.973679  -1.273547
    30  0.05109705    1.390421   32.063909       0.496061  -2.859289  -2.616183
    31  0.00854070    0.232404    5.359377       0.730070  -1.415661  -2.793978
    32  0.16133881    4.390252  101.241716       0.846969   3.472871   1.281144
    33  0.16982763    4.621245  106.568535       1.003246   4.525938   0.928962
    34  0.14595253    3.971570   91.586674       1.464518  -3.343454   0.553092
    35  0.16240668    4.419311  101.911817       1.618590  -0.906742   1.611447
    36  0.14712000    4.003339   92.319271       2.054676   1.361206  -1.471193
    37  0.10265126    2.793283   64.414695       2.209773  -5.054425  -1.695911
    38  0.15645641    4.257395   98.177962       2.101126  -2.990412   1.499096
    39  0.16255187    4.423261  102.002922       2.209773  -1.804433   2.070984
    40  0.16619054    4.522275  104.286225       2.179778   3.818291   0.884044
    41  0.14857618    4.042963   93.233038       2.266060   2.455794  -1.639624
    42  0.13493712    3.671826   84.674390       2.882512  -0.479437   3.587979
    43  0.15556119    4.233035   97.616204       3.516935  -2.738036  -1.013628
    44  0.13066486    3.555572   81.993509       3.450292  -2.548328   3.595861
    45  0.14132204    3.845568   88.680994       3.456604  -1.351368   3.992744
    46  0.15093986    4.107282   94.716270       3.665010  -0.060946   4.438773
    47  0.12060000    3.281693   75.677704       3.663563   4.015379  -2.225417
    48  0.16694157    4.542711  104.757502       3.920859  -3.648359  -0.484049
    49  0.16637890    4.527400  104.404423       4.274073  -2.490442   0.156209
    50  0.14765066    4.017779   92.652265       4.321105  -2.481807   4.404855
    51  0.12263372    3.337033   76.953886       4.303145   1.890344  -2.133090
    52  0.13070775    3.556739   82.020419       4.433632   3.080033  -2.269494
    53  0.13104225    3.565841   82.230323       4.375062   4.303682   0.337083
    54  0.13911366    3.785475   87.295214       4.872643   4.428946  -2.334492
    55  0.14105696    3.838355   88.514652       4.987953   0.179982   2.064494
    56  0.13714070    3.731788   86.057164       5.002204   2.176671   0.441225
    57  0.14119433    3.842093   88.600857       5.185127   3.323049   0.221089
    58  0.15368546    4.181994   96.439164       5.458755   0.386195   3.198978
    59  0.14501811    3.946143   91.000314       5.417469   4.706566  -0.226521
    60  0.13494332    3.671994   84.678281       5.635391  -2.062634   2.145915
    61  0.14579195    3.967201   91.485906       5.562124  -0.833379   2.537507
    62  0.14981579    4.076695   94.010908       6.089725  -2.034323   3.230986
    63  0.14888353    4.051327   93.425904       6.136319   2.424392  -0.125861
 
 Number of surface maxima:    65
   #       a.u.         eV      kcal/mol           X/Y/Z coordinate(Angstrom)
     1  0.18093958    4.923616  113.541396      -9.215088   0.828290   1.711887
     2  0.13327059    3.626477   83.628627      -8.454727   0.203888   0.472136
     3  0.17272569    4.700105  108.387098      -8.326256  -0.459770  -1.119219
     4  0.13904850    3.783702   87.254323      -7.844594   1.168449   2.599914
     5  0.18738335    5.098960  117.584924      -6.949819   1.711353   3.936584
     6  0.12540519    3.412449   78.693009      -6.670964  -0.496471  -1.176847
     7  0.14725196    4.006930   92.402079      -5.972690  -0.302426   1.346858
     8  0.14694373    3.998542   92.208662      -5.992474   1.161687   0.685387
     9  0.15079257    4.103274   94.623844      -5.406440   1.427487   3.255834
    10  0.15809963    4.302110   99.209096      -5.186203  -0.864652  -1.825974
    11  0.17685274    4.812408  110.976862      -4.221730  -2.679575   2.430540
    12  0.20950668    5.700967  131.467537      -3.745148   1.369843   3.198109
    13  0.15711292    4.275260   98.589931      -3.358010  -1.029952   0.943614
    14  0.18424850    5.013657  115.617774      -3.420221   0.900115   1.802402
    15  0.17916669    4.875374  112.428890      -3.186575   1.428005   0.288504
    16  0.19204507    5.225812  120.510202      -2.771409   3.378929   0.963050
    17  0.10611900    2.887645   66.590737      -2.341438  -1.691858  -0.912387
    18  0.10305735    2.804333   64.669515      -2.316604  -0.352716  -1.981980
    19  0.02889455    0.786261   18.131618      -2.222160  -3.061302  -3.680325
    20  0.21140008    5.752489  132.655666      -2.234069   0.763323   1.930199
    21  0.18914058    5.146777  118.687603      -1.707675  -1.517678   4.044125
    22  0.19329294    5.259768  121.293255      -1.655265  -0.491334   0.378038
    23  0.14398179    3.917944   90.350013      -1.626156   0.710429  -0.504060
    24  0.06001581    1.633113   37.660520      -0.858954   2.373769  -3.018854
    25  0.17587581    4.785824  110.363828      -0.829328   1.769039  -0.372265
    26  0.20648052    5.618621  129.568591      -0.286111   1.914023   1.242156
    27  0.11516859    3.133897   72.269440      -0.303540  -0.746203  -2.486898
    28  0.19309393    5.254353  121.168372      -0.113173   4.148811   0.553092
    29  0.17603505    4.790157  110.463756       0.038950  -3.656553  -0.272189
    30  0.17432466    4.743615  109.390466       0.330684  -1.010667  -0.033578
    31  0.16398242    4.462188  102.900606       0.357653   0.475268  -0.976093
    32  0.24083543    6.553465  151.126641       0.594887   5.431989  -0.117709
    33  0.18771606    5.108014  117.793707       0.689872  -2.530568  -0.801626
    34  0.16116851    4.385618  101.134852       1.190606  -4.695640  -2.836897
    35  0.22664505    6.167325  142.222035       1.252095   2.164396  -0.835622
*   36  0.24836721    6.758415  155.852908       1.554650   2.299427   0.686204
    37  0.23636207    6.431739  148.319562       1.853590  -1.921102   0.685387
    38  0.20361671    5.540692  127.771520       1.918122   4.808319  -0.392297
    39  0.18691648    5.086256  117.291961       2.202326  -4.187335  -0.373400
    40  0.22467717    6.113777  140.987173       2.226366   0.599627   1.378555
    41  0.18623082    5.067598  116.861701       2.353547  -2.055468  -1.812077
    42  0.18745075    5.100794  117.627219       2.599686  -4.196331  -0.642551
    43  0.18738724    5.099066  117.587370       2.871245  -4.000251  -0.848960
    44  0.24497195    6.666026  153.722348       2.871245   1.817185   2.166127
    45  0.22083906    6.009336  138.578718       2.871245   6.060095  -0.872174
    46  0.24572880    6.686621  154.197277       3.078319  -1.568039  -0.240674
    47  0.21864880    5.949736  137.204310       3.075368   0.251811  -0.637556
    48  0.20150649    5.483271  126.447340       3.194015  -1.512227   2.669801
    49  0.23044074    6.270611  144.603870       3.185665   0.597600   0.602924
    50  0.19145028    5.209627  120.136966       3.512332   2.818021  -1.465909
    51  0.24191061    6.582723  151.801329       3.599578  -4.847202   0.390713
    52  0.20760405    5.649194  130.273618       3.835597  -3.740436   1.369735
    53  0.18772482    5.108252  117.799201       3.833211   1.027413   3.213457
    54  0.20262708    5.513763  127.150517       3.837662   2.977424   0.064272
    55  0.17072496    4.645663  107.131622       4.304170   5.290279  -1.179049
    56  0.20709095    5.635231  129.951644       4.458776  -1.142961   1.817027
    57  0.23911027    6.506521  150.044088       4.591071  -0.269043  -0.532570
    58  0.22481630    6.117562  141.074473       4.705088  -4.477539   2.398554
    59  0.22163139    6.030897  139.075913       4.876082   0.845559   4.524085
    60  0.17641591    4.800521  110.702747       5.178506  -3.127376   3.389530
    61  0.17734072    4.825686  111.283073       5.185305  -0.813316   4.322389
    62  0.21601021    5.877937  135.548568       5.829221  -2.307071   4.701717
    63  0.21000609    5.714556  131.780921       5.972378   5.133236  -1.563617
    64  0.17066170    4.643941  107.091922       6.071037   3.504611  -1.282764
    65  0.21461398    5.839943  134.672418       6.800529   2.021403  -1.452578
