 Number of surface minima:    63
   #       a.u.         eV      kcal/mol           X/Y/Z coordinate(Angstrom)
     1  0.08049975    2.190510   50.514396      -8.435808  -1.838554  -0.140795
     2  0.07764890    2.112934   48.725462      -8.310565  -0.906202   0.595869
     3  0.08101389    2.204500   50.837027      -7.985016  -0.197114  -2.192549
     4  0.07730508    2.103578   48.509711      -7.896686   0.669316  -1.513769
     5  0.08876862    2.415517   55.703197      -7.582595  -2.308284  -0.340429
     6  0.07919508    2.155008   49.695704      -7.245159  -0.576877   1.053542
     7  0.08736086    2.377210   54.819811      -7.107633  -0.766233  -2.462908
     8  0.07919296    2.154950   49.694373      -6.838574   1.075092  -1.007186
     9  0.08345973    2.271055   52.371818      -4.694661   1.601098  -0.986044
    10  0.16348172    4.448564  102.586411      -4.591677  -2.890659   0.595826
    11  0.18199681    4.952385  114.204818      -4.194045  -3.279247  -1.526949
    12  0.14551716    3.959723   91.313471      -4.223405  -1.714388   0.818107
    13  0.14647404    3.985761   91.913926      -3.969969  -0.659463   0.800746
    14  0.16717216    4.548986  104.902199      -3.938125  -1.836501  -1.795029
    15  0.06470389    1.760682   40.602335      -3.306371   1.931692   0.122460
    16  0.15247066    4.148938   95.676865      -3.176714  -2.511867   0.932112
    17  0.17383039    4.730165  109.080306      -3.034623  -2.640765  -1.698726
    18  0.06474772    1.761875   40.629839      -3.074836   1.997981  -0.138935
    19  0.15729272    4.280153   98.702755      -2.191025  -2.213917   1.017510
    20 -0.00781631   -0.212693   -4.904813      -1.757014   1.532883   3.692479
    21  0.04669477    1.270629   29.301436      -1.802864   1.755062  -0.718689
    22  0.04858208    1.321986   30.485744      -1.797438   3.078436  -0.588484
    23  0.04563146    1.241695   28.634196      -0.762738   5.243215  -0.765568
*   24 -0.01761344   -0.479286  -11.052612      -0.498150   2.047400   4.074701
    25  0.11187856    3.044370   70.204913      -0.132189   2.857658  -1.597461
    26  0.18902342    5.143589  118.614084       0.172242  -3.298277   0.336817
    27  0.01283915    0.349371    8.056696       0.278908  -0.390498   2.938305
    28  0.02998105    0.815826   18.813407       0.180701   3.990756   1.118401
    29  0.19154498    5.212204  120.196393       0.573273  -1.446519  -1.509960
    30  0.18027590    4.905557  113.124928       1.110112  -3.830303  -0.041993
    31  0.09748944    2.652823   61.175598       1.093200   3.590208  -0.469807
    32  0.18480954    5.028923  115.969834       1.461032  -1.894536  -1.795666
    33  0.05058791    1.376567   31.744422       1.883148   0.077202   2.633681
    34  0.03668413    0.998226   23.019657       1.859010   1.939380   1.320796
    35  0.19298384    5.251357  121.099288       2.248977  -4.280932  -0.666099
    36  0.17554865    4.776922  110.158531       2.261680  -3.465523   0.585631
    37  0.12541368    3.412680   78.698336       2.662610   3.167043  -2.198239
    38  0.17934246    4.880156  112.539184       2.809208  -1.647774  -1.208004
    39  0.18855812    5.130927  118.322104       2.813760  -2.625799  -1.929495
    40  0.12011285    3.268437   75.372012       2.941986   3.322037  -0.997947
    41  0.11558989    3.145361   72.533811       3.452275   3.294104  -3.125198
    42  0.12067771    3.283807   75.726468       3.494401   3.351144   0.205566
    43  0.12616084    3.433011   79.167190       4.174860   0.728300  -2.950124
    44  0.10713481    2.915286   67.228164       4.264445   3.670531  -0.893553
    45  0.14686678    3.996448   92.160373       4.513628   1.601098   0.536859
    46  0.11270179    3.066772   70.721502       4.499267   3.541449  -2.997926
    47  0.13417049    3.650965   84.193324       4.793622   0.999423  -3.984873
    48  0.11153686    3.035072   69.990496       4.805679   3.709127  -1.790675
    49  0.12630204    3.436853   79.255792       4.926667   1.071865  -0.869755
    50  0.12153536    3.307145   76.264655       5.062502   0.953476  -2.848080
    51  0.12297084    3.346207   77.165430       5.418642   1.150067  -1.544687
    52  0.09666985    2.630520   60.661297       5.565943  -3.699102   1.478528
    53  0.10558215    2.873037   66.253858       5.690969  -3.438890  -1.179817
    54  0.09334344    2.540004   58.573941       5.723181  -1.442386   1.787489
    55  0.12926650    3.517520   81.116020       5.876756   3.637907  -2.854021
    56  0.10502920    2.857990   65.906875       5.848883  -1.177806  -0.868353
    57  0.13591484    3.698431   85.287919       6.051593   1.601098  -0.537696
    58  0.13556808    3.688995   85.070327       6.381154   1.519156  -2.697628
    59  0.09145399    2.488590   57.388295       6.482974  -3.293791   1.585173
    60  0.08985325    2.445031   56.383814       6.628326  -2.110759   1.748605
    61  0.09772821    2.659320   61.325427       6.744868  -3.042279  -1.052078
    62  0.09880499    2.688621   62.001122       6.758184  -1.847254  -0.901141
    63  0.11231529    3.056255   70.478970       7.843062  -2.630748  -0.726223
 
 Number of surface maxima:    72
   #       a.u.         eV      kcal/mol           X/Y/Z coordinate(Angstrom)
     1  0.16787462    4.568101  105.343000     -10.348615  -0.251022  -1.030336
     2  0.12610758    3.431562   79.133769      -9.328859  -1.418351  -1.644933
     3  0.12103552    3.293544   75.951000      -9.153934   0.542744  -0.075841
     4  0.17755440    4.831501  111.417159      -8.861933  -2.770307  -2.603947
     5  0.16541320    4.501122  103.798438      -8.557760   1.748733   0.857065
     6  0.13472416    3.666031   84.540757      -7.234493  -1.175482  -0.075761
     7  0.13527069    3.680903   84.883713      -6.968251  -0.257675  -1.375902
     8  0.12422452    3.380321   77.952129      -6.837228   1.201875   0.845423
     9  0.21140272    5.752561  132.657320      -5.640414  -3.170721  -2.332551
    10  0.16866640    4.589646  105.839854      -5.308013   1.312234   1.073723
    11  0.19615481    5.337644  123.089107      -5.003475  -2.382699  -1.269376
    12  0.24223001    6.591414  152.001756      -4.918635  -3.964437  -0.507499
    13  0.19737110    5.370741  123.852337      -4.580093   0.177393   0.085519
    14  0.09201926    2.503971   57.743007      -4.056597   2.124969  -0.985441
    15  0.05758196    1.566885   36.133255      -3.792038   0.684532   2.578933
    16  0.21188188    5.765599  132.958001      -3.210045  -3.888977  -0.440632
    17  0.23789948    6.473574  149.284302      -2.879447  -1.341991   0.392650
    18  0.25376478    6.905291  159.239936      -2.776718  -1.367422  -1.192240
    19  0.21909300    5.961824  137.483049      -2.768514   0.266330  -1.571032
    20  0.18250265    4.966150  114.522237      -2.679776   0.742415   0.321042
    21  0.14383229    3.913876   90.256203      -2.298531   4.034134   1.563430
    22  0.12746761    3.468570   79.987201      -1.924347   1.624367   0.601328
    23  0.26714018    7.269254  167.633132      -1.688798  -4.443916  -0.187133
    24  0.16924894    4.605498  106.205401      -1.454038  -0.132597   0.937453
    25  0.08434345    2.295102   52.926355      -1.354037   4.581745   0.126626
    26  0.10776655    2.932477   67.624590      -1.129514   2.448465   2.226764
    27  0.25260972    6.873860  158.515126      -0.895576  -3.029404  -0.737849
    28  0.22394489    6.093850  140.527661      -0.895033  -0.912494  -1.228881
    29  0.11659830    3.172801   73.166601      -0.565215   0.607973   2.635275
*   30  0.27671265    7.529734  173.639957      -0.390335  -3.697214  -2.204640
    31  0.18730141    5.096730  117.533505      -0.400253   3.969197  -3.178707
    32  0.19581514    5.328401  122.875956      -0.211106   1.733392  -0.296856
    33  0.19726876    5.367956  123.788120       0.270045   0.085628   0.188748
    34  0.23319794    6.345639  146.334039       0.279957   1.197819  -2.331671
    35  0.11143949    3.032423   69.929395       0.635749   2.602703   1.087928
    36  0.13833574    3.764307   86.807057       1.017911   0.807332   1.615037
    37  0.22601970    6.150309  141.829625       1.218526  -3.717861  -1.812402
    38  0.25987682    7.071608  163.075305       1.197578  -2.554492   0.585631
    39  0.26655334    7.253285  167.264886       1.402176  -1.393466  -0.472723
    40  0.21390488    5.820648  134.227450       1.532883  -1.791935   2.040868
    41  0.20417274    5.555823  128.120438       1.603809  -0.009286   0.977024
    42  0.22972718    6.251195  144.156104       1.618559   0.347393  -1.032144
    43  0.20947221    5.700029  131.445907       1.604462   1.194204  -2.334140
    44  0.22749650    6.190495  142.756328       1.532275   1.382519  -3.866365
    45  0.03205595    0.872287   20.115432       1.500217   2.534960   4.159957
    46  0.15944609    4.338749  100.054018       1.644369   2.844372  -0.552392
    47  0.17652949    4.803612  110.774022       1.768406   5.315434  -1.255058
    48  0.16037644    4.364065  100.637820       2.294861   2.546119  -0.199173
    49  0.25750221    7.006991  161.585210       2.778768  -4.140453  -1.980857
    50  0.20971725    5.706697  131.599672       3.206091  -3.621512  -0.340429
    51  0.22261583    6.057685  139.693658       3.204497  -0.780535   0.592071
    52  0.21985930    5.982676  137.963909       3.617237  -5.007359  -0.200040
    53  0.18555984    5.049340  116.440655       3.664358   2.292792   1.308487
    54  0.15852128    4.313584   99.473691       3.889776   0.968527  -0.054870
    55  0.16692314    4.542210  104.745941       3.880112   2.939699  -2.051312
    56  0.20377353    5.544960  127.869927       4.132151   0.488014   0.559696
    57  0.17456208    4.750076  109.539450       4.132299   1.336711  -1.795564
    58  0.20336130    5.533742  127.611251       4.626390   1.986420  -5.154451
    59  0.15463572    4.207852   97.035460       4.899164   2.381770   0.402790
    60  0.14726723    4.007345   92.411658       5.455492  -2.497533   1.114342
    61  0.13085740    3.560811   82.114326       5.444204   3.699886  -2.727019
    62  0.15484729    4.213609   97.168223       5.587388  -2.367731  -0.507750
    63  0.15731671    4.280805   98.717808       5.581904   2.274190  -3.891424
    64  0.13848768    3.768442   86.902406       5.984271   1.272699  -2.488636
    65  0.15617934    4.249856   98.004100       6.458513   2.646634  -1.563482
    66  0.19806618    5.389655  124.288511       6.555047   2.824859   0.072783
    67  0.18657098    5.076854  117.075154       6.918321  -5.414642  -0.071343
    68  0.19950553    5.428822  125.191717       7.033798   2.788385  -3.107182
    69  0.19053233    5.184648  119.560940       7.419629   0.239320   0.708266
    70  0.13769068    3.746754   86.402282       7.578802  -3.951139   0.189823
    71  0.13855224    3.770198   86.942913       7.852586  -1.430758   0.464886
    72  0.18108349    4.927532  113.631699       8.848257  -2.777503   0.424744
