 Number of surface minima:    57
   #       a.u.         eV      kcal/mol           X/Y/Z coordinate(Angstrom)
     1  0.12090260    3.289927   75.867588      -7.135796   0.508188  -0.803143
     2  0.13136682    3.574673   82.433994      -6.747479   2.482259  -0.765565
     3  0.11892538    3.236124   74.626868      -6.473212   0.387139  -2.995951
     4  0.11144642    3.032611   69.933745      -6.371399   1.283629  -0.397867
     5  0.11036546    3.003197   69.255432      -6.137505   0.218317  -0.301417
     6  0.12975908    3.530924   81.425121      -6.094883   2.490594  -2.888908
     7  0.10910154    2.968804   68.462306      -5.508498   1.256554  -2.910022
     8  0.10662721    2.901474   66.909642      -5.316826   0.200927  -2.833276
     9  0.11837506    3.221149   74.281535      -5.443422   2.215257  -0.135525
    10  0.12164777    3.310204   76.335193      -4.919943  -0.064066   0.077576
    11  0.12139716    3.303385   76.177930      -4.594883   1.875784   0.132747
    12  0.11564942    3.146981   72.571169      -4.645951   2.082737  -2.648074
    13  0.11753903    3.198400   73.756916      -4.126177  -0.063551  -2.433572
    14  0.12649236    3.442032   79.375223      -4.255393   0.755396   0.262719
    15  0.04313614    1.173794   27.068358      -3.861582  -2.947271   3.043235
    16  0.11661473    3.173248   73.176912      -3.728198   1.949747  -2.377489
    17  0.09730280    2.647744   61.058483      -3.444660  -0.934029   1.343096
    18  0.12243088    3.331514   76.826604      -3.461482   0.625742  -2.236220
    19  0.02666928    0.725708   16.735240      -2.378470  -3.730661   1.217206
    20  0.18356044    4.994934  115.186012      -2.376010   2.762609   1.075658
    21  0.10854498    2.953659   68.113060      -2.134676  -0.303853   0.923741
    22  0.05082576    1.383039   31.893672      -1.888025  -1.493319   2.775420
    23  0.17212111    4.683654  108.007719      -1.959104   1.706191   0.712289
    24  0.07501402    2.041235   47.072048      -1.316241  -0.528377   2.935958
    25  0.08191344    2.228978   51.401506      -0.953799  -0.165735  -1.052055
    26  0.17650608    4.802975  110.759333      -0.914675   3.437419   2.527173
    27  0.14091530    3.834500   88.425761      -0.644029   4.480214  -1.676876
*   28 -0.00351640   -0.095686   -2.206576      -0.421937  -4.732321  -0.396430
    29  0.16382299    4.457850  102.800565      -0.223950   2.505974   2.579737
    30  0.15424818    4.197307   96.792278      -0.243269   5.543054  -2.202176
    31  0.16893044    4.596831  106.005542       0.215210   1.408409  -0.973259
    32  0.17336343    4.717459  108.787287       0.166782   3.594679   1.742298
    33  0.02205743    0.600213   13.841257       0.268841  -2.004591  -1.958408
    34  0.14594612    3.971396   91.582650       0.288288   4.234862  -2.361852
    35  0.02546915    0.693051   15.982145       0.608967  -0.962868   2.712972
    36 -0.00309543   -0.084231   -1.942412       0.798823  -4.523031   0.557984
    37  0.04370721    1.189334   27.426712       0.899523  -3.344641  -1.848508
    38  0.13680716    3.722712   85.847859       0.937936   3.171830  -2.496522
    39  0.13977656    3.803514   87.711189       0.929920   5.413009   0.279496
    40  0.15383973    4.186192   96.535968       1.106683   6.254406  -0.587636
    41  0.15184570    4.131932   95.284698       1.403117   4.055273  -3.051642
    42  0.14834522    4.036679   93.088107       1.938981   5.115191  -0.538876
    43  0.14269181    3.882842   89.540539       2.637830   4.076092  -0.657166
    44  0.14756290    4.015391   92.597193       2.808555  -0.245968   1.191102
    45  0.15484691    4.213599   97.167985       2.813033   4.917987  -1.527172
    46  0.11687041    3.180206   73.337354       3.301538  -2.418106  -0.223784
    47  0.14929767    4.062596   93.685780       3.524030  -0.962868  -2.424213
    48  0.14681625    3.995073   92.128663       3.921253  -0.565985   1.014531
    49  0.12367916    3.365481   77.609908       4.366806   1.075833   2.249456
    50  0.15855400    4.314474   99.494218       4.444843  -1.359751  -2.434434
    51  0.15929237    4.334566   99.957557       4.485760  -0.176989  -1.829355
    52  0.13767546    3.746340   86.392728       4.614938   2.733904   0.152756
    53  0.14940660    4.065560   93.754134       5.399012   3.270549   0.856116
    54  0.13068807    3.556203   82.008074       5.562367   0.756958   2.044524
    55  0.14082516    3.832047   88.369196       5.677032   2.231057  -0.105019
    56  0.11927524    3.245644   74.846403       5.934130  -0.160870   1.467044
    57  0.12868029    3.501569   80.748168       6.206209   1.277658  -0.769753
 
 Number of surface maxima:    67
   #       a.u.         eV      kcal/mol           X/Y/Z coordinate(Angstrom)
     1  0.19144671    5.209530  120.134723      -7.837792   0.224246  -2.253571
     2  0.15125579    4.115879   94.914520      -7.106096   1.683018  -2.053405
     3  0.19906862    5.416933  124.917551      -7.012443   3.392749  -1.974784
     4  0.15183121    4.131537   95.275602      -6.442403  -0.765502  -1.786595
     5  0.20071415    5.461710  125.950138      -5.648842  -2.088650  -1.487632
     6  0.17612265    4.792541  110.518721      -5.497183  -3.106460   1.016541
     7  0.16140572    4.392073  101.283706      -5.371464   3.480500  -1.587079
     8  0.16805762    4.573080  105.457837      -5.050368   1.023135  -0.528928
     9  0.18432479    5.015733  115.665648      -4.798289  -0.478087   2.759657
    10  0.16584129    4.512771  104.067068      -4.523060   1.021546  -2.043856
    11  0.17978156    4.892105  112.814727      -4.283194  -1.541652  -1.069920
    12  0.21777482    5.925954  136.655878      -3.872360   4.195438  -1.066155
    13  0.18948437    5.156132  118.903336      -3.755449  -2.555060  -1.074841
    14  0.17873515    4.863631  112.158095      -3.129362   2.812127  -0.689161
    15  0.18292252    4.977575  114.785711      -2.874920   0.420683   3.836988
    16  0.17232194    4.689118  108.133741      -2.781768   0.367364   0.003084
    17  0.08291633    2.256268   52.030828      -2.565617  -3.079577   2.990595
    18  0.18353672    4.994288  115.171124      -2.533780  -0.962047  -1.841757
    19  0.17181482    4.675319  107.815517      -2.392291   0.374079  -1.051723
*   20  0.25632554    6.974973  160.846839      -2.285261   3.959883   2.000584
    21  0.20146004    5.482006  126.418188      -2.153811   2.355272   2.124025
    22  0.16565674    4.507749  103.951261      -2.113441  -2.141727   0.018860
    23  0.22794024    6.202569  143.034778      -1.760608   1.941909  -0.408242
    24  0.04659052    1.267793   29.236019      -1.732794  -4.399027  -2.114666
    25  0.23727384    6.456550  148.891707      -1.590833   5.763463   0.521891
    26  0.14671512    3.992321   92.065203      -1.349111  -0.835143   1.176245
    27  0.19230588    5.232909  120.673861      -1.322400   0.239190   1.347761
    28  0.22011721    5.989694  138.125753      -1.345167   4.188705   0.928237
    29  0.14223395    3.870382   89.253223      -0.916591  -3.608754   3.210040
    30  0.14783008    4.022661   92.764855      -0.878534  -1.656325  -1.117615
    31  0.10151594    2.762389   63.702270      -0.657884  -3.551450   0.794219
    32  0.24777957    6.742425  155.484155      -0.481984   1.755265   0.204995
    33  0.18478887    5.028361  115.956864      -0.488646   5.982021  -0.661018
    34  0.18264567    4.970041  114.611982      -0.299924  -0.301397   0.107937
    35  0.19515066    5.310320  122.458992      -0.144028   0.901768   2.667809
    36  0.13296590    3.618186   83.437432      -0.052640  -2.033553   1.935890
    37  0.20759091    5.648836  130.265370       0.222240   3.527533  -1.225192
    38  0.25165309    6.847829  157.914833       0.486220   2.206159   1.315288
    39  0.22088167    6.010496  138.605457       0.383299   6.841380  -1.850299
    40  0.11629002    3.164412   72.973152       0.630575  -2.716363  -0.548668
    41  0.16253985    4.422934  101.995383       1.140285  -1.373226   0.476858
    42  0.21104980    5.742957  132.435860       1.224529   3.990956  -0.107993
    43  0.17992903    4.896118  112.907265       1.494673   5.584042  -2.248550
    44  0.15958167    4.342438  100.139096       1.644336  -2.336247  -0.793313
    45  0.22327806    6.075705  140.109213       1.827567   1.418421  -1.057951
    46  0.15340317    4.174312   96.262022       2.060916  -4.021716  -3.200544
    47  0.18471751    5.026419  115.912086       1.965770  -1.088878  -2.247757
    48  0.21948741    5.972556  137.730544       2.246019   1.295057   1.100768
    49  0.23166531    6.303934  145.372296       2.340354   1.812190  -0.010478
    50  0.24187071    6.581637  151.776292       2.410005   2.741372   1.720279
    51  0.05102339    1.388417   32.017684       2.569778  -3.741049   1.565941
    52  0.18710399    5.091358  117.409622       2.674532   3.324250  -2.248550
    53  0.22184052    6.036587  139.207143       2.754507   4.863359  -3.043332
    54  0.22165559    6.031555  139.091097       2.999681  -0.962868   0.089040
    55  0.23977880    6.524713  150.463597       3.017715  -0.169102  -1.275102
    56  0.24128202    6.565618  151.406881       3.018976   1.817292  -1.982211
    57  0.17537256    4.772130  110.048036       3.811481  -2.184183  -2.319168
    58  0.17527792    4.769555  109.988649       3.943775  -2.348180  -2.178624
    59  0.19041279    5.181396  119.485931       4.753651   0.360075   1.089826
    60  0.20097217    5.468731  126.112048       4.737541   1.286135  -0.193283
    61  0.23043028    6.270327  144.597305       5.419861  -2.434655  -1.863928
    62  0.21602051    5.878217  135.555033       5.501671   3.472472   2.319085
    63  0.19728441    5.368382  123.797941       5.562768  -1.095163  -1.057901
    64  0.17064566    4.643505  107.081857       6.525165   2.279994   1.560562
    65  0.21649558    5.891144  135.853143       7.133202  -1.074895  -0.773714
    66  0.16825534    4.578461  105.581910       7.221073   0.352279   0.113111
    67  0.20913817    5.690939  131.236291       7.939644   1.569797   1.074752
