 Number of surface minima:    92
   #       a.u.         eV      kcal/mol           X/Y/Z coordinate(Angstrom)
     1  0.10849741    2.952365   68.083207      -6.054287  -2.416846  -2.968892
     2  0.10382495    2.825221   65.151193      -5.770221  -3.698895  -3.974318
     3  0.12792898    3.481124   80.276712      -5.639135  -3.567809   1.183952
     4  0.11988370    3.262201   75.228219      -5.608565  -3.244506   2.948341
     5  0.12917469    3.515022   81.058411      -5.690554  -0.059826   3.892209
     6  0.10034032    2.730399   62.964553      -5.384203  -2.044248  -4.514359
     7  0.14309693    3.893866   89.794755      -4.995274   1.552271   1.034047
     8  0.13965212    3.800127   87.633101      -4.715600   0.398495   0.784544
     9  0.03684092    1.002492   23.118046      -4.670727   7.605818  -1.144534
    10  0.03690723    1.004297   23.159654      -4.604645   7.511341  -1.503927
    11  0.07438356    2.024079   46.676425      -4.393953   4.699543   0.846969
    12  0.07049554    1.918281   44.236657      -4.409619   5.357281   0.175788
    13  0.14006954    3.811486   87.895040      -4.306816  -3.426139  -0.732138
    14  0.12229021    3.327686   76.738327      -4.268477  -2.849852   4.515550
    15  0.13843986    3.767140   86.872398      -4.329274   1.288669   0.244810
    16  0.07253362    1.973740   45.515571      -4.292916   4.163227  -1.290558
    17  0.07036020    1.914598   44.151726      -4.355220   5.118181  -1.113839
    18  0.03722366    1.012907   23.358221      -3.983279   8.046221   0.097729
    19  0.13074592    3.557777   82.044370      -3.930130  -5.298456  -0.599844
    20  0.12401308    3.374568   77.819449      -3.670413  -5.435622  -2.426036
    21  0.10250381    2.789271   64.322167      -3.692090  -5.082493   4.455230
    22  0.13922818    3.788591   87.367075      -3.723602  -3.900041   1.113482
    23  0.12723339    3.462197   79.840228      -3.512019  -4.192215  -4.097413
    24  0.16126860    4.388342  101.197661      -3.508909  -0.881979   0.006820
    25  0.10242412    2.787102   64.272159      -3.057219  -1.185475  -5.097850
    26  0.15809249    4.301916   99.204621      -2.911417   0.609522  -0.859099
    27  0.10882638    2.961316   68.289644      -2.395748  -5.400496   3.478554
    28  0.11761314    3.200416   73.803423      -2.415826   1.650306   2.004493
    29  0.14049941    3.823183   88.164786      -2.263453  -5.566824  -3.593244
    30  0.09964269    2.711415   62.526784      -2.109708  -0.676676   5.133440
    31  0.09960982    2.710521   62.506156      -1.935577  -4.557839   4.887510
    32  0.11178277    3.041764   70.144806      -1.761068  -0.725593  -4.058562
    33  0.05242901    1.426666   32.899730      -1.753266   5.491734   0.182090
    34  0.05297272    1.441461   33.240911      -1.646289   3.634248   0.695314
    35  0.04225528    1.149825   26.515611      -1.610303   4.171594  -1.266423
    36  0.05004837    1.361886   31.405856      -1.720974   4.712627   0.996006
    37  0.04903073    1.334194   30.767276      -1.697913   5.126658  -0.974868
    38  0.03045990    0.828856   19.113889      -1.695203   7.772979  -0.972745
    39  0.11117812    3.025310   69.765381      -1.568041  -1.896995  -5.097850
    40  0.12752053    3.470010   80.020411      -1.565552  -0.554791   1.798254
    41  0.05072658    1.380340   31.831435      -1.587653   3.390148  -0.458853
    42  0.14626169    3.979983   91.780671      -1.325041  -1.129333  -1.763453
    43  0.16688509    4.541174  104.722062      -1.312431  -2.952414   0.214660
    44  0.02556577    0.695680   16.042777      -1.195714   2.341730  -1.251026
    45  0.09655212    2.627317   60.587420      -1.177154  -2.024902   5.233097
    46  0.15572683    4.237543   97.720143      -1.023421  -1.862570  -2.319670
    47  0.09518153    2.590021   59.727364      -1.030966  -0.811760   3.919771
    48  0.13872996    3.775034   87.054434      -0.658500  -5.447918  -3.618693
    49  0.15151662    4.122977   95.078195       0.001762  -4.154682  -0.601324
    50  0.14772346    4.019760   92.697950       0.275303  -2.388453  -2.584259
    51  0.02399789    0.653016   15.058919       0.358669  -0.199823   1.878237
    52 -0.00655768   -0.178443   -4.115008       0.309547   3.571521   1.443979
*   53 -0.01248193   -0.339651   -7.832536       0.413588   4.231410   0.251747
    54  0.00599556    0.163147    3.762274       0.654306   3.253441  -2.574402
    55  0.15310358    4.166160   96.074030       0.784364  -3.755505  -0.192240
    56  0.15879557    4.321047   99.645806       1.051684  -4.412277  -0.868447
    57  0.14621047    3.978589   91.748531       1.040161  -2.040023  -2.180866
    58  0.03649489    0.993076   22.900906       1.557287   1.887167  -2.598013
    59  0.08588002    2.336914   53.890570       2.216639  -0.456716  -1.305281
    60  0.02931308    0.797649   18.394250       2.351629   1.123906   1.626006
    61  0.09697456    2.638812   60.852508       2.788185  -0.821095   0.215210
    62  0.05791158    1.575854   36.340093       2.743080   0.196620  -3.943910
    63  0.10497515    2.856519   65.872957       3.140320  -1.020940  -0.874295
    64  0.11705631    3.185264   73.454002       3.292592  -3.630880  -0.466852
    65  0.09682832    2.634833   60.760737       3.415317   1.789810  -2.064775
    66  0.10031033    2.729583   62.945736       3.661762  -3.426813   1.384570
    67  0.08687700    2.364043   54.516185       3.703089   0.481884  -1.374575
    68  0.10045014    2.733387   63.033470       3.744483  -0.798906   0.855393
    69  0.10387129    2.826481   65.180271       4.285141  -3.830195  -0.798260
    70  0.10657042    2.899929   66.874005       4.317861  -1.172182  -1.142582
    71  0.10243210    2.787319   64.277165       4.351262   1.593202   2.508429
    72  0.10033558    2.730270   62.961582       4.585857  -3.549482   1.105994
    73  0.10310226    2.805555   64.697696       4.786004  -0.935385   0.625483
    74  0.11321106    3.080630   71.041073       4.645673  -0.180967   1.147783
    75  0.09036971    2.459085   56.707894       4.735985   2.580754   1.639511
    76  0.10013359    2.724774   62.834830       4.887301  -3.760158  -0.069957
    77  0.10408175    2.832209   65.312341       5.130234  -1.142565  -0.474444
    78  0.10204933    2.776903   64.036974       5.169264   0.500973   0.076570
    79  0.09117537    2.481008   57.213459       5.151708   3.255424   0.860229
    80  0.10252722    2.789908   64.336856       5.530591   1.207648  -0.753382
    81  0.08313016    2.262087   52.165006       5.701851   2.109013   2.495062
    82  0.09273744    2.523514   58.193668       6.183665   0.062987   0.840096
    83  0.08353947    2.273225   52.421853       6.357375   3.560740   0.754336
    84  0.09160638    2.492736   57.483919       6.756379   1.441806  -0.818031
    85  0.08592608    2.338168   53.919477       6.702129   2.409998   2.298513
    86  0.08455223    2.300783   53.057367       7.013501   3.145625   1.414965
    87  0.08916984    2.426435   55.954967       7.129442   0.273470   0.791813
    88  0.06331826    1.722977   39.732840       7.261737  -3.973632   0.750449
    89  0.08983227    2.444460   56.370650       7.490520   1.117661  -0.232718
    90  0.06818652    1.855450   42.787725       7.706269  -1.996598  -0.467550
    91  0.10546803    2.869931   66.182244       8.071346   2.588608   2.047512
    92  0.10766892    2.929820   67.563323       8.305588   0.681838   0.831409
 
 Number of surface maxima:   123
   #       a.u.         eV      kcal/mol           X/Y/Z coordinate(Angstrom)
     1  0.19238854    5.235158  120.725734      -6.531710  -0.335080   2.555852
     2  0.11465870    3.120022   71.949479      -6.049992  -2.679907  -3.724912
     3  0.17756177    4.831701  111.421786      -5.694964  -3.889511  -2.190428
     4  0.13637279    3.710892   85.575290      -5.805134  -3.080715   2.066406
     5  0.17063542    4.643226  107.075431      -5.751035  -3.018238   4.511704
     6  0.14519554    3.950972   91.111655      -5.793978  -1.882162   2.730706
     7  0.14536002    3.955447   91.214868      -5.564684  -1.108052   4.026555
     8  0.19221625    5.230470  120.617620      -5.506167  -2.111898   0.390860
     9  0.19049199    5.183551  119.535628      -5.203916  -4.564722  -1.280563
    10  0.16844928    4.583738  105.703607      -5.305887  -0.984747  -3.244903
    11  0.21467121    5.841501  134.708329      -5.041634   2.250373   2.371834
    12  0.16198015    4.407704  101.644166      -4.927965  -3.373340  -5.260104
    13  0.18891710    5.140696  118.547367      -4.771524  -4.814844   1.786102
    14  0.18027465    4.905523  113.124148      -4.777045   0.712311   2.646184
    15  0.17852750    4.857980  112.027793      -4.676056  -1.256410   1.497665
    16  0.15980905    4.348625  100.281775      -4.426902  -3.114676  -1.821527
    17  0.18703979    5.089612  117.369340      -4.404394   0.197417   4.651075
    18  0.15016687    4.086248   94.231215      -4.312402  -4.160956  -2.648793
    19  0.14669689    3.991825   92.053768      -4.263895  -3.809161   3.104396
    20  0.14245454    3.876385   89.391649      -4.282652  -1.659838   4.367877
    21  0.14836046    4.037093   93.097669      -4.131240  -3.251083   0.571572
    22  0.20658508    5.621466  129.634206      -4.232869  -1.519911  -0.590728
    23  0.13497788    3.672935   84.699967      -3.964513  -1.911953  -4.260269
    24  0.17642854    4.800865  110.710675      -3.934479  -5.199264   2.756314
    25  0.14841459    4.038566   93.131637      -3.690326  -1.611573  -2.829098
    26  0.12471606    3.393697   78.260577      -3.807860   4.336284  -0.176804
    27  0.14984161    4.077398   94.027109      -3.556623  -3.843533  -0.150127
    28  0.10488122    2.853963   65.814014      -3.558091   6.732067   0.503401
    29  0.17527115    4.769371  109.984400      -3.536013  -5.698105  -3.989113
    30  0.14049381    3.823031   88.161268      -3.424471  -5.575400  -1.501713
    31  0.13743171    3.739707   86.239772      -3.454102  -2.729754   4.643330
    32  0.16450837    4.476500  103.230645      -3.473585   2.575150   1.766657
    33  0.10434986    2.839504   65.480580      -3.479810   6.025705  -1.989014
    34  0.15952095    4.340786  100.100992      -3.321808  -4.129187   5.682236
    35  0.14287338    3.887782   89.654475      -3.346108  -3.385578  -4.319627
    36  0.21156414    5.756953  132.758614      -3.398799   0.098550   0.381518
    37  0.10259513    2.791755   64.379467      -3.294274   8.724294  -1.393610
    38  0.12344029    3.358981   77.460018      -3.203893   4.940211   2.246107
    39  0.15860319    4.315812   99.525087      -3.171083  -3.896908   2.178205
    40  0.15973666    4.346656  100.236350      -3.097626  -0.332169   3.217782
    41  0.17006581    4.627726  106.717998      -3.177146  -0.197578  -3.768055
    42  0.18108175    4.927485  113.630609      -3.086739   3.446650   2.972102
    43  0.12107679    3.294667   75.976895      -3.033495   3.663274  -2.551654
    44  0.16045968    4.366330  100.690053      -3.029510   5.124718  -3.340684
    45  0.16152650    4.395360  101.359495      -3.153803   6.575303   2.217932
    46  0.18016582    4.902561  113.055851      -2.804027   1.655019  -0.751227
    47  0.17975209    4.891303  112.796236      -2.819828   2.042442  -2.472981
    48  0.16588379    4.513927  104.093737      -2.761759  -2.676913  -5.748018
    49  0.15946584    4.339286  100.066407      -2.689365  -1.921689   5.967728
    50  0.11433534    3.111223   71.746571      -2.626629  -5.351605   4.196458
    51  0.20549934    5.591921  128.952891      -2.552012  -2.048146   0.045781
    52  0.19455020    5.293980  122.082193      -2.551946  -1.250482  -0.880604
    53  0.16502170    4.490469  103.552769      -2.476949   0.072461   3.684666
    54  0.15165079    4.126628   95.162388      -2.285499  -5.528651  -2.319670
    55  0.19666641    5.351565  123.410142      -2.327082  -5.087017  -0.002002
    56  0.19415087    5.283114  121.831614      -2.348471   0.357929   1.564141
    57  0.14987343    4.078263   94.047074      -2.158799  -4.096210  -4.039496
    58  0.10917462    2.970793   68.508166      -2.191133   4.423620  -0.110271
    59  0.13115316    3.568859   82.299919      -1.963895  -3.102602   4.577586
    60  0.20889795    5.684402  131.085552      -1.871844  -3.778476   0.853620
    61  0.14541093    3.956832   91.246810      -1.789658  -3.001763   2.972102
    62  0.11780929    3.205754   73.926509      -1.806753  -1.190665  -4.833262
    63  0.15336411    4.173250   96.237515      -1.619793  -5.361737  -3.657338
    64  0.18587802    5.057998  116.640314      -1.601982  -4.293251  -1.196728
    65  0.19303263    5.252685  121.129906      -1.610790  -2.026868   0.972996
    66  0.13549054    3.686885   85.021668      -1.491861   1.996547   0.398181
    67  0.10618647    2.889481   66.633073      -1.291415  -0.952589   4.845420
    68  0.16977419    4.619791  106.535003      -1.008572  -4.557839   3.501279
    69  0.17491140    4.759581  109.758651      -0.835059  -2.705719  -3.029677
    70  0.15038145    4.092087   94.365862      -0.697231   0.591059   0.684404
    71  0.20123789    5.475962  126.278790      -0.668527  -6.135113  -2.178741
    72  0.18520249    5.039616  116.216417      -0.623238  -2.017303  -3.589930
    73  0.10616443    2.888881   66.619242      -0.550136   2.332547   0.064537
    74  0.19787465    5.384443  124.168325      -0.411333  -4.179994  -4.472057
    75  0.22098857    6.013405  138.672536      -0.310165  -2.838013  -0.261859
    76  0.16615384    4.521276  104.263195      -0.388610  -2.424812   3.780982
    77  0.05450157    1.483063   34.200283      -0.401399   2.469014   3.121370
    78  0.21310862    5.798980  133.727790      -0.138174  -1.774081  -1.506174
    79  0.18635382    5.070945  116.938884      -0.141271  -0.189339  -2.979873
    80  0.13087656    3.561332   82.126349      -0.014450   1.596008  -1.658199
    81  0.17351385    4.721552  108.881677       0.061017  -0.116660  -0.921260
    82  0.19417932    5.283888  121.849464       0.250138  -4.354873  -2.474271
    83  0.03134355    0.852901   19.668388       0.885899   4.780732  -1.658199
    84  0.19524162    5.312795  122.516066       1.299508  -2.047820   0.708730
    85  0.12846329    3.495664   80.612000       1.339573   0.740730   1.130810
    86  0.16191585    4.405954  101.603815       1.517774  -0.908907  -0.629538
    87  0.10474936    2.850375   65.731273       1.546090   2.573558   0.433626
    88  0.19270022    5.243640  120.921316       1.705376  -1.809985   2.378865
*   89  0.23260629    6.329539  145.962775       1.837670  -4.503608  -2.265439
    90  0.13728963    3.735841   86.150614       1.848667   0.201886  -0.329016
    91  0.18947578    5.155898  118.897947       2.073792  -2.721792  -1.852132
    92  0.15544741    4.229939   97.544805       2.045273   1.867596  -0.996727
    93  0.21112946    5.745125  132.485846       2.955014  -2.779024  -3.054446
    94  0.12458897    3.390238   78.180825       3.160613  -0.648709  -2.187376
    95  0.15442974    4.202247   96.906203       3.281457   3.060023   0.569455
    96  0.15030579    4.090029   94.318387       3.427411  -1.910946   2.446651
    97  0.17412576    4.738203  109.265655       3.432354   3.249658  -1.524560
    98  0.14499569    3.945533   90.986245       3.711226   0.894089  -0.717805
    99  0.13492126    3.671394   84.664440       3.689790   1.688236   1.309594
   100  0.15523049    4.224037   97.408688       3.795793  -3.102602   0.130958
   101  0.15521657    4.223658   97.399953       3.965621  -1.499211  -0.059559
   102  0.18206232    4.954168  114.245924       3.876848   0.127225   2.442925
   103  0.13947273    3.795246   87.520535       3.951847   0.733452   0.346237
   104  0.15851499    4.313412   99.469739       4.411844  -2.645137  -2.391382
   105  0.17456199    4.750073  109.539397       4.402675   2.108289  -3.642613
   106  0.16256683    4.423668  102.012312       4.415583   2.650375  -1.064700
   107  0.19548277    5.319357  122.667392       4.781793  -1.884168   3.151545
   108  0.18595085    5.059980  116.686016       4.804425  -0.929613  -2.584259
   109  0.18662911    5.078436  117.111631       5.392535   3.644407  -1.829260
   110  0.13848246    3.768299   86.899126       5.443426   0.213010   2.571758
   111  0.12161737    3.309377   76.316115       5.655075  -3.661697   0.582598
   112  0.14215245    3.868165   89.202082       5.720495  -1.761048   1.695449
   113  0.19433500    5.288124  121.947157       6.071088  -2.858457  -2.364984
   114  0.14347823    3.904241   90.034026       6.203382   1.196915   0.260021
   115  0.13683597    3.723496   85.865937       6.071578   2.452224   1.249458
   116  0.13907003    3.784288   87.267837       6.335676  -2.308836  -0.781609
   117  0.17961916    4.887686  112.712821       6.871930  -0.052062   3.379357
   118  0.13520537    3.679125   84.842719       6.777411   3.292376  -1.129021
   119  0.13184595    3.587711   82.734650       7.836483   0.888376   2.340683
   120  0.13379916    3.640860   83.960312       8.327461  -2.566543   1.127496
   121  0.13082019    3.559799   82.090980       8.528707   2.442623   0.554223
   122  0.17593406    4.787409  110.400384       8.490012   3.417445  -0.840453
   123  0.17657192    4.804766  110.800643       9.236241   1.525341   1.773834
