 Number of surface minima:    52
   #       a.u.         eV      kcal/mol           X/Y/Z coordinate(Angstrom)
     1  0.12178622    3.313972   76.422074      -7.195718  -2.171791  -0.542381
     2  0.10848677    2.952075   68.076532      -6.669391  -1.057057  -0.619966
     3  0.11018838    2.998378   69.144312      -6.460440  -1.649564   0.244435
     4  0.11322097    3.080899   71.047293      -6.005070  -2.474551   1.403863
     5  0.16456320    4.477992  103.265056      -5.608187   1.525367  -2.136995
     6  0.10452000    2.844134   65.587346      -5.544211  -1.394806   1.228983
     7  0.09793348    2.664906   61.454239      -4.814421  -2.403263  -2.002573
     8  0.14970113    4.073575   93.938959      -4.746509   2.048782  -1.152314
     9  0.09669270    2.631142   60.675637      -4.542700  -3.055856  -0.893968
    10  0.15598979    4.244698   97.885155      -4.020655   0.571409  -3.355542
    11  0.08340025    2.269436   52.334491      -3.684400  -2.781725  -0.022293
    12  0.13178534    3.586062   82.696620      -2.908972   0.790221  -2.607552
    13  0.01081033    0.294164    6.783590      -2.225631  -2.252548   2.287338
    14  0.01299173    0.353523    8.152442      -2.158368  -0.785179   2.040649
    15  0.15703806    4.273223   98.542952      -1.400531   4.626756  -0.544737
    16  0.14750695    4.013868   92.562085      -1.239071   3.305095   1.760155
    17 -0.00109073   -0.029680   -0.684447      -0.977221  -3.185580  -0.484393
    18  0.17258882    4.696381  108.301211      -1.038175   5.624821   0.242634
*   19 -0.00632517   -0.172116   -3.969104      -0.867879  -3.494458   0.780839
    20  0.01772056    0.482201   11.119829       0.477351   0.446498  -2.025215
    21  0.04961770    1.350166   31.135606       1.165467  -0.614684   2.816515
    22  0.09254473    2.518270   58.072746       1.006993   1.854067   1.759452
    23  0.02438273    0.663488   15.300408       1.431476  -1.169199  -1.510177
    24  0.03979670    1.082923   24.972830       1.505948   0.517159  -1.966033
    25  0.12902116    3.510844   80.962067       1.806109   1.860014   0.564136
    26  0.12403389    3.375134   77.832507       2.194248   5.425107  -0.493130
    27  0.05854451    1.593077   36.737265       2.390877   1.451693   3.345692
    28  0.12346351    3.359613   77.474589       2.524228   3.700696  -1.619029
    29  0.12192319    3.317699   76.508022       2.513653   4.097579   1.810048
    30  0.12792059    3.480896   80.271451       2.871367   4.747160  -0.999844
    31  0.10652286    2.898634   66.844160       2.878129  -3.038159  -1.934787
    32  0.12622931    3.434874   79.210154       2.936058   1.980870   0.380332
    33  0.07899931    2.149680   49.572856       2.992860   0.395397   0.832238
    34  0.13356799    3.634570   83.815250       3.123237   3.367267   1.228983
    35  0.11578175    3.150582   72.654205       3.255532  -1.015841  -1.660328
    36  0.09685513    2.635562   60.777563       3.355377  -3.446807  -0.775405
    37  0.13783800    3.750763   86.494724       3.358964   5.685111  -0.279298
    38  0.09853290    2.681216   61.830377       3.759050  -3.620641   0.159292
    39  0.13424472    3.652985   84.239902       3.760863   3.686129  -1.598311
    40  0.14114803    3.840833   88.571801       4.047959   2.393460   0.042489
    41  0.08912676    2.425262   55.927931       4.162747  -3.742219  -1.822592
    42  0.10408202    2.832216   65.312511       4.283920  -0.983923  -0.769635
    43  0.10879642    2.960501   68.270841       4.727629  -1.168962   0.186196
    44  0.09168703    2.494931   57.534529       5.059725  -4.109585   0.404296
    45  0.09366033    2.548627   58.772791       5.124995  -4.079606  -1.665921
    46  0.09831645    2.675327   61.694558       5.082433  -1.239885  -1.692773
    47  0.09257679    2.519143   58.092861       5.612151  -4.281636  -0.369673
    48  0.09983970    2.716776   62.650411       6.028226  -1.591568  -1.553527
    49  0.09953107    2.708378   62.456740       5.925359  -1.585765   0.448298
    50  0.11321892    3.080843   71.046004       6.557913  -4.376969  -1.426668
    51  0.09879158    2.688256   61.992704       6.528024  -1.787078  -0.306260
    52  0.11733117    3.192743   73.626482       7.314212  -2.272562  -1.422806
 
 Number of surface maxima:    69
   #       a.u.         eV      kcal/mol           X/Y/Z coordinate(Angstrom)
     1  0.19143030    5.209083  120.124430      -7.294460  -3.430373  -1.391867
     2  0.15432007    4.199263   96.837390      -6.665320  -1.987287  -2.210376
     3  0.21109090    5.744076  132.461651      -6.540675  -0.657227  -3.271176
     4  0.14489781    3.942870   90.924822      -6.322845  -3.364088  -0.124108
     5  0.18001662    4.898501  112.962229      -5.760236  -3.878615   1.347999
     6  0.19051773    5.184251  119.551778      -5.497487   0.125084  -2.627650
     7  0.17456258    4.750089  109.539761      -5.343598  -0.829526  -0.165424
     8  0.23263486    6.330316  145.980698      -5.366261   1.307131  -3.590165
     9  0.12359242    3.363121   77.555476      -4.990375  -2.560796   1.714500
    10  0.12319613    3.352337   77.306801      -4.549832  -2.985213   1.493572
    11  0.16748522    4.557505  105.098649      -4.285244  -1.776911  -0.906082
    12  0.19322252    5.257852  121.249065      -4.154389   2.247749  -2.741065
    13  0.22830780    6.212571  143.265430      -3.964606   0.978565  -0.358548
    14  0.17191647    4.678085  107.879306      -3.523964  -0.199248   1.165573
*   15  0.24877811    6.769597  156.110750      -3.517535   4.088992   0.682937
    16  0.20673101    5.625437  129.725778      -3.094595   0.206401  -1.435835
    17  0.24664670    6.711598  154.773268      -3.088462   3.441565  -2.472097
    18  0.20568976    5.597103  129.072382      -2.976835  -2.259765   4.907603
    19  0.22675990    6.170451  142.294103      -2.789556   2.906930  -0.605623
    20  0.14248431    3.877195   89.410327      -2.626858  -1.194193   0.275278
    21  0.20008521    5.444595  125.555467      -2.115742   4.811843   1.017188
    22  0.05770176    1.570145   36.208433      -1.706523  -2.413913  -2.410128
    23  0.10939670    2.976836   68.647524      -1.472521  -1.569356   0.588877
    24  0.15922010    4.332599   99.912208      -1.408529  -0.016451  -0.545033
    25  0.24113621    6.561650  151.315385      -1.078419   6.008208   1.684375
    26  0.14058730    3.825575   88.219936      -0.701897  -0.530979   1.907054
    27  0.17792524    4.841592  111.649865      -0.581003   0.967270   0.612266
    28  0.17412736    4.738246  109.266660      -0.580985   1.061673   3.093627
    29  0.23707491    6.451136  148.766880      -0.434175   3.458532  -0.595790
    30  0.22684786    6.172844  142.349302      -0.311478   2.795504   0.824576
    31  0.03939104    1.071885   24.718271      -0.162236  -3.578925   2.814792
    32  0.20284372    5.519658  127.286463       0.249745   5.446760   1.252458
    33  0.10579874    2.878930   66.389766       0.501330  -2.220422   0.057027
    34  0.13606705    3.702573   85.383437       0.476497  -0.667060  -1.038185
    35  0.18404242    5.008049  115.488462       0.864033   2.103926  -1.421819
    36  0.15584783    4.240835   97.796070       1.305665  -1.297853   1.275167
    37  0.14916464    4.058976   93.602302       1.190107   0.180034   0.198400
    38  0.16823192    4.577823  105.567214       1.201592   1.451693  -0.071799
    39  0.22345779    6.080596  140.221995       1.282904   6.488917   1.765101
    40  0.19206249    5.226286  120.521136       1.686359   4.090597  -0.594313
    41  0.15805430    4.300876   99.180652       2.042988  -2.916602   0.421230
    42  0.14256172    3.879302   89.458905       2.028994  -0.457911   0.952932
    43  0.19502443    5.306885  122.379778       1.984665   3.303813   0.751883
    44  0.13025173    3.544330   81.734262       2.390120   1.848576   1.421926
    45  0.14027909    3.817188   88.026534       2.488835  -2.360750  -0.874533
    46  0.18649683    5.074837  117.028628       2.601201  -1.987189   2.293009
    47  0.18387249    5.003425  115.381826       2.676343  -1.728715  -2.761211
    48  0.17029493    4.633961  106.861770       2.731080   5.818519   1.229755
    49  0.13871794    3.774707   87.046893       2.998017  -1.208352  -0.879226
    50  0.15931628    4.335216   99.972557       3.138222  -0.661277   0.703748
    51  0.23666125    6.439880  148.507304       3.520120  -0.353029  -3.750802
    52  0.17269628    4.699305  108.368641       3.547175  -1.961645   1.504107
    53  0.15257975    4.151906   95.745317       3.677233   2.113164  -0.875627
    54  0.14993047    4.079816   94.082868       3.780831   2.780827   0.696275
    55  0.19131404    5.205920  120.051472       4.023889   2.444030   1.493572
    56  0.14415498    3.922656   90.458689       4.122808  -2.152304  -2.930923
    57  0.18592679    5.059325  116.670918       4.326751  -0.273705   3.121341
    58  0.19673311    5.353380  123.451995       4.477788  -2.492656   2.592241
    59  0.16764567    4.561871  105.199338       4.350088   4.255131   0.060114
    60  0.20917056    5.691820  131.256615       4.422760   5.678161   0.950701
    61  0.14502038    3.946205   91.001742       4.646276  -3.375395  -0.655560
    62  0.20573156    5.598241  129.098613       4.974062   3.191523  -0.885528
    63  0.15026078    4.088804   94.290140       5.197546  -1.862567  -0.648883
    64  0.18604191    5.062458  116.743160       5.403921  -2.756061  -3.889075
    65  0.14389461    3.915572   90.295308       5.834020  -2.914019   1.690762
    66  0.14004771    3.810892   87.881339       6.446255  -3.043957  -2.609543
    67  0.13890688    3.779849   87.165459       7.310966  -3.443196  -0.248522
    68  0.18343868    4.991620  115.109609       7.392875  -3.555275   1.397498
    69  0.18380534    5.001598  115.339686       7.887047  -3.574842  -1.813441
