 Number of surface minima:    52
   #       a.u.         eV      kcal/mol           X/Y/Z coordinate(Angstrom)
     1  0.18444489    5.019001  115.741011      -5.936406  -2.238752  -1.450381
     2  0.17184947    4.676262  107.837263      -5.255246  -2.263324  -0.259733
     3  0.17928717    4.878652  112.504490      -5.323248  -1.072646  -0.657086
     4  0.17579661    4.783669  110.314132      -4.913548  -3.581439   0.128887
     5  0.18958124    5.158768  118.964125      -4.802368  -0.405508  -0.246882
     6  0.18228610    4.960257  114.386352      -4.375566  -2.495502  -2.862773
     7  0.16946386    4.611346  106.340269      -4.515867  -2.518551   0.661247
     8  0.17958012    4.886624  112.688320      -4.015067   4.343774  -1.338947
     9  0.17168541    4.671797  107.734310      -3.998566   4.245389   0.805158
    10  0.15855858    4.314598   99.497097      -3.585744   2.781806   0.959229
    11  0.17580731    4.783960  110.320843      -3.680270   3.058554  -1.656241
    12  0.17433163    4.743805  109.394841      -3.342116  -3.938322  -1.303377
    13  0.17175332    4.673645  107.776925      -3.342116  -1.542156  -2.316745
    14  0.16079331    4.375409  100.899412      -3.360127   1.697905   0.901718
    15  0.16769997    4.563348  105.233409      -3.282879  -2.733264  -1.920322
    16  0.17413096    4.738344  109.268918      -2.812938  -0.763255  -1.934728
    17  0.16787418    4.568089  105.342724      -2.833207   3.944741  -1.616397
    18  0.15280598    4.158062   95.887281      -2.643994   3.589546   0.979615
    19  0.16366009    4.453418  102.698346      -2.548350  -3.006835  -1.003244
    20  0.17873063    4.863508  112.155255      -1.886878  -3.117626   0.076613
    21  0.02408742    0.655452   15.115098      -2.021465  -0.939156   2.520977
    22  0.17264142    4.697812  108.334217      -1.854374   4.748275  -1.389730
    23  0.16125719    4.388031  101.190499      -1.735326   4.499298   0.825961
    24  0.16825234    4.578379  105.580027      -1.585935   3.589108  -1.668001
    25  0.14272469    3.883736   89.561168      -1.462344   3.320311   0.934073
    26  0.08158548    2.220054   51.195704      -0.786379  -1.311244  -1.540531
    27  0.17789880    4.840873  111.633278      -0.299347   3.004927  -1.496550
    28 -0.00020383   -0.005547   -0.127906       0.242973   0.502105   3.465907
    29  0.05162952    1.404911   32.398042       0.124200   0.652786  -1.683374
*   30 -0.00612772   -0.166744   -3.845203       0.617154  -0.813992   3.702371
    31  0.05759294    1.567184   36.140148       0.819640  -3.261045  -2.479946
    32  0.02739120    0.745352   17.188251       0.854719  -3.244166   2.110272
    33  0.06601437    1.796342   41.424676       1.179680  -0.511042  -2.092532
    34  0.07453596    2.028227   46.772061       1.214839  -2.792501  -0.333078
    35  0.04352180    1.184288   27.310362       1.723018   1.321440   0.966154
    36  0.11522474    3.135424   72.304674       2.056780  -1.479637   1.340502
    37  0.11317330    3.079602   71.017378       3.802067   0.382686  -1.582654
    38  0.11642414    3.168062   73.057311       3.898834   2.092319   0.611109
    39  0.11596927    3.155684   72.771876       4.303811  -0.686621  -1.496113
    40  0.10424136    2.836552   65.412497       4.405859   0.854350   0.930916
    41  0.10189955    2.772828   63.942987       4.581504   1.303112  -1.983658
    42  0.10544249    2.869236   66.166217       4.836571  -0.156098   1.021061
    43  0.09540795    2.596182   59.869446       5.277111   1.722360   0.562476
    44  0.10344252    2.814814   64.911214       5.488429  -0.953551  -1.773178
    45  0.10393500    2.828215   65.220253       5.626899   0.984385  -2.171502
    46  0.09664499    2.629844   60.645695       6.063656  -0.537440   0.799674
    47  0.10207394    2.777573   64.052417       6.103102  -0.254333  -2.059531
    48  0.09909908    2.696623   62.185665       6.164855   1.433304   0.370493
    49  0.11411719    3.105287   71.609677       6.606129  -1.285536  -1.795537
    50  0.09714158    2.643357   60.957313       6.684455   0.239738   0.486164
    51  0.12015300    3.269529   75.397210       7.098161   0.775764  -2.260800
    52  0.11724400    3.190372   73.571784       7.613549   1.164759  -0.176903
 
 Number of surface maxima:    54
   #       a.u.         eV      kcal/mol           X/Y/Z coordinate(Angstrom)
     1  0.25064403    6.820371  157.281634      -5.780069  -2.553326  -2.829981
     2  0.26585205    7.234202  166.824819      -5.638556   1.695729  -0.421442
     3  0.21787320    5.928631  136.717610      -5.212334  -0.952241  -2.417425
     4  0.20735235    5.642344  130.115670      -4.951959  -3.365904  -1.591619
*    5  0.27031975    7.355774  169.628346      -4.920539   0.643444  -2.633497
     6  0.21161511    5.758340  132.790595      -4.908144   3.174117  -0.388804
     7  0.24385090    6.635520  153.018879      -4.795348   4.879890  -0.258733
     8  0.24642038    6.705440  154.631254      -4.418852  -4.676564  -0.664708
     9  0.24894509    6.774140  156.215535      -4.331787   0.848129  -0.947611
    10  0.25082742    6.825361  157.396715      -4.130636  -1.336581   0.005829
    11  0.21272990    5.788675  133.490138      -3.360890  -3.749829   0.391765
    12  0.20022005    5.448265  125.640085      -3.077527   4.957638  -0.286984
    13  0.24607322    6.695993  154.413406      -2.933370  -1.610239  -1.056085
    14  0.24777780    6.742377  155.483050      -2.441972   2.487773  -1.221922
    15  0.23309904    6.342948  146.271980      -2.412104   2.384328   0.406823
    16  0.24246672    6.597855  152.150294      -2.288278  -3.575163   1.458391
    17  0.19558355    5.322099  122.730634      -1.692256  -2.131029   0.464067
    18  0.18653304    5.075822  117.051346      -1.489995  -0.699335  -0.309633
    19  0.17527157    4.769382  109.984661      -1.471824   0.793904   0.688996
    20  0.24044639    6.542879  150.882513      -1.509727   5.638189  -0.269106
    21  0.19431318    5.287531  121.933466      -0.923981  -3.437972   0.144597
    22  0.12794866    3.481660   80.289066      -0.853971  -0.420594   2.216496
    23  0.19487380    5.302786  122.285259      -0.634457   2.234683  -1.450381
    24  0.20669426    5.624437  129.702716      -0.644760   4.138272  -0.497791
    25  0.06487543    1.765350   40.709978      -0.275707   2.662750   2.799474
    26  0.12304033    3.348098   77.209039      -0.172535  -1.580535  -2.644504
    27  0.17233798    4.689555  108.143806      -0.250356   1.970094   0.140241
    28  0.18345321    4.992016  115.118721       0.402192  -1.447735  -4.320788
    29  0.14095164    3.835489   88.448562       0.405613   1.087522   0.425014
    30  0.17758555    4.832348  111.436706       0.515783  -0.272165  -0.627276
    31  0.24419484    6.644879  153.234703       0.597264   3.287286  -0.543851
    32  0.04222413    1.148977   26.496062       1.155432  -2.786878   3.441054
    33  0.12025241    3.272234   75.459588       1.211918  -0.121138   1.780709
    34  0.16134987    4.390553  101.248658       1.443247  -1.306583   0.687394
    35  0.12918750    3.515371   81.066450       2.004440  -1.970281  -1.395598
    36  0.17982641    4.893325  112.842870       2.541309  -1.010199  -0.921204
    37  0.15461396    4.207260   97.021806       2.743422   0.593013  -0.656615
    38  0.19214769    5.228605  120.574598       2.741865  -2.391487   0.535012
    39  0.16895672    4.597546  106.022033       2.990621  -0.415125   1.455739
    40  0.14843501    4.039122   93.144453       3.011854   0.926959   0.410324
    41  0.19655228    5.348460  123.338524       2.907066   2.623212  -0.374628
    42  0.18342946    4.991369  115.103819       3.113111  -2.271763  -2.790282
    43  0.17788958    4.840622  111.627492       3.645504  -1.639427  -0.134638
    44  0.14713504    4.003748   92.328712       4.364665   2.672349  -0.892215
    45  0.19779046    5.382152  124.115489       4.734918  -2.787662   0.138283
    46  0.15573865    4.237864   97.727557       4.988262   0.243711  -1.323455
    47  0.15188417    4.132979   95.308838       5.438452   0.538996   0.186294
    48  0.18918955    5.148110  118.718336       5.762388   3.516374  -1.331108
    49  0.14653367    3.987384   91.951345       6.052657  -1.995371  -0.390483
    50  0.12237398    3.329965   76.790895       6.681524   0.767878  -2.292592
    51  0.14362639    3.908273   90.126993       6.788291   2.178429  -1.318087
    52  0.14188846    3.860981   89.036425       7.649007  -0.140388  -1.054549
    53  0.18508659    5.036462  116.143685       7.776917  -1.728699  -0.787805
    54  0.18691280    5.086156  117.289649       8.222876   1.364010  -1.527288
