 Number of surface minima:    53
   #       a.u.         eV      kcal/mol           X/Y/Z coordinate(Angstrom)
     1  0.17293826    4.705889  108.520486      -5.995680  -1.214298   0.042969
     2  0.18002072    4.898613  112.964801      -5.592047  -2.273596  -1.805550
     3  0.16778440    4.565646  105.286388      -5.221443  -0.425248  -2.866640
     4  0.15264413    4.153658   95.785719      -5.175233  -0.108253  -0.168475
     5  0.16644355    4.529159  104.444993      -4.685827  -1.489238  -2.342750
     6  0.16154591    4.395888  101.371675      -4.673427  -1.083917   0.575341
     7  0.13882316    3.777570   87.112921      -4.409267   0.828445  -0.554720
     8  0.17689746    4.813625  111.004924      -4.211552  -2.474194  -1.608356
     9  0.16333284    4.444513  102.492992      -4.011245  -0.555643  -2.732343
    10  0.16620266    4.522604  104.293833      -3.605116  -1.056651   0.853114
    11  0.12819136    3.488264   80.441358      -3.341934   1.572576  -1.005184
    12  0.16557336    4.505480  103.898938      -2.821735   0.617781  -2.770568
    13  0.00236780    0.064431    1.485819      -2.149468   3.819900   0.445522
    14  0.04139769    1.126488   25.977462      -2.037119   0.385535   2.178216
    15  0.19620005    5.338875  123.117493      -1.976014  -3.201086   1.420948
    16  0.18563482    5.051380  116.487703      -1.374532  -3.996567   1.644982
    17  0.03496663    0.951490   21.941907      -0.979337   0.874712  -2.186302
    18  0.19786026    5.384051  124.159291      -0.833881  -3.595623  -1.016126
    19  0.18622022    5.067310  116.855049      -0.572732  -2.407320  -0.687517
*   20  0.00234474    0.063804    1.471351      -0.659733   4.075101  -0.880011
    21  0.19216923    5.229191  120.588115      -0.423842  -5.042282   1.763332
    22  0.18098852    4.924948  113.572105      -0.408518  -3.830637   2.427347
    23  0.17921275    4.876627  112.457791      -0.120574  -2.748927   2.956524
    24  0.02181022    0.593486   13.686131      -0.168070   3.675422   1.504773
    25  0.18764769    5.106153  117.750800       0.106859  -3.463343  -0.458709
    26  0.18706733    5.090361  117.386620       0.090290  -1.349716   3.219482
    27  0.08377794    2.279714   52.571495       0.460861  -0.481358  -1.070758
    28  0.19760991    5.377239  124.002194       0.750211  -4.544347   0.001885
    29  0.18670246    5.080432  117.157662       0.761896  -3.589001   3.109098
    30  0.19244503    5.236696  120.761182       1.147094  -3.333380   0.374940
    31  0.18946032    5.155478  118.888248       1.272822  -0.820285   1.495729
    32  0.18693060    5.086640  117.300820       1.462525  -2.091889   0.972109
    33  0.02911448    0.792245   18.269627       1.424929   3.955185   0.179801
    34  0.07553751    2.055480   47.400543       1.748878   1.826097   2.140273
    35  0.14158756    3.852793   88.847610       1.823762   1.994522   0.466550
    36  0.03381011    0.920020   21.216184       1.835353   3.963708   2.859668
    37  0.19461826    5.295832  122.124903       2.073154  -3.135926   1.434153
    38  0.12824158    3.489631   80.472874       3.257337  -0.690120  -1.948762
    39  0.14202066    3.864579   89.119385       3.683641  -0.930798   0.608482
    40  0.12060247    3.281760   75.679255       3.767103  -1.878143  -2.125580
    41  0.12343763    3.358909   77.458348       3.780045   0.232749  -1.959983
    42  0.13253088    3.606349   83.164451       4.226525  -1.979790   0.494061
    43  0.13392909    3.644396   84.041842       4.227990   0.008184   0.627953
    44  0.11997465    3.264676   75.285295       4.705442  -1.884701  -2.225994
    45  0.12726668    3.463102   79.861112       5.085221  -2.075544   0.377826
    46  0.11216355    3.052125   70.383747       5.153456   0.139856  -2.151815
    47  0.11360777    3.091425   71.290015       5.479687  -0.834344  -2.258929
    48  0.11815839    3.215253   74.145573       5.532719  -0.009158   0.470639
    49  0.11877922    3.232147   74.535151       5.934842  -1.061762   0.345884
    50  0.13366120    3.637106   83.873737       6.236285  -2.080724  -2.202954
    51  0.12321952    3.352974   77.321478       6.282673   0.095227  -2.106277
    52  0.12658786    3.444631   79.435148       6.556555  -0.032524   0.151193
    53  0.13703981    3.729043   85.993852       6.601824  -2.123233  -0.076008
 
 Number of surface maxima:    56
   #       a.u.         eV      kcal/mol           X/Y/Z coordinate(Angstrom)
     1  0.24482602    6.662055  153.630778      -6.609474  -2.358524  -0.722527
     2  0.23501930    6.395200  147.476960      -6.206679   0.503154  -2.412834
     3  0.19868217    5.406417  124.675051      -6.091196  -0.923864  -1.520157
     4  0.21432968    5.832207  134.494016      -5.072031  -2.804471  -0.081293
     5  0.19744854    5.372848  123.900930      -4.516099   0.917273  -2.311629
     6  0.27054208    7.361824  169.767860      -3.996008  -3.696824   0.707521
     7  0.05715643    1.555306   35.866232      -3.971992   2.652347   0.866876
     8  0.23507845    6.396810  147.514078      -3.755045  -0.415393  -0.205612
     9  0.24826395    6.755606  155.788111      -3.451234  -1.325003  -1.498598
    10  0.22332883    6.077087  140.141077      -3.249882   1.760040  -2.599837
    11  0.25538398    6.949351  160.255999      -2.621239  -3.000590  -0.053927
    12  0.16684366    4.540047  104.696064      -2.547468   1.166684  -1.010381
*   13  0.27562984    7.500269  172.960483      -2.216470  -4.447941  -0.803923
    14  0.17569429    4.780885  110.249927      -2.129199   0.425042   0.232526
    15  0.21919564    5.964617  137.547455      -1.626549  -1.600491  -1.132531
    16  0.12823068    3.489334   80.466036      -1.656083   1.822616  -0.898780
    17  0.15092869    4.106979   94.709263      -1.114630   1.408113   1.723517
    18  0.22638204    6.160169  142.056995      -0.905911  -4.788618   0.109754
    19  0.26027311    7.082392  163.323982      -0.842363  -2.674063   1.768473
    20  0.10262908    2.792679   64.400777      -0.728992   2.980180   0.302942
    21  0.20254884    5.511634  127.101423      -0.499168  -1.084377   2.691935
    22  0.19541021    5.317382  122.621858      -0.331785  -0.332388   0.136567
    23  0.26127701    7.109709  163.953935       0.088739  -2.301160   0.519591
    24  0.15438135    4.200930   96.875844       0.064557   0.893106  -1.179321
    25  0.16755106    4.559296  105.139965      -0.036160   1.570456   3.345761
    26  0.26070293    7.094088  163.593697       0.333638  -5.743726   0.701447
    27  0.16803218    4.572388  105.441872       0.427837   0.503154   1.178913
    28  0.05146821    1.400521   32.296819       0.478050   3.525852  -2.583288
    29  0.20518807    5.583451  128.757566       0.537919  -0.502903   1.398014
    30  0.20384323    5.546856  127.913664       0.880745  -3.992557   0.050898
    31  0.07797541    2.121819   48.930351       0.804093   4.471983   1.528612
    32  0.17096222    4.652119  107.280501       0.990752   1.820194   0.028748
    33  0.22045753    5.998955  138.339307       1.147094  -4.463057   1.633581
    34  0.26050675    7.088749  163.470590       1.339049  -0.663386   3.016185
    35  0.22719075    6.182175  142.564469       1.491628  -2.169050   2.639586
    36  0.24102056    6.558503  151.242810       1.547433  -2.404946  -0.479877
    37  0.12394615    3.372746   77.777449       1.815171   2.237035   0.587328
    38  0.14704024    4.001168   92.269221       1.809231   5.931217   1.369533
    39  0.17848569    4.856843  112.001554       1.977975  -0.654938  -0.992057
    40  0.18782121    5.110875  117.859686       2.112274   0.802780  -1.619942
    41  0.18815173    5.119869  118.067089       2.197834  -0.691145   0.183634
    42  0.26051386    7.088943  163.475050       2.217798  -3.714628   2.700834
    43  0.12127308    3.300008   76.100068       2.470037   2.569192   1.214589
    44  0.20417953    5.556008  128.124696       2.495190   0.648131   0.843807
    45  0.19388362    5.275842  121.663908       2.890534   2.391717  -0.330221
    46  0.18964818    5.160589  119.006131       3.458527   1.359350  -0.086245
    47  0.17668854    4.807940  110.873825       4.009811   3.545923   1.210291
    48  0.21840581    5.943124  137.051832       4.108639  -4.208370  -0.987234
    49  0.17163412    4.670402  107.702124       4.322157  -0.952083  -1.593189
    50  0.17769386    4.835296  111.504676       4.557689  -0.966638  -0.003620
    51  0.20713178    5.636342  129.977263       4.820774   2.289534  -0.583492
    52  0.16515168    4.494006  103.634330       5.513179  -3.201764  -1.012692
    53  0.15777475    4.293269   99.005231       5.861458   1.116395  -0.771711
    54  0.15582038    4.240088   97.778848       6.939131  -1.223367  -1.030693
    55  0.20263206    5.513899  127.153647       7.122079  -2.811912  -1.264907
    56  0.19594765    5.332007  122.959107       7.430792   0.436726  -1.078733
