 Number of surface minima:    73
   #       a.u.         eV      kcal/mol           X/Y/Z coordinate(Angstrom)
     1  0.13644088    3.712745   85.618017      -6.238311  -0.865223   3.760679
     2  0.11982143    3.260507   75.189144      -5.908765  -0.365822   2.770637
     3  0.13033166    3.546505   81.784419      -5.514496  -1.560799   2.771067
     4  0.13934896    3.791878   87.442869      -5.089521  -2.869131   3.050796
     5  0.12485464    3.397468   78.347535      -4.773651  -2.282022   2.050275
     6  0.14729693    4.008153   92.430300      -4.835454   0.963540   0.927304
     7  0.15906038    4.328253   99.811978      -4.634419  -0.243613   1.160091
     8  0.12118160    3.297519   76.042664      -4.442413  -3.670611  -0.179768
     9  0.13541864    3.684928   84.976548      -4.333895   1.747296  -0.014595
    10  0.12552508    3.415711   78.768243      -4.245141  -4.796281  -0.728573
    11  0.06749620    1.836665   42.354543      -4.045664   4.137252  -2.116030
    12  0.06411020    1.744527   40.229794      -3.946915   5.183928  -2.137677
    13  0.10893907    2.964383   68.360356      -3.808321  -2.612256  -2.561955
    14  0.11691274    3.181358   73.363916      -3.841703   0.237458   4.343482
    15  0.07474073    2.033799   46.900555      -3.837737   5.179059  -0.299344
    16  0.06623443    1.802330   41.562765      -3.837424   5.722285  -1.087234
    17  0.11644710    3.168687   73.071723      -3.648648  -3.607280  -2.979223
    18  0.12709467    3.458422   79.753177      -3.465464  -0.973836   4.284522
    19  0.11513208    3.132903   72.246532      -3.119470  -5.522731  -0.847721
    20  0.12020102    3.270836   75.427341      -2.744830  -1.565830   3.653201
    21  0.13901015    3.782658   87.230256      -2.794877   1.548871   2.441517
    22  0.10622100    2.890420   66.654740      -2.662675  -4.272169  -3.174848
    23  0.14560188    3.962029   91.366633      -2.523508   0.232709   2.580592
    24  0.12892744    3.508294   80.903259      -2.288619   2.167320   1.624833
    25  0.12934111    3.519551   81.162840      -1.823832  -1.553902  -1.637985
    26  0.14519647    3.950997   91.112234      -1.796634  -0.231015   1.852277
    27  0.13028995    3.545370   81.758246      -1.761759  -2.577487  -2.116494
    28  0.01327706    0.361287    8.331489      -1.412590   0.548667  -2.386833
    29  0.03933915    1.070473   24.685708      -1.399644   3.793711  -2.325242
    30  0.01465077    0.398668    9.193504      -1.298931   1.621161  -2.178415
    31  0.04519625    1.229852   28.361096      -1.310527   4.784592  -2.275660
    32  0.06078617    1.654076   38.143928      -1.208760   4.928519  -0.528962
    33  0.05305234    1.443628   33.290874      -1.208808   5.325402  -1.292778
    34  0.14486994    3.942112   90.907338      -1.026480  -4.520153   0.000215
    35  0.06698641    1.822793   42.034643      -0.395774   0.905206   1.690635
    36  0.13661110    3.717377   85.724833       0.075008  -4.067494   0.436849
    37  0.14534601    3.955066   91.206076       0.244541  -4.804606  -0.075426
    38  0.10769050    2.930408   67.576866       0.452476  -2.612256  -1.776448
    39  0.04272205    1.162526   26.808516       0.566710  -0.369583   1.715728
    40  0.04828163    1.313810   30.297206       0.605219   2.848946   3.334934
    41 -0.01290787   -0.351241   -8.099817       1.169941   0.883389  -3.383443
*   42 -0.01840963   -0.500951  -11.552226       1.210429   2.141427  -3.226984
    43  0.06340376    1.725304   39.786492       1.262375   3.081981   1.200906
    44  0.04161118    1.132298   26.111431       1.574144  -0.728244   0.857294
    45  0.05620854    1.529512   35.271420       1.668262   0.473636   2.292341
    46  0.10348312    2.815919   64.936694       2.312345   2.554819  -0.648809
    47  0.07516900    2.045452   47.169298       2.410333  -1.481639   0.132509
    48  0.07232678    1.968112   45.385776       2.569338  -1.950666  -1.058071
    49  0.02120074    0.576901   13.303676       2.718273  -0.332111  -1.026997
    50  0.08332974    2.267517   52.290244       2.803858  -3.870464   1.852335
    51  0.08428486    2.293508   52.889596       3.240005  -4.708661  -0.256335
    52  0.08349396    2.271986   52.393294       3.258172  -1.382604   0.953582
    53  0.07869625    2.141434   49.382683       3.605244  -2.266289  -1.322728
    54  0.08108520    2.206440   50.881772       3.768479  -4.191978   1.591504
    55  0.10728251    2.919305   67.320845       3.732876  -0.237913  -0.280363
    56  0.07991746    2.174665   50.149008       4.071089  -4.682298   0.397098
    57  0.09550208    2.598744   59.928510       4.421305  -1.686196   0.852089
    58  0.10752031    2.925776   67.470068       4.545749  -0.913153   0.812611
    59  0.10377965    2.823988   65.122766       4.627635   0.372254   1.455452
    60  0.10701866    2.912126   67.155277       4.785991   1.356573   1.790341
    61  0.10061419    2.737851   63.136412       4.923418  -0.241945  -1.234215
    62  0.09298065    2.530132   58.346288       5.117306   1.122460  -1.014972
    63  0.09551509    2.599098   59.936671       5.358873   2.170657  -0.638154
    64  0.09582540    2.607542   60.131395       5.619604  -0.357113   1.469129
    65  0.09609698    2.614932   60.301817       5.930532   1.939740   2.249218
    66  0.08617415    2.344918   54.075142       6.273425   0.430513  -0.997196
    67  0.09833027    2.675703   61.703231       6.538014   0.033630   1.784246
    68  0.08834102    2.403881   55.434875       6.428233   2.684487  -0.267056
    69  0.09590768    2.609781   60.183030       6.656267   1.348095   2.221373
    70  0.09087073    2.472718   57.022292       7.107142   0.867347  -0.661256
    71  0.08964544    2.439376   56.253410       7.254319   2.072878  -0.264374
    72  0.11543213    3.141068   72.434819       7.966064   0.695101   2.057969
    73  0.11133851    3.029675   69.866029       8.391794   1.357526   0.005568
 
 Number of surface maxima:    86
   #       a.u.         eV      kcal/mol           X/Y/Z coordinate(Angstrom)
     1  0.20274883    5.517076  127.226921      -6.198213  -3.547972  -2.005047
     2  0.20474365    5.571358  128.478686      -5.979394  -0.868262   5.291987
     3  0.16365605    4.453308  102.695810      -5.630298   0.440810   4.245731
     4  0.21331350    5.804555  133.856352      -5.630305   2.005524   3.700403
     5  0.15762625    4.289228   98.912050      -5.105401  -4.729359  -2.249755
     6  0.16437234    4.472799  103.145285      -5.031866  -2.011060   4.498221
     7  0.22354492    6.082967  140.276674      -4.707002  -1.104623  -0.476566
     8  0.22312082    6.071426  140.010549      -4.707002   3.243924   1.887566
     9  0.18893300    5.141128  118.557348      -4.589498  -0.765206   2.108074
    10  0.19852940    5.402260  124.579183      -4.471574  -6.238268  -2.920888
    11  0.18982433    5.165383  119.116662      -4.564397   1.888758   2.525854
    12  0.20894055    5.685561  131.112282      -4.305777  -3.527726   4.239393
    13  0.22312563    6.071557  140.013566      -3.555483   0.418887   0.377643
    14  0.17254473    4.695181  108.273543      -3.384059  -3.083171   2.910690
    15  0.11808303    3.213203   74.098280      -3.441074   4.399342  -1.085167
    16  0.18495092    5.032770  116.058550      -3.354833  -0.472646   3.086499
    17  0.18348328    4.992834  115.137596      -3.097508  -4.067494  -0.752378
    18  0.20204825    5.498013  126.787299      -3.129801  -1.157019  -0.558922
    19  0.16447998    4.475728  103.212830      -3.150006   1.617353  -2.792754
    20  0.16875018    4.591926  105.892426      -3.140580   3.173251   1.180781
    21  0.10900965    2.966304   68.404647      -3.033161   3.200640  -3.312100
    22  0.15720968    4.277893   98.650649      -2.895421  -5.984455  -2.525211
    23  0.21242204    5.780298  133.296953      -2.986661  -1.818299   0.529788
    24  0.17927587    4.878344  112.497398      -2.888005   1.607405  -1.115329
    25  0.15143657    4.120799   95.027965      -2.885727   4.432015  -4.431551
    26  0.17521947    4.767964  109.951970      -2.809791  -3.360931  -2.116494
    27  0.10506192    2.858880   65.927405      -2.704515   5.722285  -3.269387
    28  0.18897224    5.142196  118.581968      -2.468610   4.262508   2.099700
    29  0.11063392    3.010502   69.423890      -2.481509   6.875115  -1.067865
    30  0.15406250    4.192254   96.675759      -2.489880   7.246071  -2.777965
*   31  0.22780548    6.198902  142.950219      -2.382379  -3.330403   1.663366
    32  0.21212737    5.772279  133.112043      -2.347459   0.820191   1.314240
    33  0.16373548    4.455469  102.745652      -2.221073   7.119277   0.603441
    34  0.20550527    5.592083  128.956614      -2.005038  -1.762412   1.246942
    35  0.10694105    2.910014   67.106580      -1.821934   4.261552  -1.206985
    36  0.15962900    4.343726  100.168791      -1.431364   2.009092  -0.021174
    37  0.20732445    5.641585  130.098167      -1.267350  -6.363745  -2.401451
    38  0.22064085    6.003943  138.454341      -0.992522  -3.013650   0.147197
    39  0.19993591    5.440533  125.461781      -0.769112  -2.347668  -1.252914
    40  0.15774979    4.292590   98.989572      -0.828205   0.583808   0.439360
    41  0.18324884    4.986455  114.990481      -0.714955  -5.077857  -1.575560
    42  0.15630114    4.253170   98.080528      -0.733900   3.612353   0.930559
    43  0.12894227    3.508697   80.912561      -0.479170   2.170060  -0.516749
    44  0.15056410    4.097058   94.480481      -0.373241  -0.508176  -0.985382
    45  0.11036632    3.003220   69.255972      -0.141802   1.224279  -2.049300
    46  0.17747469    4.829332  111.367143       0.452476   0.562807   4.558590
    47  0.18740959    5.099674  117.601392       0.690027  -2.223827   0.920307
    48  0.21936847    5.969320  137.655909       0.723414  -5.380541  -1.449248
    49  0.18425633    5.013870  115.622688       1.120613  -1.934215   2.531379
    50  0.14144590    3.848939   88.758714       1.043382  -1.492173  -0.599528
    51  0.16465960    4.480616  103.325547       1.253225  -3.818202  -1.325985
    52  0.05313534    1.445886   33.342957       1.118525  -1.415327  -3.436880
    53  0.15859629    4.315624   99.520756       1.277002   0.584955   0.704470
    54  0.02969228    0.807968   18.632203       1.230644   4.105220  -2.525404
    55  0.16558186    4.505712  103.904275       1.308459  -4.067494  -1.058139
    56  0.12089015    3.289588   75.859778       1.444401  -0.429682  -0.632863
    57  0.14428843    3.926288   90.542433       1.739055   2.092347  -0.146150
    58  0.10017646    2.725940   62.861730       1.902810   1.233155  -1.571448
    59  0.11858991    3.226996   74.416357       2.111999   2.222330   2.116924
    60  0.18014265    4.901931  113.041314       2.177109  -3.933512  -2.645198
    61  0.13268319    3.610493   83.260028       2.819728  -2.109375   2.583961
    62  0.17192026    4.678188  107.881685       2.984942   1.504422   1.346752
    63  0.18184225    4.948179  114.107829       2.865430   3.348266   0.559682
    64  0.13087026    3.561161   82.122400       3.085205  -3.834782   0.529392
    65  0.17639881    4.800056  110.692019       3.115139   2.175291   3.594785
    66  0.13257474    3.607542   83.191976       3.385430  -2.314269   0.021698
    67  0.15446438    4.203189   96.927941       3.511743   2.028806  -1.024235
    68  0.12920670    3.515893   81.078497       3.653440  -4.019701  -1.936407
    69  0.13275860    3.612545   83.307349       3.923753   0.626977  -0.729380
    70  0.16839749    4.582329  105.671110       3.811741   2.731424   0.845888
    71  0.16601142    4.517401  104.173829       4.150871  -1.290458  -0.532565
    72  0.17738665    4.826936  111.311899       4.327231  -2.310815   3.320186
    73  0.19079060    5.191676  119.723012       4.553599   4.080887   1.166236
    74  0.13102418    3.565349   82.218986       5.082581  -2.877117   1.984527
    75  0.17319288    4.712818  108.680266       5.347278  -4.329388  -1.846413
    76  0.13027388    3.544932   81.748161       5.543598  -3.738966  -0.332729
    77  0.14781219    4.022174   92.753627       5.749782   0.964100   1.335995
    78  0.13486066    3.669745   84.626412       5.851981  -1.198659  -0.140659
    79  0.14163601    3.854112   88.878011       6.139568   1.488306  -0.134355
    80  0.13960043    3.798721   87.600668       6.114192   3.548253   1.398129
    81  0.17969411    4.889725  112.759849       6.403845  -3.521737   1.056701
    82  0.18615944    5.065656  116.816910       7.331780  -1.752472   0.066234
    83  0.18017790    4.902890  113.063433       7.793779   3.670693   1.748928
    84  0.13836692    3.765155   86.826626       8.021163  -0.240785   0.675522
    85  0.13635530    3.710416   85.564312       8.185099   2.043018   1.382712
    86  0.18237840    4.962769  114.444272       9.156762   0.686788   1.175366
