 Number of surface minima:    50
   #       a.u.         eV      kcal/mol           X/Y/Z coordinate(Angstrom)
     1  0.12762433    3.472835   80.085545      -6.632786  -0.708408  -0.509184
     2  0.13792802    3.753212   86.551215      -6.705016   1.382715  -0.822545
     3  0.13526014    3.680616   84.877090      -6.209847   1.010772  -2.895937
     4  0.12445673    3.386640   78.097843      -6.038894  -0.933867  -2.674665
     5  0.11923793    3.244629   74.822994      -5.938747   0.348559  -0.252212
     6  0.11845006    3.223190   74.328597      -5.506193  -0.634439  -0.028779
     7  0.12744872    3.468056   79.975345      -5.271450   1.413170  -0.244498
     8  0.11538538    3.139796   72.405482      -5.295710   0.069111  -2.811218
     9  0.11324439    3.081537   71.061987      -4.912961  -0.894424  -2.604462
    10  0.12198806    3.319464   76.548726      -4.629790   1.131613  -2.783404
    11  0.13163058    3.581850   82.599505      -4.380262   1.516987  -0.030053
    12  0.13064376    3.554998   81.980267      -4.119195  -0.576900   0.286919
    13  0.13705853    3.729552   86.005601      -3.691610   0.346200   0.273792
    14  0.12302719    3.347740   77.200794      -3.745561   1.111458  -2.576592
    15  0.12465812    3.392120   78.224219      -3.589512  -0.866026  -2.277844
    16  0.12973387    3.530238   81.409302      -3.053190   0.065769  -2.267988
    17  0.20147007    5.482280  126.424487      -2.406638   3.098791   0.628718
    18  0.04521128    1.230262   28.370531      -2.255389  -2.960352   3.270815
    19  0.09059819    2.465302   56.851271      -2.330608  -0.665233   1.759808
    20  0.20387197    5.547638  127.931699      -1.737281   2.176793   0.368216
    21  0.12780173    3.477662   80.196862      -1.409509  -0.204817   0.897281
    22  0.19763868    5.378022  124.020250      -1.424960   3.124282  -0.245019
    23  0.19284018    5.247448  121.009139      -1.305335   3.929512   2.365808
    24  0.04557884    1.240263   28.601176      -1.171115  -3.352635   1.183951
    25  0.08551413    2.326958   53.660974      -0.944131   0.120579   2.617107
    26  0.20469305    5.569981  128.446937      -1.019222   4.454204  -0.765340
    27  0.04650679    1.265514   29.183474      -0.444756  -1.409617   2.987298
    28  0.08826990    2.401946   55.390242      -0.431511   0.144416  -1.219427
    29  0.19409519    5.281599  121.796672      -0.217568   3.264558  -1.022041
    30  0.18662336    5.078280  117.108027      -0.218421   4.092840   1.887581
    31  0.20037177    5.452393  125.735287      -0.101550   5.135771   1.078392
    32  0.19050604    5.183933  119.544448       0.441254   2.336254  -1.024691
    33  0.03622272    0.985670   22.730119       0.622795  -0.204817   2.710282
    34  0.20207806    5.498824  126.806005       0.761704   3.496133  -1.488582
    35  0.19354840    5.266720  121.453553       0.924472   4.168070   1.164268
    36  0.03120124    0.849029   19.579087       1.326205  -1.220069  -1.970091
*   37  0.00177966    0.048427    1.116753       1.431753  -4.032360  -0.556235
    38  0.20073408    5.462252  125.962641       1.547683   3.360083   1.153737
    39  0.00519779    0.141439    3.261666       2.511944  -3.489813   0.645038
    40  0.04791956    1.303958   30.070005       2.699575  -2.249765  -1.616310
    41  0.16783483    4.567018  105.318032       3.393683   1.250421   0.967371
    42  0.18621602    5.067196  116.852414       4.137131   2.441069  -1.562231
    43  0.15368602    4.182009   96.439514       4.479935  -0.543259  -0.161073
    44  0.16774777    4.564649  105.263405       4.507841   1.296421   0.764987
    45  0.17326210    4.714702  108.723704       4.739331   1.518389  -2.147277
    46  0.15685754    4.268311   98.429675       5.023040   0.204613   0.131736
    47  0.17474892    4.755160  109.656697       5.288057   0.473587  -2.549670
    48  0.16241727    4.419599  101.918460       5.538289  -0.540343  -0.557956
    49  0.18840334    5.126716  118.224979       5.670584   2.308775  -1.576563
    50  0.17995509    4.896827  112.923619       5.870148   1.382715   0.303080
 
 Number of surface maxima:    56
   #       a.u.         eV      kcal/mol           X/Y/Z coordinate(Angstrom)
     1  0.19695225    5.359343  123.589506      -7.246424  -1.347631  -1.725901
     2  0.20403601    5.552102  128.034634      -7.195946   1.884731  -2.154868
     3  0.15710553    4.275059   98.585294      -6.901998   0.322771  -1.754261
     4  0.15863031    4.316550   99.542105      -5.651300  -1.869216  -1.191640
     5  0.16707963    4.546468  104.844140      -5.634630   2.441069  -1.851905
     6  0.17747149    4.829245  111.365136      -4.648372   0.380752  -0.501565
     7  0.20787053    5.656445  130.440836      -4.415237  -2.911459  -0.822545
     8  0.22170446    6.032885  139.121764      -4.411935   3.585836  -1.628441
     9  0.18816987    5.120363  118.078476      -4.266512  -2.722934   1.550318
    10  0.17355713    4.722730  108.908832      -4.267043   0.185967  -2.036196
    11  0.18925759    5.149961  118.761032      -3.344012  -1.966594  -0.557956
    12  0.18304435    4.980890  114.862162      -3.325429  -0.532517   3.744644
    13  0.27225344    7.408393  170.841756      -2.732547   3.896307   1.823342
    14  0.19922221    5.421112  125.013930      -2.573214  -2.855242  -0.453910
    15  0.18652690    5.075655  117.047493      -2.248425   0.367082  -0.118352
    16  0.12318663    3.352079   77.300840      -2.267074   0.645682   2.938429
    17  0.23293605    6.338512  146.169698      -2.119973   2.187356   1.568058
    18  0.18115950    4.929601  113.679397      -1.949144   0.245408  -1.219427
    19  0.19052024    5.184319  119.553357      -1.866399  -1.250444  -1.739449
    20  0.22829986    6.212355  143.260448      -1.669807   1.355611   0.833078
    21  0.24573213    6.686711  154.199369      -1.717086   2.066914  -0.801660
    22  0.23061374    6.275319  144.712426      -1.605603   4.492898   0.764987
    23  0.08531425    2.321519   53.535544      -1.074543  -3.116536   2.885517
    24  0.16918818    4.603844  106.167273      -1.002555  -1.983066   0.073022
    25  0.21103136    5.742455  132.424292      -1.002453   3.868211  -0.748572
    26  0.22395026    6.093997  140.531029      -0.873360   0.659720   1.100347
    27  0.26915709    7.324137  168.898764      -0.811837   5.684944  -0.161073
    28  0.16414505    4.466614  103.002660      -0.600656  -0.601700   1.161870
    29  0.27613431    7.513997  173.277040      -0.288307   2.307443   0.100777
    30  0.23447093    6.380278  147.132854      -0.118863   1.799323   2.626755
    31  0.04901787    1.333844   30.759202       0.085290  -4.102973  -2.074814
    32  0.15605056    4.246352   97.923284       0.087439  -1.143228  -1.133734
    33  0.19530180    5.314432  122.553834       0.230562   0.324361   0.066033
    34  0.14311065    3.894239   89.803364       0.496259  -3.640490   2.745164
    35  0.27495690    7.481958  172.538206       0.441561   2.900702   1.356914
    36  0.23372152    6.359886  146.662588       0.530987   4.732872  -0.557956
    37  0.11733682    3.192897   73.630027       0.877597  -2.904640   0.764987
    38  0.13829921    3.763313   86.784134       1.014640  -1.143840   1.909616
    39  0.22696181    6.175945  142.420808       1.568656   1.538244  -1.219813
    40  0.12606293    3.430347   79.105751       1.833113  -1.790714  -0.557927
    41  0.17873770    4.863700  112.159693       1.937383  -0.219768   0.443174
*   42  0.28215357    7.677789  177.054185       2.036271   4.363117  -1.219427
    43  0.25957088    7.063283  162.883324       2.383628   3.111381  -0.147267
    44  0.18631988    5.070022  116.917588       2.764240  -1.131177  -0.684744
    45  0.22204342    6.042109  139.334467       2.929430  -0.064292  -2.397172
    46  0.26381659    7.178815  165.547549       3.438856   1.241708  -1.452773
    47  0.08436401    2.295661   52.939258       3.674401  -2.250931  -2.697172
    48  0.27625083    7.517167  173.350161       3.653178   3.845687   0.756184
    49  0.24904640    6.776897  156.279106       3.691993   0.591299  -0.023967
    50  0.06079502    1.654317   38.149486       4.011991  -2.157253   1.487692
    51  0.20601541    5.605964  129.276732       4.492696  -0.465855  -2.388748
    52  0.20154759    5.484389  126.473131       4.811092  -0.932014  -1.814331
    53  0.22175878    6.034363  139.155853       4.898787   2.978981  -0.017061
    54  0.20873892    5.680075  130.985757       6.075575   1.122649  -1.217768
    55  0.24602370    6.694645  154.382332       6.341050  -0.330138  -2.007996
    56  0.25298695    6.884125  158.751842       6.471438   2.577476  -0.421125
