 Number of surface minima:    56
   #       a.u.         eV      kcal/mol           X/Y/Z coordinate(Angstrom)
     1  0.13376994    3.640065   83.941972      -6.771129   1.085807  -0.747885
     2  0.12444945    3.386442   78.093272      -6.600287  -0.873094  -0.874751
     3  0.11546441    3.141946   72.455071      -6.106711   0.118361  -0.405546
     4  0.13217314    3.596614   82.939970      -6.084344   1.360134  -2.828816
     5  0.12244548    3.331911   76.835764      -5.854967  -0.648907  -3.011944
     6  0.11529024    3.137207   72.345780      -5.445240  -0.776401  -0.282168
     7  0.11291848    3.072668   70.857476      -5.312945   0.385313  -2.913211
     8  0.12228827    3.327633   76.737115      -5.442313   1.209810  -0.081566
     9  0.11132441    3.029291   69.857178      -4.651474  -0.485734  -2.810309
    10  0.12654449    3.443451   79.407935      -4.495755   1.217999   0.224642
    11  0.11892244    3.236044   74.625022      -4.648823   1.473366  -2.589038
    12  0.12821972    3.489036   80.459160      -4.219325  -0.747992   0.093475
    13  0.13474753    3.666667   84.555422      -3.813356   0.170420   0.315898
    14  0.12066879    3.283565   75.720875      -3.700180   1.492304  -2.298791
    15  0.12335437    3.356643   77.406104      -3.431636  -0.499550  -2.410325
    16  0.12814466    3.486994   80.412058      -3.058645   0.415099  -2.185480
    17  0.11334733    3.084338   71.126582      -2.930359  -1.169444   1.113029
    18  0.14593183    3.971007   91.573685      -2.819105   0.804344   2.552131
    19  0.05095238    1.386485   31.973125      -2.435407  -3.025404   3.158994
    20  0.18927620    5.150467  118.772707      -2.248769   3.481484   0.466183
    21  0.13963621    3.799695   87.623120      -1.717168   1.621505   3.917541
    22  0.17870794    4.862890  112.141017      -1.331063   3.199173  -0.343526
    23  0.17732601    4.825286  111.273847      -1.056512   4.167960   2.217490
    24  0.07060427    1.921240   44.304887      -0.976819  -1.231477   3.035885
    25  0.03421853    0.931133   21.472468      -0.787806  -3.386122   1.393490
    26  0.11596739    3.155633   72.770697      -0.814939   0.089062   2.665537
    27  0.18644343    5.073384  116.995116      -0.903982   4.404362  -0.963794
    28  0.09049565    2.462512   56.786927      -0.365409   0.202307  -1.086692
    29  0.17386381    4.731075  109.101279      -0.240068   3.212572  -1.093646
    30  0.17264140    4.697811  108.334205      -0.254419   3.354780   2.315608
    31  0.16864487    4.589060  105.826342       0.012263   4.279995   1.654660
    32  0.18298360    4.979237  114.824040       0.088711   5.258801   0.794740
    33  0.17272792    4.700166  108.388499       0.428901   2.289470  -1.086148
    34  0.18446023    5.019418  115.750640       0.791652   3.340714  -1.640984
*   35  0.00574443    0.156314    3.604688       0.820552  -4.216053   0.099269
    36  0.03339171    0.908635   20.953635       0.904887  -2.862171  -2.272248
    37  0.17471954    4.754360  109.638256       1.027317   4.247634   0.973021
    38  0.04232748    1.151789   26.560916       1.134115  -1.314862  -1.860768
    39  0.18309470    4.982260  114.893753       1.658378   3.449879   0.959294
    40  0.03384655    0.921011   21.239049       1.762635   0.149659   2.364295
    41  0.08389456    2.282887   52.644678       2.146236  -2.328370  -1.906403
    42  0.00699207    0.190264    4.387595       2.329886  -3.472941   1.229681
    43  0.10563134    2.874375   66.284719       3.147049  -2.141907  -0.479966
    44  0.14989657    4.078893   94.061599       3.438540   1.208014   0.890139
    45  0.11722716    3.189913   73.561214       3.518864  -2.107720  -3.435837
    46  0.10364600    2.820351   65.038899       4.072595  -2.884647  -1.674963
    47  0.16731124    4.552770  104.989476       4.113044   2.424329  -1.626551
    48  0.15899394    4.326445   99.770290       4.140691   0.607283  -2.533835
    49  0.13338995    3.629725   83.703528       4.476833  -0.596104  -0.213279
    50  0.14821096    4.033025   93.003861       4.476833   1.278661   0.712781
    51  0.15562117    4.234667   97.653839       4.725600   1.461275  -2.225279
    52  0.13867384    3.773507   87.019219       5.066060   0.281954   0.111359
    53  0.16033340    4.362894  100.610811       5.270603   0.546566  -2.594543
    54  0.14790621    4.024733   92.812627       5.535187  -0.571711  -0.610162
    55  0.17138350    4.663582  107.544859       5.595194   2.326375  -1.668516
    56  0.16273493    4.428243  102.117794       5.859147   1.340308   0.242975
 
 Number of surface maxima:    62
   #       a.u.         eV      kcal/mol           X/Y/Z coordinate(Angstrom)
     1  0.20058677    5.458244  125.870203      -7.228506   1.938339  -1.996545
     2  0.19447581    5.291956  122.035513      -7.087555  -1.360362  -2.222598
     3  0.15391811    4.188325   96.585153      -6.839199   0.311789  -2.004121
     4  0.16305438    4.436935  102.318251      -5.781412   2.459373  -1.403928
     5  0.15589913    4.242231   97.828262      -5.500605  -1.844374  -1.815538
     6  0.21754046    5.919577  136.508814      -4.626822   3.621916  -0.987178
     7  0.17368260    4.726144  108.987565      -4.649415   0.284208  -0.479558
     8  0.20517842    5.583189  128.751511      -4.232248  -2.895700  -1.539789
     9  0.17025608    4.632904  106.837392      -4.192808   0.445676  -2.003617
    10  0.19445405    5.291364  122.021859      -4.106567  -0.919424   2.685771
    11  0.18055309    4.913099  113.298869      -3.887287  -3.756462   1.172372
    12  0.18571492    5.053560  116.537970      -3.205097  -1.982934  -1.011196
    13  0.21931296    5.967809  137.621078      -2.931648   2.480260   2.939276
    14  0.25426526    6.918910  159.553994      -2.582170   4.105237   1.744941
    15  0.19522375    5.312308  122.504857      -2.427151  -2.805634  -1.017016
    16  0.13812043    3.758448   86.671952      -2.293895  -0.944051   2.160558
    17  0.19600783    5.333644  122.996871      -2.282453  -0.117572   1.632450
    18  0.18227528    4.959963  114.379561      -2.353127   0.199003   0.100654
    19  0.15327547    4.170838   96.181890      -2.319570   0.761737   3.358667
    20  0.17803358    4.844540  111.717851      -1.973086   0.446750  -0.988467
    21  0.19202823    5.225354  120.499635      -1.756480  -0.927390  -1.847155
    22  0.23316170    6.344652  146.311296      -1.853698   2.144288  -0.333729
    23  0.19593969    5.331790  122.954114      -1.630856   1.678460   0.654050
    24  0.21142061    5.753047  132.668549      -1.453786   4.640190   0.590982
    25  0.09273308    2.523395   58.190932      -1.211822  -2.571899   3.226373
    26  0.19125986    5.204445  120.017472      -1.026601   3.879115  -0.821824
    27  0.17184432    4.676122  107.834028      -0.910215  -1.930031   0.202029
    28  0.15655313    4.260027   98.238656      -0.682645  -0.445529   1.175947
    29  0.19278454    5.245934  120.974224      -0.782378   0.723129   1.130808
    30  0.25147797    6.843063  157.804939      -0.668948   5.725519  -0.461401
    31  0.19426759    5.286290  121.904853      -0.494797   0.972900   4.075692
    32  0.24853985    6.763113  155.961239      -0.283787   2.399555   0.051568
    33  0.05351601    1.456245   33.581829       0.085112  -4.139186  -1.856239
    34  0.15693083    4.270305   98.475664       0.089198  -1.182912  -1.045726
    35  0.18903617    5.143936  118.622086       0.243415   0.313513   0.051310
    36  0.19766340    5.378695  124.035761       0.220999   1.941184   2.504306
    37  0.19786133    5.384081  124.159966       0.184256   2.238336   2.505742
    38  0.15151602    4.122960   95.077815       0.505061  -2.623213   3.490076
    39  0.24763934    6.738609  155.396162       0.570901   2.990736   1.241958
    40  0.21473805    5.843319  134.750274       0.684579   4.691946  -0.830470
    41  0.10762700    2.928680   67.537020       0.882553  -2.801957   0.977370
    42  0.14483551    3.941175   90.885732       1.017093  -1.049827   2.000769
    43  0.20964880    5.704834  131.556716       1.574935   1.477740  -1.268582
    44  0.13393082    3.644443   84.042930       1.830947  -1.791396  -0.434508
    45  0.17387650    4.731420  109.109241       1.973459  -0.237347   0.449992
*   46  0.26401097    7.184104  165.669522       2.089984   4.231633  -1.519096
    47  0.17945073    4.883103  112.607128       2.202474  -1.319628  -3.454772
    48  0.23645179    6.434181  148.375865       2.505388   3.078540  -0.333360
    49  0.16439581    4.473438  103.160017       2.639741  -1.143242  -0.596092
    50  0.18849411    5.129186  118.281938       2.862847   0.134827  -2.391406
    51  0.14096778    3.835928   88.458691       3.040058  -3.118543  -1.007045
    52  0.12182934    3.315145   76.449129       3.442245  -2.727707  -2.842174
    53  0.23660507    6.438351  148.472044       3.434069   1.197892  -1.506791
    54  0.22180453    6.035608  139.184559       3.713506   0.553123  -0.068395
    55  0.25828842    7.028385  162.078565       3.684596   3.855851   0.581902
    56  0.05674169    1.544020   35.605979       3.976889  -2.208888   1.655525
    57  0.18389940    5.004157  115.398711       4.873716  -0.801499  -2.263289
    58  0.20311988    5.527173  127.459753       4.911830   2.965954  -0.195128
    59  0.19078139    5.191426  119.717231       5.127862  -1.963448  -2.853503
    60  0.18963850    5.160326  119.000057       6.097760   0.968050  -1.249629
    61  0.22805504    6.205693  143.106816       6.361452  -0.365051  -2.056806
    62  0.23586106    6.418106  148.005176       6.485500   2.544490  -0.594232
