 Number of surface minima:    77
   #       a.u.         eV      kcal/mol           X/Y/Z coordinate(Angstrom)
     1  0.12412402    3.377586   77.889062      -7.236421   2.230904  -2.724004
     2  0.11027054    3.000614   69.195864      -6.980457   1.409702  -1.552249
     3  0.09994320    2.719593   62.715356      -6.844192   0.555403  -0.699069
     4  0.11496480    3.128351   72.141561      -6.579603  -0.368430  -0.035371
     5  0.10839786    2.949656   68.020739      -6.308741   2.370304  -1.930608
     6  0.10586626    2.880767   66.432135      -5.918132  -0.215829  -3.322422
     7  0.05942194    1.616953   37.287862      -5.730037  -3.456149   1.666743
     8  0.09594166    2.610705   60.204350      -5.653543  -0.999659  -2.518720
     9  0.05927496    1.612954   37.195628      -5.605260  -2.756145   2.594806
    10  0.06373295    1.734262   39.993064      -5.355373  -1.709625   2.585946
    11  0.10183461    2.771061   63.902239      -5.124366   0.757313  -3.708701
    12  0.12078820    3.286814   75.795803      -3.801423  -0.086415  -2.134653
    13  0.11683301    3.179188   73.313882      -3.536834  -0.733141  -1.458436
    14  0.15269424    4.155022   95.817162      -3.272245   2.423428  -0.021693
    15  0.03282746    0.893280   20.599556      -3.104092  -3.957579   1.661338
    16  0.15216764    4.140692   95.486716      -3.031139   0.895076   1.215222
    17  0.03054542    0.831183   19.167559      -2.971144  -3.560204   0.867558
    18  0.03337850    0.908275   20.945342      -3.004599  -3.322690   2.696789
    19  0.12700208    3.455902   79.695076      -2.995276   0.934540  -2.439593
    20  0.03779951    1.028577   23.719573      -2.743068  -2.601254   0.713445
    21  0.03273864    0.890864   20.543823      -2.782668  -2.410237   2.546764
    22  0.03801731    1.034504   23.856244      -2.587225  -1.856558   1.641550
    23 -0.00852947   -0.232099   -5.352330      -1.817008  -2.643224   2.343002
    24  0.01077855    0.293299    6.763650      -1.847495  -1.013206   1.904094
    25  0.11519754    3.134685   72.287610      -1.814513   1.038497  -1.811624
    26  0.17308809    4.709966  108.614504      -1.704466   4.349214  -0.392057
*   27 -0.02225285   -0.605531  -13.963885      -1.103687  -3.700169   0.500705
    28 -0.01241173   -0.337740   -7.788485      -1.044578  -3.234861  -0.874087
    29  0.13785154    3.751131   86.503221      -1.023242   2.364800   1.439358
    30  0.15815386    4.303585   99.243127      -0.871784   3.555449  -0.969635
    31  0.14877455    4.048361   93.357519      -0.359104   3.570824   1.894730
    32  0.01817417    0.494544   11.404473      -0.069218   0.134235  -1.894046
    33 -0.01144437   -0.311417   -7.181458       0.232851  -2.596939   2.962448
    34  0.11943160    3.249899   74.944520       0.495670   6.598218   0.247943
    35  0.11621950    3.162494   72.928901       0.699695   5.540682   2.699381
    36  0.13437535    3.656539   84.321874       0.827762   7.526249   0.844197
    37  0.00022690    0.006174    0.142385       0.935172  -3.108855  -0.357301
    38  0.01939317    0.527715   12.169408       0.893572  -1.407041   2.697859
    39  0.14742152    4.011544   92.508479       0.943702   3.672510   1.855502
    40  0.13286011    3.615307   83.371045       1.062448   6.670000   2.901937
    41  0.12384137    3.369895   77.711698       1.609820   6.590547   0.162041
    42  0.12223130    3.326083   76.701362       1.914812   5.589116   2.565565
    43  0.08271465    2.250780   51.904271       2.156588   0.659626   1.253130
    44  0.08932171    2.430567   56.050264       2.303471  -4.099459  -1.903326
    45  0.13839163    3.765828   86.842132       2.223754  -0.413380  -0.764226
    46  0.08314311    2.262439   52.173130       2.430524  -4.374547   0.208694
    47  0.11633431    3.165618   73.000942       2.446630   5.804452  -0.284036
    48  0.05328019    1.449828   33.433850       2.656365  -2.044022   2.027278
    49  0.11685779    3.179862   73.329433       2.680804   4.753765   2.166935
    50  0.04910984    1.336347   30.816919       2.800460  -0.040978   3.693955
    51  0.11959658    3.254388   75.048049       2.798582   0.770343   0.602547
    52  0.12385521    3.370272   77.720386       3.153782   0.985463   1.374916
    53  0.08978882    2.443278   56.343382       3.350095  -3.172419  -2.066471
    54  0.10848926    2.952143   68.078098       3.212535   0.116225  -2.063916
    55  0.13148529    3.577897   82.508333       3.240546   5.811045   2.311036
    56  0.08394184    2.284174   52.674342       3.517378  -3.683082   0.505350
    57  0.07821408    2.128313   49.080120       3.599393  -4.385911  -2.342538
    58  0.07451620    2.027689   46.759661       3.838633  -4.911387   0.250704
    59  0.11833082    3.219945   74.253772       3.952680  -0.021605  -2.870784
    60  0.09850075    2.680342   61.810203       4.180994  -2.492252  -2.005365
    61  0.10447953    2.843033   65.561950       4.021720   2.629644  -2.311719
    62  0.12285634    3.343091   77.093582       4.195495   0.307351   0.581151
    63  0.11446644    3.114790   71.828837       4.513725  -0.181002  -1.808541
    64  0.08514269    2.316850   53.427888       4.666938  -4.514222  -2.460973
    65  0.13028061    3.545116   81.752383       4.682142   0.008762  -0.461133
    66  0.11666560    3.174632   73.208832       4.705033   2.139832  -3.123090
    67  0.08234925    2.240837   51.674980       4.901060  -5.043681   0.122732
    68  0.10272680    2.795338   64.462096       5.096800   2.413490  -2.032882
    69  0.13639207    3.711417   85.587388       5.359574   0.248091   0.778667
    70  0.09284106    2.526334   58.258693       5.451632  -2.771784  -2.199982
    71  0.08942103    2.433270   56.112588       5.653871  -3.720738  -2.399220
    72  0.09005775    2.450596   56.512139       5.697972  -3.323855   0.397509
    73  0.10612951    2.887931   66.597326       5.608936   2.498815  -0.858077
    74  0.08705579    2.368908   54.628378       5.857250  -4.250628   0.191521
    75  0.10682912    2.906968   67.036341       5.979013  -5.179172  -2.476167
    76  0.10534889    2.866689   66.107484       6.168013  -5.525496  -0.297547
    77  0.11987678    3.262013   75.223877       6.273458   2.000466  -1.778180
 
 Number of surface maxima:    83
   #       a.u.         eV      kcal/mol           X/Y/Z coordinate(Angstrom)
     1  0.18648299    5.074460  117.019941      -8.306545  -0.680341  -2.335616
     2  0.14637526    3.983073   91.851938      -7.542552   0.633299  -3.146783
     3  0.19262769    5.241666  120.875802      -7.481584   1.840898  -4.170067
     4  0.14213950    3.867812   89.193957      -7.005902  -1.081403  -1.291887
     5  0.18018898    4.903191  113.070387      -6.424913  -1.849936  -0.202551
     6  0.16853853    4.586167  105.759613      -5.653543   1.231421  -1.345994
     7  0.15120014    4.114365   94.879599      -5.122190  -0.676851   0.183801
     8  0.16399171    4.462441  102.906439      -4.971164   0.288456  -2.421253
     9  0.14791007    4.024838   92.815046      -4.900798  -5.189519   3.485174
    10  0.11031772    3.001898   69.225473      -4.928278  -2.397795   1.607504
    11  0.14956265    4.069807   93.852061      -4.759493  -5.454393   0.155246
    12  0.09987952    2.717860   62.675400      -4.803040  -4.986944   1.801416
    13  0.21068526    5.733037  132.207106      -4.605326   3.409875  -3.636630
    14  0.10662997    2.901549   66.911375      -4.485692  -3.866059  -0.496265
    15  0.10089295    2.745437   63.311333      -4.562687  -3.555942   3.888508
    16  0.15796610    4.298476   99.125307      -4.463707  -1.339584  -0.609844
    17  0.15850265    4.313076   99.461996      -4.164260  -2.899057  -1.620926
    18  0.15237434    4.146317   95.616420      -4.232483  -2.277979   4.892776
    19  0.19044853    5.182368  119.508356      -3.745561   2.761683  -2.405757
    20  0.17447162    4.747614  109.482688      -3.561722   0.339246   2.954041
    21  0.17173575    4.673167  107.765900      -3.439803   0.105322   1.320427
    22  0.21312056    5.799305  133.735282      -3.527842   1.305078  -0.082238
    23  0.09092840    2.474288   57.058482      -3.361553  -2.794678   1.660142
    24  0.19614767    5.337449  123.084623      -2.845466   0.438379  -1.212976
*   25  0.24389413    6.636697  153.046003      -2.724123   4.227561   0.716853
    26  0.24024428    6.537379  150.755688      -2.547687   3.618536  -2.329324
    27  0.13022208    3.543523   81.715659      -2.342460  -1.082076   0.183449
    28  0.20354898    5.538849  127.729020      -2.081597   3.106950  -0.609498
    29  0.04850558    1.319904   30.437739      -1.887738  -2.203936  -2.532348
    30  0.21810743    5.935005  136.864592      -1.714422   6.192138   1.751562
    31  0.19951124    5.428977  125.195300      -1.316723   4.878392   1.092650
    32  0.15669082    4.263774   98.325054      -1.155537   0.231214  -0.517992
    33  0.01904097    0.518131   11.948397      -0.765411  -4.000521   2.456895
    34  0.11856606    3.226347   74.401387      -0.551264  -0.735168   1.904094
    35  0.16390912    4.460194  102.854615      -0.229477   6.927529   1.836522
    36  0.17046720    4.638648  106.969873      -0.113968   0.756665   0.692258
    37  0.07719170    2.100493   48.438561       0.151452  -2.554648  -0.092266
    38  0.17850231    4.857295  112.011984       0.156356   1.270288   2.680301
    39  0.22152059    6.027882  139.006385       0.280704   2.748900   0.944420
    40  0.22560855    6.139121  141.571619       0.287045   3.290860  -0.506018
    41  0.12812086    3.486346   80.397121       0.696584  -0.836157  -1.067240
    42  0.20225865    5.503738  126.919326       0.987081   8.087691   2.319082
    43  0.18226121    4.959580  114.370732       1.210018   5.407569   0.283109
    44  0.11482210    3.124468   72.052019       1.285400  -1.736323   1.169967
    45  0.18317164    4.984354  114.942034       1.328984   4.746097   1.707999
    46  0.14613157    3.976442   91.699024       1.528194  -4.621192  -0.850981
    47  0.15528987    4.225652   97.445947       1.552373  -0.483651   0.184268
    48  0.16289141    4.432501  102.215987       1.549041   1.041857   0.242959
    49  0.19651962    5.347571  123.318029       1.601841   1.828665  -3.003259
    50  0.19332642    5.260680  121.314264       1.506445   2.108559  -1.399563
    51  0.15256098    4.151395   95.733542       1.887232  -0.617463   0.112479
    52  0.12850356    3.496760   80.637269       2.133028  -1.252493   0.978033
    53  0.15907957    4.328775   99.824019       2.342588   7.185868   1.830273
    54  0.16919023    4.603900  106.168564       2.691893  -1.200041  -1.514870
    55  0.18031096    4.906511  113.146933       2.680998   3.423154  -0.422162
    56  0.19148325    5.210524  120.157654       2.720249   2.912105   0.752696
    57  0.11617107    3.161176   72.898511       2.891095  -5.450052  -1.172502
    58  0.14698980    3.999796   92.237572       3.225191   1.319625  -3.233640
    59  0.15751785    4.286279   98.844027       3.616913  -2.379966   3.882426
    60  0.20211618    5.499861  126.829925       3.567152   2.220544   2.241452
    61  0.16631656    4.525704  104.365306       3.719250  -6.799011  -1.411808
    62  0.18858146    5.131563  118.336754       3.621784  -0.010438  -0.334961
    63  0.16363507    4.452737  102.682643       3.897056   0.681458  -0.719286
    64  0.16260021    4.424577  102.033259       3.760794   5.423232   0.859419
    65  0.20158975    5.485536  126.499582       3.946820   6.937980   1.480254
    66  0.17131473    4.661711  107.501709       4.158849  -1.174340  -0.328102
    67  0.15525428    4.224684   97.423613       4.285199   2.269251  -1.006381
    68  0.20821467    5.665809  130.656785       4.293198   4.097708   0.193767
    69  0.13773636    3.747997   86.430942       4.533118  -3.480237  -1.716968
    70  0.18874660    5.136056  118.440380       4.521937   0.757529  -4.063548
    71  0.13641611    3.712071   85.602473       4.727722  -3.790723  -0.150306
    72  0.15770856    4.291468   98.963699       4.875229   1.676013   1.452438
    73  0.19002226    5.170769  119.240866       4.966915  -0.122935   2.055039
    74  0.12674812    3.448992   79.535716       5.221965  -6.052952  -1.486475
    75  0.15073067    4.101590   94.585006       5.480715  -0.240702  -0.863293
    76  0.14710055    4.002809   92.307064       5.604605   0.773117  -2.731779
    77  0.19546472    5.318866  122.656069       5.810056  -0.686617  -0.371170
    78  0.15413318    4.194177   96.720113       6.448052   0.909563  -0.414391
    79  0.19923421    5.421438  125.021457       6.529416   1.184716   1.247737
    80  0.17597597    4.788550  110.426682       6.905360  -5.953340  -1.664010
    81  0.13398341    3.645874   84.075930       7.046710  -4.305959  -1.294075
    82  0.19587772    5.330104  122.915228       7.040905   0.527696  -1.918523
    83  0.18463027    5.024045  115.857344       7.809680  -2.800701  -1.025790
