 Number of surface minima:    58
   #       a.u.         eV      kcal/mol           X/Y/Z coordinate(Angstrom)
     1  0.13562366    3.690507   85.105202      -6.227407   2.071290   0.431813
     2  0.11606397    3.158261   72.831305      -5.888002  -2.464330  -1.178292
     3  0.12652934    3.443038   79.398423      -5.981666  -1.265445  -1.740505
     4  0.13317542    3.623887   83.568905      -5.608257   4.541937   0.127785
     5  0.12160879    3.309144   76.310733      -5.410356  -0.226004  -1.468598
     6  0.12706256    3.457548   79.733027      -5.369501   3.076180  -0.152476
     7  0.12182152    3.314932   76.444221      -5.244710   1.878091  -0.196546
     8  0.11697310    3.183000   73.401791      -4.713618   4.126421  -0.471196
     9  0.11856126    3.226216   74.398376      -4.402144   3.103850   2.274450
    10  0.11065832    3.011166   69.439204      -4.238227   1.917566   2.288699
    11  0.10939643    2.976828   68.647353      -4.026695  -3.079511  -2.999161
    12  0.14613593    3.976561   91.701755      -4.145220  -2.731545   0.643918
    13  0.11977023    3.259114   75.157020      -4.105742  -1.892584  -3.453012
    14  0.10859517    2.955025   68.144552      -3.740557   4.161379   2.009209
    15  0.11240141    3.058598   70.533007      -3.477757  -0.895099  -3.205733
    16  0.13905483    3.783874   87.258295      -3.365223  -2.850403   1.488933
    17  0.13593468    3.698971   85.300374      -2.505608  -2.012276  -1.733186
    18  0.14811135    4.030315   92.941354      -2.417148   3.499031  -1.303539
    19  0.13419651    3.651673   84.209654      -2.275379   2.437162   1.450897
    20  0.13456974    3.661829   84.443855      -2.061095   1.352466   1.407640
    21  0.13711028    3.730960   86.038070      -1.959910  -1.180819  -1.468598
    22  0.11719249    3.188970   73.539462      -1.508456  -4.175071   3.193078
    23  0.11359715    3.091136   71.283347      -1.513103  -3.358452  -0.367627
    24  0.15270390    4.155284   95.823223      -1.462566   4.168338  -1.550355
    25  0.14201313    3.864374   89.114660      -1.270461   3.212018  -1.742103
    26  0.02367864    0.644329   14.858584      -0.830966  -0.067410   2.512083
    27  0.11232233    3.056446   70.483384      -0.333820   3.076351   0.759986
    28  0.10735140    2.921180   67.364078      -0.312076  -4.574478   1.450960
    29  0.10822923    2.945067   67.914927      -0.057299  -3.400938   0.781925
    30  0.02943775    0.801042   18.472483       0.170018  -0.499416  -1.657832
    31  0.02773108    0.754601   17.401533       0.607037  -1.669936  -2.000372
    32  0.12449598    3.387708   78.122471       1.244709   3.478236  -2.430782
    33  0.10844010    2.950805   68.047249       1.267008   2.423124   0.389571
    34  0.10445798    2.842446   65.548424       1.529666   1.580540  -1.093923
    35  0.11559546    3.145512   72.537306       1.670903   3.624591  -0.138607
    36  0.02906596    0.790925   18.239178       1.794517  -3.401184   0.119367
*   37  0.00605227    0.164691    3.797858       1.973864   0.859051   3.209018
    38  0.03982325    1.083646   24.989487       2.218262  -2.836815   1.456776
    39  0.02717092    0.739358   17.050023       2.761046  -0.437750   2.787397
    40  0.04015225    1.092598   25.195941       2.822773   1.166378   0.717551
    41  0.03743373    1.018624   23.490040       3.925875  -2.582943   3.286991
    42  0.09020511    2.454606   56.604608       3.837754  -2.184407   0.707196
    43  0.07874680    2.142809   49.414407       4.195123  -0.728709   1.460356
    44  0.10684362    2.907363   67.045443       4.631798   1.096939  -1.938412
    45  0.10684338    2.907356   67.045287       4.948352   0.158950  -2.306326
    46  0.10887896    2.962747   68.322634       4.968746   1.758259   0.780307
    47  0.09630014    2.620460   60.429302       5.342914   2.020257  -2.011280
    48  0.10108577    2.750684   63.432334       5.474224   0.422375   0.459558
    49  0.10344930    2.814999   64.915470       5.871641  -0.503517   0.062888
    50  0.09554791    2.599991   59.957266       6.097495  -0.093710  -2.854013
    51  0.09076636    2.469878   56.956797       6.229517   1.493821   0.453073
    52  0.09735964    2.649290   61.094145       6.276314   1.888632  -2.404518
    53  0.09534711    2.594527   59.831265       6.666503   0.819707  -2.842986
    54  0.09448605    2.571096   59.290940       7.062576  -0.625892  -0.423556
    55  0.09419384    2.563145   59.107578       7.253533   1.368823  -0.002509
    56  0.11412202    3.105418   71.612707       7.636775   1.778543  -2.763046
    57  0.09368652    2.549340   58.789229       7.682472   0.170878  -0.475269
    58  0.11256587    3.063073   70.636208       8.476961   1.361527  -0.739135
 
 Number of surface maxima:    68
   #       a.u.         eV      kcal/mol           X/Y/Z coordinate(Angstrom)
     1  0.20395499    5.549897  127.983795      -6.781725   1.906372   1.854995
     2  0.20036119    5.452105  125.728653      -6.588197  -3.017107  -3.597450
     3  0.15917443    4.331357   99.883547      -6.143403   3.393461   1.489396
     4  0.20007566    5.444336  125.549479      -6.120788   5.060025   1.456455
     5  0.15958793    4.342608  100.143020      -5.942652  -1.448914  -3.516849
     6  0.15889948    4.323875   99.711016      -5.635821  -3.669416  -2.409048
     7  0.20509871    5.581020  128.701489      -5.709975   0.165409  -3.971830
     8  0.16746722    4.557015  105.087354      -5.457117   0.976857   1.325708
     9  0.20893909    5.685522  131.111370      -4.968693  -4.883949  -1.344311
    10  0.18526785    5.041394  116.257427      -4.735006  -1.548947  -1.101039
    11  0.22357086    6.083673  140.292951      -4.590408  -0.364047   1.043451
    12  0.15921151    4.332366   99.906817      -4.532491   5.227036   0.798380
    13  0.18574162    5.054286  116.554722      -4.102842   2.715869  -0.089508
    14  0.18606378    5.063053  116.756884      -3.979812  -4.015657  -0.519375
    15  0.17740469    4.827427  111.323216      -3.629812  -1.913204  -2.192203
    16  0.22494417    6.121042  141.154713      -3.512226   1.467880  -2.137775
    17  0.17688439    4.813269  110.996724      -3.530421   2.804521   1.386318
    18  0.22351102    6.082044  140.255403      -3.336519  -5.080042   0.409724
    19  0.21170612    5.760816  132.847705      -3.387334   0.427649  -0.419064
    20  0.20216979    5.501320  126.863565      -3.100634   0.238430   0.847957
    21  0.20963502    5.704459  131.548069      -3.120437   5.987753   0.250028
    22  0.22212811    6.044413  139.387610      -3.044188  -1.655618   0.648111
    23  0.20346314    5.536514  127.675155      -2.593158   0.422118  -1.250314
    24  0.18693146    5.086664  117.301359      -2.278681   4.708775  -0.118352
    25  0.20663380    5.622792  129.664774      -2.042280  -2.063246  -0.504212
    26  0.17579654    4.783667  110.314087      -1.926082  -1.959890   2.097057
    27  0.18866284    5.133777  118.387821      -1.824641  -5.258785   1.942159
    28  0.22262427    6.057914  139.698955      -1.868499   2.174938  -0.897934
    29  0.20507246    5.580305  128.685017      -1.406612   2.145913   0.601886
    30  0.17748550    4.829626  111.373928      -1.376204  -2.734494   3.691709
*   31  0.22567818    6.141015  141.615312      -0.889425   5.322331  -0.677311
    32  0.12648504    3.441833   79.370627      -0.543230  -4.194834   2.940927
    33  0.15870076    4.318467   99.586317      -0.496668  -2.354393   0.885322
    34  0.15995658    4.352640  100.374351      -0.454748  -1.040309  -0.059823
    35  0.15923969    4.333132   99.924499      -0.322454   0.545755   0.854550
    36  0.17941457    4.882119  112.584435      -0.190160   1.694263  -1.665039
    37  0.13658635    3.716704   85.709301       0.451247  -1.980685   1.166056
    38  0.13676864    3.721664   85.823691       0.603606  -0.576161   2.282369
    39  0.15315251    4.167492   96.104734       0.733873  -3.656346   1.709469
    40  0.15785212    4.295375   99.053784       0.606635   1.628133  -0.011584
    41  0.05854467    1.593082   36.737367       0.846127  -3.568410  -1.480036
    42  0.16404311    4.463840  102.938690       0.891237  -2.065026   3.550084
    43  0.04878523    1.327514   30.613217       1.022703   2.714294   2.648405
    44  0.19435212    5.288590  121.957900       0.973920   4.759782  -1.347271
    45  0.18400210    5.006952  115.463156       1.246835   2.009343  -2.801273
    46  0.14394521    3.916948   90.327061       1.374533  -0.497896  -0.838114
    47  0.14149349    3.850234   88.788578       1.405120   0.982192   0.259783
    48  0.13712309    3.731309   86.046108       2.144099   3.204903  -1.635620
    49  0.11397921    3.101532   71.523096       2.440364   0.033344   1.433664
    50  0.16387062    4.459146  102.830452       2.489658  -1.290449   0.403216
    51  0.16752068    4.558470  105.120904       2.475016   2.431385  -0.133376
    52  0.17726453    4.823613  111.235267       3.182738  -0.358299  -1.667646
    53  0.18686924    5.084970  117.262314       3.804447  -2.310483  -0.921327
    54  0.18480376    5.028766  115.966209       3.778669   2.585558   0.132245
    55  0.14336857    3.901257   89.965214       4.068746   0.616008   0.299475
    56  0.14231763    3.872660   89.305739       4.095749  -0.333427   0.700602
    57  0.17175013    4.673559  107.774923       4.573436  -1.547331  -1.070922
    58  0.16887955    4.595446  105.973605       5.219604  -3.590375   1.152708
    59  0.13944074    3.794375   87.500456       5.233907   2.881814  -0.345194
    60  0.19409094    5.281483  121.794008       5.485182  -2.476125  -1.741467
    61  0.14900790    4.054711   93.503947       5.750155   0.832350  -1.892960
    62  0.16297463    4.434765  102.268209       5.827634  -0.822926   2.601800
    63  0.14605987    3.974491   91.654031       6.404908   0.554277  -0.446746
    64  0.18278665    4.973878  114.700450       6.625810   3.875119  -0.605872
    65  0.13789986    3.752446   86.533539       7.574701   2.679227  -1.364489
    66  0.18152453    4.939534  113.908461       8.404388  -1.129967  -2.641727
    67  0.13707218    3.729924   86.014165       8.381952   0.429706  -2.149667
    68  0.18231228    4.960969  114.402778       8.966552   2.041993  -1.978823
