 Number of surface minima:    74
   #       a.u.         eV      kcal/mol           X/Y/Z coordinate(Angstrom)
     1  0.07881029    2.144537   49.454247      -6.809959  -2.980118  -0.386568
     2  0.07987180    2.173422   50.120352      -6.622728  -3.716123  -1.257691
     3  0.12116215    3.296990   76.030464      -6.183788   5.136936  -1.598107
     4  0.07479538    2.035286   46.934852      -6.126465  -4.890772   1.352786
     5  0.08586559    2.336521   53.881516      -6.047082  -2.311356   0.010315
     6  0.07632200    2.076827   47.892815      -5.895251  -5.560194   0.537892
     7  0.11207875    3.049818   70.330534      -5.731348   4.123344   0.428347
     8  0.08739011    2.378006   54.838171      -5.612216  -3.724812  -1.688248
     9  0.10401781    2.830469   65.272217      -5.480533   4.091312  -0.781771
    10  0.07851937    2.136621   49.271691      -5.222428  -4.186593   1.730141
    11  0.09624694    2.619012   60.395917      -5.339776   0.392666   0.406206
    12  0.10525329    2.864088   66.047490      -5.089164   4.221842  -2.106101
    13  0.08421721    2.291667   52.847140      -4.849861  -5.568243   0.085097
    14  0.10022400    2.727234   62.891564      -4.913202   3.472407  -0.101257
    15  0.11732222    3.192500   73.620869      -4.849629   6.825466  -1.057689
    16  0.10853146    2.953291   68.104576      -4.325029   3.768641  -2.384171
    17  0.10042777    2.732778   63.019427      -4.150047   1.725967   0.153070
    18  0.11456316    3.117422   71.889527      -4.187681   2.969165   0.923856
    19  0.09720271    2.645020   60.995670      -3.952311   6.153124  -0.121979
    20  0.11393281    3.100269   71.493975      -3.885323   2.903148  -0.514884
    21  0.12030603    3.273693   75.493235      -3.613104   3.042382  -1.565595
    22  0.09922034    2.699923   62.261758      -3.631302   6.339348  -1.444007
    23  0.11289603    3.072057   70.843390      -3.398155  -0.338680  -3.623840
    24  0.09087966    2.472961   57.027896      -3.453264   5.593816   0.588830
    25  0.07400542    2.013790   46.439142      -3.279554   0.381771   1.322388
    26  0.11661245    3.173186   73.175480      -3.213853   1.357971  -2.623064
    27  0.10436298    2.839861   65.488813      -2.778852   4.548403   1.395537
    28  0.10119133    2.753556   63.498573      -2.786125   5.864072  -1.786800
    29  0.15777014    4.293144   99.002341      -2.455017  -2.793764  -1.461974
    30  0.12743297    3.467627   79.965461      -2.472551  -1.873315   1.024461
    31  0.11176393    3.041251   70.132983      -2.566457   3.171373   1.070133
    32  0.10235705    2.785277   64.230071      -2.380144   4.947110   0.171476
    33  0.12783073    3.478451   80.215060      -2.168077  -3.045830   1.348743
    34  0.10972443    2.985754   68.853178      -2.188670   5.146421  -0.921292
    35  0.15383213    4.185985   96.531203      -2.062504  -3.720888  -1.203744
    36  0.16246971    4.421026  101.951371      -1.984201  -4.975902  -0.587993
    37  0.14618692    3.977948   91.733755      -2.041413  -4.374713   1.461991
    38  0.08376174    2.279273   52.561328      -1.764384   0.663279  -0.648457
    39  0.01443168    0.392706    9.056022      -1.617243   2.658478   1.772594
    40  0.15807539    4.301450   99.193887      -1.015542  -3.989503  -1.089651
    41  0.13132186    3.573449   82.405778      -0.995080  -3.325182   1.463140
    42  0.16263204    4.425443  102.053234      -0.963828   1.740048  -1.161077
    43 -0.01013096   -0.275677   -6.357278      -0.880247   0.994801   3.530590
    44  0.06667294    1.814263   41.837937      -0.350554   0.373577  -1.743735
    45  0.13062927    3.554603   81.971172      -0.213681  -2.531420   1.304905
*   46 -0.01484635   -0.403990   -9.316236      -0.111086   1.972532   3.666420
    47  0.09201807    2.503939   57.742260       0.839519   2.489471  -1.764985
    48  0.01569237    0.427011    9.847122       1.004436  -0.803740   2.521372
    49  0.03012880    0.819846   18.906122       1.357424   3.947634   0.624593
    50  0.15950322    4.340303  100.089867       1.461718  -1.202531  -1.772375
    51  0.16956038    4.613972  106.400831       2.351378  -3.054651  -0.088949
    52  0.15501398    4.218145   97.272823       2.517516  -1.334825  -2.304109
    53  0.06565216    1.786486   41.197385       2.523696   2.093274   0.385329
    54  0.05476286    1.490173   34.364243       2.715230   3.529304  -1.780023
    55  0.07747240    2.108131   48.614707       3.101842   2.258791   0.531389
    56  0.16003428    4.354754  100.423111       3.244408  -3.258612  -0.651156
    57  0.06586736    1.792342   41.332427       3.525547   0.539909   3.989671
    58  0.14867953    4.045776   93.297895       3.617855  -0.673354  -1.894704
    59  0.15104262    4.110079   94.780757       3.570162   0.120412  -0.854580
    60  0.06186893    1.683539   38.823370       3.646990   2.367595   2.522505
    61  0.15430662    4.198897   96.828948       4.060434  -2.657768  -0.204473
    62  0.16020559    4.359416  100.530612       4.038173  -1.599414  -2.718685
    63  0.15453755    4.205181   96.973860       4.185253  -1.996297   0.575391
    64  0.16720016    4.549748  104.919771       4.307808  -3.323921  -1.569044
    65  0.08329760    2.266643   52.270076       4.415851  -1.202531   3.931965
    66  0.08505991    2.314598   53.375946       5.257143   2.519697   1.206278
    67  0.08340840    2.269658   52.339604       6.698727  -0.000286  -2.615159
    68  0.08378613    2.279937   52.576635       7.064595   0.510919  -0.016896
    69  0.08656992    2.355687   54.323488       7.189324  -2.138120  -2.279320
    70  0.08398428    2.285328   52.700975       7.446838  -1.663728   0.342883
    71  0.07789899    2.119739   48.882394       7.720846  -0.416835  -2.671707
    72  0.07837124    2.132590   49.178737       7.985145  -1.472150  -2.506988
    73  0.07676613    2.088913   48.171517       8.038357   0.145759  -0.078734
    74  0.07743826    2.107202   48.593281       8.246140  -0.947229   0.100926
 
 Number of surface maxima:    95
   #       a.u.         eV      kcal/mol           X/Y/Z coordinate(Angstrom)
     1  0.16629580    4.525139  104.352277      -8.429246  -5.045277   0.122067
     2  0.12088425    3.289428   75.856074      -7.604627  -3.848940   1.070915
     3  0.16866982    4.589739  105.842001      -7.471431  -2.723808   2.193278
     4  0.12309347    3.349544   77.242382      -7.091655  -5.440578  -0.927720
     5  0.18700727    5.088727  117.348933      -6.290055   6.615696  -1.578540
     6  0.17376976    4.728516  109.042262      -6.187542  -6.251815  -2.137776
     7  0.12346056    3.359533   77.472738      -5.908022   4.744114  -1.591247
     8  0.12875486    3.503598   80.794961      -5.751605  -2.346161   1.909454
     9  0.18110705    4.928174  113.646488      -5.874069   5.279750   1.464499
    10  0.14099370    3.836634   88.474959      -5.819838   5.809067  -0.190213
    11  0.13352431    3.633381   83.787840      -5.493040  -3.315983  -0.520789
    12  0.16511502    4.493008  103.611326      -5.243300   1.297970  -0.970556
    13  0.13024574    3.544167   81.730502      -5.095315  -4.499228   0.538824
    14  0.14440221    3.929384   90.613833      -5.090004   6.073849  -2.503308
    15  0.17488757    4.758933  109.743696      -4.756181  -1.794639  -1.604036
    16  0.16059304    4.369959  100.773736      -4.694418  -0.666224   1.482027
    17  0.10725345    2.918515   67.302612      -4.560956   1.238550   0.731570
    18  0.13523668    3.679977   84.862368      -4.560956   4.353830   1.388078
    19  0.17709975    4.819129  111.131866      -4.432556  -1.599924   2.125655
    20  0.14644494    3.984969   91.895662      -4.432343  -0.135118  -1.579515
    21  0.17337322    4.717725  108.793428      -4.496400   0.649589  -3.100192
    22  0.11884448    3.233923   74.576102      -4.552900   6.736607  -1.046168
    23  0.19062269    5.187107  119.617645      -4.296368   5.871890  -3.958514
    24  0.15767247    4.290486   98.941050      -4.167382   3.956142  -1.182393
    25  0.17512268    4.765330  109.891231      -3.642124  -1.851044   0.166953
    26  0.13834509    3.764561   86.812925      -3.518474   0.892814  -1.452690
    27  0.16988850    4.622901  106.606730      -3.473398   3.427770   2.051989
    28  0.15191645    4.133857   95.329090      -3.266990   5.229675  -0.793547
    29  0.19892773    5.413099  124.829138      -3.108198  -5.032811  -2.102170
    30  0.17030106    4.634127  106.865615      -3.210702  -2.366941  -1.301639
    31  0.15402826    4.191322   96.654274      -3.003537   4.750713  -3.356834
    32  0.17577165    4.782990  110.298469      -2.818229  -4.329060  -0.640034
    33  0.14519959    3.951082   91.114193      -2.733190   1.672655  -0.000390
    34  0.12875388    3.503571   80.794346      -2.557027   0.523287  -3.439491
    35  0.05853191    1.592734   36.729360      -2.418542  -0.662665   2.937622
    36  0.18421026    5.012616  115.593783      -2.059733  -1.355203  -3.357196
    37  0.16449848    4.476231  103.224441      -2.047364  -0.341335   0.077745
    38  0.19264611    5.242167  120.887358      -2.117017   1.902880  -1.078464
    39  0.22140677    6.024785  138.934965      -1.998303  -5.651476   0.671787
    40  0.18518910    5.039252  116.208013      -1.878943  -1.704214  -1.663868
    41  0.14087626    3.833438   88.401264      -2.004197   3.735526   0.582660
    42  0.18699697    5.088446  117.342468      -1.811779   1.518801  -1.988023
    43  0.18620318    5.066846  116.844360      -1.650482  -0.937942  -1.512688
    44  0.18845156    5.128028  118.255237      -1.670876   3.287798  -2.005840
    45  0.21059984    5.730713  132.153508      -1.656458   3.791788  -3.311546
    46  0.13657289    3.716337   85.700853      -1.457582   0.842489   0.539492
    47  0.22545004    6.134808  141.472157      -1.233416  -2.629387  -0.904359
    48  0.20288195    5.520699  127.310454      -1.227485  -2.376929   0.703383
    49  0.09693369    2.637700   60.826860      -0.856716   1.897561   1.919758
    50  0.17830829    4.852015  111.890238      -0.780041   3.901328  -0.546123
    51  0.17858319    4.859496  112.062741      -0.575719   1.589043  -0.496505
    52  0.19026542    5.177385  119.393456      -0.438533  -4.878425   0.293135
    53  0.21130640    5.749939  132.596877      -0.583098   2.641544  -2.117152
    54  0.17464430    4.752313  109.591042      -0.021714  -0.805648   0.713022
    55  0.13540189    3.684473   84.966041       0.211282   2.647425   0.547753
    56  0.12005298    3.266808   75.334447       0.574044   0.517295   2.336700
    57  0.21562997    5.867590  135.309962       0.659790  -2.763433  -1.383654
    58  0.12663363    3.445876   79.463871       0.712164   3.687068  -1.231736
    59  0.21777810    5.926043  136.657935       1.027773  -3.275223  -0.757276
    60  0.24521599    6.672666  153.875486       1.127699  -4.697492   0.377676
    61  0.19088986    5.194377  119.785298       0.999339  -0.009403  -0.120573
    62  0.17517317    4.766704  109.922913       1.109041   5.544479  -1.632375
*   63  0.25320847    6.890153  158.890847       1.231464  -3.652365  -2.439519
    64  0.03493578    0.950651   21.922553       1.368228   3.372860   3.527351
    65  0.19990300    5.439637  125.441133       1.778208   0.497359  -1.767704
    66  0.12856805    3.498514   80.677735       1.683815   1.330402   1.216512
    67  0.10983141    2.988665   68.920307       2.186053   0.291173   3.620728
    68  0.10486445    2.853507   65.803494       2.329983   1.724146   1.347529
    69  0.22265383    6.058719  139.717507       2.582785  -0.951611  -1.032756
    70  0.16786507    4.567841  105.337011       2.582936   0.439615   0.565222
    71  0.19935747    5.424793  125.098804       2.817273  -3.112820  -2.429152
    72  0.22544371    6.134635  141.468181       2.866919  -2.132735   0.024639
    73  0.10643006    2.896109   66.785926       2.920297   3.163181  -0.049207
    74  0.15936483    4.336537  100.003022       3.622492  -2.291761   2.781590
    75  0.08832986    2.403578   55.427870       3.642279  -0.935380   4.114943
    76  0.16360485    4.451914  102.663681       3.685777   4.784531   0.162247
    77  0.09264386    2.520968   58.134946       4.310746   2.909344   1.207726
    78  0.22937251    6.241544  143.933546       4.372522  -2.984891  -2.962694
    79  0.17788903    4.840607  111.627143       4.629575   0.050342  -0.121979
    80  0.16454834    4.477588  103.255731       4.684880   1.966776  -0.407990
    81  0.16518007    4.494778  103.652147       4.741116  -1.334825   0.686300
    82  0.18906235    5.144648  118.638514       4.831939   1.628649  -1.285571
    83  0.17994012    4.896420  112.914224       4.880699  -2.525474  -1.131574
    84  0.12503445    3.402360   78.460367       5.164198   0.488983   2.326988
    85  0.14241527    3.875317   89.367005       5.254095   0.143884   3.996998
    86  0.14004761    3.810889   87.881278       5.388911   2.259831   2.672666
    87  0.19785843    5.384002  124.158142       5.787524  -3.806412  -0.365476
    88  0.16389626    4.459844  102.846540       6.006178  -0.413712   1.323181
    89  0.13316237    3.623532   83.560718       6.884668  -1.001923  -1.905786
    90  0.13295846    3.617984   83.432762       7.053609  -0.733570  -0.314490
    91  0.17065521    4.643765  107.087854       8.065790   2.163615  -1.810207
    92  0.12178622    3.313971   76.422069       8.844930   0.693751  -1.685435
    93  0.17242188    4.691838  108.196454       9.065357  -3.365329  -0.939346
    94  0.12244859    3.331996   76.837715       9.268190  -1.793464  -1.312628
    95  0.16605411    4.518562  104.200617      10.170996  -0.374309  -1.677859
