 Number of surface minima:    72
   #       a.u.         eV      kcal/mol           X/Y/Z coordinate(Angstrom)
     1  0.07908724    2.152073   49.628034      -8.294671  -2.314498  -1.146460
     2  0.07339967    1.997307   46.059029      -8.195528   0.006076   0.166931
     3  0.07990893    2.174432   50.143651      -8.036823  -1.717030  -2.177197
     4  0.07398024    2.013105   46.423338      -8.012855   0.609633  -0.870935
     5  0.08705110    2.368781   54.625439      -7.481353  -2.660734  -0.582994
     6  0.07643569    2.079921   47.964157      -7.355515  -0.321435   0.713699
     7  0.08618853    2.345309   54.084162      -7.116527  -1.547851  -2.479788
     8  0.07860586    2.138974   49.325966      -6.995842   0.801477  -1.204666
     9  0.08654999    2.355145   54.310982      -6.430332  -0.191464   0.448386
    10  0.08741822    2.378771   54.855809      -6.199738   0.453741  -0.638975
    11  0.16942945    4.610410  106.318677      -4.481948  -3.120147  -1.330689
    12  0.16619994    4.522530  104.292125      -4.452713  -2.998386   0.797186
    13  0.16194768    4.406821  101.623790      -4.069178  -2.054343  -1.696176
    14  0.14555001    3.960617   91.334090      -4.030030  -1.499790   0.873795
    15  0.13604062    3.701854   85.366851      -3.923535  -0.401998   0.766922
    16  0.17062165    4.642851  107.066793      -3.663644  -0.877165  -1.812868
    17  0.07499787    2.040796   47.061916      -3.543221   1.913434   0.679092
    18  0.14865227    4.045034   93.280784      -3.138050  -2.449340   1.091103
    19  0.17070257    4.645053  107.117569      -3.107554  -2.717048  -1.544869
    20  0.07709458    2.097850   48.377618      -2.494091   2.175319  -0.367043
    21  0.14950666    4.068283   93.816924      -2.071415  -2.023439   1.158715
    22  0.05345367    1.454548   33.542713      -1.850188   2.965749  -0.376469
    23 -0.00907033   -0.246816   -5.691723      -1.744835   1.417338   3.811566
    24  0.05136335    1.397668   32.231017      -1.663754   1.782246  -0.736569
    25  0.04685958    1.275114   29.404853      -0.878514   5.229822  -0.614177
*   26 -0.01755168   -0.477606  -11.013855      -0.493126   1.938765   4.181336
    27  0.11051782    3.007343   69.351036      -0.216844   2.845520  -1.409705
    28  0.03049139    0.829713   19.133655       0.113892   3.972196   1.304582
    29  0.18731923    5.097215  117.544690       0.334591  -3.372589   0.225991
    30  0.19686497    5.356968  123.534740       0.327156  -2.314235  -2.300935
    31  0.18975943    5.163617  119.075943       0.450313  -1.391877  -1.527969
    32  0.01364564    0.371317    8.562777       0.460065  -0.452628   2.959078
    33  0.17847154    4.856457  111.992674       1.110638  -3.753139  -0.093633
    34  0.09803836    2.667760   61.520053       1.019467   3.664881  -0.303435
    35  0.18343402    4.991493  115.106681       1.375757  -1.900778  -1.944817
    36  0.05642764    1.535474   35.408910       1.776615   0.189405   2.816979
    37  0.03773931    1.026939   23.681793       1.869884   1.907795   1.447718
    38  0.18832277    5.124523  118.174425       2.294297  -4.241938  -0.880726
    39  0.17381343    4.729704  109.069666       2.266796  -3.432156   0.442217
    40  0.17153899    4.667813  107.642429       2.397792  -2.768062   1.235983
    41  0.18538132    5.044482  116.328629       2.691180  -2.578823  -2.151497
    42  0.17790602    4.841069  111.637809       2.613858  -1.597791  -1.409903
    43  0.18437520    5.017104  115.697282       2.693807  -0.722368  -0.348286
    44  0.12618939    3.433788   79.185101       2.630894   3.242126  -1.999366
    45  0.12109472    3.295155   75.988146       2.998187   3.427112  -0.978158
    46  0.12056099    3.280631   75.653230       3.380707   3.423253   0.358756
    47  0.14560266    3.962050   91.367123       3.471564   0.752484  -1.927924
    48  0.11688644    3.180642   73.347413       3.497433   3.367123  -3.123838
    49  0.14928560    4.062268   93.678209       3.749534   0.906150  -0.991303
    50  0.12795282    3.481773   80.291675       4.146417   0.787044  -2.865140
    51  0.10239941    2.786430   64.256654       4.205693  -1.388175   2.190798
    52  0.13935716    3.792101   87.448009       4.243489   1.532717   0.696365
    53  0.10838503    2.949307   68.012692       4.158165   3.766814  -0.742396
    54  0.11415727    3.106377   71.634828       4.387141   3.604553  -2.873710
    55  0.13571708    3.693050   85.163824       4.807889   1.055914  -3.821801
    56  0.11277108    3.068657   70.764982       4.807889   3.830070  -1.674491
    57  0.10439129    2.840631   65.506579       4.861425  -2.950378   1.157225
    58  0.10270221    2.794669   64.446662       4.953418  -1.773193   1.122305
    59  0.12442905    3.385887   78.080475       5.072477   1.044693  -2.705625
    60  0.13518773    3.678645   84.831653       5.051213   1.349593  -0.232175
    61  0.09328039    2.538288   58.534376       5.629212  -3.614345   1.141170
    62  0.12922762    3.516462   81.091625       5.601654   1.308193  -1.515481
    63  0.10289320    2.799866   64.566512       5.767350  -1.493061  -1.628232
    64  0.13057562    3.553143   81.937507       5.856348   3.754594  -2.737944
    65  0.09367049    2.548904   58.779168       5.928025  -1.356633   1.033176
    66  0.13707154    3.729906   86.013761       5.869167   1.784231  -0.083916
    67  0.09442676    2.569483   59.253739       6.569695  -3.338894  -1.618452
    68  0.13895135    3.781059   87.193363       6.396469   1.640934  -2.596447
    69  0.08851340    2.408572   55.543047       6.630036  -3.169912   1.041777
    70  0.09607492    2.614331   60.287972       6.595510  -2.075517  -1.674491
    71  0.08887096    2.418302   55.767414       6.802666  -2.041039   0.985384
    72  0.10948819    2.979325   68.704936       7.647299  -2.843412  -1.542197
 
 Number of surface maxima:    74
   #       a.u.         eV      kcal/mol           X/Y/Z coordinate(Angstrom)
     1  0.16615268    4.521244  104.262471     -10.336155  -0.656902  -1.306477
     2  0.12138596    3.303080   76.170906      -9.406743  -1.415061  -0.086960
     3  0.16974513    4.619000  106.516763      -9.103446  -2.189764   1.389159
     4  0.12245874    3.332272   76.844083      -9.020206  -0.197526  -2.273156
     5  0.17253181    4.694829  108.265437      -8.283095   0.602969  -3.517115
     6  0.13563650    3.690857   85.113262      -7.087916  -1.639427  -1.269211
     7  0.12835587    3.492741   80.544589      -7.126009  -0.212072  -0.506377
     8  0.19175008    5.217785  120.325092      -5.837599  -2.508472   1.703217
     9  0.18258162    4.968299  114.571794      -5.114184  -2.314235   0.240191
    10  0.19672046    5.353036  123.444057      -4.981890   0.258006  -3.071080
    11  0.23561535    6.411420  147.850988      -4.813604  -4.021362  -0.316190
    12  0.16616374    4.521545  104.269408      -4.718310   0.203723  -0.085445
    13  0.19435737    5.288733  121.961192      -4.473779  -0.077667  -1.458632
    14  0.17356641    4.722982  108.914656      -4.188124   2.784615  -1.013020
    15  0.05350494    1.455943   33.574884      -3.665681   0.461810   2.838754
    16  0.22653914    6.164443  142.155576      -2.842251  -1.248023   0.478567
    17  0.24798174    6.747926  155.611021      -2.697759  -1.490960  -1.097275
    18  0.17134590    4.662559  107.521266      -2.582473   0.766123   0.347512
    19  0.20252595    5.511011  127.087057      -2.468298   0.331651  -1.486049
    20  0.14488179    3.942434   90.914772      -2.329675   3.915211   1.775464
    21  0.12967108    3.528530   81.369902      -1.918466   1.529016   0.716629
    22  0.26294247    7.155029  164.999032      -1.670738  -4.432161   0.050221
    23  0.17388338    4.731607  109.113557      -1.307729  -0.343070   0.922225
    24  0.08627249    2.347594   54.136849      -1.403343   4.560425   0.308536
    25  0.10836016    2.948630   67.997082      -1.079809   2.381611   2.359883
    26  0.24559705    6.683036  154.114604      -0.905970  -3.033689  -0.674119
    27  0.22319262    6.073380  140.055604      -0.818202  -0.928728  -1.145314
    28  0.18760714    5.105050  117.725355      -0.618576   4.034850  -2.998312
*   29  0.27373732    7.448771  171.772903      -0.508568  -3.643750  -2.216073
    30  0.11775857    3.204374   73.894680      -0.481250   0.473563   2.685796
    31  0.19482138    5.301359  122.252362      -0.195488   1.786889  -0.170805
    32  0.19664590    5.351007  123.397270       0.309882   0.180836   0.270301
    33  0.23439535    6.378222  147.085426       0.256713   1.242730  -2.212739
    34  0.11142553    3.032043   69.920632       0.686167   2.539501   1.357720
    35  0.22262124    6.057832  139.697057       1.092091  -3.643231  -1.947691
    36  0.13431510    3.654900   84.284069       1.099900   0.751295   1.630119
    37  0.25422373    6.917779  159.527932       1.232672  -2.585704   0.452872
    38  0.25998354    7.074512  163.142272       1.368237  -1.388175  -0.549304
    39  0.19140586    5.208418  120.109091       1.500531  -1.917352   1.940083
    40  0.16048067    4.366901  100.703228       1.535846   2.893029  -0.457282
    41  0.19091727    5.195123  119.802497       1.551345  -0.014418   0.995271
    42  0.22828788    6.212029  143.252931       1.632825   0.389989  -0.954682
    43  0.21010338    5.717204  131.841971       1.605153   1.250268  -2.246779
    44  0.22908292    6.233663  143.751824       1.611723   1.385740  -3.804902
    45  0.03412047    0.928465   21.410939       1.518815   2.459018   4.281871
    46  0.17687762    4.813085  110.992477       1.695432   5.289147  -1.115032
    47  0.16090598    4.378474  100.970110       2.172306   2.594740  -0.078960
    48  0.25260936    6.873850  158.514897       2.687450  -4.062569  -2.221135
    49  0.20346027    5.536435  127.673352       3.220357  -3.571891  -0.649007
    50  0.18357814    4.995415  115.197120       3.210791  -2.166613   1.360869
    51  0.20515676    5.582599  128.737920       3.423131  -0.920812   0.410106
    52  0.21260280    5.785216  133.410383       3.549164  -5.028197  -0.022742
    53  0.18438111    5.017265  115.700990       3.653698   2.346826   1.416739
    54  0.17183350    4.675827  107.827242       3.681060  -0.037835   3.151923
    55  0.16948455    4.611909  106.353249       3.881828   3.028224  -1.888393
    56  0.19965430    5.432870  125.285072       4.008793   0.347397  -0.211786
    57  0.15814444    4.303329   99.237217       4.011959   1.000061  -0.214708
    58  0.17877804    4.864798  112.185008       4.250616   1.481372  -1.683416
    59  0.20485918    5.574502  128.551184       4.638574   2.039178  -5.036915
    60  0.15294479    4.161839   95.974385       4.912453   2.514613   0.508470
    61  0.14914542    4.058453   93.590243       5.446473  -2.590951  -1.056268
    62  0.13226914    3.599226   83.000210       5.502550   3.815796  -2.570895
    63  0.15897050    4.325807   99.755580       5.595797   2.463001  -3.766680
    64  0.14573197    3.965569   91.448269       5.606831  -2.445726   0.575783
    65  0.14059839    3.825877   88.226896       5.733949   1.476537  -0.642323
    66  0.15276636    4.156984   95.862418       5.786089  -0.013091  -0.456050
    67  0.15787674    4.296045   99.069232       6.460495   2.778024  -1.440282
    68  0.19729374    5.368636  123.803794       6.468704   3.082843   0.250912
    69  0.18333004    4.988664  115.041434       6.926388  -5.492030  -0.218024
    70  0.20143371    5.481290  126.401669       7.052235   2.850980  -2.988208
    71  0.13508273    3.675788   84.765761       7.586069  -3.992957  -0.331722
    72  0.19168605    5.216043  120.284916       7.529528   0.142817  -0.512993
    73  0.13766985    3.746187   86.389210       7.872310  -1.505988  -0.470155
    74  0.17929418    4.878843  112.508888       8.849428  -2.875254  -0.483843
