 Number of surface minima:    73
   #       a.u.         eV      kcal/mol           X/Y/Z coordinate(Angstrom)
     1  0.06696474    1.822203   42.021044      -8.200637  -0.375031  -0.329933
     2  0.07410587    2.016523   46.502176      -8.268114   2.152694   0.526152
     3  0.06688349    1.819992   41.970057      -8.124765  -0.739890   0.794183
     4  0.07438717    2.024178   46.678690      -8.117868   1.811566   1.576376
     5  0.08222218    2.237379   51.595240      -7.577898   2.344815   0.007285
     6  0.06966841    1.895774   43.717623      -7.298153  -0.158137  -0.906343
     7  0.07995251    2.175618   50.170999      -7.159368   1.700334   2.002961
     8  0.07011301    1.907872   43.996615      -7.059801  -0.835673   1.180465
     9  0.07809425    2.125053   49.004924      -6.342929  -0.252568  -0.492448
    10  0.07777873    2.116467   48.806928      -6.286374  -0.632499   0.657428
    11  0.16265969    4.426195  102.070579      -4.601766   2.930741   0.670386
    12  0.15989824    4.351052  100.337745      -4.421973   2.279033  -1.380109
    13  0.15208969    4.138571   95.437801      -4.141702   2.056171   1.273687
    14  0.13369479    3.638020   83.894819      -3.975346   1.037668  -1.153214
    15  0.15983394    4.349303  100.297397      -3.827214   0.918502   1.647006
    16  0.12513809    3.405181   78.525402      -3.753061  -0.173523  -0.789486
    17  0.14160723    3.853329   88.859954      -3.174850   1.703622  -1.408375
    18 -0.00332689   -0.090529   -2.087654      -2.747319  -3.020175  -2.077701
    19  0.04375632    1.190670   27.457531      -2.673802  -2.507752   0.712409
    20  0.15056270    4.097019   94.479598      -2.658557   5.019160  -0.773104
*   21 -0.00450589   -0.122612   -2.827492      -2.090648  -4.083330  -0.995463
    22  0.13906814    3.784237   87.266650      -1.893475   1.282195  -1.336042
    23  0.14383620    3.913982   90.258656      -1.615448   3.908936  -2.154981
    24  0.02080579    0.566154   13.055841      -1.566529  -1.839385   1.331857
    25  0.16398406    4.462233  102.901638      -1.418187   3.932645   2.257917
    26  0.16183719    4.403814  101.554454      -0.904409   4.775979  -0.628329
    27  0.15345623    4.175756   96.295320      -0.606875   2.559920   3.266490
    28  0.18876559    5.136573  118.452296      -0.264819   3.932645   0.726423
    29  0.02340085    0.636769   14.684267      -0.016089   0.106343  -2.885401
    30  0.15863878    4.316781   99.547424       0.071007   4.314398   2.890494
    31  0.18468930    5.025651  115.894380       0.243413   3.007571  -0.388180
    32  0.16352377    4.449708  102.612804       0.337387   0.889876   1.261128
    33  0.08002077    2.177476   50.213831       0.501261  -0.895070   1.134443
    34  0.02893725    0.787423   18.158412       0.607980  -4.051713  -1.989147
    35  0.17747385    4.829309  111.366619       1.161084   3.406565  -0.126297
    36  0.17213171    4.683942  108.014369       1.427170   1.551381   1.728730
    37  0.04873584    1.326170   30.582226       1.467631  -1.583406  -2.901561
    38  0.11263195    3.064871   70.677673       1.901704  -1.115742  -0.652557
    39  0.16983172    4.621356  106.571102       2.068454   3.271174  -0.567695
    40  0.16829160    4.579447  105.604663       2.237753   2.507992  -1.455708
    41  0.18503833    5.035149  116.113402       2.202532   4.026857   0.670386
    42  0.04350201    1.183750   27.297948       2.515286  -3.812855  -3.370874
    43  0.12300173    3.347047   77.184813       2.617970  -1.905782   2.754299
    44  0.17547041    4.774793  110.109435       2.617970   0.429702   0.141208
    45  0.17567577    4.780381  110.238305       2.659838   1.419053   1.241431
    46  0.18125184    4.932113  113.737342       2.728657   2.345114   1.933961
    47  0.11880167    3.232758   74.549236       2.832632  -2.946659   2.737168
    48  0.09554716    2.599970   59.956796       2.844432  -2.215490  -1.192566
    49  0.11687161    3.180238   73.338107       3.411736  -1.094538   3.388417
    50  0.10821821    2.944767   67.908007       3.859691  -3.424763   3.316272
    51  0.13366120    3.637106   83.873738       3.940913  -1.623715   0.487048
    52  0.10495036    2.855844   65.857399       4.037950   1.133811  -2.508888
    53  0.12594024    3.427008   79.028758       4.124953  -2.682070   0.457543
    54  0.11603442    3.157457   72.812761       4.259762  -1.437161   3.845449
    55  0.11043665    3.005134   69.300102       4.470090  -2.712162   3.788236
    56  0.12063700    3.282700   75.700926       4.866973  -3.872719   3.648907
    57  0.10335065    2.812314   64.853568       4.799495   1.967518  -1.578618
    58  0.13020860    3.543156   81.707200       4.902463  -0.809085   1.193045
    59  0.09472732    2.577662   59.442341       5.240998   3.791654  -1.615469
    60  0.11449508    3.115570   71.846806       5.276907  -3.074873   1.084791
    61  0.13824521    3.761843   86.750252       5.401230   0.098370   1.860594
    62  0.13074006    3.557618   82.040693       5.562228  -1.991041   4.284865
    63  0.10475004    2.850394   65.731699       5.517861   3.795701   1.050217
    64  0.12427927    3.381811   77.986486       5.649152  -1.080857   1.623338
    65  0.11644923    3.168745   73.073059       5.927432  -2.399508   1.592236
    66  0.09373682    2.550709   58.820792       5.896485   1.671049  -1.626384
    67  0.10735466    2.921269   67.366125       5.910291   1.678089   1.043559
    68  0.12442564    3.385794   78.078332       6.065607  -3.620899   1.723190
    69  0.08949850    2.435378   56.161205       6.289573   3.535762  -1.644918
    70  0.09627223    2.619701   60.411789       6.426332   3.524414   1.021664
    71  0.08879562    2.416252   55.720142       6.648403   2.375712  -1.649308
    72  0.09836016    2.676516   61.721982       6.688961   2.465269   1.018856
    73  0.11055810    3.008439   69.376310       7.628055   3.267170   0.796379
 
 Number of surface maxima:    81
   #       a.u.         eV      kcal/mol           X/Y/Z coordinate(Angstrom)
     1  0.16158188    4.396866  101.394244     -10.417357   0.554803   0.834804
     2  0.11656704    3.171950   73.146983      -9.444940   1.016010  -0.403439
     3  0.11673483    3.176516   73.252273      -9.156223   0.228405   1.928525
     4  0.16619290    4.522339  104.287705      -9.044016   1.538000  -2.017259
     5  0.16614666    4.521081  104.258692      -8.494752  -0.168478   3.392006
     6  0.12212021    3.323060   76.631650      -7.139323   0.006451   0.297686
     7  0.12850343    3.496756   80.637189      -7.195194   1.543762   0.780791
     8  0.12820727    3.488697   80.451346      -6.799011   0.034005   2.919389
     9  0.18746757    5.101252  117.637776      -5.764219   1.768289  -2.240089
    10  0.18638444    5.071779  116.958100      -5.166335   0.110203   3.060484
    11  0.17418213    4.739737  109.301025      -5.072156   1.813003  -0.797766
    12  0.22982316    6.253806  144.216333      -4.922806   3.615111  -0.549928
    13  0.15326982    4.170684   96.178347      -4.723612  -0.498462   0.075813
    14  0.18150014    4.938870  113.893155      -4.601010   0.021023   1.389064
    15  0.15277290    4.157162   95.866525      -4.403873  -2.817629   1.483141
    16  0.05093582    1.386034   31.962735      -3.489872  -1.232886  -2.914829
    17  0.20021697    5.448181  125.638151      -3.363776   3.631265  -0.395781
    18  0.20879174    5.681512  131.018903      -3.137825   4.394683  -2.042640
    19  0.21288508    5.792898  133.587517      -2.911726   0.910736  -0.616464
    20  0.23521701    6.400580  147.601023      -2.805070   1.288078   0.935575
    21  0.15511077    4.220779   97.333561      -2.548681  -1.093202  -0.122206
    22  0.18170144    4.944348  114.019468      -2.546873  -0.418392   1.593214
    23  0.11428102    3.109745   71.712486      -1.974149  -1.859775  -0.366767
    24  0.22492758    6.120591  141.144308      -1.896505   2.340045   2.246384
    25  0.22579151    6.144099  141.686429      -1.907604   4.935793   0.747474
    26  0.16246599    4.420924  101.949035      -1.450780  -0.271231  -0.874281
    27  0.16628173    4.524756  104.343448      -1.484897   4.990534  -1.046496
    28  0.04474960    1.217698   28.080820      -1.230552  -4.934553   0.812983
    29  0.10236847    2.785588   64.237240      -1.047717  -2.930534  -1.807265
    30  0.23230980    6.321471  145.776720      -0.947323   2.752770   0.415332
    31  0.21182728    5.764113  132.923738      -0.940119   1.689954   1.331091
    32  0.20687522    5.629361  129.816269      -0.821682   2.477408  -0.855343
    33  0.17117044    4.657785  107.411164      -0.821682   3.865110   2.984147
    34  0.22909966    6.234119  143.762328      -0.570855   4.963615   1.455752
    35  0.12916664    3.514803   81.053357      -0.443401  -1.226833  -2.407306
    36  0.14564580    3.963224   91.394195      -0.276643  -2.006211   0.690649
    37  0.14066898    3.827798   88.271193      -0.226214  -2.880368  -3.959915
    38  0.22357830    6.083875  140.297619      -0.098440   3.699445  -1.314029
    39  0.18114627    4.929241  113.671097       0.260460  -0.278050  -0.091920
    40  0.16288495    4.432325  102.211935       0.750407  -2.871488  -0.414878
    41  0.22167813    6.032169  139.105244       0.871969   3.131008   3.567806
    42  0.14984833    4.077581   94.031329       1.078867  -1.178404  -1.181735
    43  0.24352693    6.626705  152.815585       1.092868   2.275249  -0.652557
    44  0.18400799    5.007112  115.466854       1.232327  -2.578987   1.728740
    45  0.19010470    5.173012  119.292602       1.256814   1.283148  -2.119127
    46  0.21462961    5.840369  134.682226       1.213758   3.586788   1.779765
    47  0.08252563    2.245637   51.785660       1.390424  -3.223178  -3.489180
    48  0.24047179    6.543570  150.898451       1.399429   1.154465   0.470480
    49  0.18958305    5.158817  118.965260       1.599946  -0.247955  -1.015618
    50  0.19194821    5.223176  120.449421       1.691910  -4.338822   0.436171
    51  0.17110843    4.656097  107.372249       1.954152  -1.212921   1.477488
    52  0.22654483    6.164598  142.159148       2.260177   0.492993   1.370947
    53  0.17426945    4.742113  109.355820       2.549052  -1.163456   0.538091
    54  0.18288110    4.976448  114.759718       2.683120  -3.740424   0.802680
*   55  0.24824920    6.755204  155.778857       2.723928   3.791780   2.076407
    56  0.18236950    4.962526  114.438685       3.014853   1.948231  -1.630471
    57  0.19821133    5.393604  124.379589       3.018572   3.535735   0.277732
    58  0.18281855    4.974746  114.720466       3.191606   1.831244  -1.578618
    59  0.21564039    5.867873  135.316502       3.167320   4.984897  -0.111795
    60  0.20312607    5.527342  127.463642       3.419086  -5.054940   1.207501
    61  0.20215790    5.500996  126.856106       3.411130   0.758626  -0.652191
    62  0.17982187    4.893202  112.840024       3.542298  -5.060986  -1.313353
    63  0.18219423    4.957757  114.328703       3.544030  -0.379776  -3.245153
    64  0.16712025    4.547573  104.869628       3.808618  -2.152893   2.838516
    65  0.17503543    4.762956  109.836480       3.721542   0.419685   2.154136
    66  0.18622590    5.067465  116.858616       4.534527  -2.220750  -2.372383
    67  0.20416816    5.555698  128.117560       4.590219  -0.454697  -0.261128
    68  0.15415810    4.194855   96.735748       4.734679  -4.466351   2.094218
    69  0.17200658    4.680537  107.935847       4.623156  -1.881603   1.489129
    70  0.21162543    5.758621  132.797076       4.939382   1.022171   3.124092
    71  0.14556536    3.961035   91.343717       5.396150   2.718667  -1.099367
    72  0.15166372    4.126980   95.170503       5.427040   2.639306   0.549402
    73  0.16092350    4.378951  100.981105       5.765960  -0.440013   3.300403
    74  0.19389576    5.276172  121.671530       6.197702  -4.529964   2.932992
    75  0.15353572    4.177919   96.345202       6.322210  -2.881167   3.183977
    76  0.18516324    5.038548  116.191786       6.386157   5.848712  -0.355514
    77  0.20056870    5.457752  125.858863       6.930571  -1.516522   3.924633
    78  0.13607577    3.702810   85.388909       7.247697   4.461682  -0.256047
    79  0.18734019    5.097786  117.557842       7.787704   0.357017  -0.250938
    80  0.13697991    3.727413   85.956265       7.876108   1.939643  -0.276434
    81  0.17930094    4.879027  112.513132       8.665305   3.527929  -0.412664
