 Number of surface minima:    57
   #       a.u.         eV      kcal/mol           X/Y/Z coordinate(Angstrom)
     1  0.13165936    3.582633   82.617566      -7.103182   0.135408  -2.231455
     2  0.12543629    3.413295   78.712525      -7.242460   0.396485   0.017006
     3  0.10626599    2.891645   66.682971      -6.335159  -0.294511   0.378178
     4  0.11700009    3.183734   73.418730      -6.211030  -0.678646  -2.262980
     5  0.10898899    2.965741   68.391682      -5.965130   0.983403   0.191915
     6  0.12134481    3.301960   76.145083      -5.792768   0.527682  -2.392397
     7  0.12687222    3.452369   79.613585      -5.535874   1.837427  -2.391498
     8  0.12125061    3.299397   76.085970      -4.898694   1.034924  -2.429850
     9  0.10287709    2.799428   64.556403      -4.889655   1.302872   0.229577
    10  0.17314797    4.711596  108.652081      -4.591845  -3.440143  -1.573592
    11  0.16362140    4.452365  102.674062      -4.628711  -3.197798   0.622666
    12  0.15797700    4.298773   99.132149      -4.106977  -0.819036  -2.039084
    13  0.10791942    2.936637   67.720515      -3.805325   0.667355   0.388323
    14  0.14122685    3.842978   88.621260      -3.388328  -2.599619   0.842310
    15  0.05273216    1.434915   33.089961      -3.432336   3.022545  -0.419911
    16  0.16065814    4.371730  100.814589      -3.318055  -2.985399  -1.792473
    17  0.03560915    0.968974   22.345095      -2.111684   1.833163  -1.212893
    18 -0.01187102   -0.323027   -7.449186      -1.905950   1.631332   3.353435
    19  0.02530775    0.688659   15.880866      -1.652867   1.487532  -1.335799
    20  0.04016338    1.092901   25.202924      -0.937744   2.750721  -1.260632
*   21 -0.01408203   -0.383192   -8.836617      -0.631838   1.969552   3.697530
    22  0.03848720    1.047290   24.151101      -0.107084   5.027588  -0.940928
    23  0.00629066    0.171178    3.947454       0.005724  -0.682378   2.741855
    24  0.02318307    0.630843   14.547610      -0.072407   3.724259   1.194037
    25  0.17543875    4.773931  110.089567       0.168080  -1.434734  -1.600387
    26  0.07022314    1.910869   44.065720       0.455049   0.531854  -1.164870
    27  0.16999938    4.625918  106.676312       0.672944  -4.117738  -0.669816
    28  0.17277855    4.701543  108.420267       0.945591  -1.867254  -2.075473
    29  0.08942298    2.433323   56.113815       1.038096   2.704090  -1.345681
    30  0.01573874    0.428273    9.876215       1.140044  -0.015133   3.224366
    31  0.18769891    5.107547  117.782945       1.783297  -4.454467  -1.428907
    32  0.19336207    5.261650  121.336633       1.900446  -2.661019  -2.603934
    33  0.12226942    3.327120   76.725287       2.744853   1.969281  -2.129565
    34  0.13377125    3.640101   83.942799       3.067141  -2.787800   2.636866
    35  0.11582672    3.151805   72.682427       3.208530   1.304910  -3.311018
    36  0.11996927    3.264530   75.281914       3.326888   2.569632  -1.600387
    37  0.13867754    3.773608   87.021542       3.479011  -0.384889   1.593409
    38  0.14016180    3.813996   87.952930       3.723771  -0.086864  -0.806621
    39  0.13603903    3.701810   85.365849       3.873575  -3.152912   2.103853
    40  0.13877026    3.776131   87.079723       3.826006  -2.396431   3.239616
    41  0.13299920    3.619092   83.458325       3.996772  -3.713742   1.049029
    42  0.13375393    3.639629   83.931926       4.088233  -0.669641  -1.739025
    43  0.14244430    3.876107   89.385223       4.056602  -0.412016   2.436684
    44  0.14045758    3.822045   88.138539       4.284596  -0.768069   1.069668
    45  0.13468972    3.665094   84.519148       4.252949   0.564227  -0.145150
    46  0.13746826    3.740702   86.262711       4.403240  -1.428872  -0.277444
    47  0.11666958    3.174741   73.211326       4.260005   1.568367  -3.446259
    48  0.11131645    3.029075   69.852183       4.666248   2.787420  -2.003379
    49  0.13117943    3.569574   82.316406       5.046714  -0.490121  -1.997270
    50  0.11236649    3.057648   70.511095       5.064519   2.363142  -2.780714
    51  0.14770441    4.019242   92.685997       5.053852  -3.456113   1.443480
    52  0.15248278    4.149268   95.684472       5.460798  -1.443777   0.532784
    53  0.12168659    3.311260   76.359549       5.429639   0.788351  -0.411869
    54  0.13260298    3.608311   83.209695       5.731744   1.572398  -3.803610
    55  0.12344660    3.359153   77.463978       5.855899   0.272591  -1.342150
    56  0.14094205    3.835228   88.442544       6.438698  -0.015133  -2.457407
    57  0.13085021    3.560615   82.109813       6.533200   1.192576  -0.778492
 
 Number of surface maxima:    67
   #       a.u.         eV      kcal/mol           X/Y/Z coordinate(Angstrom)
     1  0.20083641    5.465037  126.026853      -8.231607   0.500136  -1.232603
     2  0.16194354    4.406708  101.621192      -7.362664  -0.922757  -0.922695
     3  0.21707039    5.906786  136.213841      -7.068445  -2.605103  -0.778642
     4  0.15666582    4.263094   98.309371      -6.843803   1.582673  -1.334392
     5  0.19910141    5.417825  124.938123      -6.178755   2.930752  -1.462408
     6  0.19813939    5.391647  124.334448      -5.552153  -2.666842  -0.686506
     7  0.23956477    6.518889  150.329287      -5.262740  -4.112619  -0.403554
     8  0.18473762    5.026966  115.924705      -5.003174   0.001498  -0.139516
     9  0.19314117    5.255639  121.198019      -4.850151  -0.256314  -1.697067
    10  0.14805011    4.028648   92.902924      -4.604797   2.118714  -1.873108
    11  0.14366903    3.909433   90.153753      -4.693192   2.416036  -0.889044
    12  0.17712448    4.819802  111.147384      -4.454769  -3.049185  -1.730807
    13  0.05049834    1.374130   31.688214      -3.886506   0.841425   2.500736
    14  0.20230085    5.504886  126.945807      -3.582792  -4.052550  -0.409739
    15  0.22349453    6.081595  140.245051      -3.238707  -1.444680   0.168558
    16  0.24033257    6.539782  150.811093      -3.036128  -1.607565  -1.358090
    17  0.18726447    5.095725  117.510327      -2.758650   0.514044  -1.533280
    18  0.17120020    4.658594  107.429840      -2.846085   0.814973  -0.252092
    19  0.06351649    1.728372   39.857232      -2.733705   3.066022  -1.311365
    20  0.14401899    3.918956   90.373355      -2.457345   3.689107   0.402720
    21  0.25633262    6.975165  160.851280      -1.964884  -4.600543  -0.254042
    22  0.12441702    3.385559   78.072927      -1.972433   1.590143   0.379983
    23  0.15829197    4.307344   99.329794      -1.700295  -0.279722   0.687894
    24  0.24106134    6.559613  151.268402      -1.269563  -3.146287  -1.051976
    25  0.09660802    2.628838   60.622497      -1.070483   2.354350   1.814761
    26  0.07867384    2.140824   49.368620      -1.038824   4.276639  -0.377563
*   27  0.26533813    7.220218  166.502328      -0.801122  -3.597722  -2.711574
    28  0.11449097    3.115458   71.844227      -0.772662   0.388374   2.364457
    29  0.14445622    3.930854   90.647725      -0.269588   1.426965  -0.590223
    30  0.18320947    4.985383  114.965772       0.019341  -0.279811  -0.013153
    31  0.21823245    5.938407  136.943047       0.839418  -3.681320  -2.378432
    32  0.24961923    6.792485  156.638566       0.791188  -2.970484   0.119439
    33  0.15782754    4.294706   99.038358       0.791675   2.061264   0.771923
    34  0.19427751    5.286560  121.911083       0.873555  -1.806995   1.971559
    35  0.14577597    3.966766   91.475879       0.873784   0.381750   1.370575
    36  0.24434564    6.648983  153.329332       1.127610  -1.685235  -0.674327
    37  0.18763553    5.105823  117.743173       1.314401  -0.586124   1.301690
    38  0.17462361    4.751750  109.578059       1.354608   3.962947  -2.907682
    39  0.22386090    6.091565  140.474954       1.478060  -0.542706  -2.392709
    40  0.05130696    1.396133   32.195631       1.618470  -0.949357   4.218094
    41  0.04262251    1.159817   26.746051       1.632794   2.241265   3.698360
    42  0.16859810    4.587788  105.796995       1.797037   1.072376  -1.410412
    43  0.17152667    4.667478  107.634699       2.416536   5.152044  -0.141405
    44  0.25978734    7.069173  163.019152       2.543581  -3.964115  -2.641841
    45  0.19938132    5.425442  125.113772       2.610048   0.590970   0.725542
    46  0.20682580    5.628016  129.785260       2.902015  -2.852849   1.177793
    47  0.17720412    4.821969  111.197359       2.867663  -0.606653  -3.055625
    48  0.19261342    5.241278  120.866847       2.830592   2.675972   1.198594
    49  0.22021685    5.992405  138.188278       3.062658  -3.309183  -1.465869
    50  0.15696634    4.271271   98.497950       3.051151  -1.740378   3.276321
    51  0.21359129    5.812115  134.030670       3.124855  -1.407816   0.578877
    52  0.16002961    4.354627  100.420179       3.167147  -0.591123   2.756890
    53  0.18545461    5.046476  116.374620       3.436001   1.964075   0.502868
    54  0.21608807    5.880055  135.597424       3.876852  -1.029644  -4.334724
    55  0.16844317    4.583572  105.699774       4.000588   1.695077  -2.235273
    56  0.23927289    6.510946  150.146132       4.525830  -3.677746  -1.584337
    57  0.17699896    4.816387  111.068618       4.517537   0.463899  -1.335799
    58  0.20589561    5.602705  129.201556       4.624573   3.010351   0.763111
    59  0.21324637    5.802729  133.814227       4.763610  -1.214003   3.522181
    60  0.16532992    4.498856  103.746178       5.179009  -0.216938  -3.786606
    61  0.18355416    4.994763  115.182073       5.191770  -2.920769  -0.141215
    62  0.17597450    4.788510  110.425756       5.206252  -1.847729   2.118328
    63  0.15837495    4.309602   99.381866       5.713035   2.500535  -0.408726
    64  0.22058894    6.002530  138.421763       6.305930  -2.592452   1.013825
    65  0.15745222    4.284493   98.802845       6.635941   1.441442  -2.525971
    66  0.20390616    5.548569  127.953154       6.791480   0.528196  -3.857245
    67  0.19765337    5.378422  124.029467       7.173119   2.504685  -1.329381
