 Number of surface minima:    74
   #       a.u.         eV      kcal/mol           X/Y/Z coordinate(Angstrom)
     1  0.11353804    3.089527   71.246257      -6.178951  -1.052821   2.402577
     2  0.12498756    3.401084   78.430942      -5.624748  -2.209182   2.320605
     3  0.13537901    3.683850   84.951685      -5.127217  -3.436645   2.538469
     4  0.13961823    3.799205   87.611837      -5.098101   0.602937   0.730543
     5  0.13833187    3.764202   86.804632      -4.882054  -4.380511  -1.321976
     6  0.12104923    3.293917   75.959604      -4.829568  -2.702359   1.660547
     7  0.12747736    3.468835   79.993319      -4.530356   1.420210  -0.144891
     8  0.05607374    1.525844   35.186832      -4.374260   4.865900  -1.983462
     9  0.06241184    1.698313   39.164056      -4.418251   4.855634  -0.157810
    10  0.05593192    1.521985   35.097841      -4.408905   5.386736  -0.946570
    11  0.10663923    2.901801   66.917184      -4.304764  -0.360020   4.169766
    12  0.06059624    1.648908   38.024748      -4.357642   3.817510  -2.105305
    13  0.12464424    3.391742   78.215504      -4.100054  -3.991752  -0.652524
    14  0.11816479    3.215427   74.149586      -3.851040  -1.487720   4.099541
    15  0.13021546    3.543343   81.711502      -3.707957  -4.984237  -1.248217
    16  0.11796557    3.210006   74.024575      -3.465573  -2.541394  -2.814492
    17  0.13656983    3.716254   85.698936      -3.295896  -6.089456  -2.126351
    18  0.12574771    3.421769   78.907946      -3.161402  -3.610494  -3.405387
    19  0.15902756    4.327360   99.791383      -3.111474   0.436386  -1.054377
    20  0.11169729    3.039438   70.091169      -2.996837  -1.989445   3.493279
    21  0.13108908    3.567115   82.259705      -2.817556  -0.035063   2.496590
    22  0.12113753    3.296320   76.015008      -2.598109  -5.532669  -1.318965
    23  0.10314944    2.806839   64.727304      -2.619650   1.984082   1.605874
    24  0.11668982    3.175292   73.224031      -2.117342  -4.115578  -3.546293
    25  0.13148934    3.578007   82.510876      -1.994831  -0.427672   1.852777
    26  0.04116147    1.120061   25.829236      -1.741317   3.672231  -0.007345
    27  0.03784355    1.029775   23.747205      -1.759681   4.725459  -0.019384
    28  0.03874412    1.054281   24.312325      -1.753970   5.255331  -0.808763
    29  0.04009281    1.090981   25.158636      -1.692696   3.169802  -1.167905
    30  0.03347830    0.910991   21.007969      -1.685247   3.837001  -1.957499
    31  0.03672058    0.999218   23.042533      -1.718967   4.739992  -1.842015
    32  0.14985733    4.077825   94.036975      -1.458954  -2.541394  -2.305326
    33  0.01840079    0.500711   11.546679      -1.355885   2.029793  -1.583554
    34  0.15163276    4.126137   95.151076      -0.753850  -4.482177  -0.260611
    35  0.14465846    3.936357   90.774632      -0.250242  -3.066289  -2.386523
    36  0.02193901    0.596991   13.766946      -0.018746  -0.187907   1.927263
    37 -0.00776034   -0.211170   -4.869693       0.111504   3.514333   1.052144
*   38 -0.01370073   -0.372816   -8.597346       0.139880   3.951395  -0.242295
    39  0.14348670    3.904472   90.039339       0.397145  -3.868030   0.409498
    40  0.00407846    0.110981    2.559276       0.538433   2.760818  -2.888717
    41  0.13435687    3.656036   84.310278       0.790049  -2.409100  -1.768977
    42  0.03394722    0.923751   21.302220       1.420524   1.234691  -2.774203
    43  0.07940606    2.160749   49.828099       1.912144  -0.953863  -1.122930
    44  0.02777281    0.755737   17.427714       1.990188   0.902043   1.613235
    45  0.08646250    2.352764   54.256083       2.404384  -1.162135   0.533155
    46  0.05466723    1.487571   34.304233       2.616047  -0.615328  -3.758611
    47  0.09406195    2.559556   59.024812       2.774014  -1.483130  -0.524306
    48  0.08738201    2.377786   54.833087       2.966386  -3.672415   1.988392
    49  0.09073387    2.468994   56.936412       3.283063  -1.131604   1.194626
    50  0.11070371    3.012401   69.467684       3.238680   0.633669   1.526548
    51  0.09503023    2.585904   59.632417       3.225408   1.162846  -2.058670
    52  0.08453023    2.300185   53.043567       3.553312  -0.034817  -1.212855
    53  0.09131155    2.484714   57.298911       3.675800  -4.316036  -0.128317
    54  0.09536088    2.594901   59.839906       3.986584  -1.718637  -0.639066
    55  0.10308405    2.805060   64.686269       3.965113   1.351692   2.574120
    56  0.08511242    2.316027   53.408896       4.072684  -3.914201   1.710058
    57  0.11002197    2.993850   69.039884       4.236976  -0.548769   1.466355
    58  0.08501735    2.313440   53.349240       4.390604  -4.221552   0.692184
    59  0.09190859    2.500960   57.673556       4.340654  -1.386185   0.917373
    60  0.09172062    2.495845   57.555605       4.519767   2.270153   1.640461
    61  0.09096937    2.475403   57.084192       4.735986  -1.663840   0.003978
    62  0.10175587    2.768918   63.852826       4.919322   0.024738   0.321107
    63  0.09306402    2.532401   58.398602       4.891173   2.817268   0.864634
    64  0.10333368    2.811853   64.842920       5.269800   0.607953  -0.532572
    65  0.08559787    2.329237   53.713522       5.314298   1.858879   2.535339
    66  0.09632383    2.621105   60.444166       5.689504  -0.419467   1.197577
    67  0.08579351    2.334560   53.836283       6.203621   3.096982   0.777976
    68  0.08900276    2.421888   55.850123       6.335250   2.036896   2.496463
    69  0.09430418    2.566147   59.176816       6.589139   0.890230  -0.676174
    70  0.09849282    2.680126   61.805230       6.748028  -0.154265   1.065476
    71  0.08765281    2.385154   55.003015       6.748965   2.749135   1.456139
    72  0.09516997    2.589707   59.720106       7.115429   0.493105   0.114146
    73  0.10929192    2.973984   68.581770       7.731930   2.151483   2.315558
    74  0.11508363    3.131585   72.216128       8.089649   0.274243   1.099789
 
 Number of surface maxima:    86
   #       a.u.         eV      kcal/mol           X/Y/Z coordinate(Angstrom)
     1  0.19826983    5.395197  124.416303      -6.353453  -1.741802   4.894200
     2  0.20452371    5.565373  128.340675      -6.210992   1.289461   3.443353
     3  0.15596801    4.244105   97.871484      -6.056806  -0.273112   3.963804
     4  0.20667484    5.623908  129.690529      -5.737096  -3.875345  -2.535708
     5  0.15857799    4.315127   99.509275      -5.296499  -2.676478   4.113410
     6  0.21113314    5.745225  132.488158      -5.306278   2.639527   1.861092
     7  0.17911021    4.873837  112.393451      -5.146487   1.314014   2.271120
     8  0.17014171    4.629791  106.765622      -4.854391  -2.770857  -1.555903
     9  0.22457157    6.110903  140.920907      -4.634017  -1.436470  -0.743218
    10  0.18340458    4.990692  115.088208      -4.742984  -1.336896   1.871030
    11  0.20466381    5.569185  128.428588      -4.488093  -4.101453   3.855171
    12  0.16307583    4.437519  102.331717      -4.461833  -4.893852  -2.887691
    13  0.10756797    2.927073   67.499979      -3.866926   4.198064  -0.936693
    14  0.20406729    5.552953  128.054264      -3.738310  -6.183078  -3.637706
    15  0.15308722    4.165715   96.063760      -3.728685   2.875418   1.176449
    16  0.17561446    4.778712  110.199828      -3.680407  -0.932215   2.955545
    17  0.21723284    5.911206  136.315776      -3.683630   0.120726   0.281310
    18  0.16885244    4.594709  105.956597      -3.443368  -3.538193   2.517569
    19  0.16613561    4.520780  104.251753      -3.158522   3.958336   2.279353
    20  0.10875804    2.959457   68.246757      -3.215490   5.242920   1.300820
    21  0.09998464    2.720720   62.741359      -3.181267   6.715480  -0.795398
    22  0.15031760    4.090350   94.325798      -3.205452   6.932460   0.878702
    23  0.16982664    4.621218  106.567913      -3.029542   1.482452  -2.738791
    24  0.15040560    4.092744   94.381018      -3.059215   4.464717  -4.250350
    25  0.09963226    2.711132   62.520242      -3.037126   5.672319  -3.019011
    26  0.14740750    4.011162   92.499680      -3.066873   7.207832  -2.377320
    27  0.21332279    5.804808  133.862182      -2.953479  -2.019308   0.242741
    28  0.20512545    5.581747  128.718273      -2.914191  -1.289449  -0.789788
    29  0.17593596    4.787461  110.401576      -2.929559   1.420731  -1.080283
    30  0.18960845    5.159508  118.981201      -2.638341  -4.109808  -1.041164
    31  0.19732399    5.369459  123.822778      -2.613884   0.523051   1.374960
    32  0.18500236    5.034170  116.090829      -2.409161  -3.335160  -2.418074
    33  0.22687778    6.173658  142.368076      -2.263664  -3.577504   1.472372
    34  0.16434846    4.472149  103.130300      -2.141303  -5.880399  -3.048797
    35  0.09297170    2.529889   58.340673      -2.241509   4.213696  -0.914662
    36  0.20379134    5.545444  127.881105      -2.018367  -2.012217   1.126605
    37  0.13278997    3.613399   83.327033      -1.724256   1.956443   0.135578
    38  0.14950817    4.068324   93.817869      -0.929777   0.633669   0.599593
    39  0.22541703    6.133909  141.451437      -0.793638  -3.067553   0.006567
    40  0.05169995    1.406827   32.442237      -0.645580   2.644665   2.818915
    41  0.21725562    5.911826  136.330074      -0.621349  -2.232966  -1.318965
    42  0.10360179    2.819148   65.011159      -0.644009   2.214850  -0.249376
    43  0.21531667    5.859064  135.113361      -0.516967  -6.089962  -2.883054
    44  0.18104538    4.926495  113.607789      -0.373554  -0.665213  -2.887360
    45  0.17136085    4.662966  107.530646      -0.291323  -0.434915  -0.830884
    46  0.13053905    3.552148   81.914560      -0.162845   1.279737  -1.773170
    47  0.19336063    5.261610  121.335729      -0.130135  -4.784844  -1.977668
    48  0.19073507    5.190165  119.688161       0.760787  -2.155890   1.014278
    49  0.03234504    0.880153   20.296833       0.915426   4.324891  -2.099017
    50  0.12732327    3.464642   79.896626       1.074611   0.633669   1.106283
    51  0.18093674    4.923539  113.539617       1.065581  -1.879544   2.648267
    52  0.15895218    4.325309   99.744085       1.121368  -1.241994  -0.406044
*   53  0.22924775    6.238148  143.855255       1.331280  -5.033826  -1.567190
    54  0.10613067    2.887962   66.598059       1.419924   2.299500   0.257358
    55  0.13341061    3.630287   83.716491       1.573790  -0.134205  -0.247421
    56  0.17770615    4.835630  111.512385       1.647038  -3.271937  -1.388036
    57  0.15670547    4.264173   98.334250       1.901579   1.480610  -1.054377
    58  0.19767330    5.378964  124.041972       2.609562  -3.347919  -2.566135
    59  0.13654969    3.715706   85.686294       2.774464  -2.040592   2.849338
    60  0.15517355    4.222487   97.372955       3.140732   2.692804   0.475581
    61  0.13701969    3.728495   85.981224       3.281744  -3.513690   0.665449
    62  0.13418093    3.651249   84.199877       3.426889   1.432557   1.343276
    63  0.17467527    4.753156  109.610478       3.435935   2.618084  -1.675547
    64  0.13814605    3.759145   86.688030       3.552969  -1.922524   0.386373
    65  0.17894330    4.869295  112.288711       3.503388  -0.092644   2.649864
    66  0.14344794    3.903417   90.015020       3.437009   0.369801  -0.524296
    67  0.13913481    3.786051   87.308486       3.575063   0.374672   0.535274
    68  0.14455124    3.933439   90.707349       4.035233  -3.397334  -1.778023
    69  0.18423829    5.013379  115.611370       4.194428  -2.025605   3.647521
    70  0.17383604    4.730319  109.083856       4.373212   1.185923  -3.682441
    71  0.16309790    4.438120  102.345564       4.296261   2.195965  -1.054377
    72  0.18144496    4.937368  113.858526       4.645948  -1.621742  -2.236576
    73  0.14059386    3.825754   88.224054       5.023467  -0.027802   2.845140
    74  0.13611911    3.703989   85.416103       5.190877  -2.524723   2.288096
    75  0.18725543    5.095479  117.504655       5.428301   3.027587  -1.827754
    76  0.18278005    4.973698  114.696309       5.684938  -3.625788  -1.646708
    77  0.13395299    3.645046   84.056843       5.809342  -3.187748   0.016229
    78  0.14056947    3.825090   88.208746       5.737552   2.009226   1.379534
    79  0.14607604    3.974931   91.664175       5.949527   0.704043   0.471235
    80  0.18605293    5.062758  116.750077       6.346410  -0.357351   3.708218
    81  0.18027535    4.905542  113.124582       6.544328  -2.938277   1.524839
    82  0.13714748    3.731973   86.061415       6.736068   2.594575  -1.035843
    83  0.13808683    3.757534   86.650867       7.448086   0.526537   2.693185
    84  0.13504542    3.674773   84.742350       8.316856   1.817360   0.789022
    85  0.17853154    4.858090  112.030329       8.389823   2.721666  -0.657494
    86  0.18164021    4.942682  113.981051       8.900718   1.051816   2.161403
