 Number of surface minima:    55
   #       a.u.         eV      kcal/mol           X/Y/Z coordinate(Angstrom)
     1  0.13310295    3.621915   83.523432      -7.343246   2.612053  -0.268603
     2  0.13150662    3.578477   82.521722      -7.149823   0.858044   2.563171
     3  0.12035033    3.274899   75.521035      -6.852649   1.143155  -0.167250
     4  0.13685002    3.723878   85.874755      -6.882667   3.237133   1.783508
     5  0.10973269    2.985978   68.858358      -6.596428   0.072918   0.071719
     6  0.12664407    3.446160   79.470422      -6.359623   1.915719   2.290557
     7  0.11810454    3.213788   74.111783      -6.086947   0.860038   2.569134
     8  0.11665343    3.174301   73.201195      -6.152370   2.212857  -0.665259
     9  0.12343889    3.358943   77.459136      -5.648443   2.998579   1.832809
    10  0.13476458    3.667131   84.566119      -4.253477  -0.469206  -0.242007
    11  0.14945180    4.066790   93.782498      -3.919815   1.550490  -0.932606
    12  0.12513111    3.404991   78.521022      -3.325766  -1.533138   0.051296
    13  0.16956592    4.614123  106.404310      -3.056582  -1.123213   2.176431
    14  0.12365168    3.364733   77.592668      -2.730484  -0.966793  -0.406659
    15  0.14187558    3.860631   89.028343      -2.667833   1.249380  -1.171119
    16  0.17208814    4.682757  107.987031      -2.144628   2.040991   1.333375
    17 -0.01422017   -0.386950   -8.923297      -1.947188  -3.186518  -2.788518
    18  0.04570171    1.243607   28.678280      -1.296676  -2.007625   1.526000
    19  0.04798950    1.305861   30.113894      -0.976580  -3.401672   1.658294
    20  0.00809548    0.220289    5.079993      -0.677537  -0.746388  -2.985461
*   21 -0.02277679   -0.619788  -14.292664      -0.593400  -3.574241  -3.176241
    22  0.17590555    4.786634  110.382494      -0.604598   2.847826  -1.070730
    23  0.17266946    4.698575  108.351814       0.331566   1.319554   0.923788
    24  0.03924195    1.067828   24.624717       0.689183  -5.087941   2.072498
    25  0.02297541    0.625193   14.417300       0.929511  -4.161286  -0.196172
    26  0.10746837    2.924363   67.437478       0.805890  -2.428963   2.194522
    27  0.15424679    4.197269   96.791405       1.750309  -0.414243  -1.767413
    28  0.08865642    2.412464   55.632791       1.910008  -3.187542   1.046993
    29  0.03531901    0.961079   22.163030       1.992132  -2.069629  -1.051997
    30  0.13564148    3.690992   85.116387       2.419706   4.983821  -1.093107
    31  0.14280857    3.886019   89.613803       3.185223   0.737273   1.527895
    32  0.12991741    3.535232   81.524472       3.318876   3.646664  -2.700496
    33  0.13967925    3.800866   87.650128       3.317751   4.577830  -1.902111
    34  0.13943103    3.794111   87.494366       3.421111   3.377003   0.796630
    35  0.14997312    4.080976   94.109632       3.416805   5.574589  -0.855297
    36  0.12121217    3.298351   76.061846       3.591521  -1.762922   2.196530
    37  0.14116268    3.841232   88.580995       3.579664   0.526232   0.467646
    38  0.11655539    3.171633   73.139671       3.870231  -1.997526   1.142710
    39  0.12797373    3.482342   80.304793       3.873473   1.181668   2.465663
    40  0.12177009    3.313533   76.411946       4.068956  -2.109267  -0.208465
    41  0.13567252    3.691837   85.135864       4.300215   2.054060  -0.796217
    42  0.14422412    3.924538   90.502075       4.373429   3.050569  -0.061532
    43  0.15343546    4.175191   96.282283       4.344580   4.292109   0.688859
    44  0.11327208    3.082290   71.079364       4.532791  -1.351722   3.004318
    45  0.12687136    3.452345   79.613049       4.537635   0.655464   0.070763
    46  0.13635882    3.710512   85.566526       4.772107   1.395731   3.254777
    47  0.12483588    3.396957   78.335763       4.932069   1.296930   2.081424
    48  0.10619504    2.889714   66.638451       5.074974  -1.865252   0.767108
    49  0.12648773    3.441906   79.372314       5.170127   1.001508   0.868568
    50  0.15022210    4.087751   94.265869       5.241854   2.790190  -1.045228
    51  0.11150872    3.034306   69.972834       5.461973  -1.216264   2.743285
    52  0.11072953    3.013104   69.483886       5.706063  -1.499093   1.534376
    53  0.13805751    3.756736   86.632468       5.749332   0.598823  -0.273160
    54  0.13947094    3.795197   87.519409       6.253200   1.298087   1.946794
    55  0.12957738    3.525980   81.311104       6.730280  -0.836942   2.309944
 
 Number of surface maxima:    65
   #       a.u.         eV      kcal/mol           X/Y/Z coordinate(Angstrom)
     1  0.19898249    5.414589  124.863502      -8.454148   0.469913   1.792862
     2  0.15930712    4.334967   99.966812      -7.839918   1.921766   1.238567
     3  0.20334221    5.533223  127.599270      -7.927725   3.508287   0.733155
     4  0.15942763    4.338246  100.042431      -6.954864  -0.410515   1.790589
     5  0.16749592    4.557796  105.105363      -6.210115   3.717262   0.335351
     6  0.20963602    5.704486  131.548699      -5.969235  -1.690901   1.909305
     7  0.18272484    4.972196  114.661661      -5.516992   1.158342   0.084727
     8  0.18894327    5.141408  118.563791      -5.218815   1.550756   1.591240
     9  0.22427513    6.102837  140.734887      -4.770529   4.405140  -0.204569
    10  0.20000372    5.442378  125.504333      -4.505577  -0.996209   1.547507
    11  0.04816132    1.310536   30.221707      -3.952113  -2.569652  -1.643670
    12  0.20819567    5.665292  130.644863      -3.700803   3.254283  -0.057027
    13  0.22987715    6.255275  144.250211      -3.570088  -2.189668   1.549438
    14  0.22212885    6.044433  139.388072      -3.196449   0.586555  -0.250902
    15  0.23851279    6.490263  149.669160      -2.934150   0.973744   1.238949
    16  0.18474931    5.027284  115.932039      -2.747422  -0.303864   2.095607
    17  0.15663618    4.262287   98.290772      -2.528085  -1.549179   0.455856
    18  0.25899842    7.047705  162.524097      -2.472082   3.820882  -0.558127
    19  0.15844491    4.311505   99.425765      -1.783717  -0.825092  -0.662318
    20  0.11967926    3.256638   75.099933      -1.626863  -2.463571   0.203057
    21  0.13842692    3.766788   86.864280      -1.448819  -4.957778  -0.062469
    22  0.23449481    6.380928  147.147841      -1.315226   2.634231   0.254051
    23  0.10697317    2.910888   67.126736      -0.898739  -1.764411  -2.282771
    24  0.20936838    5.697203  131.380754      -0.975616   0.701300   1.071844
    25  0.10168994    2.767124   63.811452      -0.824880  -3.436718  -1.265363
*   26  0.26825424    7.299569  168.332221      -0.536179   3.616942   1.467240
    27  0.07941029    2.160864   49.830753      -0.230949  -4.818721   1.278559
    28  0.18755980    5.103762  117.695648       0.122938  -1.784257   0.723144
    29  0.19451926    5.293138  122.062779       0.100072  -0.341012  -0.260332
    30  0.24525892    6.673834  153.902422       0.481306   2.186354  -1.440063
    31  0.22406474    6.097112  140.602863       0.683014  -0.712197   2.478641
    32  0.22270740    6.060176  139.751118       0.801850   3.774352   0.732521
    33  0.18261711    4.969264  114.594063       0.941474  -3.223580   4.055302
    34  0.10297772    2.802166   64.619549       0.982683  -2.791923  -0.703150
    35  0.17385658    4.730878  109.096744       0.941766  -0.444067  -1.642500
    36  0.24684937    6.717113  154.900449       1.071159   1.261378  -0.321731
    37  0.22161350    6.030410  139.064688       1.433677   0.148098   0.718609
    38  0.02863120    0.779094   17.966361       1.502689  -3.343046  -3.633478
    39  0.23782471    6.471540  149.237387       1.471994   5.091660   1.390907
    40  0.20271870    5.516256  127.208009       1.859838  -0.286315   2.228394
    41  0.22347174    6.080975  140.230752       1.986976  -0.190250   3.783367
    42  0.15665691    4.262851   98.303779       2.256721  -2.246928   0.929252
    43  0.23195334    6.311771  145.553043       2.128065  -0.056264  -3.110748
    44  0.20164888    5.487145  126.536688       2.399489   3.530475  -1.527569
    45  0.21441851    5.834624  134.549756       2.653603   1.036406  -2.402129
    46  0.15716622    4.276710   98.623372       2.807877  -1.732408   0.235156
    47  0.20495365    5.577072  128.610466       3.055895   2.714351  -0.321830
    48  0.18296220    4.978655  114.810611       2.962023   5.129840   0.624512
    49  0.16971981    4.618311  106.500881       3.182781  -4.378301   2.105237
    50  0.16770909    4.563596  105.239131       3.554907   0.179499   3.894359
    51  0.19814975    5.391929  124.340951       3.732593  -1.236407  -1.487946
    52  0.17748503    4.829613  111.373631       4.241135   0.389789   1.393706
    53  0.22578401    6.143895  141.681725       4.102231   1.245373  -3.241227
    54  0.16680407    4.538970  104.671224       4.526894  -1.126504   1.798332
    55  0.17747692    4.829393  111.368543       4.638018   2.556139  -2.502252
    56  0.21877222    5.953095  137.281756       4.557190   5.660726   0.229574
    57  0.17609037    4.791663  110.498465       4.847173   4.557855  -0.892199
    58  0.15950467    4.340343  100.090773       5.034901  -0.695957  -0.798289
    59  0.20338520    5.534393  127.626247       5.093992   0.657914   4.627860
    60  0.21609766    5.880316  135.603443       5.795543   3.767245  -2.069695
    61  0.14255163    3.879027   89.452576       5.957962   1.259239   1.535336
    62  0.15863620    4.316711   99.545802       6.054554   0.571972   3.190786
    63  0.20124841    5.476248  126.285391       6.748047  -0.449167  -0.702610
    64  0.15825033    4.306211   99.303666       6.745667   0.066018   0.882465
    65  0.20147209    5.482334  126.425749       7.463301   0.501362   2.342294
