 Number of surface minima:    58
   #       a.u.         eV      kcal/mol           X/Y/Z coordinate(Angstrom)
     1  0.13934956    3.791894   87.443244      -6.974601   0.427209  -1.096428
     2  0.12818984    3.488223   80.440405      -6.796717  -1.433218  -0.471080
     3  0.13254379    3.606700   83.172555      -6.476566   0.052773  -3.174274
     4  0.12179974    3.314340   76.430556      -6.267800  -2.012088  -2.609665
     5  0.12115040    3.296670   76.023090      -6.232607  -0.368744  -0.437343
     6  0.12028748    3.273189   75.481598      -5.710448  -1.187454  -0.098074
     7  0.11160596    3.036953   70.033858      -5.699390  -1.035964  -2.950640
     8  0.12909481    3.512848   81.008286      -5.487523   0.811635  -0.628475
     9  0.10946079    2.978580   68.687742      -5.181271  -1.853288  -2.624510
    10  0.15297960    4.162787   95.996228      -4.987195   3.267170   0.420590
    11  0.11689642    3.180913   73.353670      -4.914710   0.032440  -3.080566
    12  0.13588442    3.697603   85.268831      -4.500899  -1.146932   0.118489
    13  0.13166794    3.582867   82.622951      -4.520238   0.823839  -0.430735
    14  0.13926494    3.789592   87.390145      -4.164653   2.537155   0.205509
    15  0.14524989    3.952450   91.145757      -4.149118   4.388615   2.170001
    16  0.14112997    3.840342   88.560467      -3.990622  -0.123068  -0.087018
    17  0.11847206    3.223789   74.342400      -3.827613  -1.763801  -2.361379
    18  0.11526196    3.136437   72.328031      -3.980023   0.156899  -2.951084
    19  0.14920429    4.060055   93.627182      -3.885656   3.592834  -0.484018
    20  0.15420534    4.196141   96.765394      -3.686346   4.944418  -1.056741
    21  0.12143068    3.304297   76.198967      -3.290941  -0.867517  -2.502307
    22  0.12988899    3.534459   81.506642      -3.168473   3.761072   2.354627
    23  0.13853459    3.769718   86.931839      -2.959902   4.778786   1.657777
    24  0.14138518    3.847286   88.720612      -2.877654   4.023161  -1.174109
    25  0.14819277    4.032530   92.992443      -2.890875   5.883086   0.777882
    26  0.04266834    1.161064   26.774808      -2.420400  -3.445804   3.401578
    27  0.10953760    2.980670   68.735940      -2.264665  -1.281750   1.678920
    28  0.17753290    4.830916  111.403670      -2.172599   2.133833  -0.365632
    29  0.13309957    3.621823   83.521310      -1.979624   5.214336   1.032857
    30  0.06184612    1.682918   38.809056      -1.775894  -3.813749   1.266385
    31  0.17290907    4.705095  108.502169      -1.851458  -0.224591   1.041039
    32  0.13778039    3.749195   86.458570      -1.581762  -1.007447   0.790672
    33  0.12088119    3.289345   75.854158      -1.543969  -3.012443  -0.898779
    34  0.16624339    4.523713  104.319391      -1.239103   3.278189   1.754551
    35  0.17233087    4.689362  108.139346      -0.918430   2.439488  -1.084767
    36  0.06597228    1.795197   41.398264      -0.609561  -0.557442  -1.361017
    37  0.06092139    1.657755   38.228781      -0.535945  -4.063207   0.664784
    38  0.03209287    0.873291   20.138596      -0.171581  -2.624109   2.969394
    39  0.16944464    4.610823  106.328207      -0.181146   3.671364   1.089372
    40  0.15628621    4.252764   98.071158       0.015431   1.508345  -1.046569
    41  0.16947382    4.611617  106.346517       0.830277   2.700717   1.210878
    42  0.18845672    5.128168  118.258479       0.838604   3.801197   0.358809
    43  0.01789025    0.486818   11.226311       1.192884  -1.673358  -1.989515
    44  0.01913457    0.520678   12.007137       1.113534  -0.631145   2.552490
*   45 -0.00655925   -0.178486   -4.115998       1.332580  -4.578735  -0.536540
    46 -0.00266361   -0.072480   -1.671441       2.372612  -4.060020   0.768625
    47  0.16451863    4.476780  103.237087       2.511786   2.014741  -1.187585
    48  0.13605150    3.702150   85.373677       2.738274   0.943613   1.251722
    49  0.14467036    3.936681   90.782097       3.952260   1.226895   1.168792
    50  0.12780112    3.477645   80.196481       4.342222  -0.759723   0.224540
    51  0.11928526    3.245917   74.852694       6.066201   2.684265  -1.366411
    52  0.11263694    3.065007   70.680809       6.326828   0.694140  -2.287738
    53  0.11325551    3.081839   71.068962       6.351018   1.617858   1.069432
    54  0.10557992    2.872976   66.252453       6.592772  -0.493795   0.092442
    55  0.12233504    3.328906   76.766461       6.720957   1.627804  -1.894088
    56  0.11681268    3.178635   73.301127       6.985676   0.564546   0.489732
    57  0.13360635    3.635614   83.839320       7.291478   2.814221  -1.230632
    58  0.13026460    3.544680   81.742340       7.565193   1.907023   0.801902
 
 Number of surface maxima:    66
   #       a.u.         eV      kcal/mol           X/Y/Z coordinate(Angstrom)
     1  0.19602674    5.334159  123.008741      -7.525837  -2.194398  -1.605279
     2  0.20369878    5.542926  127.823019      -7.486521   0.956386  -2.443562
     3  0.15639371    4.255689   98.138617      -7.165685  -0.567272  -1.958615
     4  0.16469685    4.481629  103.348921      -5.975036   1.539278  -2.125127
     5  0.15674380    4.265216   98.358304      -5.898033  -2.670851  -1.125002
     6  0.21712852    5.908368  136.250320      -5.578153   4.190301   1.476015
     7  0.20449461    5.564581  128.322410      -4.747266  -3.624616  -0.531464
     8  0.17655080    4.804192  110.787392      -4.816381  -0.243167  -0.741998
     9  0.21535960    5.860233  135.140301      -4.650113   2.677131  -2.286972
    10  0.16795056    4.570167  105.390658      -4.487941  -0.737775  -2.243491
    11  0.17905241    4.872264  112.357180      -4.605461   2.843736   1.848727
    12  0.19337254    5.261934  121.343201      -4.403449  -2.090816   2.199133
    13  0.17646574    4.801877  110.734017      -4.443002   5.002013   0.567901
    14  0.22963790    6.248765  144.100081      -4.230838   1.374708   2.488900
    15  0.21772449    5.924585  136.624293      -3.852666   6.243512  -0.426874
    16  0.18706014    5.090165  117.382109      -3.598805  -2.495478  -0.288552
    17  0.17534975    4.771509  110.033719      -3.445869   1.640347  -1.743524
    18  0.19660776    5.349969  123.373337      -2.799973  -1.624955   0.555648
    19  0.19306353    5.253526  121.149294      -2.798773  -3.541402  -0.301667
    20  0.21642508    5.889226  135.808901      -2.710799   1.199963   1.932898
    21  0.20668590    5.624209  129.697467      -2.698362   3.067282  -0.055415
    22  0.18096566    4.924326  113.557759      -2.521403  -1.138951   4.600369
    23  0.13639164    3.711405   85.587115      -2.361798  -0.708139   2.512839
    24  0.22794374    6.202665  143.036978      -2.472063   0.093647   2.538839
    25  0.16848091    4.584599  105.723455      -2.201563  -0.561913  -1.493311
    26  0.18047808    4.911058  113.251803      -2.248551   5.583181  -0.697066
    27  0.18013887    4.901828  113.038942      -2.132346  -2.224797  -1.760512
    28  0.20061253    5.458945  125.886369      -2.134878   3.734561   1.284852
    29  0.22587591    6.146396  141.739393      -1.959102   1.268080  -1.469613
    30  0.08276579    2.252172   51.936360      -1.508778  -3.873369   2.607812
    31  0.15068020    4.100217   94.553335      -1.223352  -2.636903  -0.043396
    32  0.18530076    5.042290  116.278077      -1.190685  -0.336257   1.170143
    33  0.16630277    4.525329  104.356653      -0.935860  -1.299326   1.013855
    34  0.23932094    6.512254  150.176284      -0.891460   1.541956   0.018319
    35  0.23330500    6.348552  146.401220      -0.668624   5.458504  -1.217221
    36  0.24177663    6.579077  151.717255      -0.374450   2.191261   1.329095
    37  0.21703028    5.905694  136.188670      -0.263084   4.052980  -0.645721
    38  0.13703251    3.728844   85.989272      -0.154087  -4.798333   1.880276
    39  0.13742694    3.739577   86.236779       0.005182  -1.666300  -1.189811
    40  0.17754787    4.831323  111.413065      -0.001776  -0.217191  -0.009601
    41  0.03701189    1.007145   23.225331       0.086810  -4.649810  -2.204618
    42  0.10659410    2.900573   66.888865       0.771973  -3.476687   0.755692
    43  0.12125393    3.299487   76.088052       0.749986  -1.831114   1.909036
*   44  0.26092397    7.100102  163.732401       1.163188   3.850129  -1.206033
    45  0.19416622    5.283531  121.841242       1.237527   0.924594  -1.160052
    46  0.19038171    5.180550  119.466425       1.235961   1.453163   1.484268
    47  0.11122904    3.026696   69.797335       1.698033  -2.377811  -0.501802
    48  0.22709825    6.179658  142.506421       1.659977   2.660610  -0.042558
    49  0.16001876    4.354332  100.413375       1.725783  -0.874290   0.531703
    50  0.14880419    4.049168   93.376115       2.488138  -1.563689  -0.546437
    51  0.25443675    6.923576  159.661608       2.766244   3.609109   0.895157
    52  0.23095739    6.284670  144.928071       3.136022   0.956386  -1.129332
    53  0.21722514    5.910997  136.310946       3.328041   0.318324   0.268991
    54  0.21524224    5.857039  135.066657       3.572566  -2.169406  -1.857669
    55  0.04711570    1.282083   29.565573       3.764479  -2.762323   1.653974
    56  0.20448764    5.564392  128.318036       4.114664   2.953856   0.392989
    57  0.19113069    5.200931  119.936420       4.619132  -1.166767  -1.498500
    58  0.22105631    6.015248  138.715046       5.290996   4.026435   0.770284
    59  0.18399993    5.006893  115.461798       5.504040   1.353269  -1.283183
    60  0.17858371    4.859510  112.063065       5.714960   0.719839   0.142318
    61  0.20208330    5.498966  126.809291       5.981968  -1.903571  -1.971971
    62  0.16442648    4.474272  103.179260       6.625114   3.230242   0.248467
    63  0.15451926    4.204683   96.962379       7.122100  -0.728551  -1.590717
    64  0.15589681    4.242168   97.826810       8.126544   1.472925  -0.735240
    65  0.20079156    5.463816  125.998709       8.303141   2.938396  -0.045946
    66  0.19528286    5.313917  122.541948       8.684217   0.021607  -1.378323
