 Number of surface minima:    57
   #       a.u.         eV      kcal/mol           X/Y/Z coordinate(Angstrom)
     1  0.13653082    3.715193   85.674456      -6.893742  -0.894236  -1.617587
     2  0.13380480    3.641014   83.963849      -5.950354  -1.645234  -3.430795
     3  0.11702162    3.184320   73.432236      -6.087561  -1.407159  -0.670813
     4  0.12419874    3.379619   77.935948      -5.607886  -0.237540  -1.003013
     5  0.12420674    3.379837   77.940973      -5.433998  -3.395419  -2.408067
     6  0.11494969    3.127940   72.132079      -5.437690  -2.079314  -0.032444
     7  0.14550299    3.959338   91.304580      -5.392371   2.068236   0.282675
     8  0.11420537    3.107686   71.665012      -4.924924  -2.367559  -2.854000
     9  0.13779201    3.749511   86.465862      -4.793553   3.733755   1.677439
    10  0.12449437    3.387664   78.121462      -4.718931   0.228084  -0.763711
    11  0.11914496    3.242099   74.764651      -4.487698  -1.242777  -3.160632
    12  0.11362595    3.091919   71.301419      -4.378521  -3.011783  -2.288721
    13  0.12669299    3.447492   79.501121      -4.250823  -1.511152   0.275234
    14  0.13509240    3.676051   84.771829      -4.319449   1.225369   0.561831
    15  0.13419817    3.651718   84.210691      -4.277880   1.960391  -0.354347
    16  0.13608099    3.702952   85.392183      -4.146544   0.385047   1.942794
    17  0.13077784    3.558646   82.064400      -3.986234  -0.513777  -0.079274
    18  0.11820349    3.216481   74.173875      -3.593688  -0.799641  -2.956920
    19  0.12594386    3.427107   79.031035      -3.679398   3.131238   2.239475
    20  0.12307472    3.349033   77.230614      -3.657125   3.935776   1.356449
    21  0.12329926    3.355144   77.371522      -3.349637   0.420556   1.136455
    22  0.12500069    3.401442   78.439185      -3.204014  -2.498760  -1.926775
    23  0.12617232    3.433323   79.174391      -2.829385  -1.560126  -2.192967
    24  0.11032802    3.002178   69.231934      -2.731217   2.348092   2.811535
    25  0.12338218    3.357400   77.423549      -2.378215  -0.091741   1.840779
    26  0.13802586    3.755875   86.612605      -2.242919   0.479485   0.678339
    27  0.11673421    3.176499   73.251886      -1.737231  -0.192005   0.932909
    28  0.18392016    5.004722  115.411738      -1.743792   3.340730  -2.414203
    29  0.11276215    3.068414   70.759374      -1.722084   1.495736   3.013764
    30  0.17927461    4.878310  112.496613      -1.265863   4.929610  -1.014883
    31  0.16383647    4.458217  102.809025      -0.843641   2.406891  -2.072201
    32  0.07742992    2.106975   48.588047      -0.546583  -0.362162  -1.015044
    33  0.16118975    4.386196  101.148181      -0.320036   4.335285  -0.306517
    34  0.05909953    1.608180   37.085545      -0.204469  -3.856584   0.762751
    35  0.06271861    1.706660   39.356555       0.166368  -3.353452   1.688811
    36  0.06387901    1.738236   40.084720       0.177664  -2.346577  -1.820360
*   37 -0.00789652   -0.214875   -4.955142       0.469268  -1.689205   3.917345
    38  0.01633542    0.444509   10.250638       0.616436   1.081924   2.698290
    39  0.04319213    1.175318   27.103492       0.776360  -4.919372  -0.957075
    40  0.04563335    1.241746   28.635381       1.140856  -1.224236  -1.554560
    41  0.07768456    2.113904   48.747836       1.570126  -2.214283  -0.625914
    42 -0.00603619   -0.164253   -3.787772       1.834715  -1.258531   3.592228
    43  0.06505240    1.770166   40.821033       2.042563  -3.404931  -0.061670
    44  0.06924252    1.884185   43.450375       2.108195  -2.735930   1.165558
    45  0.11808420    3.213234   74.099015       3.221859  -1.885493  -2.015429
    46  0.15400911    4.190801   96.642257       3.414716   2.809380  -1.895627
    47  0.13489207    3.670600   84.646123       3.674651   2.542737   0.741980
    48  0.10543414    2.869009   66.160977       4.272575  -1.525257  -2.355749
    49  0.08612203    2.343500   54.042436       4.538833  -1.653436   0.291806
    50  0.16693187    4.542447  104.751420       4.713508   3.077489  -1.809265
    51  0.15769588    4.291123   98.955739       4.898425   2.965842   0.403116
    52  0.12161723    3.309373   76.316027       4.906758  -2.451069  -2.269548
    53  0.11485295    3.125308   72.071377       5.507401  -1.037941  -2.465828
    54  0.10349847    2.816337   64.946328       5.696546  -1.266735   0.135832
    55  0.10965919    2.983978   68.812237       6.039834   0.034720  -2.469030
    56  0.09975223    2.714396   62.595519       6.300936  -0.244514   0.179007
    57  0.12373856    3.367097   77.647183       6.849420  -0.763619  -2.430462
 
 Number of surface maxima:    70
   #       a.u.         eV      kcal/mol           X/Y/Z coordinate(Angstrom)
     1  0.20256474    5.512067  127.111398      -7.259461  -0.997911  -3.056467
     2  0.19578753    5.327650  122.858635      -6.701341  -3.738740  -1.423178
     3  0.15591823    4.242751   97.840246      -6.661374  -2.222194  -2.167407
     4  0.21101221    5.741934  132.412271      -6.147512   3.064623   1.000006
     5  0.16384765    4.458521  102.816039      -5.911908   0.034720  -2.882748
     6  0.15685038    4.268116   98.425181      -5.072503  -3.672590  -0.713458
     7  0.16487462    4.486467  103.460476      -5.163245   2.024850   1.954039
     8  0.21575475    5.870985  135.388260      -4.939792   1.437656  -3.073783
     9  0.17598172    4.788706  110.430287      -4.919116   3.620528  -0.036304
    10  0.17210780    4.683291  107.999364      -4.758022  -1.117614  -0.786466
    11  0.20038215    5.452676  125.741806      -4.832578   0.941319   3.144049
    12  0.23146569    6.298502  145.247037      -4.231398   4.546268  -1.203488
    13  0.17102291    4.653770  107.318587      -4.107127  -1.684087  -2.131446
    14  0.20561420    5.595047  129.024966      -3.840153  -4.176399   0.116058
    15  0.17538916    4.772582  110.058454      -3.741064   0.925037  -2.159015
    16  0.14935056    4.064035   93.718971      -3.314317   0.714722   2.741754
    17  0.19770876    5.379929  124.064222      -3.089747   1.741585   0.334737
    18  0.18668329    5.079911  117.145632      -2.787615  -3.006697  -0.157428
    19  0.19025046    5.176978  119.384067      -2.650252   2.961737   1.298245
    20  0.21264619    5.786397  133.437612      -2.737907   4.003550  -1.163985
    21  0.18797857    5.115157  117.958433      -2.543789  -1.309199   0.983792
    22  0.17320106    4.713041  108.685400      -2.507057  -0.331145  -0.282208
    23  0.22772490    6.196710  142.899651      -2.193832   1.033357  -1.516469
    24  0.19639722    5.344240  123.241217      -2.030535  -3.463386   0.614617
    25  0.17042847    4.637595  106.945570      -2.018324  -0.762075  -1.220484
    26  0.15622474    4.251091   98.032588      -1.993223   0.301777   3.147739
    27  0.25114259    6.833937  157.594487      -2.003630   4.811837  -2.288729
    28  0.04768689    1.297626   29.924001      -1.785462  -1.970425   3.805520
    29  0.18241215    4.963687  114.465451      -1.537015  -4.476327  -2.055023
    30  0.18569032    5.052890  116.522530      -1.537501  -2.411436  -1.021933
    31  0.17507616    4.764065  109.862043      -1.202688   0.564350   0.899883
    32  0.24108757    6.560327  151.284863      -0.974461   2.000129  -0.716880
    33  0.12484510    3.397208   78.341548      -0.825041  -3.540351  -0.701991
    34  0.15746701    4.284895   98.812124      -0.813273  -2.093656   0.891649
    35  0.14656850    3.988332   91.973197      -0.909115  -0.343946   1.432852
    36  0.16940205    4.609664  106.301481      -0.753157   2.045840   1.879120
    37  0.24037035    6.540810  150.834798      -0.575947   3.067190   0.339368
    38  0.20997282    5.713651  131.760047      -0.408721   4.129937  -2.134046
    39  0.17604860    4.790526  110.472255      -0.041732   0.287419   0.042612
    40  0.17114371    4.657057  107.394387       0.274596  -1.530913  -0.389846
    41  0.11888184    3.234939   74.599542       0.622385  -0.249053   2.470115
    42  0.11160460    3.036916   70.033000       1.071553  -2.162754   2.085694
    43  0.08759532    2.383590   54.966938       1.120418  -4.330992   0.180749
*   44  0.25859082    7.036614  162.268328       1.193736   3.914106  -2.391793
    45  0.23181210    6.307928  145.464411       1.447041   3.355572  -0.684115
    46  0.14396154    3.917393   90.337306       1.564641  -4.049798   1.806819
    47  0.17493324    4.760175  109.772357       1.453062  -3.794121  -3.210841
    48  0.11353578    3.089466   71.244837       1.504021  -3.168215  -1.618546
    49  0.23197004    6.312226  145.563521       1.540179   3.278719  -0.957075
    50  0.16270142    4.427331  102.096767       1.642409   0.371592   0.762751
    51  0.13346871    3.631868   83.752950       2.014630  -1.420517   0.498163
    52  0.17145224    4.665453  107.587997       2.487573  -0.364061  -1.621704
    53  0.25060962    6.819435  157.260045       2.370114   4.551567  -0.289386
    54  0.17161462    4.669871  107.689889       2.586567  -2.619399  -1.112982
    55  0.15695550    4.270976   98.491147       2.651438  -0.710703   0.101280
    56  0.23055972    6.273849  144.678529       3.025364   1.467199  -1.398250
    57  0.21670238    5.896772  135.982908       3.312558   1.378926   0.133625
    58  0.04980121    1.355160   31.250755       3.826300  -0.753961   2.752374
    59  0.19608951    5.335867  123.048126       3.826022   3.873540  -0.556041
    60  0.14157831    3.852542   88.841806       4.136399  -2.690779  -1.196403
    61  0.17047922    4.638975  106.977414       4.587158   2.668613  -1.930990
    62  0.17798365    4.843181  111.686520       4.742225  -0.231240  -1.755751
    63  0.16707790    4.546421  104.843052       4.977387  -0.374960  -0.215883
    64  0.18843306    5.127524  118.243627       5.629967  -3.462939  -1.366115
    65  0.23322271    6.346313  146.349583       5.556769   3.746686  -0.812862
    66  0.19170447    5.216544  120.296473       5.695183   2.166924  -0.941786
    67  0.14746106    4.012620   92.533291       6.529606  -2.081988  -1.486252
    68  0.20995191    5.713082  131.746920       7.150719   2.028358  -1.074790
    69  0.15442289    4.202061   96.901911       7.270265   0.305605  -1.353352
    70  0.19246121    5.237136  120.771332       7.972549  -1.245496  -1.451053
