 Number of surface minima:    53
   #       a.u.         eV      kcal/mol           X/Y/Z coordinate(Angstrom)
     1  0.12758615    3.471796   80.061585      -6.450304  -3.585507   0.204092
     2  0.11353630    3.089480   71.245165      -6.213678  -2.435064   0.151207
     3  0.17211659    4.683531  108.004880      -6.031349   0.634166  -1.503960
     4  0.11695454    3.182495   73.390146      -5.412580  -2.937494   1.017716
     5  0.12803107    3.483903   80.340779      -5.090818  -4.328512  -1.439455
     6  0.15604028    4.246072   97.916834      -5.095046   1.091326  -0.577900
     7  0.17117040    4.657783  107.411135      -4.731034  -0.112421  -3.044312
     8  0.11402370    3.102743   71.551013      -4.579405  -3.334663  -1.768549
     9  0.10233276    2.784616   64.214829      -4.361558  -2.572685   1.732443
    10  0.11757703    3.199434   73.780760      -3.835305  -3.860419  -0.855887
    11  0.15329008    4.171235   96.191058      -3.531123   0.262995  -2.562314
    12  0.10558168    2.873024   66.253561      -3.276537  -2.125415   2.101698
    13  0.10223650    2.781997   64.154423      -2.774026  -3.521544  -0.103309
    14  0.15426767    4.197837   96.804505      -2.134529   4.195280  -1.275878
    15  0.01472998    0.400823    9.243211      -1.980260  -0.291894   2.398672
    16  0.13605197    3.702162   85.373974      -1.953322   3.676935   1.330759
    17  0.16809561    4.574114  105.481679      -1.980260   5.450373  -0.842489
    18  0.10275323    2.796058   64.478682      -1.962900  -2.928494   0.616791
    19  0.15940516    4.337635  100.028334      -1.920803   5.059336   1.333678
    20  0.04421538    1.203162   27.745596      -0.392729  -3.070075   0.035263
    21  0.02325583    0.632823   14.593269      -0.097681  -3.560279   1.422639
    22  0.05179801    1.409496   32.503770       0.177928  -3.713163  -2.388540
*   23 -0.00746220   -0.203057   -4.682605       0.236755  -1.358894   3.471759
    24  0.15308608    4.165684   96.063045       0.193935   3.999009  -1.371666
    25 -0.00449367   -0.122279   -2.819821       0.374499  -0.027306   3.475340
    26  0.04407350    1.199301   27.656562       0.367585   0.493608  -1.813823
    27  0.05822664    1.584428   36.537801       0.576045  -1.307535  -1.900843
    28  0.09767960    2.657997   61.294928       1.354753   2.486286   0.932854
    29  0.11412826    3.105588   71.616627       1.335117   5.682530  -1.246721
    30  0.07835663    2.132192   49.169570       1.433177  -3.347242  -0.093855
    31  0.10494955    2.855823   65.856895       1.563327   5.118972   1.359513
    32  0.06375436    1.734844   40.006500       1.837069  -0.027306  -0.882984
    33  0.11334265    3.084210   71.123644       2.111876   3.540688  -1.650733
    34  0.05957016    1.620986   37.380871       2.227734   0.366111   0.999233
    35  0.09457647    2.573557   59.347682       2.227936   3.002409   0.965903
    36  0.11080633    3.015194   69.532081       2.254632   4.338809   1.146722
    37  0.12144860    3.304784   76.210212       2.220431   4.735289  -1.438922
    38  0.12928785    3.518101   81.129418       2.414389   6.058232  -1.052696
    39  0.10990917    2.990781   68.969105       3.882562  -1.711187  -1.617984
    40  0.10847168    2.951665   68.067064       4.075323  -2.739806  -1.041397
    41  0.09959585    2.710141   62.497393       4.743937  -1.235107  -2.314981
    42  0.10452654    2.844312   65.591449       4.791277  -0.416228   0.483650
    43  0.10287115    2.799266   64.552676       5.003780  -1.356585   0.997990
    44  0.09769297    2.658361   61.303318       5.212813  -3.285482  -1.190190
    45  0.10023752    2.727602   62.900048       5.665202  -1.756129  -2.348054
    46  0.09782720    2.662014   61.387547       5.665006   0.098605  -0.191058
    47  0.09729261    2.647466   61.052083       5.990047  -2.907509  -1.754376
    48  0.10944589    2.978174   68.678391       6.244440  -3.816731  -1.059968
    49  0.09338930    2.541252   58.602717       6.143342  -1.958070   0.930987
    50  0.09848168    2.679823   61.798239       6.541793  -0.401120  -0.258094
    51  0.09472799    2.577680   59.442764       6.856030  -1.495765   0.323386
    52  0.11622739    3.162708   72.933849       7.043729  -2.220595  -2.374306
    53  0.11512915    3.132823   72.244691       7.831976  -1.206377  -0.565749
 
 Number of surface maxima:    66
   #       a.u.         eV      kcal/mol           X/Y/Z coordinate(Angstrom)
     1  0.21823515    5.938481  136.944742      -6.823731  -1.984201  -2.378602
     2  0.19806345    5.389581  124.286797      -6.368839  -4.849439  -0.769732
     3  0.16195565    4.407037  101.628790      -6.381971  -3.257069  -1.400829
     4  0.24104131    6.559068  151.255833      -6.137314   0.208968  -2.882833
     5  0.20076104    5.462986  125.979561      -5.704845  -0.957615  -2.046087
     6  0.15232497    4.144973   95.585445      -5.033475  -4.658899   0.227496
     7  0.20297208    5.523151  127.367013      -4.921493   1.423027  -2.322337
     8  0.18219974    4.957907  114.332161      -4.822510  -2.011720   0.348160
     9  0.24927054    6.782996  156.419754      -4.298712   3.577261   0.014123
    10  0.23400432    6.367581  146.840048      -4.096969   0.212672  -0.110477
*   11  0.25420365    6.917233  159.515330      -4.084230   2.773622  -2.283979
    12  0.18940989    5.154105  118.856602      -3.994460  -5.111995   1.406515
    13  0.18175575    4.945825  114.053549      -3.837163  -2.437185  -0.867038
    14  0.22805631    6.205728  143.107612      -3.444734   2.486286  -0.722066
    15  0.16371210    4.454833  102.730978      -3.284419  -0.673764   1.297844
    16  0.22789970    6.201466  143.009340      -3.303203   2.514511  -0.974783
    17  0.13808549    3.757497   86.650025      -3.123105  -3.708232   1.437981
    18  0.23517832    6.399528  147.576748      -3.162205  -0.296358  -1.241317
    19  0.22382236    6.090516  140.450771      -2.909682   2.360459  -1.363305
    20  0.19623982    5.339957  123.142452      -3.031999   4.740790   0.085049
    21  0.23446515    6.380121  147.129225      -2.244849   6.241330   0.372104
    22  0.15066197    4.099721   94.541895      -2.120253  -2.782859   2.061918
    23  0.20023627    5.448706  125.650261      -1.969115  -1.478939  -1.629611
    24  0.17683046    4.811802  110.962885      -1.976369  -1.350921   0.084280
    25  0.18253847    4.967124  114.544712      -1.334246  -0.452267  -0.366338
    26  0.21802114    5.932657  136.810443      -1.049775   3.019181   0.618995
    27  0.23199724    6.312966  145.580588      -1.121976   3.280052  -0.910264
    28  0.16014446    4.357752  100.492249      -0.800957   1.018970   0.731210
    29  0.19361906    5.268643  121.497896      -0.819009   5.748302   0.338821
    30  0.11766654    3.201869   73.836929      -0.657317  -0.499855   2.124615
    31  0.04549921    1.238097   28.551212       0.106873  -3.466958   3.067915
    32  0.21329259    5.803987  133.843234       0.016506   7.145702   0.363270
    33  0.17348235    4.720695  108.861912       0.421553   2.117069  -1.334605
    34  0.13998499    3.809185   87.841983       0.797920  -0.439797  -0.739424
    35  0.15856281    4.314714   99.499750       0.713841   1.692520   0.264082
    36  0.16462302    4.479620  103.302593       1.089825  -1.844050   0.502295
    37  0.05553466    1.511175   34.848554       1.027739   2.028146   3.115776
    38  0.18307468    4.981715  114.881193       1.093202   4.206112  -0.912671
    39  0.14218134    3.868951   89.220210       1.086474   0.643830   0.498666
    40  0.17365785    4.725470  108.972039       1.208042   3.952619   0.630855
    41  0.17012094    4.629226  106.752590       1.430346  -5.319078  -0.767986
    42  0.12305659    3.348540   77.219240       1.396147  -0.953366   1.607859
    43  0.15873630    4.319434   99.608618       1.576817   6.562148   0.209935
    44  0.15083024    4.104300   94.647486       2.408138  -1.857471  -0.803139
    45  0.19713011    5.364183  123.701116       2.517746   1.216059  -0.789772
    46  0.17882155    4.865982  112.212309       2.622048  -3.122182   1.406515
    47  0.17778152    4.837681  111.559682       2.733882  -3.223457  -2.826903
    48  0.15271831    4.155677   95.832266       2.914629  -0.897857  -0.842489
    49  0.16631612    4.525692  104.365031       3.153522  -1.099758   1.518456
    50  0.15779363    4.293783   99.017080       3.127989   2.618580  -0.577900
    51  0.19837928    5.398175  124.484982       3.240220   6.648412   0.113380
    52  0.16771596    4.563783  105.243444       3.443806  -2.860345   0.715347
    53  0.15034177    4.091008   94.340967       3.365897  -0.237509   0.005663
    54  0.20468400    5.569735  128.441257       3.324502   0.893606  -1.366744
    55  0.15590165    4.242300   97.829842       3.482346   5.026513  -0.157124
    56  0.19035608    5.179852  119.450345       4.361140  -4.012877   1.289193
    57  0.20200228    5.496762  126.758450       4.376484   3.547774  -0.445541
    58  0.15026375    4.088884   94.292003       4.883342   0.607381  -1.780201
    59  0.15150241    4.122590   95.069275       5.059365  -1.951437  -1.311383
    60  0.14970526    4.073687   93.941545       5.624770  -1.153699  -0.048723
    61  0.14103948    3.837879   88.503682       5.753768  -3.731546   0.541413
    62  0.19063157    5.187349  119.623215       6.401044   0.813224  -2.647845
    63  0.14243468    3.875845   89.379188       7.160517  -0.544350  -2.026008
    64  0.18133359    4.934338  113.788639       7.435594  -4.006665   0.091134
    65  0.13849546    3.768653   86.907288       7.544929  -2.746343  -0.915640
    66  0.18472098    5.026513  115.914260       8.385226  -1.592124  -1.900843
