 Number of surface minima:    52
   #       a.u.         eV      kcal/mol           X/Y/Z coordinate(Angstrom)
     1  0.13093724    3.562983   82.164426      -7.087475  -0.318261  -1.549833
     2  0.11102377    3.021110   69.668523      -6.216580  -1.195757  -0.946474
     3  0.12857369    3.498668   80.681278      -6.235557  -0.248590  -3.564727
     4  0.11797491    3.210261   74.030437      -5.841967   0.015754  -0.786660
     5  0.10962487    2.983044   68.790701      -5.675492  -1.957598  -0.734596
     6  0.10794909    2.937444   67.739133      -5.140222  -1.161515  -3.375163
     7  0.12034460    3.274743   75.517438      -4.893637   0.132768  -0.400921
     8  0.15581757    4.240012   97.777080      -4.995864   3.737207  -0.219337
     9  0.11398060    3.101570   71.523965      -4.761343  -0.001660  -3.190640
    10  0.10515980    2.861544   65.988828      -4.629048  -1.985915  -3.188244
    11  0.12026278    3.272517   75.466099      -4.354706  -1.825445  -0.210908
    12  0.14624069    3.979412   91.767495      -4.199461   4.982858   1.425153
    13  0.14434231    3.927754   90.576242      -4.195070   2.955951  -0.309331
    14  0.12500542    3.401571   78.442153      -4.095227  -0.769240  -0.087308
    15  0.11440523    3.113125   71.790425      -3.835282   0.306086  -2.836433
    16  0.14982738    4.077010   94.018181      -3.825436   3.876998  -1.145659
    17  0.15368168    4.181891   96.436793      -3.590727   5.042406  -1.850884
    18  0.11570758    3.148563   72.607662      -3.438400  -1.666975  -2.682784
    19  0.11998653    3.265000   75.292747      -3.173811  -0.742064  -2.552874
    20  0.13042035    3.548918   81.840072      -3.247126   4.448149   1.684210
    21  0.09590024    2.609578   60.178360      -2.975578  -1.828663   1.161992
    22  0.13972642    3.802149   87.679723      -2.936519   5.252326   0.900856
    23  0.04222096    1.148891   26.494075      -2.768463  -3.693166   3.102810
    24  0.14049159    3.822971   88.159878      -2.795142   4.120214  -1.820910
    25  0.14950664    4.068283   93.816914      -2.751695   6.252074  -0.203375
    26  0.17693523    4.814653  111.028628      -2.172530   2.397703  -0.768986
    27  0.10702264    2.912234   67.157776      -1.850868  -0.787552   0.791279
    28  0.13509883    3.676226   84.775870      -1.875734   5.523744   0.246214
    29  0.05019375    1.365842   31.497083      -1.473976  -1.592435   2.808832
    30  0.02407755    0.655183   15.108904      -0.945221  -3.974692   1.480953
    31  0.17046254    4.638522  106.966950      -1.001230   2.460626  -1.361667
    32  0.07763977    2.112686   48.719733      -0.638617  -0.490256  -1.156758
    33  0.15414801    4.194581   96.729419      -0.021667   1.473942  -1.160907
    34  0.17153966    4.667832  107.642852       0.634747   3.057545   0.915554
    35  0.02073994    0.564362   13.014519       0.904654  -0.115669   2.673411
    36  0.18965225    5.160700  119.008682       0.852315   3.917289  -0.037298
    37  0.02050263    0.557905   12.865608       1.161274  -1.712940  -1.705622
*   38 -0.00640426   -0.174269   -4.018737       1.260478  -4.474549   0.370864
    39 -0.00507253   -0.138031   -3.183064       2.350791  -3.597189   1.350536
    40  0.04681541    1.273912   29.377139       2.259561  -2.749431  -1.275216
    41  0.13135587    3.574375   82.427120       2.495329   1.081812   1.319082
    42  0.16810209    4.574291  105.485744       2.516043   2.143573  -1.154215
    43  0.14342525    3.902800   90.000780       3.723731   1.346400   1.266566
    44  0.13009059    3.539945   81.633144       4.297813  -0.574872   0.365430
    45  0.12246136    3.332343   76.845730       5.954496   2.871154  -1.152950
    46  0.11486537    3.125646   72.079166       6.246511   1.770278   1.265731
    47  0.11389032    3.099113   71.467312       6.331294   0.806405  -2.111629
    48  0.10594413    2.882886   66.481001       6.498536  -0.241131   0.334330
    49  0.12446078    3.386750   78.100386       6.636626   1.875577  -1.637789
    50  0.11820052    3.216400   74.172010       6.901907   0.817223   0.743649
    51  0.13630666    3.709093   85.533795       7.205137   3.126219  -0.888361
    52  0.13210437    3.594743   82.896812       7.390886   2.138079   1.085880
 
 Number of surface maxima:    68
   #       a.u.         eV      kcal/mol           X/Y/Z coordinate(Angstrom)
     1  0.19868435    5.406476  124.676415      -7.521150   0.293466  -2.864557
     2  0.19085251    5.193361  119.761860      -7.026177  -2.890824  -2.750688
     3  0.15067777    4.100151   94.551808      -6.943187  -1.232327  -2.673323
     4  0.16033633    4.362974  100.612653      -6.155675   1.081812  -2.242709
     5  0.21798478    5.931668  136.787632      -5.555108   4.861747   0.642571
     6  0.15084735    4.104765   94.658220      -5.443486  -3.190061  -2.087911
     7  0.21455994    5.838473  134.638509      -5.166788   2.391828  -1.950151
     8  0.16657114    4.532631  104.525057      -4.893637  -0.850429  -0.968481
     9  0.17906789    4.872685  112.366892      -4.717703   3.485038   1.228348
    10  0.22212468    6.044320  139.385458      -4.505551   2.254872   2.168927
    11  0.18552114    5.048287  116.416370      -4.483972  -1.705078   2.406897
    12  0.17747413    4.829317  111.366789      -4.364460   5.395468  -0.359184
    13  0.16329484    4.443479  102.469145      -4.318327  -0.888208  -2.475893
    14  0.19904116    5.416185  124.900317      -4.212371  -4.078628  -1.543723
    15  0.17522025    4.767985  109.952459      -4.065433  -4.560371   0.984630
    16  0.17334960    4.717083  108.778609      -3.861507   1.476965  -1.300620
    17  0.21824539    5.938759  136.951167      -3.702988   6.459634  -1.417539
    18  0.17751210    4.830350  111.390616      -3.240918  -2.954124  -0.955468
    19  0.18978698    5.164366  119.093228      -3.234421  -0.169447   3.345056
    20  0.20505302    5.579777  128.672823      -3.022324   1.503756   1.118195
    21  0.20699772    5.632694  129.893138      -2.790980   3.318906  -0.501322
    22  0.16931976    4.607425  106.249842      -2.680368  -0.516304  -0.288918
    23  0.20080642    5.464220  126.008034      -2.644634   2.200596   2.082543
    24  0.18643219    5.073078  116.988064      -2.275472  -3.740672  -0.948250
    25  0.22528544    6.130329  141.368866      -2.317998   1.276153  -0.826315
    26  0.20101023    5.469767  126.135930      -2.227640   4.160582   0.716583
    27  0.16862428    4.588500  105.813421      -2.217823  -0.475792  -1.268044
    28  0.18176129    4.945976  114.057027      -2.138190   5.665789  -1.549833
    29  0.18129366    4.933251  113.763582      -1.718574  -1.801069  -1.892626
    30  0.08136706    2.214110   51.058642      -1.601555  -3.293502   3.186397
    31  0.18755208    5.103552  117.690805      -1.439377   0.043497   1.107301
    32  0.16084511    4.376818  100.931915      -1.129419  -2.562451   0.201616
    33  0.14426899    3.925759   90.530232      -1.057102  -0.985197   1.145753
    34  0.24485401    6.662817  153.648341      -0.988606   1.743283  -0.158393
    35  0.18955987    5.158186  118.950715      -0.860153   1.411055   2.483651
    36  0.23517271    6.399375  147.573228      -0.549993   5.303358  -2.069717
    37  0.24673446    6.713986  154.828338      -0.430935   2.527975   1.038248
    38  0.17851220    4.857564  112.018193      -0.157780  -0.122366   0.110455
    39  0.21830352    5.940341  136.987639      -0.199350   4.056272  -1.221258
    40  0.14329889    3.899361   89.921485      -0.028771  -1.757788  -0.949781
    41  0.13973725    3.802444   87.686524       0.114821  -3.154782   3.597048
    42  0.04259388    1.159039   26.728088       0.373084  -4.751043  -1.570610
    43  0.13036018    3.547281   81.802314       0.540355  -1.423762   2.167994
    44  0.09667640    2.630699   60.665410       0.662724  -3.216534   1.228348
    45  0.19692079    5.358487  123.569765       1.297979   1.150985  -1.216070
*   46  0.26185769    7.125510  164.318321       1.255069   3.790866  -1.549833
    47  0.16059400    4.369985  100.774344       1.564315  -0.514453   0.692118
    48  0.11484311    3.125040   72.065202       1.723214  -2.090185  -0.091778
    49  0.22361913    6.084986  140.323243       1.598508   2.806075  -0.224143
    50  0.15692064    4.270028   98.469271       2.514844  -1.431780  -0.297443
    51  0.18041392    4.909312  113.211537       2.621655  -0.386535  -2.010370
    52  0.25590081    6.963415  160.580317       2.676679   3.782845   0.886612
    53  0.23590065    6.419183  148.030016       3.027245   1.081812  -1.048361
    54  0.22058661    6.002467  138.420305       3.227698   0.447759   0.353670
    55  0.04801303    1.306501   30.128654       3.588350  -2.070197   2.305833
    56  0.16024964    4.360614  100.558251       3.722300  -3.153284  -2.348469
    57  0.20636211    5.615399  129.494289       4.019681   3.115825   0.484181
    58  0.17929627    4.878900  112.510203       4.499259  -0.536309  -1.878406
    59  0.17383712    4.730348  109.084529       4.700400  -1.167192  -0.730023
    60  0.22377846    6.089322  140.423223       5.055328   4.158891   0.981639
    61  0.18447745    5.019887  115.761446       5.425319   1.610989  -1.086715
    62  0.17872254    4.863288  112.150181       5.613254   0.949517   0.357928
    63  0.19658405    5.349324  123.358460       6.238097  -1.658275  -1.787932
    64  0.16666847    4.535280  104.586132       6.448009   3.456890   0.413897
    65  0.15476614    4.211401   97.117299       7.158121  -0.514977  -1.293879
    66  0.15784592    4.295206   99.049896       8.038868   1.736111  -0.513022
    67  0.20312342    5.527269  127.461977       8.181349   3.145662   0.290352
    68  0.19717798    5.365486  123.731153       8.655254   0.288046  -1.121775
