 Number of surface minima:    53
   #       a.u.         eV      kcal/mol           X/Y/Z coordinate(Angstrom)
     1  0.13564824    3.691176   85.120630      -7.319018  -2.506380  -1.876652
     2  0.12428148    3.381871   77.987869      -6.522990  -2.825466  -0.740500
     3  0.12088415    3.289425   75.856012      -6.551218  -1.663046  -1.215180
     4  0.11384342    3.097837   71.437883      -5.878922  -3.372047   0.107763
     5  0.13522466    3.679650   84.854827      -5.935106  -3.160770  -3.456199
     6  0.12980763    3.532245   81.455584      -5.013255  -4.847042  -1.968310
     7  0.12372232    3.366655   77.636990      -4.880961  -3.636317  -2.609706
     8  0.11951979    3.252299   74.999862      -4.815020  -2.506380  -3.067300
     9  0.11354040    3.089591   71.247737      -4.163948  -4.226206  -1.744357
    10  0.16055972    4.369052  100.752828      -3.954901   0.291720   0.283784
    11  0.15473655    4.210596   97.098732      -3.160566  -1.044044  -2.132824
    12  0.13093458    3.562911   82.162756      -2.901520   7.023726  -0.555180
    13  0.11605224    3.157942   72.823942      -2.747594   5.843229  -0.927129
    14  0.16143169    4.392780  101.300000      -2.476829   2.276605  -1.316193
    15  0.12696160    3.454801   79.669674      -2.469118   6.813278   1.622057
    16  0.10857212    2.954398   68.130094      -2.250295   5.562623   1.690147
    17  0.14602091    3.973431   91.629584      -2.172550  -0.327146  -1.612063
    18  0.12429614    3.382270   77.997069      -1.976478   1.856600   1.288167
    19  0.13613751    3.704490   85.427649      -1.998296   3.167586   1.370613
    20  0.11988215    3.262159   75.227250      -1.688086   6.372948  -1.057873
    21  0.00054553    0.014845    0.342323      -1.174647  -1.176136   2.617578
    22  0.15748826    4.285474   98.825459      -1.280893  -0.770133  -0.561070
    23  0.11368220    3.093450   71.336720      -1.124555   6.120936   1.482871
    24  0.03729042    1.014724   23.400111      -1.013206  -2.748926   2.251649
    25  0.11077619    3.014373   69.513164      -0.623453   5.962758  -1.343907
    26  0.10308453    2.805073   64.686571      -0.131143   5.689854   1.276331
    27  0.12600723    3.428831   79.070799       0.086996   3.416870   0.974596
    28  0.03472202    0.944834   21.788413       0.688132  -3.178229   0.529845
    29  0.01350547    0.367502    8.474816       0.811278  -3.431853   1.828030
    30  0.05019241    1.365805   31.496239       1.204577  -1.580320  -1.688076
    31  0.04616745    1.256280   28.970537       1.217419  -4.088702  -1.874286
*   32 -0.01538476   -0.418641   -9.654089       1.298107  -1.073986   3.650649
    33 -0.01148297   -0.312467   -7.205677       1.263988   0.198917   3.474531
    34  0.02748581    0.747927   17.247619       1.217038   0.542086  -1.352894
    35  0.03181072    0.865614   19.961547       2.262931   0.600730  -0.553709
    36  0.05997898    1.632111   37.637407       2.318993   1.859332   0.031530
    37  0.06542517    1.780309   41.054947       2.438919  -3.146481   0.283750
    38  0.11513259    3.132917   72.246849       2.965734  -2.465049   0.523613
    39  0.11481696    3.124328   72.048789       3.776950  -0.463185  -2.347048
    40  0.10433740    2.839165   65.472760       4.355865  -1.500338  -1.664376
    41  0.10275875    2.796208   64.482143       4.877778  -2.249852  -1.004633
    42  0.09509500    2.587667   59.673063       5.082617  -0.997230  -2.647843
    43  0.10124524    2.755023   63.532402       5.165909   0.402935  -0.027879
    44  0.09885620    2.690014   62.033254       5.680837  -0.306493   0.587824
    45  0.09809491    2.669298   61.555535       5.822862   0.931295  -0.955301
    46  0.09618110    2.617221   60.354599       6.023855  -1.259048  -2.746029
    47  0.09312765    2.534132   58.438530       6.145566  -2.603520  -1.189937
    48  0.09310717    2.533575   58.425680       6.637033  -2.107832  -2.008040
    49  0.09703126    2.640355   60.888088       6.749856   0.667035  -1.086837
    50  0.09018132    2.453958   56.589678       6.820403  -0.594794   0.431817
    51  0.09196201    2.502414   57.707083       7.397734  -0.179522  -0.343560
    52  0.11288683    3.071807   70.837617       7.519428  -1.465546  -2.829988
    53  0.11280618    3.069612   70.787008       8.123540   0.172249  -1.456044
 
 Number of surface maxima:    66
   #       a.u.         eV      kcal/mol           X/Y/Z coordinate(Angstrom)
     1  0.20423303    5.557463  128.158271      -7.371712  -3.010967  -3.313476
     2  0.15992063    4.351662  100.351793      -6.637834  -4.016168  -2.169020
     3  0.19970678    5.434298  125.318001      -6.352750  -5.447772  -1.355352
     4  0.16748211    4.557420  105.096696      -6.404685  -1.580320  -3.003493
     5  0.22313964    6.071938  140.022356      -5.867513   0.007212  -3.067300
     6  0.18475998    5.027575  115.938737      -5.369255  -2.221064  -0.686003
     7  0.15760208    4.288571   98.896879      -5.140574  -4.873850  -0.416195
     8  0.20620434    5.611106  129.395287      -4.680730   0.007212  -2.073304
     9  0.21642342    5.889181  135.807859      -4.611832   4.774530   0.639605
    10  0.18444266    5.018940  115.739616      -4.351784  -2.692471  -1.798154
    11  0.24722765    6.727406  155.137821      -4.464308   2.402909   0.385205
    12  0.25267811    6.875721  158.558041      -4.219489   1.384701  -2.141240
    13  0.19962799    5.432154  125.268560      -3.945310  -5.028124   0.661395
    14  0.17718694    4.821502  111.186575      -3.690312  -3.167852   0.963010
    15  0.22679423    6.171385  142.315648      -3.565333  -0.888406   0.388763
    16  0.19879992    5.409621  124.748938      -3.590415   3.711452   0.354764
    17  0.16089470    4.378167  100.963032      -3.605287   6.225044   0.610493
    18  0.21550400    5.864162  135.230914      -3.355122   1.462449  -0.711538
    19  0.17790577    4.841062  111.637649      -3.028841  -3.602725   0.223727
    20  0.19862754    5.404930  124.640765      -3.145925   7.838349   0.777244
    21  0.23071701    6.278129  144.777228      -2.619440  -1.312935  -0.799683
    22  0.17916284    4.875269  112.426474      -1.552899   5.185598  -0.657214
    23  0.18775588    5.109097  117.818691      -1.571319   0.940254  -1.340747
    24  0.15418114    4.195482   96.750206      -1.516742   7.604848   0.429213
    25  0.23591883    6.419678  148.041425      -1.322095  -5.275825   3.281045
    26  0.22712711    6.180443  142.524531      -1.374027   2.785392  -0.883310
    27  0.19445304    5.291336  122.021225      -1.249226  -2.078656  -1.287686
    28  0.16731352    4.552832  104.990907      -1.265871  -2.074065   0.533035
    29  0.17233012    4.689341  108.138874      -1.198788   5.026385   0.867132
    30  0.21167072    5.759853  132.825491      -1.069118   2.643450   0.597921
    31  0.17415958    4.739123  109.286880      -0.752274  -0.859508  -0.097486
    32  0.15390024    4.187839   96.573940      -0.696489   0.752032   0.769234
    33  0.10709316    2.914153   67.202030      -0.021787  -0.535179   2.302623
    34  0.19568719    5.324919  122.795666       0.037890   8.084329   0.121380
    35  0.16902635    4.599441  106.065727       0.253726   1.985202  -1.515402
    36  0.17619284    4.794451  110.562766       0.695031   4.117855  -0.956132
    37  0.15317766    4.168176   96.120514       0.615136   6.561664  -0.289120
    38  0.14615707    3.977136   91.715023       0.850411   1.619091   0.150480
    39  0.17019979    4.631372  106.802073       0.925114   3.972362   0.100117
    40  0.04937174    1.343473   30.981260       1.178172   2.378343   2.861569
    41  0.12553400    3.415954   78.773841       1.211018  -0.516619  -0.676447
    42  0.12451463    3.388215   78.134174       1.371022   0.702834   0.390830
    43  0.04061660    1.105234   25.487322       1.617866  -3.167852   3.454404
    44  0.15473035    4.210427   97.094841       1.866048  -1.749861   0.618228
    45  0.19783658    5.383407  124.144434       1.800099   5.497623  -0.487364
    46  0.11253194    3.062150   70.614918       2.110795  -0.658723   1.684197
    47  0.16419741    4.468039  103.035518       2.792109  -5.222669  -0.156826
    48  0.14246056    3.876549   89.395426       3.115166  -1.554907  -0.759828
    49  0.14277415    3.885082   89.592210       3.395449  -0.683547  -1.008723
    50  0.18572009    5.053701  116.541213       3.388704   1.065566  -2.033792
    51  0.17262550    4.697379  108.324227       3.590140  -3.167042  -2.529488
    52  0.13813028    3.758716   86.678130       3.816048   0.223375  -0.167530
    53  0.17063344    4.643172  107.074190       3.878299  -2.356182   1.721300
    54  0.16007252    4.355795  100.447106       3.993396  -0.372070   1.306370
*   55  0.25691430    6.990994  161.216291       4.371922   3.180690  -1.467104
    56  0.16169545    4.399957  101.465511       4.569000  -2.052431   0.901529
    57  0.14752173    4.014270   92.571360       4.784455   0.922258  -2.503945
    58  0.14688992    3.997078   92.174896       5.603020  -1.380836  -1.544873
    59  0.18524967    5.040900  116.246019       5.753077  -2.852769   1.481199
    60  0.18927185    5.150349  118.769977       5.982191   1.319079  -3.565561
    61  0.14500204    3.945706   90.990229       6.126754  -0.247929  -0.528032
    62  0.13666516    3.718848   85.758754       6.959339  -2.506380   0.392920
    63  0.14016742    3.814150   87.956459       7.141317   0.264343  -2.929147
    64  0.13560227    3.689925   85.091779       8.261338  -1.411072  -1.449180
    65  0.17847260    4.856486  111.993341       8.540268  -2.506380  -0.187734
    66  0.18239681    4.963270  114.455821       8.669679  -0.496276  -2.746090
