 Number of surface minima:    75
   #       a.u.         eV      kcal/mol           X/Y/Z coordinate(Angstrom)
     1  0.11807729    3.213047   74.094682      -7.373206  -3.257269   1.649624
     2  0.09980457    2.715820   62.628366      -6.602203  -2.634972   0.571307
     3  0.11555922    3.144526   72.514567      -6.316278  -5.222465   1.665228
     4  0.10006883    2.723011   62.794191      -6.195327  -2.423552  -0.316202
     5  0.10130634    2.756686   63.570741      -6.196812  -2.428284   1.798255
     6  0.11308710    3.077257   70.963288      -5.676143  -2.371037   2.921343
     7  0.09632514    2.621140   60.444990      -5.411555  -4.995604   0.580616
     8  0.09903118    2.694775   62.143055      -5.279260  -1.960220   1.900155
     9  0.10238022    2.785908   64.244615      -5.249552   3.664393  -0.701880
    10  0.11100525    3.020606   69.656905      -5.014672  -1.860789  -0.167195
    11  0.09723680    2.645948   61.017063      -5.010983  -4.817060  -0.322284
    12  0.09619851    2.617695   60.365529      -4.956427  -4.765541   1.717488
    13  0.10022111    2.727155   62.889747      -4.709194   0.759207   0.221954
    14  0.11006901    2.995130   69.069406      -4.617565  -1.662474   0.868331
    15  0.09507550    2.587136   59.660826      -4.548560   4.007302  -2.372652
    16  0.10722093    2.917630   67.282209      -4.319294   5.379992   1.526948
    17  0.09129789    2.484342   57.290340      -4.088612  -4.351736   1.895544
    18  0.10027072    2.728505   62.920880      -3.986185  -0.068587   1.931413
    19  0.10531353    2.865727   66.085292      -3.824023  -4.202983  -0.081665
    20  0.09798218    2.666231   61.484797      -3.850969   2.448177  -1.545001
    21  0.10020024    2.726587   62.876650      -3.386404  -3.982149   0.896876
    22  0.10444907    2.842204   65.542837      -3.175557   6.817900   0.995150
    23  0.10030717    2.729497   62.943751      -3.035624   5.920672  -2.840951
    24  0.10745777    2.924074   67.430822      -2.885780  -3.494521   2.069090
    25  0.11321782    3.080814   71.045316      -2.654099   5.619614   2.153716
    26  0.10474387    2.850226   65.727823      -2.648962   7.191182  -1.388948
    27  0.11699466    3.183587   73.415319      -2.574863  -2.251684   1.526948
    28  0.10607843    2.886541   66.565274      -2.381981   2.691111   3.976412
    29  0.09826741    2.673992   61.663782      -2.232549   0.876821   3.637598
    30  0.08820036    2.400054   55.346611      -2.010999   0.192537   0.971525
    31  0.11845270    3.223262   74.330256      -1.675843   2.481873  -1.107494
    32  0.02836635    0.771888   17.800169      -1.410124  -2.022222   1.439466
    33  0.05157263    1.403363   32.362340      -1.142142  -2.688168  -2.670475
    34  0.12168041    3.311092   76.355674      -1.052133   3.245304  -1.649605
    35  0.02088296    0.568254   13.104269      -0.913548  -0.396673  -3.438834
    36  0.15014621    4.085686   94.218248      -1.006571   3.944682   1.012852
    37  0.04014613    1.092432   25.192101      -0.813703  -4.095050  -0.125613
    38  0.10612565    2.887826   66.594909      -0.898950   1.932140   3.518666
    39  0.14470760    3.937694   90.805469      -0.535901   4.553726   0.587917
    40  0.14629361    3.980851   91.800701      -0.368669   4.317465  -2.155448
    41  0.03353444    0.912518   21.043195      -0.266504  -4.716378  -2.758397
    42  0.15741348    4.283439   98.778532      -0.015729   5.435958  -0.252088
    43  0.02620080    0.712960   16.441263       0.079258  -0.061191   1.858283
    44  0.12601562    3.429059   79.076061       0.119732   3.095058  -1.798241
*   45  0.01477670    0.402095    9.272529       0.300087  -3.460545   1.153546
    46  0.14900753    4.054701   93.503714       0.513453   4.414349   0.450126
    47  0.12510280    3.404220   78.503256       0.650915   2.300103  -1.530548
    48  0.04412551    1.200716   27.689200       0.838158  -3.362308  -0.834779
    49  0.03111190    0.846598   19.523030       1.131312   0.335691  -2.249140
    50  0.05591865    1.521624   35.089511       1.867926  -1.252900  -1.915108
    51  0.09054643    2.463894   56.818789       2.118080  -1.758564  -1.240337
    52  0.11561484    3.146040   72.549467       2.039072  -0.680517   0.600888
    53  0.13058136    3.553299   81.941106       2.044424   0.912366   1.706740
    54  0.05541185    1.507833   34.771493       2.253757  -2.955836  -0.033190
    55  0.07310583    1.989311   45.874642       2.501793  -3.690287  -1.837559
    56  0.13051761    3.551565   81.901106       2.942156   0.877292   2.185115
    57  0.09236584    2.513402   57.960488       3.055281   0.135226  -3.367941
    58  0.08628531    2.347943   54.144898       3.123583  -1.712715  -3.764824
    59  0.12257305    3.335382   76.915814       3.576808  -0.874969   1.151454
    60  0.07996130    2.175858   50.176516       3.729144  -4.138230  -0.713111
    61  0.12533976    3.410668   78.651956       3.733461  -0.049466   1.920655
    62  0.14781079    4.022136   92.752749       4.204920   2.279097   0.336300
    63  0.14764517    4.017630   92.648823       4.248076   0.865037   2.717355
    64  0.09525531    2.592029   59.773658       4.642812  -0.590369  -3.824273
    65  0.14642941    3.984547   91.885916       4.683390   0.773152  -0.589760
    66  0.09529265    2.593045   59.797091       4.882702  -3.022632   1.380542
    67  0.14249153    3.877392   89.414858       4.849852   1.468792   0.071711
    68  0.15641273    4.256207   98.150550       5.225079   2.240901   1.262360
    69  0.09204562    2.504689   57.759548       6.234456  -2.703358   2.458169
    70  0.09600501    2.612429   60.244105       6.559126  -3.172062   0.797376
    71  0.10850471    2.952563   68.087790       6.920940   0.600280  -1.459830
    72  0.09944085    2.705923   62.400127       7.031917  -0.583714   3.388980
    73  0.10174915    2.768735   63.848606       7.685581  -1.056363  -1.055755
    74  0.10331075    2.811228   64.828526       7.958028   0.737595   2.325969
    75  0.10092716    2.746368   63.332802       8.156746   0.590406  -0.230445
 
 Number of surface maxima:   106
   #       a.u.         eV      kcal/mol           X/Y/Z coordinate(Angstrom)
     1  0.18504598    5.035357  116.118205      -7.735275  -4.633915   2.056126
     2  0.18458023    5.022683  115.825940      -7.358796  -4.525259  -1.231530
     3  0.14054578    3.824445   88.193881      -7.254641  -4.420903   0.474629
     4  0.12020907    3.271055   75.432394      -7.100969  -2.978554   1.545805
     5  0.14053403    3.824125   88.186509      -6.409341  -4.005615   2.717597
     6  0.14526865    3.952961   91.157532      -5.838920  -3.778162  -1.575015
     7  0.18390736    5.004374  115.403707      -5.436394  -3.510646   4.003143
     8  0.15211857    4.139357   95.455926      -5.324375  -2.574783   0.707418
     9  0.16089918    4.378289  100.965842      -5.278082   5.097520  -1.379617
    10  0.16416148    4.467061  103.012973      -5.146966   1.128820   1.703061
    11  0.11087899    3.017171   69.577677      -4.936066   3.192478  -1.538881
    12  0.19650951    5.347296  123.311681      -4.648720  -3.116457  -2.488704
    13  0.14922119    4.060515   93.637790      -4.616534  -4.023569   0.736544
    14  0.17060578    4.642419  107.056833      -4.473763   2.592975   0.201207
    15  0.16461398    4.479374  103.296921      -4.564288   6.474730   0.389801
    16  0.13946134    3.794936   87.513384      -4.157784  -2.871612   3.045308
    17  0.11548116    3.142402   72.465584      -4.143553  -0.248427   0.600888
    18  0.18517567    5.038886  116.199584      -3.965474   3.410131   1.408674
    19  0.16398590    4.462283  102.902793      -4.047034   6.685818  -1.760318
    20  0.14208774    3.866404   89.161476      -3.824228   5.496205  -0.721434
    21  0.17368573    4.726229  108.989534      -3.766121  -2.516882  -1.457919
    22  0.15162281    4.125867   95.144831      -3.774368   0.624132  -0.936989
    23  0.14642059    3.984307   91.880384      -3.691729   2.026880   2.131737
    24  0.16665915    4.535026  104.580283      -3.685807   1.793828   3.777440
    25  0.18006666    4.899863  112.993628      -3.452178   4.115637   2.188420
    26  0.17791488    4.841310  111.643369      -3.294846  -1.074535  -0.565419
    27  0.15343057    4.175058   96.279220      -3.308647   3.089509  -2.761321
    28  0.12930216    3.518491   81.138398      -3.351468   4.804716  -2.101621
    29  0.11956652    3.253571   75.029190      -3.280567   6.039610   1.927059
    30  0.18794519    5.114249  117.937486      -2.869304  -2.286288  -2.269216
    31  0.18046099    4.910593  113.241077      -2.790142  -2.107880   2.787617
    32  0.15076432    4.102506   94.606119      -2.769382  -0.709431   1.799172
    33  0.16679897    4.538831  104.668020      -2.821419   2.955880  -0.116334
    34  0.16989828    4.623167  106.612872      -2.712429  -5.195434  -1.859464
    35  0.13575649    3.694122   85.188556      -2.672946   6.358783  -0.206631
    36  0.14054827    3.824513   88.195447      -2.587340  -2.812796   0.911511
    37  0.17384697    4.730617  109.090714      -2.347756   3.680133   0.902561
    38  0.05798117    1.577748   36.383761      -2.166713   1.129457  -2.901280
    39  0.11681201    3.178617   73.300707      -2.082051   6.703874  -2.427033
    40  0.11558685    3.145278   72.531901      -1.729840   2.044818   4.000217
    41  0.15108623    4.111265   94.808117      -1.594412  -1.524630  -1.285040
    42  0.13649476    3.714211   85.651826      -1.579708  -0.186700  -0.318664
    43  0.12344822    3.359197   77.464991      -1.703583   0.981696   1.405203
    44  0.15844389    4.311477   99.425123      -1.686439   1.137004   0.082000
    45  0.16715408    4.548494  104.890854      -1.683931   4.952304  -3.109426
    46  0.17428466    4.742527  109.365370      -1.511213   6.352742   1.326167
    47  0.17654597    4.804060  110.784364      -1.194366   3.640529   3.104667
    48  0.15563301    4.234990   97.661273      -1.274146   4.593543  -1.730943
    49  0.17184338    4.676096  107.833440      -1.166729   5.246072  -0.449001
    50  0.17757832    4.832152  111.432171      -0.959284   6.806303  -0.883125
    51  0.13586257    3.697008   85.255119      -0.761206  -0.970955   1.023056
    52  0.14898609    4.054118   93.490259      -0.909353   0.600516   3.124154
    53  0.13195633    3.590714   82.803916      -0.546234  -2.506102  -0.124197
    54  0.19563621    5.323532  122.763677      -0.398237   2.579437  -0.879210
    55  0.21586209    5.873906  135.455622      -0.089913   3.159010   0.610978
    56  0.21993954    5.984859  138.014262       0.035467   5.810694  -1.648115
    57  0.15321415    4.169169   96.143410       0.096996  -6.194539  -0.589760
    58  0.17368455    4.726197  108.988793       0.190699   0.769408  -0.664996
    59  0.14141789    3.848176   88.741140       0.344998  -0.787060  -1.977100
    60  0.08648186    2.353291   54.268233       0.467689  -4.559198  -1.060643
    61  0.15784465    4.295171   99.049096       0.938572  -1.913312  -3.311599
    62  0.16871805    4.591052  105.872265       1.085829  -0.048370   0.357036
    63  0.18591214    5.058927  116.661726       1.122628   4.753165  -1.089670
    64  0.12335641    3.356698   77.407378       1.261638  -1.781017  -0.557791
    65  0.10767174    2.929897   67.565093       1.600044  -2.129529  -1.070567
    66  0.05511122    1.499653   34.582844       1.710653  -2.577915   2.304882
    67  0.10759704    2.927864   67.518220       1.716612  -2.293001  -1.790685
    68  0.20417313    5.555833  128.120678       1.852047   2.925418   0.840448
    69  0.14327887    3.898816   89.908924       1.967732  -0.994265  -3.252214
    70  0.20692304    5.630662  129.846275       2.127636   2.981324   0.335187
    71  0.15394891    4.189163   96.604482       2.466745  -1.178905  -0.355658
*   72  0.24014773    6.534752  150.695100       2.545821   3.535874   2.068762
    73  0.23827371    6.483757  149.519137       2.629619   4.034787  -1.139478
    74  0.08574621    2.333273   53.806604       2.891699  -4.039269  -0.857017
    75  0.20078284    5.463579  125.993239       2.922987   0.335691   1.044447
    76  0.16947715    4.611708  106.348608       3.032181   0.060037  -1.553128
    77  0.11486431    3.125617   72.078502       3.315376  -2.311215  -2.443894
    78  0.21432242    5.832010  134.489461       3.517364   1.194657  -0.192878
    79  0.13947718    3.795367   87.523327       3.723338  -3.365394   0.739777
    80  0.10366992    2.821002   65.053914       3.748658  -0.560472  -3.986501
    81  0.18717438    5.093274  117.453797       3.880419   2.602161   2.084755
    82  0.14500438    3.945770   90.991701       4.245930  -3.952005  -2.231571
    83  0.16419403    4.467947  103.033397       4.642812  -1.327979   0.236047
    84  0.16707417    4.546319  104.840710       4.566388   0.788444  -2.811290
    85  0.13334456    3.628490   83.675043       4.658079  -2.317776  -2.050018
    86  0.15389908    4.187807   96.573214       4.668960  -2.164823   2.709598
    87  0.15369817    4.182340   96.447138       4.782953  -2.183649  -3.769110
    88  0.15732092    4.280920   98.720447       4.976654   0.272650   2.188420
    89  0.16790139    4.568829  105.359802       5.171990  -0.436149  -0.547329
    90  0.21967466    5.977651  137.848043       5.264539   2.163124   2.663186
    91  0.16214194    4.412106  101.745686       5.337475  -2.940886  -0.311607
    92  0.16820323    4.577043  105.549211       5.425512   0.086409   3.675369
    93  0.16940496    4.609743  106.303307       5.617257   1.177841   1.155909
    94  0.10564973    2.874875   66.296261       5.811669  -3.271973   1.516029
    95  0.17608597    4.791543  110.495710       5.844479  -1.774357  -1.250045
    96  0.17313669    4.711289  108.645003       6.205457  -0.912405  -1.837857
    97  0.12819736    3.488428   80.445127       6.364043  -1.244694   2.446476
    98  0.17663800    4.806564  110.842113       6.875870   2.029063   1.916074
    99  0.17140221    4.664091  107.556601       6.998843   1.750407  -0.335449
   100  0.11630122    3.164717   72.980178       7.177490   0.752507   3.256201
   101  0.13842706    3.766792   86.864365       7.289681  -0.986619   1.130219
   102  0.13350436    3.632838   83.775323       7.420421   0.467830   1.014460
   103  0.15671330    4.264386   98.339161       7.646203  -2.454318   1.769899
   104  0.11515469    3.133518   72.260718       7.681113   0.201644  -1.244390
   105  0.16176472    4.401842  101.508982       8.297152  -0.722663   2.429115
   106  0.16060771    4.370358  100.782944       8.627915  -0.846305   0.215013
