 Number of surface minima:    60
   #       a.u.         eV      kcal/mol           X/Y/Z coordinate(Angstrom)
     1  0.14870930    4.046586   93.316571      -6.832822  -2.742940  -0.578248
     2  0.13914726    3.786390   87.316299      -6.362961  -1.544874  -0.702287
     3  0.14181948    3.859104   88.993142      -6.171152  -1.949174   0.215518
     4  0.14188973    3.861016   89.037225      -5.693677  -2.560253   1.588854
     5  0.13443262    3.658098   84.357815      -5.372779  -1.419997   1.141578
     6  0.14769704    4.019041   92.681367      -5.164500  -3.881800  -1.452519
     7  0.18950410    5.156669  118.915716      -5.245173   1.093594  -2.535363
     8  0.17405097    4.736168  109.218727      -4.591072   1.622772  -1.504308
     9  0.13627591    3.708256   85.514497      -4.379896  -2.982802  -1.755825
    10  0.14016354    3.814044   87.954022      -4.106145  -3.722724   1.009283
    11  0.13902708    3.783119   87.240884      -4.179199  -3.404412  -0.651302
    12  0.18712447    5.091916  117.422475      -3.560531   0.038041  -3.492769
    13  0.12820579    3.488657   80.450415      -3.289492  -2.896679   0.470406
*   14 -0.04816340   -1.310593  -30.223013      -3.011461  -1.652084   4.633313
    15  0.16598922    4.516796  104.159892      -2.518614   0.377905  -2.616881
    16  0.00964048    0.262331    6.049498      -2.105589   0.048389   2.352564
    17  0.16959221    4.614839  106.420807      -1.989436   0.639605  -2.054030
    18  0.10253356    2.790080   64.340834      -1.901548  -1.432594  -1.529347
    19  0.15280850    4.158131   95.888863      -1.604262   2.806983   1.121873
    20  0.14740007    4.010960   92.495016      -1.457714   3.615440   1.402686
    21  0.17020378    4.631480  106.804575      -1.357208   4.665541  -1.034515
    22  0.17112447    4.656534  107.382314      -1.206410   4.926117   1.654588
    23  0.18259993    4.968797  114.583281      -1.174461   5.723895  -0.400123
    24  0.06269935    1.706136   39.344472      -0.958511  -2.795519  -2.972044
    25 -0.01955164   -0.532027  -12.268853      -0.530432  -1.555351   3.521173
    26  0.15247393    4.149027   95.678916      -0.002297   4.006026   1.544806
    27  0.08335815    2.268291   52.308076       0.054483  -2.948024  -1.180215
    28 -0.00843026   -0.229399   -5.290075       0.391861  -0.097054   3.462209
    29  0.05402107    1.469988   33.898761       0.602295  -0.548092  -2.430369
    30  0.17405107    4.736170  109.218784       0.758727   4.136363  -1.164175
    31  0.04148471    1.128856   26.032073       0.801370   0.446613  -1.750127
    32  0.12090962    3.290118   75.871994       1.317921  -2.875235   0.797419
    33  0.12027059    3.272729   75.470999       1.824235   2.284243   0.829941
    34  0.12607286    3.430617   79.111983       2.223040   4.654029   1.768041
    35  0.13763632    3.745275   86.368169       2.247330   5.606489  -0.721401
    36  0.02885495    0.785183   18.106769       2.432272  -0.173352   1.197574
    37  0.12003392    3.266289   75.322483       2.640171   2.551753   0.876337
    38  0.13993158    3.807732   87.808463       2.640864   3.607186  -1.571818
    39  0.14303668    3.892226   89.756947       2.889782   4.915757  -1.016014
    40  0.13138218    3.575091   82.443634       3.020883   3.860680   1.377202
    41  0.14225806    3.871039   89.268357       3.312546   5.071503   1.685123
    42  0.14842775    4.038924   93.139898       3.304896   5.857645  -0.447516
    43  0.14986822    4.078122   94.043809       3.865742   3.901925  -1.330379
    44  0.09573362    2.605044   60.073805       3.962774  -3.400753   0.876120
    45 -0.00570894   -0.155348   -3.582418       3.860228  -0.073149  -2.687002
    46  0.08502894    2.313755   53.356509       4.077633  -1.287703  -1.146866
    47  0.14576442    3.966452   91.468634       4.012327   2.945715   0.660920
    48  0.09295156    2.529341   58.328035       4.209513  -2.356922   1.241832
    49  0.09262505    2.520456   58.123148       4.293807  -0.361643  -0.645131
    50  0.10242645    2.787165   64.273622       4.466697  -1.033274   1.497591
    51  0.09029443    2.457036   56.660660       4.743017  -3.281213  -1.925856
    52  0.08801423    2.394989   55.229808       4.871711  -4.213673   0.564962
    53  0.08408457    2.288057   52.763908       5.443370  -2.081469   1.322515
    54  0.08029061    2.184819   50.383159       5.348617  -1.155409  -1.177853
    55  0.08959396    2.437976   56.221109       5.705508  -3.007529  -1.855806
    56  0.08847361    2.407489   55.518077       5.819534  -3.931037   0.623328
    57  0.08891227    2.419426   55.793337       6.118364  -2.706015   1.058615
    58  0.08827234    2.402013   55.391777       6.050368  -1.816880  -1.434117
    59  0.10971493    2.985495   68.847215       7.167772  -3.515386   0.519845
    60  0.11055874    3.008456   69.376717       7.138870  -2.742940  -1.590745
 
 Number of surface maxima:    68
   #       a.u.         eV      kcal/mol           X/Y/Z coordinate(Angstrom)
     1  0.21825316    5.938970  136.956038      -6.683462  -3.997314  -1.268798
     2  0.18425469    5.013825  115.621662      -6.149283  -2.669369  -2.092208
     3  0.23958276    6.519378  150.340579      -5.983199  -1.564809  -3.402471
     4  0.17513286    4.765607  109.897621      -5.821857  -3.667731   0.219140
     5  0.20701963    5.633290  129.906885      -5.316681  -3.980080   1.670755
     6  0.20919918    5.692599  131.274577      -5.085134  -1.155409  -0.181365
     7  0.22107099    6.015648  138.724257      -5.095224  -0.524666  -2.757976
     8  0.25801256    7.020879  161.905461      -5.002441   0.449620  -3.875243
     9  0.16493162    4.488018  103.496243      -4.455680  -2.695592   1.935343
    10  0.16528780    4.497710  103.719750      -4.210829  -2.811378   1.866906
    11  0.21030454    5.722678  131.968204      -3.904400  -2.012018  -0.773386
    12  0.25300342    6.884573  158.762175      -3.908709   0.696712  -0.578248
    13  0.21830511    5.940384  136.988641      -3.864508   1.622772  -3.145978
    14  0.26073965    7.095087  163.616739      -3.668467   4.036246  -0.023851
    15  0.19827518    5.395342  124.419660      -3.423619  -0.189132   1.181794
*   16  0.26769384    7.284320  167.980562      -2.910805   2.961148  -2.968819
    17  0.24030928    6.539148  150.796475      -2.783202  -0.023654  -1.430908
    18  0.24604815    6.695311  154.397672      -2.783202   2.730993  -0.975131
    19  0.24630858    6.702397  154.561098      -2.623372   2.729283  -1.227444
    20  0.18181781    4.947514  114.092496      -2.346476  -1.155409   0.364639
    21  0.20918211    5.692135  131.263864      -2.341246   4.930129   0.347812
    22  0.17723091    4.822698  111.214169      -1.853177  -3.138484  -0.177543
    23  0.24851479    6.762431  155.945513      -1.432465   6.287786   0.896403
    24  0.14665291    3.990629   92.026171      -1.427839  -1.399990   0.766360
    25  0.13946727    3.795097   87.517106      -1.334634  -0.880187  -2.563805
    26  0.19770308    5.379774  124.060659      -1.261556  -0.559822  -4.348374
    27  0.17900179    4.870886  112.325411      -1.199141   0.033879  -0.451773
    28  0.12132386    3.301390   76.131938      -0.793965  -0.360721   2.078231
    29  0.17136870    4.663180  107.535576      -0.534199   1.153067   0.671873
    30  0.23003547    6.259583  144.349556      -0.477409   3.078009   0.669190
    31  0.25140264    6.841014  157.757673      -0.397774   3.478494  -0.836351
    32  0.03537522    0.962609   22.198306      -0.164900  -3.536706   2.938809
    33  0.21255413    5.783892  133.379842       0.010096   5.743963   0.624310
    34  0.12350104    3.360634   77.498140       0.718190  -2.346057  -2.236333
    35  0.15735502    4.281848   98.741848       0.770944  -2.108836   0.341147
    36  0.17209963    4.683069  107.994239       0.674857  -0.622462  -0.684856
    37  0.23245224    6.325347  145.866104       0.910841   6.875382   1.256143
    38  0.20683402    5.628240  129.790419       1.053332   2.090726  -1.300943
    39  0.10548973    2.870521   66.195859       1.160135  -1.032092   1.761206
    40  0.19275518    5.245135  120.955804       1.285470  -3.596009  -0.458580
    41  0.13408808    3.648722   84.141613       1.217422   0.452581   0.499996
    42  0.17080944    4.647961  107.184632       1.229883   1.622772   0.127479
    43  0.06482098    1.763869   40.675813       1.253002   2.019655   2.928779
    44  0.17587917    4.785916  110.365937       1.379627  -2.478352  -3.885606
    45  0.20802788    5.660727  130.539578       1.714804   4.268658  -0.645483
    46  0.20061450    5.458998  125.887607       1.865724   3.623890   0.769810
    47  0.17395144    4.733459  109.156266       2.008410  -1.922488  -1.199224
    48  0.15761247    4.288853   98.903401       2.247525  -2.606966   1.149235
    49  0.17089355    4.650250  107.237412       2.418360  -3.484742  -0.557813
    50  0.17071631    4.645427  107.126190       2.482006  -3.328081  -0.766506
    51  0.17949978    4.884437  112.637906       2.398233   6.259465   0.886779
    52  0.19339452    5.262532  121.356994       2.722463  -4.910344  -0.998760
    53  0.13579894    3.695277   85.215195       3.187854  -1.390405   0.888344
    54  0.13336110    3.628940   83.685422       3.235449  -0.957707  -0.248252
    55  0.18101102    4.925560  113.586225       3.765056   2.350080  -0.644705
    56  0.17947869    4.883864  112.624673       3.752541   2.548832  -0.975131
    57  0.17711487    4.819541  111.141353       4.207299   4.658093   0.068833
    58  0.21674536    5.897941  136.009881       4.126546   6.141121   0.902992
    59  0.17891046    4.868401  112.268101       4.231821   0.310555   0.752418
    60  0.14008768    3.811980   87.906421       4.996902  -3.018806   0.436389
    61  0.14135490    3.846462   88.701614       4.944544  -2.423675  -1.052749
    62  0.21737267    5.915011  136.403525       4.974692   3.329642  -0.470341
    63  0.13293592    3.617370   83.418619       5.662318  -0.398532   0.472254
    64  0.17885568    4.866910  112.233726       5.797356  -5.680398  -1.384629
    65  0.13403587    3.647302   84.108851       6.765142  -4.336633  -0.964159
    66  0.17921696    4.876741  112.460435       7.320673  -0.444429   0.371186
    67  0.13402269    3.646943   84.100578       7.426602  -2.065502  -0.167512
    68  0.17960014    4.887168  112.700882       8.180891  -3.409341  -0.721322
