 Number of surface minima:    75
   #       a.u.         eV      kcal/mol           X/Y/Z coordinate(Angstrom)
     1  0.07017097    1.909449   44.032985      -8.443705  -1.642058   0.335182
     2  0.06729765    1.831262   42.229949      -8.286402  -0.558695   0.864359
     3  0.07017871    1.909660   44.037842      -8.076074  -0.494389  -2.047639
     4  0.06756133    1.838437   42.395409      -7.959684   0.575819  -1.530260
     5  0.07798846    2.122174   48.938539      -7.560970  -2.207053   0.197262
     6  0.06821424    1.856204   42.805118      -7.297593  -0.180519   1.179786
     7  0.07537060    2.050938   47.295805      -7.156917  -1.031293  -2.162907
     8  0.06939871    1.888435   43.548384      -6.967885   1.024411  -1.187230
     9  0.08915452    2.426018   55.945350      -6.608612  -1.675495   0.514545
    10  0.08452567    2.300061   53.040706      -6.324602  -0.713603  -1.866890
    11  0.07825983    2.129558   49.108826      -6.206046   0.461043  -1.341178
    12  0.06709531    1.825756   42.102979      -5.139476   1.253605  -1.760952
    13  0.16339226    4.446129  102.530276      -4.472527  -3.227240  -0.543993
    14  0.12214912    3.323847   76.649794      -4.091553  -1.095851   1.190514
    15  0.14427923    3.926037   90.536658      -4.014273  -0.769680  -1.689947
    16  0.14725486    4.007008   92.403896      -3.973913  -2.084931  -1.253211
    17  0.06065239    1.650435   38.059979      -3.623977   2.349798  -0.258726
    18  0.13049293    3.550893   81.885621      -3.291873  -1.668201   1.439786
    19  0.14510895    3.948615   91.057316      -2.740710  -5.067370   1.026538
    20  0.05190017    1.412275   32.567874      -2.507413   2.036979  -1.499568
    21  0.13282643    3.614391   83.349912      -2.014834  -1.300206   1.382195
    22  0.13687588    3.724582   85.890986      -1.717612  -3.914779   2.353332
    23 -0.01212283   -0.329879   -7.607196      -1.816417   2.471639   3.170472
    24  0.02207328    0.600645   13.851206      -1.569610   1.620763  -1.477610
    25  0.16190283    4.405600  101.595645      -1.381168  -4.210089  -1.935847
    26  0.15641780    4.256345   98.153732      -1.057481  -4.867225   0.876266
    27  0.04232716    1.151781   26.560715      -0.841272   2.887278  -1.573366
    28  0.15182188    4.131283   95.269747      -0.578652  -3.009538  -3.037677
*   29 -0.01348492   -0.366943   -8.461921      -0.628296   3.076000   3.377951
    30  0.04010314    1.091262   25.165121      -0.418289   5.391756  -1.450185
    31  0.02155015    0.586409   13.522937      -0.306177   4.385012   0.717366
    32  0.15642129    4.256440   98.155922       0.243182  -4.676885  -2.390520
    33  0.17847199    4.856470  111.992958       0.220585  -3.009538   0.685186
    34  0.16299985    4.435452  102.284038       0.241575  -1.023026  -1.117156
    35  0.00551286    0.150013    3.459375       0.264060   0.314552   2.877880
    36  0.06235166    1.696675   39.126292       0.564979   0.984329  -1.195142
    37  0.09114950    2.480304   57.197224       1.095528   3.208295  -1.516938
    38  0.16952939    4.613129  106.381388       1.202132  -3.534090   0.333412
    39  0.08636091    2.350000   54.192332       1.263830   4.239035  -0.069698
    40  0.16747952    4.557350  105.095076       1.438152  -1.675808  -1.521656
    41  0.12338343    3.357434   77.424337       1.441771   1.358279   1.136940
    42  0.04371411    1.189521   27.431042       1.687690   0.707440   2.857614
    43  0.16139123    4.391679  101.274610       2.037485  -3.199649   0.806542
    44  0.17973024    4.890709  112.782525       2.239390  -4.045182  -0.313069
    45  0.13403102    3.647169   84.105804       2.163087   1.223880  -2.904391
    46  0.15633217    4.254015   98.100003       2.375242  -2.190862   1.784838
    47  0.16129881    4.389164  101.216617       2.506141  -1.428204  -1.096921
    48  0.16284362    4.431200  102.186000       2.500363  -0.499309  -0.180766
    49  0.17465606    4.752633  109.598422       2.809571  -2.427563  -1.649233
    50  0.12036706    3.275354   75.531533       2.788625   2.282235  -2.411148
    51  0.11252472    3.061953   70.610386       3.415703   1.625941  -3.373583
    52  0.11946719    3.250868   74.966855       3.415389   3.082289  -1.918788
    53  0.08134277    2.213449   51.043399       3.682834  -0.973511   2.848774
    54  0.12359356    3.363152   77.556197       4.285578  -0.157791  -1.575666
    55  0.14158459    3.852713   88.845743       4.313705   1.488469  -0.001032
    56  0.11421737    3.108013   71.672542       4.360329   1.776393  -3.638589
    57  0.10019533    2.726454   62.873572       4.619691  -2.735885   1.673120
    58  0.09684172    2.635197   60.769147       4.757100  -1.672526   1.679919
    59  0.11135241    3.030053   69.874749       4.758038   3.337030  -2.300512
    60  0.11163460    3.037732   70.051828       5.137552   2.681691  -3.106007
    61  0.12145050    3.304836   76.211404       5.270366  -0.016330  -1.913821
    62  0.14130491    3.845102   88.670245       5.191809   2.546823   0.256625
    63  0.09006730    2.450856   56.518133       5.445231  -3.503853   1.714600
    64  0.10001480    2.721541   62.760286       5.553238  -3.523255  -0.963323
    65  0.12501255    3.401764   78.446624       5.548492   1.608676  -0.435018
    66  0.10086703    2.744732   63.295072       5.810632  -1.280657  -0.972796
    67  0.08969382    2.440693   56.283772       5.829161  -1.264669   1.696986
    68  0.13110663    3.567593   82.270722       5.803870   1.881194  -3.888788
    69  0.12293435    3.345214   77.142533       5.943747   0.967727  -1.241525
    70  0.09297620    2.530011   58.343493       6.488360  -3.119142  -0.951408
    71  0.08612813    2.343666   54.046262       6.505399  -3.104587   1.717534
    72  0.13653601    3.715334   85.677713       6.467212   0.311072  -2.444556
    73  0.09519039    2.590262   59.732921       6.614245  -1.933793  -0.959552
    74  0.08590826    2.337683   53.908295       6.630994  -1.920077   1.707877
    75  0.13321526    3.624971   83.593906       6.664423   1.956466  -0.916647
 
 Number of surface maxima:    83
   #       a.u.         eV      kcal/mol           X/Y/Z coordinate(Angstrom)
     1  0.16056321    4.369147  100.755020     -10.412240  -0.332574  -0.795050
     2  0.11719558    3.189054   73.541400      -9.381077  -1.531484  -1.233731
     3  0.11324977    3.081683   71.065366      -9.222722   0.694703  -0.193995
     4  0.16905264    4.600156  106.082223      -8.920870  -3.031311  -1.942274
     5  0.15939480    4.337353  100.021831      -8.524736   2.101062   0.591763
     6  0.12175444    3.313107   76.402129      -7.190651  -1.034298   0.217030
     7  0.12210283    3.322587   76.620750      -7.028994  -0.356479  -1.254005
     8  0.11550593    3.143076   72.481124      -6.940195   1.560715   0.588873
     9  0.19765099    5.378357  124.027970      -5.667564  -3.406420  -1.490099
    10  0.15746302    4.284787   98.809618      -5.445882   1.752992   0.864142
    11  0.17517119    4.766650  109.921674      -5.061354  -2.371649  -0.599384
    12  0.22263374    6.058172  139.704896      -4.991901  -3.614320   0.732065
    13  0.16235998    4.418040  101.882509      -4.770110   0.457009  -0.174794
    14  0.15418601    4.195615   96.753262      -4.707858   0.033231  -1.308501
    15  0.23599748    6.421818  148.090781      -4.512906   3.770407  -2.556184
    16  0.04975985    1.354034   31.224803      -3.780646   1.476722   2.412563
    17  0.19379140    5.273332  121.606040      -3.443210  -3.665896   0.477123
    18  0.20151099    5.483393  126.450160      -3.193039  -4.333610   2.325441
    19  0.20235652    5.506401  126.980738      -2.915580  -0.879995   0.620339
    20  0.22467103    6.113610  140.983319      -2.822288  -1.437095  -0.872361
    21  0.15070314    4.100841   94.567726      -2.672584   3.881641  -0.190056
    22  0.14506560    3.947436   91.030112      -2.563160   1.033327   0.012334
    23  0.16682722    4.539600  104.685752      -2.399865   0.169848  -1.643064
    24  0.22091042    6.011278  138.623497      -1.990059  -5.105333  -0.448540
    25  0.22131819    6.022374  138.879377      -1.909113  -2.757344  -2.066280
    26  0.12449889    3.387787   78.124301      -1.911186   1.873085   0.183921
    27  0.16051014    4.367703  100.721716      -1.543263  -4.993952   1.326917
    28  0.15477690    4.211694   97.124050      -1.482768   0.296138   0.865460
    29  0.08271853    2.250886   51.906702      -1.284469   4.531238  -1.017334
    30  0.09289860    2.527900   58.294802      -1.079761   2.999602   1.581726
    31  0.19982704    5.437570  125.393463      -0.931140  -2.480360   1.033401
    32  0.20627401    5.613001  129.439006      -0.908021  -1.917339  -1.198199
    33  0.16929213    4.606673  106.232505      -0.840756  -4.205933  -2.587090
    34  0.22845149    6.216481  143.355592      -0.933580  -2.873820  -0.186975
    35  0.11252869    3.062061   70.612875      -0.527339   1.239490   2.368994
    36  0.22557445    6.138193  141.550224      -0.446648  -5.187748  -0.987761
    37  0.21631635    5.886267  135.740670      -0.201925  -3.682785   1.498135
    38  0.13750905    3.741812   86.288304      -0.166778   1.744803  -0.751020
    39  0.17094441    4.651634  107.269326       0.242416   0.296761   0.071655
    40  0.15689274    4.269269   98.451765       0.752733   2.775451   0.458747
    41  0.22062712    6.003569  138.445727       0.934415  -3.522976  -3.244837
    42  0.23464753    6.385084  147.243670       1.154723  -2.252370   0.850412
    43  0.16886382    4.595018  105.963734       1.206110  -1.126219   2.231368
    44  0.13814447    3.759102   86.687035       1.079284   1.247095   1.303578
    45  0.20978762    5.708611  131.643829       1.301537  -3.726099  -1.538615
    46  0.22986455    6.254933  144.242306       1.312084  -1.147891  -0.328253
    47  0.17430783    4.743157  109.379907       1.468418   0.344182   1.025998
    48  0.17496136    4.760941  109.790004       1.318112   4.262618  -3.240182
    49  0.21660138    5.894023  135.919529       1.628965  -0.168517  -2.247864
    50  0.15775873    4.292833   98.995178       1.672116   2.546823  -1.319348
    51  0.04868850    1.324881   30.552519       1.687064   3.336604   3.371899
    52  0.16286930    4.431899  102.202112       1.912058   1.607828  -1.542661
    53  0.16799019    4.571245  105.415523       1.970673   5.989245  -0.589272
*   54  0.24365444    6.630175  152.895599       2.789408  -3.906259  -1.772721
    55  0.18849262    5.129145  118.281003       2.782779   1.371300   0.622175
    56  0.19275597    5.245157  120.956301       2.816987   3.533096   0.889677
    57  0.16891514    4.596415  105.995937       3.018536  -0.231827  -2.973582
    58  0.19283821    5.247395  121.007905       3.080498  -3.479580  -0.061701
    59  0.17015103    4.630045  106.771476       3.277999  -1.539713   1.654292
    60  0.19078819    5.191611  119.721497       3.394721  -0.675043   0.586548
    61  0.18426899    5.014214  115.630631       3.409257   3.074667   0.066434
    62  0.21082842    5.736933  132.296943       3.433450  -4.854859   0.344698
    63  0.18425966    5.013960  115.624781       3.472661   2.853324   0.225182
    64  0.20928279    5.694874  131.327045       4.105077  -0.840142  -4.110137
    65  0.24114220    6.561813  151.319143       3.988009   1.409325   4.193589
    66  0.16621671    4.522987  104.302645       4.101031   2.149940  -2.395671
    67  0.19550121    5.319859  122.678966       4.372823   0.729812   0.356788
    68  0.17350616    4.721343  108.876850       4.637048   1.001849  -1.384644
    69  0.20708392    5.635040  129.947233       4.581697   3.959828   0.324135
    70  0.16010624    4.356712  100.468269       5.396547   0.127650  -3.654894
    71  0.14708552    4.002401   92.297636       5.550136  -2.335733  -0.438132
    72  0.14047233    3.822446   88.147789       5.459097  -2.318760   1.185385
    73  0.14776442    4.020874   92.723650       5.764518   0.161247   0.311739
    74  0.15929266    4.334574   99.957735       5.680681   3.346088  -0.719520
    75  0.13892342    3.780299   87.175838       6.208552   0.288214  -2.172401
    76  0.18214171    4.956328  114.295743       6.734866  -5.397465   0.341319
    77  0.15708171    4.274411   98.570341       6.757328   1.908295  -2.554162
    78  0.20149029    5.482830  126.437175       6.981408   0.837557  -3.739141
    79  0.19910694    5.417975  124.941593       7.205251   3.199240  -1.546961
    80  0.13357912    3.634873   83.822234       7.458295  -3.935598   0.335182
    81  0.18851350    5.129713  118.294108       7.470926   0.291029   0.302300
    82  0.13600215    3.700807   85.342707       7.831577  -1.374386   0.359060
    83  0.17815016    4.847712  111.791009       8.790058  -2.759073   0.435627
