 Number of surface minima:    74
   #       a.u.         eV      kcal/mol           X/Y/Z coordinate(Angstrom)
     1  0.09801920    2.667238   61.508030      -7.623819  -2.368284   1.228384
     2  0.09255875    2.518652   58.081539      -7.621179   0.877325  -0.498456
     3  0.10381885    2.825055   65.147367      -7.549734  -3.490634  -0.261477
     4  0.08869405    2.413488   55.656403      -7.553494   0.209847   1.089075
     5  0.10202646    2.776281   64.022627      -6.961418  -2.504043  -2.748299
     6  0.10134170    2.757648   63.592928      -6.973793  -0.635591  -2.890277
     7  0.09179826    2.497958   57.604328      -6.403531   1.255143   0.614524
     8  0.11001749    2.993728   69.037075      -5.500393  -1.709248  -3.278825
     9  0.14681089    3.994928   92.125303      -4.446116  -2.484057   1.529168
    10  0.15940788    4.337709  100.030039      -4.379510  -3.495473  -0.431851
    11  0.12262649    3.336836   76.949347      -4.084541  -1.191163   1.164928
    12  0.11897148    3.237379   74.655794      -4.025954  -0.210092   0.736822
    13  0.14569167    3.964472   91.422981      -3.935198  -2.390328  -1.183114
    14  0.14878664    4.048690   93.365106      -3.916939  -1.381496  -1.625231
    15  0.04206417    1.144624   26.395690      -3.547962   2.377259   0.763186
    16  0.05249011    1.428328   32.938067      -3.530910   3.562487  -0.769124
    17  0.09193007    2.501544   57.687037      -3.400946   1.063367  -4.092133
    18  0.15326330    4.170506   96.174251      -3.267070  -2.910675  -0.900549
    19  0.12913104    3.513834   81.031019      -3.090345  -1.910207   1.550298
    20  0.07201784    1.959705   45.191916      -2.722227   2.663132  -2.879787
*   21 -0.00197833   -0.053833   -1.241423      -2.204041   2.920748   2.544822
    22  0.12984324    3.533214   81.477934      -2.059503  -1.578095   1.485726
    23  0.03975409    1.081764   24.946086      -1.800230   1.782352  -1.027634
    24 -0.00095962   -0.026113   -0.602172      -1.383990   4.262468   0.828638
    25  0.04152648    1.129993   26.058281      -1.006464   1.068222  -1.766596
    26  0.03036110    0.826168   19.051896      -0.615652  -0.376709   2.562682
    27  0.01449612    0.394459    9.096460      -0.344993   3.483509   2.578302
    28  0.17140321    4.664119  107.557228       0.052552  -3.297456   0.427276
    29  0.15539303    4.228459   97.510681       0.244087  -1.253173  -1.292222
    30  0.06949109    1.890949   43.606357       0.420559   0.660261  -1.347796
    31  0.09483264    2.580527   59.508431       0.640635  -1.212250   3.867256
    32  0.16194942    4.406868  101.624883       0.826094  -3.870968   0.030721
    33  0.02493425    0.678495   15.646490       0.767669   4.537824   1.011088
    34  0.06678665    1.817357   41.909290       0.947278   0.398186   2.530084
    35  0.12085215    3.288554   75.835932       1.075221   3.171681  -0.518058
    36  0.16246187    4.420812  101.946445       1.218904  -1.896136  -1.689105
    37  0.13870046    3.774231   87.035926       1.644933   2.921539   0.701212
    38  0.02948032    0.802200   18.499194       1.799532   4.135650   3.508929
    39  0.17220358    4.685898  108.059470       1.831648  -4.428207  -0.630751
    40  0.15898769    4.326275   99.766367       1.850504  -3.747880   0.506391
    41  0.09325192    2.537514   58.516513       1.881561  -0.138850   4.632243
    42  0.11516900    3.133908   72.269699       1.793272   0.553989   2.161810
    43  0.16145180    4.393327  101.312617       1.940908  -3.025299   1.350110
    44  0.10262234    2.792496   64.396543       2.148493  -1.842253   4.753947
    45  0.07785402    2.118516   48.854179       2.069337   2.540369   2.699785
    46  0.17623479    4.795592  110.589091       2.303154  -2.852640  -2.085988
    47  0.16309247    4.437972  102.342157       2.412146  -1.757856  -1.159928
    48  0.12256498    3.335163   76.910750       2.570182   1.734106  -2.872638
    49  0.16060524    4.370291  100.781394       2.697817  -1.048986  -0.232792
    50  0.15978947    4.348093  100.269490       2.964674  -0.376445  -1.169329
    51  0.09793135    2.664848   61.452903       3.110387   1.484502   2.950959
    52  0.11976941    3.259091   75.156505       3.072516   2.655754  -2.670331
    53  0.11661262    3.173191   73.175584       3.206193   0.923337  -3.720831
    54  0.12139450    3.303312   76.176263       3.491542  -4.620433   2.477249
    55  0.14259751    3.880276   89.481365       3.930587   0.682294  -0.872157
    56  0.11797711    3.210320   74.031815       4.132456   1.187833  -4.115742
    57  0.11088396    3.017306   69.580795       4.167221   3.070347  -3.118726
    58  0.13583394    3.696230   85.237156       4.324409   1.620908  -0.591649
    59  0.11465880    3.120025   71.949544       4.549897  -5.356280   1.485958
    60  0.13908128    3.784594   87.274895       4.601361   0.037108  -1.637640
    61  0.11421760    3.108019   71.672688       4.651778   1.060808   1.862380
    62  0.11239188    3.058339   70.527027       4.691048   2.399863  -3.792075
    63  0.12122720    3.298760   76.071280       4.946780  -5.234906  -1.137782
    64  0.11622978    3.162773   72.935348       5.091802  -3.951084   2.549135
    65  0.12427781    3.381771   77.985568       5.353111  -3.821868  -2.088665
    66  0.12878663    3.504462   80.814900       5.375804  -0.511816   0.181658
    67  0.13184494    3.587683   82.734019       5.475053   0.142070  -2.086144
    68  0.12049119    3.278732   75.609424       5.433881   1.987578  -1.045511
    69  0.13313619    3.622820   83.544293       5.611744   1.602156  -4.458566
    70  0.12146975    3.305360   76.223480       5.983799   1.319805  -1.739138
    71  0.12143517    3.304419   76.201781       6.048014  -1.667079  -0.895339
    72  0.11882281    3.233333   74.562504       6.170264  -1.826043   1.121911
    73  0.12854791    3.497967   80.665101       6.436394   2.415340  -1.673629
    74  0.13923743    3.788843   87.372883       6.629819   0.776648  -2.757675
 
 Number of surface maxima:   108
   #       a.u.         eV      kcal/mol           X/Y/Z coordinate(Angstrom)
     1  0.16112318    4.384385  101.106406      -8.462824  -2.252795  -0.129231
     2  0.15438806    4.201113   96.880054      -8.476755  -0.400251  -0.139041
     3  0.16055224    4.368849  100.748138      -8.079769  -1.592420  -2.255858
     4  0.13699729    3.727886   85.967167      -7.341467  -1.290025  -0.743395
     5  0.10153943    2.763029   63.717010      -7.294464   0.998054   0.489731
     6  0.11600493    3.156655   72.794255      -7.168114  -3.505897   0.824487
     7  0.12642345    3.440157   79.331980      -6.955875  -1.179512   0.829646
     8  0.13362373    3.636087   83.850227      -6.704658  -2.637699  -1.297690
     9  0.11624009    3.163054   72.941816      -6.449479  -1.717405  -3.309089
    10  0.16638755    4.527635  104.409850      -6.144285  -2.484387   2.046307
    11  0.15833226    4.308440   99.355076      -6.193966   1.401194  -1.159928
    12  0.14986747    4.078101   94.043338      -6.058029   0.129932   1.825620
    13  0.17815392    4.847815  111.793369      -5.859047  -4.091256  -0.498456
    14  0.17283085    4.702966  108.453084      -5.700918   0.657914  -2.112575
    15  0.17228629    4.688148  108.111371      -5.372176  -0.122427  -3.071118
    16  0.13276700    3.612774   83.312619      -5.363977   1.765350   0.820981
    17  0.17402806    4.735544  109.204346      -5.370281  -3.167708  -2.481822
    18  0.15721583    4.278060   98.654504      -5.107587  -2.132504   0.898980
    19  0.13450761    3.660138   84.404873      -5.122352   3.467689  -1.700436
    20  0.17024548    4.632615  106.830744      -5.001876  -2.687754  -0.507370
    21  0.22053008    6.000929  138.384828      -4.815928  -3.919643   0.843874
    22  0.16269739    4.427221  102.094241      -4.915229   0.142162  -0.438392
    23  0.16639218    4.527762  104.412759      -4.687309  -0.630744  -1.553109
    24  0.07149873    1.945579   44.866165      -4.552703   3.350446   0.047195
    25  0.14695561    3.998866   92.216117      -4.293808   2.268769  -3.787134
    26  0.05009301    1.363100   31.433866      -3.461795   1.126483   2.867162
    27  0.18951071    5.156849  118.919865      -3.193774  -3.764974   0.692192
    28  0.19904461    5.416279  124.902486      -3.024125  -1.058833   0.642449
    29  0.21778582    5.926253  136.662778      -2.831272  -1.651935  -0.837316
    30  0.14814482    4.031226   92.962356      -2.762326   0.880606  -0.111899
    31  0.16821230    4.577289  105.554899      -2.714865  -0.389376  -3.550354
    32  0.09898293    2.693463   62.112779      -2.516624   1.410182  -3.860737
    33  0.09001023    2.449303   56.482320      -2.472041   2.277971   0.024134
    34  0.11860065    3.227288   74.423091      -1.917288   1.869389   0.304598
    35  0.24419739    6.644949  153.236304      -1.669829  -4.209595   0.956295
    36  0.12327010    3.354350   77.353218      -1.443851   2.119022  -2.508970
    37  0.17389257    4.731858  109.119329      -1.290247  -0.130441   0.792327
    38  0.21272450    5.788528  133.486748      -1.145761  -2.508944  -1.031415
    39  0.21421799    5.829168  134.423932      -1.106506  -2.989883  -0.345673
    40  0.09221554    2.509312   57.866172      -1.006464   2.857666   1.462194
    41  0.04595755    1.250568   28.838820      -1.006464   4.561355  -1.238741
    42  0.21069248    5.733234  132.211639      -0.950674  -2.900607   0.615688
*   43  0.25098801    6.829731  157.497489      -0.811280  -3.631483  -2.023098
    44  0.13853481    3.769724   86.931981      -0.320367   0.956732   2.311048
    45  0.14031313    3.818114   88.047891      -0.313249   1.597399  -0.837187
    46  0.18546932    5.046877  116.383854       0.061363  -0.111909   0.052743
    47  0.20354532    5.538750  127.726723       0.838253  -3.699130  -1.826984
    48  0.14935198    4.064074   93.719862       0.845656   0.337429   3.836592
    49  0.15867011    4.317633   99.567080       0.846475   1.341113   3.726466
    50  0.16283709    4.431023  102.181903       0.810864   2.518655   0.402698
    51  0.22880259    6.226035  143.575913       0.947862  -2.636018   0.631049
    52  0.14333127    3.900242   89.941806       0.986287   6.381077   2.554548
    53  0.18104138    4.926386  113.605274       1.175424  -1.644779   2.147430
    54  0.14803735    4.028301   92.894920       1.151940   1.101052   1.112083
    55  0.17499136    4.761757  109.808830       1.346117  -2.835369   3.535611
    56  0.22539061    6.133190  141.434860       1.288250  -1.531953  -0.498456
    57  0.10921851    2.971987   68.535709       1.507128  -1.313075   4.721614
    58  0.18124339    4.931883  113.732039       1.431472   2.523459  -1.632466
    59  0.18278556    4.973848  114.699765       1.751354  -0.157564   0.947473
    60  0.12276229    3.340532   77.034562       1.771716   1.099366   2.464010
    61  0.12241736    3.331146   76.818116       1.704050   3.117265   0.889115
    62  0.22472704    6.115134  141.018466       1.881580  -0.832087  -2.099507
    63  0.16903849    4.599771  106.073340       1.834700   0.998911  -1.758416
    64  0.23842942    6.487995  149.616848       2.176203  -4.346981  -2.081146
    65  0.17926006    4.877914  112.487479       2.139121  -2.371430  -1.868282
    66  0.14574170    3.965833   91.454371       2.280732   1.597399   1.171701
    67  0.11707610    3.185803   73.466421       2.362914   3.449519   1.485958
    68  0.17683616    4.811957  110.966457       2.571434   0.683545  -0.624722
    69  0.19239534    5.235343  120.729997       2.501337   3.649963   0.001693
    70  0.18784757    5.111592  117.876231       2.763326  -3.958962  -0.344162
    71  0.19627519    5.340920  123.164645       2.752100   1.758927   0.349633
    72  0.18476889    5.027817  115.944324       2.904438  -5.339831   1.194000
    73  0.18508591    5.036444  116.143258       3.102265  -2.859694  -1.300132
    74  0.19330066    5.259978  121.298096       3.137716  -5.371142  -1.138933
    75  0.18618062    5.066232  116.830203       3.145872  -2.503724   1.537171
    76  0.18811090    5.118758  118.041468       3.205222   2.864185  -0.422319
    77  0.17762197    4.833340  111.459563       3.291534  -0.851613  -2.747459
    78  0.19069643    5.189114  119.663919       3.471838  -1.451991   0.810152
    79  0.16354070    4.450169  102.623426       3.424489  -0.850951   4.858557
    80  0.16101728    4.381503  101.039954       3.406134  -0.387015  -1.245336
    81  0.17330748    4.715936  108.752179       3.538258   4.796182   1.485958
    82  0.18764959    5.106205  117.751993       3.858320  -2.957212   3.016885
    83  0.15115289    4.113079   94.849947       3.806406  -0.743393   3.091749
    84  0.12508924    3.403851   78.494748       3.903766   1.619994   1.632697
    85  0.20216999    5.501325  126.863692       4.000250  -2.888685  -2.621478
    86  0.16805068    4.572891  105.453480       3.910118   1.750988  -3.007826
    87  0.20733021    5.641742  130.101778       4.058000   4.254453  -0.728441
    88  0.12847730    3.496045   80.620789       4.308313  -4.752727   2.461726
    89  0.19517731    5.311045  122.475711       4.359842  -1.974547   2.519849
    90  0.18560214    5.050491  116.467201       4.285740   0.539850   0.291206
    91  0.15064200    4.099177   94.529361       4.549897  -4.675503   0.163015
    92  0.21738421    5.915325  136.410765       4.420863  -1.445520  -3.938562
    93  0.13706538    3.729739   86.009897       4.661759  -4.631529  -2.110622
    94  0.18523038    5.040375  116.233915       4.687397  -0.897427  -1.428826
    95  0.16794064    4.569897  105.384429       4.628067   0.790174   3.312950
    96  0.17790096    4.840931  111.634632       4.550692   1.068540  -1.688367
    97  0.15622717    4.251158   98.034114       4.984834  -2.597964  -1.159928
    98  0.18715744    5.092813  117.443163       5.065856  -0.942668   1.816621
    99  0.15814707    4.303401   99.238866       5.244700   3.598023  -1.655247
   100  0.15844279    4.311448   99.424435       5.355646  -3.556286   0.296280
   101  0.16548373    4.503041  103.842693       5.475957  -0.156743  -3.828148
   102  0.17574674    4.782312  110.282838       5.965408  -4.634128   1.335682
   103  0.13398059    3.645797   84.074157       5.968820  -0.923541   0.138301
   104  0.18127326    4.932696  113.750783       6.189158  -4.355844  -0.871074
   105  0.15691820    4.269961   98.467740       6.466884   2.059149  -3.276637
   106  0.17817161    4.848296  111.804466       6.743807  -2.768313  -0.133102
   107  0.20335472    5.533563  127.607118       6.815299   0.663865  -4.221751
   108  0.19692397    5.358574  123.571763       6.691426   3.593749  -2.598683
