 Number of surface minima:    60
   #       a.u.         eV      kcal/mol           X/Y/Z coordinate(Angstrom)
     1  0.11529797    3.137417   72.350627      -8.234464  -0.008805  -1.425257
     2  0.10663930    2.901803   66.917224      -7.949729  -0.612314   1.059840
     3  0.11340501    3.085907   71.162780      -7.354721  -0.991226  -2.879015
     4  0.09847259    2.679576   61.792537      -6.870090  -2.253525   1.352923
     5  0.10844154    2.950844   68.048149      -6.575465  -0.666951   2.078547
     6  0.09520453    2.590647   59.741793      -5.763650  -3.600657  -0.499197
     7  0.10078528    2.742507   63.243772      -5.811053  -3.173871  -2.280493
     8  0.18662254    5.078258  117.107509      -5.629825   1.774724  -0.918055
     9  0.17757946    4.832183  111.432885      -5.120227   1.173370   0.082334
    10  0.18042982    4.909745  113.221514      -4.630495   0.713587  -2.543537
    11  0.17479851    4.756509  109.687815      -4.591098   0.326958   0.955069
    12  0.18337815    4.989973  115.071624      -4.458756   2.113205  -0.168480
    13  0.09535593    2.594767   59.836801      -4.200146  -2.968939  -1.412335
    14  0.16562330    4.506839  103.930279      -3.944000  -0.093866  -1.879666
*   15 -0.00489960   -0.133325   -3.074548      -3.503632  -3.509284   2.735705
    16  0.16950325    4.612418  106.364987      -3.282672   0.832273  -2.143682
    17  0.17457913    4.750540  109.550149      -2.346243   0.954097  -1.707927
    18  0.03933777    1.070435   24.684844      -1.440889   0.185835   2.503462
    19  0.02898578    0.788743   18.188867      -1.290600  -3.258205  -0.221125
    20  0.17183551    4.675882  107.828504      -0.847883   2.736043   1.272883
    21  0.18546952    5.046882  116.383978      -0.517235   4.413216  -1.082870
    22  0.03674790    0.999961   23.059674      -0.416753  -3.568405   1.161508
    23  0.16780785    4.566284  105.301106      -0.370234   3.760347   1.463933
    24  0.03850004    1.047639   24.159163      -0.324891  -1.492128  -2.351318
    25  0.18852455    5.130014  118.301039      -0.033174   5.619023  -0.571622
    26  0.04509440    1.227081   28.297188       0.142474   0.002730  -1.882072
    27  0.18031504    4.906622  113.149492       0.196578   4.981909   1.490505
    28  0.18022052    4.904050  113.090181       0.564718   4.451389  -1.166935
    29  0.03162464    0.860550   19.844780       0.629322  -4.374450   3.205043
    30  0.16491578    4.487586  103.486298       0.843887   3.788445   1.347735
    31  0.02450865    0.666914   15.379425       0.870781  -1.889715   2.958700
    32  0.01351236    0.367690    8.479142       1.332798  -0.598810   3.276976
    33  0.17831165    4.852107  111.892342       1.343443   3.492948  -1.455268
    34  0.06169699    1.678861   38.715480       2.385278  -2.866297   1.876099
    35  0.11714282    3.187618   73.508291       2.657128   7.409303  -0.234609
    36  0.03218143    0.875701   20.194172       2.707639  -0.586595   0.438337
    37  0.11447720    3.115083   71.835589       2.848860   6.829322   1.660017
    38  0.11343289    3.086666   71.180270       3.185687   4.285988  -2.662025
    39  0.09682830    2.634832   60.760726       3.496951   2.965192   1.914099
    40  0.10105632    2.749882   63.413851       3.588326  -3.112401  -2.132201
    41  0.11046741    3.005971   69.319406       3.616321   5.901056  -2.227804
    42  0.10011232    2.724195   62.821482       3.845143  -3.906167   0.358717
    43  0.09601758    2.612771   60.251994       3.995131  -2.061160  -1.844296
    44  0.09535976    2.594871   59.839201       4.119279  -2.858703   0.655817
    45  0.10210711    2.778476   64.073233       4.115807   4.633552   2.351867
    46  0.09137307    2.486388   57.337515       4.376403  -4.038462  -2.544514
    47  0.09227041    2.510805   57.900603       4.315676  -0.863398  -1.249955
    48  0.09204677    2.504720   57.760269       4.651707  -4.847423  -0.019819
    49  0.09999774    2.721077   62.749582       4.641962  -1.535882   0.777772
    50  0.01662994    0.452524   10.435451       4.589938   0.724133  -1.557552
    51  0.10417070    2.834629   65.368155       4.620326   4.414223  -1.582354
    52  0.10003609    2.722121   62.773649       4.932334   3.770770   0.956853
    53  0.08395882    2.284636   52.684998       5.089611  -1.789458  -1.905677
    54  0.09142373    2.487766   57.369307       5.332820  -3.904517  -2.610050
    55  0.08521478    2.318812   53.473125       5.466440  -2.713031   0.569752
    56  0.09130542    2.484547   57.295063       5.602517  -4.697417  -0.089095
    57  0.09019797    2.454412   56.600130       5.689522  -2.585205  -2.225481
    58  0.09034803    2.458495   56.694293       5.997081  -3.364105   0.288282
    59  0.11076312    3.014018   69.504963       6.798706  -3.634029  -2.461188
    60  0.11044878    3.005464   69.307715       7.048264  -4.295300  -0.368766
 
 Number of surface maxima:    86
   #       a.u.         eV      kcal/mol           X/Y/Z coordinate(Angstrom)
     1  0.17313171    4.711154  108.641882      -8.362567  -1.459852  -1.757123
     2  0.16657532    4.532745  104.527676      -8.143731  -2.033928   0.312610
     3  0.13112766    3.568165   82.283918      -7.634140   0.195513  -2.616068
     4  0.14639081    3.983497   91.861699      -7.419988  -0.334221  -0.366903
     5  0.11671964    3.176103   73.242744      -7.236936  -1.014780   1.844865
     6  0.19314863    5.255842  121.202699      -7.251162   1.458836  -1.187576
     7  0.16452656    4.476995  103.242063      -7.137617  -3.255642  -1.314817
     8  0.14993770    4.080012   94.087404      -7.034120  -1.718936  -0.794341
     9  0.18079813    4.919767  113.452635      -7.013948   0.794538   1.208078
    10  0.13127458    3.572163   82.376114      -6.310840  -2.321492   0.041345
    11  0.14282762    3.886537   89.625759      -6.341100  -1.587552  -2.149411
    12  0.18826650    5.122992  118.139113      -5.913993  -0.069632  -3.332293
    13  0.19688220    5.357437  123.545549      -5.808433   0.849820  -0.911210
    14  0.25107802    6.832180  157.553968      -5.717746   1.782488  -2.419658
    15  0.15537863    4.228068   97.501645      -5.558327  -1.663588   2.128618
    16  0.10968743    2.984747   68.829958      -5.266453  -3.566549  -1.583119
    17  0.19148996    5.210707  120.161865      -5.212992   0.099580  -1.939627
    18  0.20657164    5.621100  129.625769      -4.727455  -1.393808   0.424150
    19  0.16854177    4.586255  105.761646      -4.591050  -2.054047  -2.809121
    20  0.14833708    4.036457   93.083003      -4.305268  -3.233842   0.049382
    21  0.22348072    6.081220  140.236384      -4.309146   2.454186  -1.937260
    22  0.25730676    7.001673  161.462566      -3.678530   1.098834   0.237256
    23  0.20126311    5.476648  126.294616      -3.148012  -0.081717   1.611309
*   24  0.27838399    7.575214  174.688736      -3.134010   3.490084  -2.076729
    25  0.24531338    6.675317  153.936600      -3.015964   0.304911  -0.948052
    26  0.27735011    7.547080  174.039965      -2.789305   4.428374   0.400355
    27  0.25964730    7.065362  162.931276      -2.342047   3.026789  -0.600607
    28  0.18195057    4.951127  114.175802      -2.195261  -1.106474   0.434918
    29  0.07029567    1.912842   44.111235      -1.888621  -2.558699  -2.030186
    30  0.14209490    3.866599   89.165972      -1.661081  -2.175736   2.800135
    31  0.14213993    3.867824   89.194230      -1.300954  -1.529046   0.811309
    32  0.22337685    6.078393  140.171205      -1.311707   5.053192   0.419874
    33  0.18204842    4.953789  114.237201      -1.217011  -0.135246  -0.300222
    34  0.14358209    3.907067   90.099195      -0.357633  -0.628527   2.081935
    35  0.18518007    5.039006  116.202343      -0.354696   0.991228   0.695246
    36  0.07478641    2.035042   46.929222      -0.281435  -3.433087   2.884358
    37  0.25176676    6.850922  157.986158      -0.239323   6.227824   0.666388
    38  0.25859781    7.036804  162.272711       0.054240   3.129920  -0.901598
    39  0.24448918    6.652889  153.419402       0.158785   2.835462   0.669157
    40  0.16684072    4.539967  104.694218       0.720636  -2.421042   0.180547
    41  0.15243197    4.147885   95.652584       0.686115  -0.867783  -0.917374
    42  0.19890853    5.412576  124.817094       0.966376   5.365584  -0.375358
    43  0.19010640    5.173058  119.293666       1.032362  -4.038462  -0.696734
    44  0.19448460    5.292195  122.041033       1.010500   6.963681  -0.733956
    45  0.20550388    5.592045  128.955742       1.138319   1.804567  -1.505665
    46  0.19230140    5.232787  120.671053       1.155405   5.015352   1.013841
    47  0.18820241    5.121248  118.098896       1.229899   6.178552   2.072764
    48  0.18089586    4.922427  113.513959       1.388258   1.116270   0.178500
    49  0.13192058    3.589741   82.781481       1.428638  -1.458425   1.419367
    50  0.14532933    3.954612   91.195605       1.453317   0.053431   0.266631
    51  0.13212126    3.595202   82.907409       1.540255  -2.427573   1.001807
    52  0.17184568    4.676159  107.834884       1.864235  -5.666704   1.210148
    53  0.17253369    4.694880  108.266616       1.869404  -2.330546  -1.596696
    54  0.13224629    3.598605   82.985871       1.865073   7.432723   0.816378
    55  0.06438638    1.752042   40.403097       1.921337   1.541399   2.825434
    56  0.18431959    5.015591  115.662387       1.898623   5.495776  -2.478787
    57  0.19390657    5.276466  121.678313       2.241301  -5.374396  -1.322936
    58  0.17177695    4.674288  107.791753       2.181972  -4.030283  -0.871325
    59  0.13874541    3.775455   87.064133       2.447374  -2.691395   0.861877
    60  0.16786474    4.567832  105.336806       2.552842   4.187206   2.724076
    61  0.14900352    4.054592   93.501199       2.701193   6.153905  -0.897609
    62  0.21032421    5.723213  131.980544       2.701625   3.248704  -0.488741
    63  0.14395224    3.917140   90.331468       3.090215   5.500597   1.490611
    64  0.15683700    4.267752   98.416788       3.166935  -3.929071   3.554547
    65  0.13670432    3.719914   85.783327       3.232557  -1.890953   0.308726
    66  0.16153222    4.395515  101.363084       3.763508   3.146237  -2.058580
    67  0.12148655    3.305817   76.234024       3.743491   4.957551  -2.552101
    68  0.15248540    4.149339   95.686113       3.729985   5.613942   0.152874
    69  0.14075584    3.830161   88.325699       3.873505  -5.626616  -1.559854
    70  0.17529672    4.770066  110.000445       3.950908   7.063419   0.522815
    71  0.15524089    4.224319   97.415210       4.108785   2.399684   0.682627
    72  0.13568896    3.692284   85.146177       4.147207   4.431064  -0.233554
    73  0.15900396    4.326718   99.776574       4.390369  -0.338623   0.148708
    74  0.11219810    3.053066   70.405432       4.419336   3.781756   2.018924
    75  0.14282407    3.886441   89.623531       4.653176  -3.122606  -1.723410
    76  0.14300017    3.891233   89.734039       4.820674  -3.621838  -0.205423
    77  0.17053290    4.640436  107.011098       4.705946   6.039371  -1.140341
    78  0.16743210    4.556059  105.065315       4.988375   5.408669   1.115991
    79  0.17973870    4.890939  112.787830       5.301589  -6.464583  -1.963509
    80  0.12543200    3.413178   78.709833       5.719891  -1.128660  -0.370981
    81  0.13503895    3.674597   84.738294       6.389377  -5.150196  -1.712040
    82  0.11208810    3.050072   70.336403       6.389377  -3.641579  -2.547828
    83  0.11190391    3.045060   70.220822       6.703381  -4.274262  -0.185193
    84  0.13323692    3.625561   83.607497       7.246408  -2.916842  -1.128586
    85  0.17502840    4.762765  109.832070       7.358221  -1.349792  -0.610899
    86  0.17960872    4.887402  112.706269       7.844614  -4.384614  -1.639116
