 Number of surface minima:    69
   #       a.u.         eV      kcal/mol           X/Y/Z coordinate(Angstrom)
     1  0.10436613    2.839947   65.490790      -6.728238   1.818931   0.046894
     2  0.11069941    3.012284   69.464988      -6.306040   2.529081  -1.594621
     3  0.16350810    4.449282  102.602970      -5.049227  -0.317617  -2.584137
     4  0.08366514    2.276644   52.500712      -5.036770   1.518277   2.281640
     5  0.15905399    4.328079   99.807971      -4.462905  -3.105591  -1.603606
     6  0.17126782    4.660434  107.472268      -4.420707  -1.928329  -3.431751
     7  0.13558559    3.689471   85.081312      -4.161348  -2.047237  -0.666036
     8  0.15877837    4.320579   99.635013      -4.115493  -0.724294  -2.956130
     9  0.13305402    3.620584   83.492729      -4.112302  -1.119839  -0.087976
    10  0.16418100    4.467592  103.025220      -4.000462   0.074252  -2.461493
    11  0.11455220    3.117124   71.882649      -3.947418   3.509124  -1.881884
    12  0.06290099    1.711623   39.470997      -3.606171   0.404285   2.031308
    13  0.08234357    2.240683   51.671415      -3.593895   2.338120   2.172419
    14  0.14391351    3.916086   90.307169      -3.076734  -2.696784  -1.023970
    15  0.16892831    4.596773  106.004201      -3.099446  -1.385765  -3.304693
    16  0.11095404    3.019213   69.624770      -2.925510   3.409492   0.060031
    17  0.12965890    3.528198   81.362257      -2.611528  -0.920300   0.311483
    18  0.10021823    2.727077   62.887942      -2.495857   1.155881   0.840660
    19  0.18940353    5.153932  118.852609      -2.279371   0.607241  -1.808251
    20  0.14270504    3.883202   89.548843      -2.139005  -2.419187  -0.753617
    21  0.12937499    3.520472   81.184098      -2.235282   2.895598  -1.805226
    22  0.06879686    1.872058   43.170720      -2.018700   2.450922   2.031243
    23  0.08174416    2.224372   51.295275      -1.959792   0.657496   2.855362
    24  0.06819830    1.855770   42.795118      -1.848071   1.570956   0.587188
    25 -0.00484526   -0.131846   -3.040447      -1.617493  -1.779391   3.492322
    26  0.04962056    1.350244   31.137398      -0.695696   4.011167   2.755356
    27  0.02401116    0.653377   15.067244      -0.514813  -2.792413   1.105248
*   28 -0.01113578   -0.303020   -6.987814      -0.365137  -1.452089   4.081694
    29  0.11106814    3.022318   69.696371      -0.382914   2.763552   0.359676
    30  0.18707165    5.090479  117.389333       0.124550  -2.389852  -2.809313
    31  0.19696251    5.359623  123.595947       0.081784   0.308443  -3.267128
    32  0.18569465    5.053008  116.525252       0.197776   0.148791  -1.948925
    33  0.03716584    1.011334   23.321935       0.349741   1.918147   3.081842
    34  0.17886434    4.867146  112.239162       1.018729  -2.312198  -3.394903
    35  0.10653062    2.898846   66.849030       0.908641   2.724969   1.504292
    36  0.18472886    5.026728  115.919207       1.148657   0.201250  -2.602571
    37  0.08709725    2.370037   54.654394       1.742010  -5.033597   1.502131
    38  0.06776610    1.844009   42.523905       1.929261  -3.644552   2.657508
    39  0.04849153    1.319522   30.428920       1.850879   0.487216   1.777957
    40  0.17047046    4.638737  106.971917       2.056624  -3.016475  -1.946573
    41  0.16841796    4.582886  105.683952       2.012211  -2.646687  -2.933854
    42  0.18551122    5.048017  116.410143       2.203194  -1.969502  -4.075790
    43  0.12891689    3.508007   80.896639       2.318618   3.587083  -0.139735
    44  0.11558848    3.145323   72.532928       2.458485  -0.452785   1.097406
    45  0.17174536    4.673429  107.771933       2.487261  -0.193926  -2.068632
    46  0.18892801    5.140992  118.554213       2.541617  -0.000572  -3.330508
    47  0.16976151    4.619446  106.527047       2.671108  -0.664848  -0.952014
    48  0.12326954    3.354335   77.352869       2.760519   3.010367   0.738785
    49  0.14646744    3.985582   91.909786       3.015323   1.682900  -1.791101
    50  0.17276548    4.701188  108.412068       3.162553  -2.812926  -2.451466
    51  0.07822946    2.128732   49.089769       3.116487  -1.663837   2.512299
    52  0.11816915    3.215546   74.152323       3.020747   4.447421  -0.874325
    53  0.12400432    3.374329   77.813953       3.426558   2.213868   1.643603
    54  0.17585406    4.785232  110.350180       3.510453  -0.791882  -1.608226
    55  0.13059779    3.553747   81.951418       3.665733   2.419295  -2.491812
    56  0.10818655    2.943906   67.888144       3.798315  -5.096420  -0.351643
    57  0.11468503    3.120738   71.966005       3.950788   4.597568  -0.716782
    58  0.10917757    2.970873   68.510015       4.066899   3.187489   1.048201
    59  0.14247227    3.876868   89.402774       4.331487   0.691132   0.425469
    60  0.13752123    3.742143   86.295944       4.203143   3.381183  -3.121718
    61  0.11280550    3.069594   70.786580       4.473952   3.915207   0.316297
    62  0.12446154    3.386771   78.100860       4.703265   1.225956  -0.623178
    63  0.12482755    3.396730   78.330538       4.610047   2.596438  -2.328428
    64  0.10625146    2.891249   66.673853       4.979244  -1.526007   1.360599
    65  0.11393002    3.100194   71.492227       5.208717  -3.779369  -0.114840
    66  0.12357932    3.362764   77.547256       5.257547   1.996931  -1.333005
    67  0.13022742    3.543668   81.719006       5.320350   4.630281  -0.551775
    68  0.13168635    3.583368   82.634500       5.786725   1.575049  -0.299650
    69  0.13642663    3.712357   85.609073       5.926984   2.994063  -1.924733
 
 Number of surface maxima:    81
   #       a.u.         eV      kcal/mol           X/Y/Z coordinate(Angstrom)
     1  0.12273645    3.339829   77.018347      -6.838979   1.643278  -1.302039
     2  0.17424857    4.741545  109.342720      -6.648940   0.069472  -0.170530
     3  0.22730641    6.185322  142.637045      -6.199077  -0.683937  -1.640773
     4  0.16862129    4.588419  105.811543      -6.093276   3.278464  -0.330612
     5  0.18429971    5.015050  115.649914      -5.712058   1.268610  -2.716651
     6  0.12882372    3.505472   80.838176      -5.586371   1.527834   0.571816
     7  0.18955608    5.158083  118.948335      -5.218733  -1.788442  -2.348281
     8  0.14408714    3.920811   90.416123      -5.245068   0.047543   1.761568
     9  0.17782507    4.838866  111.587013      -5.003337  -0.036394  -0.482283
    10  0.15334296    4.172674   96.224238      -5.026430   3.112241   1.522124
    11  0.23382360    6.362664  146.726648      -4.901671  -3.221831  -3.102718
    12  0.14469285    3.937293   90.796213      -4.664525   2.653147  -0.015317
    13  0.14407259    3.920414   90.406990      -4.641221   2.330487  -1.652765
    14  0.09191254    2.501067   57.676039      -4.238392   1.680425   2.467036
    15  0.17073795    4.646016  107.139774      -4.267642   4.124167  -0.502335
    16  0.05645115    1.536114   35.423659      -3.585467  -1.901864   2.440724
    17  0.12931077    3.518725   81.143803      -3.462722   2.600507   0.453073
    18  0.20042654    5.453883  125.769656      -3.195324  -3.086425  -2.984671
    19  0.18986985    5.166621  119.145231      -3.203901   2.216939  -2.856565
    20  0.21582491    5.872895  135.432291      -3.064019  -1.530934  -0.859739
    21  0.23675436    6.442414  148.565730      -2.915519  -0.591999  -2.147190
    22  0.17046774    4.638663  106.970213      -2.924175   0.350704   0.339728
    23  0.13318864    3.624247   83.577200      -2.669247   3.526956  -1.529139
    24  0.19671006    5.352753  123.437529      -2.536153   1.021275  -1.264502
    25  0.12137516    3.302786   76.164128      -2.357554   0.995532   1.661851
    26  0.13097128    3.563910   82.185788      -2.018639   0.406337   1.471662
    27  0.14721885    4.006029   92.381298      -1.752622   1.393949   4.008092
    28  0.25544749    6.951080  160.295856      -1.613825  -3.484546  -3.243964
    29  0.17815285    4.847786  111.792694      -1.492953  -1.005191   0.176454
    30  0.18070192    4.917149  113.392260      -1.523872   2.707443  -0.502643
    31  0.11221105    3.053418   70.413555      -1.073755  -0.047959   2.980873
    32  0.08955817    2.437002   56.198644      -1.221149   2.843068   3.077172
    33  0.19068799    5.188884  119.658620      -1.161065   4.699773   0.110702
    34  0.23278300    6.334348  146.073662      -1.046876  -1.497577  -2.950172
    35  0.23423896    6.373966  146.987290      -1.088019  -0.589323  -2.726399
*   36  0.26986941    7.343520  169.345751      -0.699762  -0.450717  -4.320630
    37  0.11994032    3.263742   75.263752      -0.446594  -1.674849   2.023083
    38  0.19572571    5.325967  122.819839      -0.314991   1.219193   0.693547
    39  0.23878463    6.497660  149.839742      -0.109564   2.053887  -1.351389
    40  0.20833882    5.669188  130.734691       0.072692  -0.367335  -0.229373
    41  0.10151839    2.762456   63.703806       0.703385  -2.973297   2.428191
    42  0.11248379    3.060839   70.584700       0.737262   0.725093   2.151386
    43  0.21953954    5.973975  137.763255       0.926268  -0.559543  -4.143169
    44  0.16357163    4.451011  102.642836       0.925022  -4.671847  -0.039747
    45  0.24588994    6.691005  154.298394       0.997695  -2.235171  -1.993160
    46  0.23285881    6.336410  146.121230       0.964031   3.345331  -2.526797
    47  0.14829721    4.035372   93.057983       1.042919  -0.720094   1.248123
    48  0.21201558    5.769237  133.041897       1.193105   2.211039  -1.490110
    49  0.24447892    6.652610  153.412966       1.299073  -0.709812  -1.531906
    50  0.22853548    6.218767  143.408300       1.313772   0.647229  -1.095175
    51  0.09054200    2.463773   56.816013       1.361505  -4.620336   1.899014
    52  0.16551468    4.503883  103.862115       1.353255   2.250718   0.905196
    53  0.18628320    5.069024  116.894569       1.615649  -1.323424   0.373824
    54  0.18139658    4.936052  113.828168       1.619331   4.501208   1.700449
    55  0.03908474    1.063550   24.526067       1.713238  -1.244333   4.293842
    56  0.16357000    4.450966  102.641812       2.184299   1.776971   0.924192
    57  0.25428388    6.919416  159.565680       2.611661  -0.695904  -4.665937
    58  0.18404102    5.008011  115.487579       2.851285  -4.702288  -1.721702
    59  0.13304874    3.620440   83.489415       2.851838  -0.231742   1.891986
    60  0.18046801    4.910784  113.245482       2.934967  -2.973297  -1.672932
    61  0.20958484    5.703093  131.516580       3.175670  -1.236747  -3.260464
    62  0.14946115    4.067045   93.788369       3.294640  -4.678110   2.041399
    63  0.16987975    4.622663  106.601241       3.422507   3.411627  -0.315192
    64  0.20037500    5.452481  125.737319       3.444718  -1.902395  -0.855923
    65  0.14017412    3.814332   87.960662       3.650563  -3.381952   1.191012
    66  0.19127642    5.204896  120.027867       3.681433   0.750215   1.762468
    67  0.20547216    5.591182  128.935837       3.820461   4.832067  -3.357856
    68  0.17888127    4.867607  112.249787       3.811766   2.180701  -1.279826
    69  0.24621623    6.699884  154.503143       4.331487  -1.864094  -2.283555
    70  0.18615943    5.065656  116.816902       4.596076  -0.724294  -0.157359
    71  0.16744932    4.556528  105.076124       4.646445  -4.693123   0.891028
    72  0.12814469    3.486994   80.412072       4.728370  -4.349588  -1.064809
    73  0.15701679    4.272644   98.529608       4.712704  -2.708708   2.246578
    74  0.19734642    5.370069  123.836852       4.695483  -2.449698  -1.533107
    75  0.15458349    4.206431   97.002688       4.885531   1.538827   0.994559
    76  0.15909009    4.329061   99.830620       4.932339   4.374564  -2.262729
    77  0.13344178    3.631136   83.736054       5.545808   1.562181  -0.577106
    78  0.14002252    3.810207   87.865533       5.508941   2.693742  -1.991111
    79  0.15551682    4.231828   97.588360       6.115029   3.175957  -0.418568
    80  0.19618890    5.338571  123.110495       6.393175   2.173733   0.950485
    81  0.19959815    5.431342  125.249833       6.483617   4.326135  -1.517438
