 Number of surface minima:    59
   #       a.u.         eV      kcal/mol           X/Y/Z coordinate(Angstrom)
     1  0.13036819    3.547499   81.807342      -7.785349  -0.102277  -1.933465
     2  0.11766002    3.201692   73.832841      -7.227137  -0.764930  -0.745846
     3  0.11514056    3.133134   72.251856      -6.838001   0.335687  -1.230913
     4  0.10681985    2.906716   67.030521      -6.698708  -1.431322   0.160328
     5  0.12846686    3.495761   80.614240      -6.586334  -1.200280  -3.458104
     6  0.11439796    3.112927   71.785866      -5.897479  -2.073368  -2.585688
     7  0.11123522    3.026864   69.801214      -5.495582  -1.018927  -3.104892
     8  0.10209936    2.778265   64.068368      -5.396293  -2.786455  -1.739188
     9  0.11537643    3.139552   72.399864      -4.429705  -2.458790  -1.247210
    10  0.15872711    4.319184   99.602846      -3.733868   1.398247   0.228530
    11  0.12661020    3.445239   79.449169      -3.379216  -2.065398  -0.733550
    12  0.14217359    3.868740   89.215347      -3.401042  -0.254112  -2.095560
    13  0.13340285    3.630076   83.711620      -2.211960   0.114301  -1.568703
    14  0.02610773    0.710428   16.382864      -1.940539  -2.628388   2.152799
    15  0.00537103    0.146153    3.370373      -1.521385  -1.309004   2.463794
    16  0.16618823    4.522212  104.284776      -1.544770   2.791248  -1.279411
    17  0.14165916    3.854742   88.892539      -1.310154   2.117085   1.309701
    18  0.15090465    4.106324   94.694174      -0.913437   3.438242   1.432641
    19  0.03254584    0.885617   20.422837      -0.699343  -1.838181  -1.896423
    20  0.12277315    3.340827   77.041381      -0.646962   6.216679  -0.814983
    21 -0.00601617   -0.163708   -3.775205      -0.355580  -3.762168   0.431754
    22  0.03404211    0.926333   21.361763      -0.415548  -0.575206  -1.552660
    23  0.11785331    3.206952   73.954131      -0.213350   5.711352   1.768277
    24  0.13699547    3.727836   85.966026      -0.314397   7.290126  -0.453123
    25  0.13437152    3.656435   84.319471       0.015036   6.884027   1.713417
*   26 -0.01512311   -0.411521   -9.489902       0.095175  -3.901018   1.676275
    27  0.12727396    3.463301   79.865686       0.607282   6.398282  -0.972556
    28  0.12317880    3.351866   77.295930       1.027543   5.834889   1.550289
    29 -0.00993264   -0.270281   -6.232832       1.157338  -1.912795   3.664498
    30  0.13224456    3.598558   82.984787       1.372400  -0.782242  -1.151334
    31  0.11934081    3.247429   74.887555       1.487235   5.565688  -1.303589
    32  0.01736582    0.472548   10.897228       1.641551  -0.625461   3.071405
    33  0.08158167    2.219950   51.193314       1.494872   1.742141   1.762768
    34  0.09422158    2.563900   59.124982       1.871272   0.798392   0.795022
    35  0.13462521    3.663338   84.478664       1.925588   6.628654  -0.964432
    36  0.11476171    3.122825   72.014122       1.945055   5.068569   1.277152
    37  0.10307007    2.804679   64.677502       2.259451   0.657977  -1.711959
    38  0.01665416    0.453183   10.450654       2.532179  -2.117044   1.444798
    39  0.03816266    1.038459   23.947449       2.790424   1.548588   3.421640
    40  0.09327715    2.538200   58.532346       2.943543   0.831419   0.149746
    41  0.05016818    1.365146   31.481033       3.263619  -0.456588   1.638118
    42  0.10561971    2.874059   66.277426       3.978287  -3.213767  -1.565828
    43  0.09984185    2.716835   62.651761       4.246362  -3.208768  -0.506868
    44  0.10355005    2.817740   64.978693       4.463180  -2.972664   0.828637
    45  0.11486509    3.125638   72.078994       4.539309  -0.852616   0.854700
    46  0.12530448    3.409708   78.629816       4.567055  -0.610421  -0.339597
    47  0.13595258    3.699458   85.311605       4.552855  -0.644290  -1.677257
    48  0.09920316    2.699455   62.250976       4.963030  -3.388630  -2.454921
    49  0.11942121    3.249616   74.938004       5.346149  -0.762062  -2.731754
    50  0.09100775    2.476447   57.108273       5.494267  -3.385903  -0.071762
    51  0.09907841    2.696061   62.172690       5.899712  -3.506293  -2.180982
    52  0.10890459    2.963445   68.338720       5.878453  -0.757365  -0.084000
    53  0.09751354    2.653478   61.190720       6.185066  -3.499782  -0.862345
    54  0.12440178    3.385145   78.063363       6.180370  -1.123180  -3.537075
    55  0.11426573    3.109329   71.702885       6.419246  -0.908069  -2.328515
    56  0.11259212    3.063787   70.652680       6.668657  -0.894310  -0.879974
    57  0.11754638    3.198600   73.761529       6.896559  -1.087118   0.290229
    58  0.11837655    3.221190   74.282472       7.317489  -3.475393  -1.710323
    59  0.12611078    3.431649   79.135773       7.700874  -1.310717  -1.826379
 
 Number of surface maxima:    70
   #       a.u.         eV      kcal/mol           X/Y/Z coordinate(Angstrom)
     1  0.19313268    5.255408  121.192690      -7.976848  -3.147932  -1.385498
     2  0.19881845    5.410125  124.760564      -7.990865  -0.628078  -3.366996
     3  0.15334300    4.172675   96.224268      -7.698767  -1.772887  -2.148837
     4  0.14881539    4.049473   93.383148      -6.594260  -3.076364  -0.374476
     5  0.16208656    4.410600  101.710935      -6.608053   0.405855  -3.034193
     6  0.17711202    4.819463  111.139567      -5.911941  -0.580315  -0.691677
     7  0.18911781    5.146157  118.673318      -5.584571  -3.627520   0.696343
     8  0.21916076    5.963668  137.525569      -5.539242   1.683522  -3.140192
     9  0.17339404    4.718292  108.806497      -5.118175  -1.389642  -1.765593
    10  0.16733900    4.553526  105.006897      -4.654975  -2.036452   0.960931
    11  0.20090946    5.467024  126.072693      -4.520860   1.272726  -2.081838
    12  0.16310068    4.438195  102.347308      -4.184641  -2.625716   0.304719
    13  0.22618405    6.154781  141.932754      -3.754965   0.146234   0.299460
    14  0.25085268    6.826049  157.412565      -3.429218   2.463588  -2.145780
    15  0.22506218    6.124253  141.228767      -3.264898  -4.746243   3.344008
    16  0.25104292    6.831225  157.531941      -3.393363   3.588725   0.431852
    17  0.21469177    5.842060  134.721230      -3.001466  -0.570164  -0.813820
    18  0.21684065    5.900534  136.069676      -2.757736   2.262942  -0.517768
    19  0.22212940    6.044448  139.388419      -2.670346   5.834889   0.828637
    20  0.18634089    5.070593  116.930771      -2.438460   1.228962   1.004995
    21  0.20453887    5.565786  128.350187      -2.196582   4.369865   0.441593
    22  0.14038692    3.820122   88.094198      -1.943112  -1.746349   0.676419
    23  0.16709121    4.546783  104.851407      -1.276595   6.752505   0.698896
    24  0.05481380    1.491559   34.396208      -1.039129  -3.476297  -1.603244
    25  0.15277763    4.157291   95.869491      -1.144110  -0.771487  -0.080824
    26  0.10395146    2.828663   65.230583      -0.942577  -2.028295   1.193722
    27  0.23536895    6.404715  147.696368      -0.360731   2.791352  -0.894623
    28  0.12942289    3.521776   81.214160      -0.223286  -0.752459   2.339516
    29  0.16413121    4.466237  102.993975      -0.209897   1.326679   2.936542
    30  0.20447627    5.564082  128.310904      -0.185138   8.133255   0.857002
    31  0.17482229    4.757156  109.702734      -0.218002   0.557701   0.840449
    32  0.22776223    6.197725  142.923077      -0.180356   2.550614   0.606978
    33  0.18768605    5.107197  117.774874       0.301890   5.049613  -0.634904
    34  0.02644296    0.719550   16.593221       0.466101  -3.635282   3.606817
    35  0.18389376    5.004004  115.395174       0.541319   4.765362   0.911420
    36  0.18326388    4.986864  114.999917       0.858918   1.382903  -1.506640
    37  0.10087831    2.745038   63.302148       0.967363  -2.569662   0.595071
    38  0.16702069    4.544864  104.807154       0.966136  -1.178627  -0.628146
    39  0.16151668    4.395092  101.353334       1.158553   7.349022   0.460118
    40  0.17093097    4.651268  107.260896       1.309342   0.939999   0.112262
    41  0.14798325    4.026829   92.860970       1.489120  -0.119996   0.317322
    42  0.19747498    5.373567  123.917525       1.608799  -1.451863  -2.384246
    43  0.10756779    2.927068   67.499865       1.648619  -1.427201   1.765194
    44  0.19022980    5.176416  119.371102       1.972790   3.268370  -1.023483
    45  0.18948496    5.156148  118.903710       2.184315   3.082435   0.049936
    46  0.16730290    4.552543  104.984241       2.342839  -2.844003  -0.998480
    47  0.18035073    4.907593  113.171889       2.795294  -0.424123  -1.168771
    48  0.20335514    5.533575  127.607386       2.777401   7.269022   0.161375
    49  0.18263649    4.969792  114.606222       2.951777  -1.374047  -2.214132
    50  0.11708330    3.185999   73.470941       2.829892   1.608535   1.366353
    51  0.16372586    4.455207  102.739613       2.830417   5.579110  -0.221656
    52  0.20542244    5.589829  128.904637       3.121919  -1.812990  -3.785603
    53  0.13703060    3.728792   85.988070       3.358319  -2.378044   0.190897
    54  0.21164539    5.759164  132.809598       3.537943   4.160787  -0.456064
    55  0.17124910    4.659925  107.460523       4.565857  -1.816893   1.789496
    56  0.18242945    4.964158  114.476303       4.415095   2.138333   1.230628
    57  0.15379753    4.185044   96.509485       4.669520  -1.972058  -3.796696
    58  0.12786317    3.479334   80.235420       4.811934  -0.636869   0.041254
    59  0.15988323    4.350644  100.328325       4.746257   0.013939   3.587488
    60  0.15132985    4.117895   94.960995       5.226951  -2.859801  -1.395212
*   61  0.26972043    7.339466  169.252266       5.088191   1.076824  -1.542800
    62  0.16575945    4.510544  104.015712       5.381468  -1.260611  -1.395933
    63  0.13762578    3.744988   86.361554       5.967122  -1.980686   1.049445
    64  0.19165502    5.215198  120.265439       6.222421  -2.247663  -4.516687
    65  0.11968915    3.256907   75.106140       6.930216  -3.545601  -1.809696
    66  0.14677875    3.994053   92.105134       7.130061  -2.235064  -3.063031
    67  0.12970721    3.529513   81.392573       7.293273  -1.102450  -1.829901
    68  0.18407830    5.009025  115.510977       7.531788  -2.260568   1.042935
    69  0.14380270    3.913070   90.237631       7.687411  -2.241000  -0.645797
    70  0.18947096    5.155767  118.894924       8.470453  -2.510223  -2.107872
