 Number of surface minima:    70
   #       a.u.         eV      kcal/mol           X/Y/Z coordinate(Angstrom)
     1  0.10982184    2.988404   68.914304      -8.375748   0.853298   0.332771
     2  0.11016171    2.997652   69.127572      -8.323770  -1.011352   1.523420
     3  0.08905542    2.423321   55.883164      -7.185099   0.726060  -0.391430
     4  0.09028454    2.456767   56.654455      -7.042493  -1.597475   0.881961
     5  0.09328805    2.538497   58.539187      -7.052170  -0.929678   2.053420
     6  0.09200471    2.503575   57.733876      -7.028087   1.367622   0.729654
     7  0.08298669    2.258183   52.074975      -6.384318   0.408655  -0.998596
     8  0.08475077    2.306186   53.181956      -6.281778  -1.901852   0.332771
     9  0.09601103    2.612593   60.247878      -6.126745  -0.729245   2.386683
    10  0.09407565    2.559929   59.033410      -6.094387   1.582556   1.058866
    11  0.09788378    2.663553   61.423049      -5.194978  -2.109345  -0.591764
    12  0.09730487    2.647800   61.059778      -5.218254  -1.627952   0.729654
    13  0.09635273    2.621891   60.462302      -5.279880  -0.216465  -1.651643
    14  0.09452043    2.572032   59.312518      -5.200716   0.647354  -0.586438
    15  0.10455056    2.844965   65.606523      -5.083843  -1.096489   1.655714
    16  0.10237337    2.785721   64.240311      -5.159219   1.185673   0.374237
    17  0.09990459    2.718542   62.691128      -4.223144  -1.037837  -1.122466
    18  0.08567364    2.331298   53.761068      -3.242385  -2.136345   1.204654
    19  0.01043335    0.283906    6.547030      -3.190152  -1.303524  -1.640557
    20  0.07842382    2.134021   49.211732      -3.018060   4.757619  -0.093909
    21  0.08860097    2.410955   55.597996      -2.554799   3.345638   2.228148
    22  0.05299365    1.442030   33.254042      -2.268529   1.742895  -1.509999
    23  0.00126203    0.034342    0.791935      -1.827388  -3.907866  -1.321115
    24  0.03637053    0.989693   22.822872      -1.785862  -3.184685   0.320059
    25  0.05673318    1.543788   35.600641      -1.628160  -3.429189   2.717836
    26  0.10359903    2.819073   65.009428      -1.694040   0.855782   0.002881
*   27 -0.01628728   -0.443199  -10.220428      -1.516508  -1.989390  -3.545889
    28 -0.00588993   -0.160273   -3.695988      -1.341028  -0.616197  -3.585807
    29  0.09864539    2.684278   61.900969      -1.428690   1.582556   1.941759
    30  0.07134785    1.941474   44.771489      -0.601537  -1.120433   1.777455
    31  0.06164794    1.677526   38.684700      -0.451793  -0.013186   1.633331
    32  0.13302667    3.619840   83.475568      -0.278638   2.662716  -1.613339
    33  0.01849913    0.503387   11.608386       0.310537  -3.851700  -1.680100
    34  0.17869265    4.862474  112.131426       0.353402   4.756073   0.199006
    35  0.17132055    4.661869  107.505361       0.389379   3.718226   0.773304
    36  0.16989796    4.623158  106.612666       0.969508  -1.217515   0.729654
    37  0.15386140    4.186782   96.549568       0.989415   3.162242  -2.057409
    38  0.01172535    0.319063    7.357774       1.117681  -1.787249  -2.375562
    39  0.17300754    4.707775  108.563963       1.566680  -0.264052   1.775645
    40  0.03245110    0.883039   20.363389       1.730984  -2.886712  -2.922222
    41  0.15401524    4.190968   96.646106       1.778988   1.248997  -1.588319
    42  0.15565784    4.235665   97.676848       1.875572   2.308686  -1.983867
    43  0.15748760    4.285455   98.825043       2.015946  -2.938237   1.258831
    44  0.17251755    4.694441  108.256486       2.340091  -0.931036   2.520180
    45  0.14505218    3.947070   91.021691       2.604679   0.788790   3.694752
    46  0.17035045    4.635471  106.896611       2.649083  -2.209576   2.361589
    47  0.17386490    4.731104  109.101963       2.967767  -3.591700   1.651574
    48  0.06027073    1.640050   37.820487       3.269058  -5.558126  -1.252268
    49  0.16021524    4.359678  100.536665       3.266151   1.420372   4.503533
    50  0.12981367    3.532410   81.459374       3.160198   3.972993  -2.972643
    51  0.15060465    4.098161   94.505926       3.321029   0.049902   4.301600
    52  0.14116623    3.841329   88.583224       3.686113  -1.182475   4.291946
    53  0.14126261    3.843951   88.643701       3.769084   4.955792  -0.593289
    54  0.13176608    3.585537   82.684533       3.927519   1.979413  -2.445439
    55  0.16624228    4.523683  104.318694       4.005995  -2.146116  -0.328700
    56  0.13885937    3.778556   87.135641       3.991566   3.101737  -2.842292
    57  0.14664778    3.990489   92.022947       4.122680   4.493030  -3.176412
    58  0.15596887    4.244129   97.872024       4.387222  -0.603730   5.095366
    59  0.17591562    4.786907  110.388809       4.462009  -3.056232   0.328642
    60  0.14791869    4.025072   92.820460       4.609202   2.921434  -0.035337
    61  0.18021976    4.904029  113.089701       4.636187  -1.545414   0.861949
    62  0.15249614    4.149631   95.692853       4.713896   1.444257   2.195259
    63  0.15071410    4.101139   94.574608       4.700425   3.944456  -0.474296
    64  0.15311528    4.166479   96.081372       4.781654   5.214767  -1.194495
    65  0.16388253    4.459470  102.837928       5.009122   2.017215   3.260157
    66  0.14940591    4.065542   93.753704       5.150724   2.306305  -2.647720
    67  0.15583969    4.240614   97.790963       5.397038   0.668286   2.846264
    68  0.14609620    3.975480   91.676825       5.695144  -0.486457   2.714069
    69  0.15826214    4.306532   99.311075       5.781567   3.171149  -0.725259
    70  0.15859375    4.315555   99.519165       6.076776  -0.113216   3.794805
 
 Number of surface maxima:    67
   #       a.u.         eV      kcal/mol           X/Y/Z coordinate(Angstrom)
     1  0.17902929    4.871635  112.342669      -9.362211   0.095198   1.126537
     2  0.13152684    3.579027   82.534408      -8.445110  -0.638215  -0.001179
     3  0.17130368    4.661410  107.494775      -8.150878  -1.487738  -1.443510
     4  0.13644937    3.712976   85.623346      -8.120385   0.538336   2.077033
     5  0.18432540    5.015749  115.666033      -7.291719   1.363870   3.421443
     6  0.12359863    3.363290   77.559379      -6.539528  -1.342114  -1.407416
     7  0.14336199    3.901078   89.961082      -6.147171  -0.833608   1.126537
     8  0.14345009    3.903475   90.016364      -6.111052   0.553524   0.332771
     9  0.15725280    4.279066   98.677707      -4.924939  -1.596253  -1.922978
    10  0.17158818    4.669152  107.673300      -4.116424  -3.548268   2.344502
    11  0.20430315    5.559371  128.202270      -4.127702   1.192856   2.981388
    12  0.14357931    3.906992   90.097455      -3.502322  -1.496492   0.719008
    13  0.16804033    4.572610  105.446986      -3.363821   1.029136   0.192920
    14  0.20563923    5.595728  129.040675      -2.876038   3.302382   0.597360
    15  0.19033218    5.179202  119.435343      -2.722880  -1.216863   4.011224
    16  0.20776962    5.653699  130.377513      -2.449899   0.515983   1.910277
    17  0.11440698    3.113172   71.791522      -2.098252  -2.062021  -0.430039
    18  0.10390916    2.827512   65.204035      -2.125384  -1.041887  -1.902608
    19  0.11370094    3.093960   71.348476      -2.049869   2.185030   2.581774
    20  0.03007798    0.818463   18.874232      -1.793924  -3.898843  -2.984855
    21  0.19011236    5.173220  119.297406      -1.604184  -0.516352   0.495356
    22  0.14513127    3.949223   91.071322      -1.641114   0.407724  -0.715225
    23  0.20620294    5.611067  129.394407      -1.554970   1.656324   0.301422
    24  0.22405050    6.096724  140.593928      -1.488218   3.441392  -0.969595
    25  0.20573442    5.598318  129.100405      -1.302636   1.644069  -0.134892
    26  0.06564238    1.786220   41.191248      -0.825802   1.605882  -3.382559
    27  0.23256382    6.328383  145.936124      -0.840711   3.697810   0.991467
    28  0.21676787    5.898554  136.024005      -0.538032   2.111733   1.054812
    29  0.11753681    3.198339   73.755522      -0.062311  -1.201566  -2.210981
    30  0.13539691    3.684337   84.962917      -0.040956  -2.388127  -0.725248
    31  0.24550000    6.680395  154.053702      -0.034373   5.434044  -0.980859
    32  0.17866387    4.861691  112.113364       0.511424   0.277290  -0.826420
    33  0.18807722    5.117841  118.020337       0.545784  -0.931036   0.200477
    34  0.19479404    5.300615  122.235206       0.876513  -3.032059   0.857155
    35  0.23062176    6.275537  144.717463       0.880484   2.109847  -1.129477
    36  0.20374906    5.544294  127.854571       1.271033  -2.653397  -0.335238
    37  0.25465811    6.929600  159.800512       1.246831   2.633678   0.319066
    38  0.21155096    5.756594  132.750344       1.300053   4.889188  -1.249841
    39  0.23417654    6.372268  146.948123       1.930578   1.165285   1.344647
    40  0.22815593    6.208439  143.170129       1.962717   6.112014  -1.899190
    41  0.24430947    6.647999  153.306634       2.163436  -1.343334   1.258831
    42  0.17658053    4.805001  110.806048       2.364089  -4.585691  -1.734352
    43  0.22086424    6.010022  138.594522       2.273854  -3.973805   0.266534
*   44  0.25494953    6.937530  159.983381       2.346863   2.649068   1.794472
    45  0.19895002    5.413705  124.843129       2.604679  -1.922404  -1.320068
    46  0.22844972    6.216433  143.354485       2.939310   0.594244  -0.655541
    47  0.23776594    6.469940  149.200502       3.030121   1.212474   0.484027
    48  0.19965133    5.432789  125.283208       3.107977   2.894497  -1.963738
    49  0.21037184    5.724509  132.010432       3.215252  -0.288836   3.110952
    50  0.25351403    6.898467  159.082586       3.311307  -1.018174   0.200477
    51  0.19743019    5.372349  123.889416       3.431191   2.308601   3.043231
    52  0.21172884    5.761435  132.861962       3.360488   3.428015  -0.482051
    53  0.17863741    4.860971  112.096762       3.511275   5.506170  -2.180820
    54  0.21823051    5.938354  136.941830       3.649792  -3.052533  -0.998883
    55  0.23010797    6.261556  144.395049       4.289662   2.583685   4.423516
    56  0.24631515    6.702576  154.565220       4.456800  -3.896026   1.523420
    57  0.21648589    5.890881  135.847063       4.364223  -2.650862   2.224610
    58  0.21714650    5.908857  136.261599       4.458512  -0.003437   2.184301
    59  0.24855522    6.763532  155.970887       4.597736   0.288377  -0.451435
    60  0.18602259    5.061932  116.731035       4.905193   0.972595   4.617699
    61  0.18971036    5.162281  119.045147       5.209257   1.568001  -1.140592
    62  0.21709861    5.907554  136.231549       5.193891   5.494710  -2.577703
    63  0.23263493    6.330318  145.980747       5.328790  -2.969520   3.375540
    64  0.18514287    5.037994  116.179000       5.373192  -1.438413   4.160235
    65  0.17865821    4.861537  112.109812       5.508553   3.961819  -2.031841
    66  0.22372831    6.087957  140.391751       5.824039  -0.247200   5.271957
    67  0.22236222    6.050784  139.534518       6.441214   2.572738  -1.852109
