 Number of surface minima:    63
   #       a.u.         eV      kcal/mol           X/Y/Z coordinate(Angstrom)
     1  0.13118256    3.569659   82.318367      -6.661387   0.262052   2.437098
     2  0.14460214    3.934824   90.739290      -6.266684  -1.665322   1.435784
     3  0.13872943    3.775020   87.054105      -5.700187  -0.408434  -0.532668
     4  0.11121902    3.026424   69.791050      -5.693336   1.143283   1.763307
     5  0.11300112    3.074917   70.909336      -5.377131   0.569350   2.863189
     6  0.12996025    3.536398   81.551353      -5.238238  -1.143189   0.502679
     7  0.10604216    2.885554   66.542516      -5.160926   1.677865   1.100123
     8  0.13130101    3.572882   82.392698      -4.844258  -1.677498   1.555901
     9  0.15641361    4.256231   98.151104      -4.849597  -3.308904   0.344490
    10  0.14496702    3.944753   90.968252      -4.716111  -2.092061   2.717406
    11  0.12730353    3.464105   79.884238      -4.608347  -0.565519  -0.235135
    12  0.14337173    3.901343   89.967195      -4.605517  -2.123783  -0.482053
    13  0.13396071    3.645256   84.061683      -4.462171  -1.305991  -1.248952
    14  0.11513882    3.133086   72.250758      -4.368878   0.616699   3.217234
    15  0.14407610    3.920510   90.409195      -4.185276   0.306969  -0.957637
    16  0.12021513    3.271220   75.436197      -4.207016   2.184102   0.159375
    17  0.15170621    4.128136   95.197167      -4.056976  -4.766335  -1.137970
    18  0.11651928    3.170651   73.117012      -3.917217   1.763818   1.425272
    19  0.14061546    3.826341   88.237605      -3.824567  -2.444947   0.428275
    20  0.13609825    3.703422   85.403015      -3.940547  -1.590506   1.774708
    21  0.13899540    3.782257   87.221001      -3.545544  -3.905837  -2.084200
    22  0.12217278    3.324490   76.664643      -3.558068   1.267022   2.414958
    23  0.12904572    3.511513   80.977482      -3.413250  -3.110326  -2.919695
    24  0.14207672    3.866104   89.154560      -3.540755  -0.527010   0.192016
    25  0.14771621    4.019562   92.693399      -3.173363  -0.966586   1.100758
    26  0.13707602    3.730028   86.016574      -2.817914  -4.368248  -1.134849
    27  0.02890679    0.786594   18.139298      -2.020453   2.316321  -0.870260
    28  0.09066559    2.467136   56.893565      -1.931340   2.929944   1.527019
    29  0.14436622    3.928405   90.591246      -1.693424   0.851604  -2.000534
    30  0.16606578    4.518880  104.207935      -1.572398  -2.800718  -1.988604
    31  0.02295071    0.624520   14.401798      -1.169499   4.238968   0.317643
    32  0.03466840    0.943375   21.754765      -0.793800   4.847689   2.691982
    33  0.09318261    2.535628   58.473018      -0.635070   2.211010   2.418381
    34  0.16926151    4.605840  106.213291      -0.508589  -4.106451   2.045468
    35  0.17141047    4.664316  107.561784      -0.354686  -0.627704   0.739168
    36  0.16629911    4.525229  104.354354       0.199018  -2.623051   2.623206
    37  0.18282066    4.974803  114.721794       0.323084  -2.455268  -1.206283
*   38 -0.02297970   -0.625309  -14.419990       0.489376   4.073969  -2.854675
    39  0.00572076    0.155670    3.589832       0.820168   1.188112  -2.931840
    40  0.16872973    4.591370  105.879596       0.952462  -3.908124   1.643332
    41  0.04050013    1.102065   25.414238       1.004106   3.464034   1.827270
    42  0.03978439    1.082588   24.965102       1.235537   2.123539   1.678372
    43  0.16277652    4.429374  102.143897       1.631474  -4.361981  -0.860381
    44 -0.01499807   -0.408118   -9.411440       1.903659   3.714407  -2.437758
    45  0.17476439    4.755581  109.666400       2.112045  -1.854657   1.185149
    46  0.14799543    4.027160   92.868611       2.307949  -3.173291  -2.318757
    47  0.18258614    4.968422  114.574631       2.562907  -3.291147   0.615718
    48  0.13636871    3.710781   85.572732       2.433663  -0.791100  -1.272518
    49  0.12308222    3.349237   77.235322       2.727453   1.110983  -0.341083
    50  0.16494480    4.488376  103.504509       2.936877   1.156723   2.239678
    51  0.15532392    4.226579   97.467312       3.201465  -4.417476  -1.157357
    52  0.12070805    3.284633   75.745507       3.345320   1.726933   0.197050
    53  0.15469848    4.209560   97.074843       4.106704  -1.457774   1.735475
    54  0.13085050    3.560623   82.110000       4.256386   0.661708  -0.201989
    55  0.12227225    3.327197   76.727061       5.593495  -2.895846   1.531286
    56  0.11590051    3.153813   72.728727       5.982161  -0.928194   2.436837
    57  0.11480521    3.124009   72.041419       6.127256  -1.851757  -0.873014
    58  0.12434655    3.383642   78.028702       6.272029  -1.982886   2.035362
    59  0.10693936    2.909968   67.105519       6.520797   0.140502   0.050035
    60  0.13584287    3.696472   85.242758       6.800124  -3.177600   1.433948
    61  0.11740246    3.194683   73.671216       6.749803  -0.986067  -0.341083
    62  0.12943092    3.521995   81.219199       7.165529  -0.930785   2.429131
    63  0.13167772    3.583133   82.629085       7.302589  -2.282389  -0.529929
 
 Number of surface maxima:    74
   #       a.u.         eV      kcal/mol           X/Y/Z coordinate(Angstrom)
     1  0.20390151    5.548442  127.950234      -7.382114  -1.060909   2.172598
     2  0.15999967    4.353812  100.401391      -6.746488  -0.276017   0.832293
     3  0.20034530    5.451673  125.718680      -6.816479   0.681272  -0.589347
     4  0.21537243    5.860582  135.148355      -5.946092  -2.917653  -2.604413
     5  0.16312054    4.438736  102.359770      -5.926842  -1.325479   2.884608
     6  0.14798823    4.026964   92.864093      -5.819283  -1.629931   1.238954
     7  0.17679019    4.810706  110.937615      -5.264179  -3.573621  -1.266457
     8  0.15668360    4.263578   98.320529      -5.199538   0.923524  -0.672134
     9  0.22105459    6.015201  138.713963      -5.118751  -4.760839  -0.061875
    10  0.20938453    5.697643  131.390884      -4.970493  -1.722362   4.210584
    11  0.17501534    4.762409  109.823874      -4.679910  -1.854657  -2.930686
    12  0.16624236    4.523685  104.318745      -4.476389   0.759043   1.886996
    13  0.17944622    4.882980  112.604298      -4.183209  -0.655489   1.149742
    14  0.19108069    5.199570  119.905041      -3.937561   1.723182  -1.256977
    15  0.22072893    6.006340  138.509608      -3.803304  -0.648688  -3.756875
    16  0.18581088    5.056171  116.598184      -3.623950  -4.314360   0.452683
    17  0.20174333    5.489715  126.595954      -3.280956  -1.930453  -0.681467
    18  0.17024679    4.632651  106.831561      -3.219652   3.733716   2.762990
    19  0.15530554    4.226079   97.455780      -2.877300   1.731089   0.459738
    20  0.19944250    5.427106  125.152164      -2.588686  -3.003266  -1.643377
    21  0.20813831    5.663731  130.608869      -2.487190  -0.607572  -2.854675
    22  0.24196138    6.584104  151.833186      -2.209927  -4.379569   1.400012
    23  0.15883073    4.322004   99.667873      -2.235414   2.067901   1.356573
    24  0.23220398    6.318592  145.710319      -1.865003  -0.674224   3.469240
    25  0.20652727    5.619893  129.597926      -1.825718  -0.192276   1.907920
    26  0.22532846    6.131499  141.395860      -1.845590   0.526641  -3.433531
    27  0.21451843    5.837343  134.612461      -1.621858  -2.811790   0.981860
    28  0.02907500    0.791171   18.244854      -1.634867   3.701704  -3.325295
    29  0.21748875    5.918170  136.476364      -1.402101  -0.218795   0.501014
    30  0.21321390    5.801845  133.793856      -1.297373  -3.574735   0.452916
    31  0.23550414    6.408393  147.781201      -1.427497  -2.780737   2.569207
    32  0.23544064    6.406666  147.741358      -1.166037  -0.785818  -0.466228
    33  0.09738142    2.649883   61.107814      -1.093025   2.907938  -0.473377
    34  0.16802037    4.572067  105.434460      -0.899658   0.839932  -1.639382
    35  0.22595528    6.148556  141.789199      -0.625048   0.274880   2.323015
    36  0.17760042    4.832753  111.446038      -0.656754   2.766159   4.390718
*   37  0.24228085    6.592797  152.033656      -0.512205  -1.764718  -1.548954
    38  0.17684783    4.812274  110.973784      -0.238781   1.845630   0.848694
    39  0.23094444    6.284318  144.919945      -0.000610  -4.807313   0.708959
    40  0.19222724    5.230769  120.624514      -0.084004   0.532955  -0.211738
    41  0.07466144    2.031641   46.850801      -0.001083   4.830371   1.713644
    42  0.17873183    4.863540  112.156012       0.291039  -3.703214   2.303038
    43  0.20033468    5.451384  125.712018       0.161571  -3.183038  -0.474524
    44  0.21088446    5.738458  132.332104       0.706000  -1.442923   1.005803
    45  0.10222595    2.781710   64.147809       0.713438   3.737618  -0.977936
    46  0.22598041    6.149240  141.804970       0.727483  -3.295783  -1.641772
    47  0.10264537    2.793123   64.410997       0.952462   2.114172  -2.108117
    48  0.20671060    5.624881  129.712966       0.986569  -0.778422   1.114155
    49  0.13315872    3.623433   83.558425       1.046552   5.274045   0.315811
    50  0.22488036    6.119306  141.114674       1.086030  -2.382132   0.057117
    51  0.20122358    5.475572  126.269809       1.349345  -1.882137  -1.200087
    52  0.23047785    6.271621  144.627154       1.553251  -2.396658   2.007813
    53  0.11238724    3.058212   70.524117       1.583298   2.637476   0.434338
    54  0.15457173    4.206111   96.995306       1.748302   1.188843  -0.606027
    55  0.16761374    4.561002  105.179299       2.240768  -4.382040  -1.431544
    56  0.22400534    6.095495  140.565591       2.558410  -4.642840   0.355854
    57  0.15033306    4.090770   94.335495       2.512783   1.667192   0.452683
    58  0.23450423    6.381185  147.153748       2.802000  -0.917704   1.110010
    59  0.21466034    5.841205  134.701511       3.201465  -0.297302  -0.264410
    60  0.22504333    6.123740  141.216941       3.567142   2.179576   1.841030
    61  0.20057087    5.457811  125.860227       3.656477  -3.177600  -0.018365
    62  0.20950663    5.700965  131.467508       3.790795  -3.514330  -2.193203
    63  0.19096502    5.196422  119.832458       3.995231  -2.786281  -0.881520
    64  0.04612884    1.255230   28.946307       3.895214   3.063732  -1.378590
    65  0.19558142    5.322041  122.729294       4.500011   1.047997   1.594077
    66  0.22430148    6.103554  140.751421       4.757934  -4.171661  -0.673673
    67  0.18386779    5.003297  115.378878       5.199553  -1.585194   1.377203
    68  0.17861706    4.860417  112.083990       5.514598  -0.928597  -0.012365
    69  0.20631069    5.613999  129.462023       5.948087   1.650398   2.105617
    70  0.16695560    4.543093  104.766311       6.167408  -3.519015  -0.021026
    71  0.15693433    4.270400   98.477859       6.916535   0.399728   1.778389
    72  0.20229821    5.504814  126.944147       7.774086  -3.442188   0.320389
    73  0.15728744    4.280009   98.699441       7.770577  -1.854657   0.952950
    74  0.19717712    5.365462  123.730615       8.413292  -0.492422   1.667682
