 Number of surface minima:    55
   #       a.u.         eV      kcal/mol           X/Y/Z coordinate(Angstrom)
     1  0.13598234    3.700268   85.330280      -6.808956   0.651918  -1.732995
     2  0.12499837    3.401379   78.437727      -6.809172  -0.869652  -0.484177
     3  0.12113364    3.296214   76.012572      -6.275115  -2.181106  -2.320067
     4  0.13040406    3.548475   81.829854      -6.130724  -0.440573  -3.504669
     5  0.11721800    3.189664   73.555464      -6.175780   0.045919  -0.754325
     6  0.11513047    3.132859   72.245521      -5.727615  -0.708017  -0.068969
     7  0.11026552    3.000477   69.192714      -5.505873  -1.405547  -2.876807
     8  0.12470928    3.393512   78.256322      -5.338540   1.027594  -1.245557
     9  0.10948006    2.979104   68.699835      -5.224585  -2.216400  -2.206913
    10  0.15259188    4.152236   95.752934      -4.987677   3.495955   0.302514
    11  0.11453692    3.116708   71.873066      -4.719800  -0.518486  -3.300282
    12  0.12873067    3.502940   80.779782      -4.532825  -0.682645   0.239799
    13  0.12730663    3.464190   79.886184      -4.408923   1.021310  -0.966721
    14  0.13894463    3.780876   87.189143      -4.174546   2.704616   0.184837
    15  0.14757640    4.015758   92.605668      -4.192037   4.683644   1.996949
    16  0.13621190    3.706514   85.474327      -4.000438   0.089768  -0.198715
    17  0.14931057    4.062947   93.693874      -3.956488   3.707723  -0.603598
    18  0.11859241    3.227064   74.417921      -3.833301  -2.122334  -1.861361
    19  0.15798351    4.298950   99.136232      -3.796981   4.949852  -1.278697
    20  0.11370462    3.094060   71.350788      -3.644088  -0.486560  -3.034525
    21  0.12052017    3.279521   75.627614      -3.237010  -1.334992  -2.264668
    22  0.13311363    3.622206   83.530134      -3.228034   4.177766   2.180486
    23  0.15339962    4.174216   96.259797      -3.008539   6.085774   0.444182
    24  0.14590028    3.970148   91.553883      -2.906526   3.963919  -1.331469
    25  0.14308173    3.893452   89.785215      -2.964577   5.090960   1.381796
    26  0.13952677    3.796717   87.554445      -1.936793   5.433830   0.667619
    27  0.08923497    2.428207   55.995837      -1.670124  -2.617597  -1.804339
    28  0.11685986    3.179919   73.330733      -1.517184  -1.203077   1.306899
    29  0.05717590    1.555835   35.878447      -1.384890  -0.384538   2.836053
    30  0.17975319    4.891333  112.796926      -1.008612   2.437533  -1.140740
    31  0.04021866    1.094405   25.237608      -0.723418  -5.047574  -2.008421
    32  0.02529640    0.688350   15.873745      -0.574275  -4.292938   0.451205
    33  0.06847415    1.863276   42.968212      -0.718592  -0.592271  -1.007179
    34  0.17645407    4.801559  110.726692      -0.200610   3.896649   0.848747
    35  0.16332076    4.444184  102.485408      -0.083687   1.509346  -1.039333
    36  0.00805441    0.219172    5.054225       0.343231  -0.447353   2.963000
*   37 -0.01589556   -0.432540   -9.974621       0.398298  -3.378163   3.164004
    38  0.04171105    1.135015   26.174099       0.393100  -2.961474  -1.794247
    39  0.17382798    4.730100  109.078798       0.837824   2.912350   1.056614
    40  0.02737935    0.745030   17.180815       1.061133  -1.725905  -1.729521
    41 -0.01257793   -0.342263   -7.892778       1.790174  -2.981280   2.886494
    42  0.06180805    1.681883   38.785172       2.342428  -2.439903  -1.381311
    43  0.17091730    4.650896  107.252317       2.447629   2.066460  -1.271874
    44  0.13540605    3.684586   84.968649       2.703930   1.112168   1.226420
    45  0.06191825    1.684881   38.854321       2.924779  -2.640440  -0.791936
    46  0.14738084    4.010437   92.482954       3.938626   1.283640   1.027748
    47  0.12538324    3.411851   78.679237       5.900587   2.594363  -1.668746
    48  0.11810791    3.213880   74.113892       6.131705   0.577204  -2.497119
    49  0.11747243    3.196587   73.715122       6.389814   1.649021   0.784280
    50  0.10967603    2.984437   68.822807       6.555802  -0.456076  -0.077373
    51  0.12747239    3.468700   79.990199       6.612354   1.649021  -2.131544
    52  0.12081031    3.287416   75.809676       6.932025   0.712254   0.291685
    53  0.13827886    3.762759   86.771369       7.238190   2.707375  -1.618533
    54  0.13186644    3.588268   82.747507       7.330499   0.452157  -2.480423
    55  0.13405120    3.647719   84.118469       7.588289   1.910311   0.439495
 
 Number of surface maxima:    67
   #       a.u.         eV      kcal/mol           X/Y/Z coordinate(Angstrom)
     1  0.19405146    5.280409  121.769232      -7.617730  -1.928635  -1.407769
     2  0.20110508    5.472347  126.195446      -7.149091   0.722961  -3.192736
     3  0.15406313    4.192271   96.676158      -7.044661  -0.578750  -2.174287
     4  0.15446310    4.203155   96.927142      -6.076502  -2.381120  -0.603598
     5  0.16207486    4.410281  101.703596      -5.551557   1.186594  -3.050440
     6  0.21832813    5.941010  137.003082      -5.568935   4.559495   1.248522
     7  0.20228130    5.504354  126.933541      -5.077149  -3.226759   0.312519
     8  0.17176482    4.673958  107.784142      -4.852021  -0.125603  -0.922985
     9  0.17900919    4.871088  112.330059      -4.620646   3.207000   1.777699
    10  0.16651612    4.531134  104.490529      -4.435785  -1.000545  -2.197459
    11  0.22316333    6.072583  140.037220      -4.311436   1.864118   2.571465
    12  0.17956669    4.886258  112.679891      -4.418953   5.227434   0.191719
    13  0.21278606    5.790203  133.525383      -4.192429   2.114208  -3.381779
    14  0.22177140    6.034707  139.163774      -3.766187   6.352005  -0.868187
    15  0.18183695    4.948035  114.104506      -3.749836  -2.444260   0.198918
    16  0.17419706    4.740143  109.310399      -3.302947  -5.031632  -1.132776
    17  0.19108327    5.199640  119.906662      -3.165426  -3.133883   0.839669
    18  0.17276412    4.701151  108.411215      -3.102028   1.255724  -2.321235
    19  0.19368251    5.270369  121.537710      -2.811911  -0.945943   0.902561
    20  0.21818176    5.937028  136.911235      -2.797865   1.281102   1.403615
    21  0.21038488    5.724864  132.018618      -2.772764   3.209963  -0.139353
    22  0.21374868    5.816397  134.129434      -2.413219   1.934896   2.342830
    23  0.21695547    5.903659  136.141727      -2.372718   0.661192   0.983933
    24  0.18665260    5.079076  117.126373      -2.299471   5.644074  -1.013046
    25  0.16520593    4.495482  103.668374      -2.178656  -0.895656  -1.325472
    26  0.20665670    5.623415  129.679148      -2.210023   4.012809   1.089895
    27  0.17557715    4.777697  110.176417      -2.068934  -3.378163  -3.562162
    28  0.03834081    1.043306   24.059242      -1.890618  -3.222315   3.381096
    29  0.22390091    6.092654  140.500059      -1.724075   0.912952  -1.764586
    30  0.20297377    5.523197  127.368067      -1.359260  -0.035594   1.268694
    31  0.15801075    4.299691   99.153326      -1.202127  -2.533928   0.480946
    32  0.21443531    5.835081  134.560300      -1.011455   1.641180   2.696104
    33  0.25416662    6.916225  159.492096      -0.978509   1.664850   0.064816
    34  0.24065420    6.548534  151.012917      -0.724860   5.354728  -1.664776
    35  0.25578899    6.960372  160.510148      -0.361521   2.436114   1.234262
    36  0.22464606    6.112930  140.967651      -0.344651   4.115241  -0.868187
    37  0.14376297    3.911989   90.212700      -0.225164  -1.670278  -0.786590
    38  0.17834648    4.853055  111.914202      -0.185607  -0.190906   0.191753
    39  0.08006697    2.178733   50.242827       0.202642  -4.653427  -1.349686
    40  0.09721131    2.645254   61.001069       0.709522  -3.285330   1.248522
    41  0.11057634    3.008935   69.387758       0.708116  -1.535106   2.266918
    42  0.20219918    5.502119  126.882005       1.122831   0.986112  -1.135492
*   43  0.26812617    7.296084  168.251851       1.070507   3.839829  -1.455559
    44  0.19503695    5.307225  122.387636       1.199283   1.751958   1.451397
    45  0.12320856    3.352675   77.314605       1.525585  -2.342265  -0.129415
    46  0.15758055    4.287985   98.883373       1.631053  -0.611949   0.671628
    47  0.23149675    6.299347  145.266523       1.659356   2.710360  -0.206598
    48  0.14394420    3.916921   90.326424       1.780204  -4.430462  -0.463974
    49  0.17238204    4.690754  108.171457       2.473761  -1.475193  -0.339010
    50  0.20865814    5.677877  130.935069       2.860654  -0.456564  -2.173534
    51  0.25895479    7.046518  162.496721       2.821792   3.725711   0.711716
    52  0.24242047    6.596596  152.121269       2.951911   0.987549  -1.182174
    53  0.22830410    6.212471  143.263109       3.266315   0.344706   0.220746
    54  0.09258325    2.519318   58.096913       3.531919  -2.668690  -2.159554
    55  0.04844856    1.318352   30.401959       3.749895  -2.326398   1.895811
    56  0.20949071    5.700532  131.457517       4.099393   3.032180   0.086906
    57  0.19771792    5.380178  124.069970       4.241648  -0.794394  -1.988659
    58  0.18981239    5.165058  119.109170       4.581462  -1.271536  -0.993178
    59  0.22590341    6.147144  141.756647       5.260349   4.069899   0.475929
    60  0.18777268    5.109555  117.829237       5.362156   1.252227  -1.529693
    61  0.18331203    4.988174  115.030133       5.651874   0.740825  -0.038434
    62  0.20277826    5.517877  127.245385       5.860548  -1.982919  -1.986535
    63  0.16911628    4.601888  106.122155       6.616312   3.236552  -0.103092
    64  0.15858158    4.315224   99.511525       6.949651  -0.804705  -1.771717
    65  0.16040706    4.364898  100.657031       8.022877   1.395107  -1.123045
    66  0.20511508    5.581465  128.711763       8.233508   2.961374  -0.496448
    67  0.19946019    5.427588  125.163266       8.537183  -0.002716  -1.726158
