 Number of surface minima:    71
   #       a.u.         eV      kcal/mol           X/Y/Z coordinate(Angstrom)
     1  0.07730675    2.103624   48.510762      -6.998462  -2.513343  -0.179565
     2  0.07983537    2.172431   50.097491      -6.873188  -3.505190  -0.848056
     3  0.08153590    2.218705   51.164591      -6.135364  -4.824808   1.347356
     4  0.07892526    2.147666   49.526390      -6.165214  -3.902073   1.938768
     5  0.07999693    2.176827   50.198877      -6.136506  -1.916191  -0.110647
     6  0.08523617    2.319394   53.486549      -5.964016  -3.727900  -1.303705
     7  0.08076413    2.197704   50.680298      -5.368096  -3.240601   2.079085
     8  0.06916274    1.882014   43.400314      -5.439627  -0.840061  -1.425674
     9  0.11259089    3.063754   70.651909      -5.353908   6.287119  -1.036899
    10  0.08962910    2.438932   56.243159      -5.281476  -5.092721   0.875950
    11  0.09082169    2.471384   56.991516      -5.189628  -2.160563  -0.597236
    12  0.09569276    2.603932   60.048164      -5.120674  -3.114347  -1.190535
    13  0.09401245    2.558209   58.993752      -4.833124   4.953940  -0.625248
    14  0.07160595    1.948497   44.933452      -4.768062   0.728228  -0.219944
    15  0.09072637    2.468790   56.931707      -4.537436   3.913723  -0.639522
    16  0.09265497    2.521270   58.141920      -4.398337   5.899313   0.142570
    17  0.11000410    2.993364   69.028671      -3.858589   2.743239  -0.642234
    18  0.11421840    3.108041   71.673189      -3.755075   6.820217  -2.477819
    19  0.09951579    2.707962   62.447152      -3.624596   3.770997   0.216515
    20  0.09162295    2.493187   57.494318      -3.715591   5.796711   0.813004
    21  0.07659043    2.084131   48.061259      -3.201491   0.349966  -3.249981
    22  0.10100880    2.748589   63.384034      -3.227714   4.564763   0.889642
    23  0.05417928    1.474293   33.998041      -3.034475   0.656878   0.680709
    24  0.09703725    2.640518   60.891846      -3.055893   5.530350  -2.494354
    25  0.16805465    4.573000  105.455975      -2.730203  -2.722721  -1.620753
    26  0.09512586    2.588506   59.692426      -2.705124   4.582381  -2.466427
    27  0.09590957    2.609832   60.184214      -2.698536   6.601750  -1.780309
    28  0.18096239    4.924237  113.555709      -2.303587  -4.960776  -0.775171
    29  0.16335492    4.445113  102.506844      -2.301653  -4.326358   1.287753
    30  0.17049544    4.639417  106.987594      -2.342839  -3.651136  -1.368483
    31  0.14957631    4.070178   93.860629      -2.333518  -2.986942   1.158533
    32  0.04751092    1.292838   29.813580      -2.318778   1.516720   0.008735
    33  0.11458508    3.118019   71.903286      -2.369979   3.241820  -2.229765
    34  0.09657831    2.628029   60.603854      -1.896746   6.424663  -1.036740
    35  0.10730452    2.919904   67.334658      -1.767646   4.304789  -1.566159
    36  0.17482567    4.757248  109.704858      -1.356742  -4.152334  -1.278284
    37  0.10816787    2.943398   67.876423      -1.392519   5.219202  -0.888436
    38  0.15309148    4.165831   96.066433      -1.225751  -3.359685   1.233706
    39  0.04252211    1.157086   26.683052      -0.964251   0.583436  -1.676124
    40  0.00550017    0.149667    3.451414      -0.997975   0.590990   3.452542
    41  0.15720045    4.277642   98.644855      -0.308578  -2.704649   1.089120
    42  0.12615144    3.432755   79.161293       0.059354   3.895886   0.534243
*   43 -0.00249942   -0.068013   -1.568411       0.140224   1.409874   3.723478
    44  0.06250172    1.700758   39.220452       0.419651   2.023913  -1.625170
    45  0.07772008    2.114871   48.770126       0.978718   3.894473   0.375956
    46  0.01679030    0.456887   10.536079       1.554097  -0.446352   2.559708
    47  0.18046056    4.910582  113.240807       1.597617  -1.458040  -1.832882
    48  0.04677649    1.272853   29.352717       2.171660   2.436557   0.498725
    49  0.19384134    5.274691  121.637381       2.328647  -3.296870  -0.113056
    50  0.02972792    0.808938   18.654570       2.328647  -0.031382   3.096163
    51  0.01611804    0.438594   10.114232       2.383352   2.092334   2.435389
    52  0.05778121    1.572307   36.258286       2.396879   3.506408  -1.832882
    53  0.17463948    4.752182  109.588020       2.535482  -1.578528  -2.287519
    54  0.03046800    0.829076   19.118972       2.990119   1.717147   2.198805
    55  0.17930936    4.879256  112.518415       3.162072  -3.505190  -0.602575
    56  0.17288722    4.704500  108.488458       3.493353   0.015452  -0.642234
    57  0.17284904    4.703462  108.464503       3.682275  -0.970285  -1.941783
    58  0.17848904    4.856934  112.003660       3.849476  -1.852066  -2.758942
    59  0.17552238    4.776207  110.142046       4.107363  -2.843718  -0.186461
    60  0.16976817    4.619627  106.531222       4.172419  -2.159266   0.659146
    61  0.18769325    5.107393  117.779391       4.365433  -3.505190  -1.515923
    62  0.05721071    1.556783   35.900292       5.834135  -0.131996   2.730960
    63  0.09204402    2.504645   57.758545       6.175106  -0.324066   0.286642
    64  0.09055371    2.464092   56.823358       6.283085   0.460001  -2.498661
    65  0.09608678    2.614654   60.295416       6.941886  -1.661489  -2.657405
    66  0.08158417    2.220018   51.194884       6.933435   0.463639   0.094436
    67  0.08604382    2.341371   53.993358       7.354810   0.209646  -2.759189
    68  0.08682960    2.362754   54.486444       7.461005  -1.712433  -0.040125
    69  0.08734304    2.376725   54.808629       7.674336  -0.964807  -2.837320
    70  0.07903126    2.150550   49.592905       7.867953   0.191195  -0.142848
    71  0.08163024    2.221272   51.223792       8.285835  -0.989399  -0.244531
 
 Number of surface maxima:    76
   #       a.u.         eV      kcal/mol           X/Y/Z coordinate(Angstrom)
     1  0.16877213    4.592523  105.906198      -8.707312  -4.192809   0.931473
     2  0.12276327    3.340558   77.035176      -7.725720  -2.916591   1.401603
     3  0.12601404    3.429017   79.075073      -7.514815  -5.014111  -0.007015
     4  0.16891419    4.596389  105.995346      -7.317869  -1.528137   2.263674
     5  0.17683459    4.811914  110.965472      -6.899993  -6.239269  -0.885743
     6  0.12700847    3.456076   79.699082      -5.731781  -1.379629   1.614205
     7  0.13327099    3.626488   83.628880      -5.727254  -3.100519  -0.363784
     8  0.13623749    3.707211   85.490389      -5.307795  -3.902073   0.981925
     9  0.08811888    2.397837   55.295481      -5.225369  -1.657167  -2.237914
    10  0.18226294    4.959627  114.371820      -5.212128   7.148653  -2.291761
    11  0.18285586    4.975761  114.743878      -5.102880   4.027414  -3.166621
    12  0.13797191    3.754407   86.578753      -4.914868   5.511482  -2.476482
    13  0.17009322    4.628472  106.735197      -4.246083  -0.805778   1.631009
    14  0.13682090    3.723086   85.856484      -4.085755   7.410962  -1.039117
    15  0.19708792    5.363035  123.674642      -3.983241   0.331345  -1.794644
    16  0.08348353    2.271702   52.386749      -4.011512   1.265935   0.288480
    17  0.13822504    3.761295   86.737593      -3.898228   3.240186  -2.233686
    18  0.22362370    6.085110  140.326107      -3.776072  -1.263925  -0.223029
    19  0.20713944    5.636551  129.982068      -3.624596  -5.405904  -1.484593
    20  0.14447755    3.931434   90.661107      -3.703573   4.858909  -0.245351
    21  0.18034722    4.907498  113.169687      -3.231075   8.269062   0.151602
    22  0.19551749    5.320301  122.689178      -3.120317  -4.357427  -0.568411
    23  0.18119647    4.930607  113.702597      -3.134951   1.986793  -1.713566
    24  0.22194255    6.039364  139.271168      -2.840028  -1.405465  -2.142875
    25  0.07331094    1.994892   46.003350      -2.634650  -0.795417   2.596716
    26  0.14249082    3.877372   89.414412      -2.592297   2.834014   0.016149
    27  0.14898781    4.054165   93.491342      -2.547323   5.241536  -1.307512
    28  0.24027197    6.538133  150.773062      -2.419578  -5.607622   0.554794
    29  0.14032518    3.818442   88.055452      -2.290867   6.959702   0.690376
    30  0.20596765    5.604665  129.246761      -2.110386  -0.138859  -0.485236
    31  0.09301537    2.531077   58.368074      -2.113368   0.595934  -3.155825
    32  0.16718882    4.549439  104.912658      -2.125827   3.261213   1.474475
    33  0.14775217    4.020541   92.715962      -1.476750   3.167144  -0.849204
    34  0.22922019    6.237398  143.837959      -1.375593  -2.385956   0.477000
    35  0.14580005    3.967421   91.490991      -1.444815   0.659006   0.386628
    36  0.24863538    6.765713  156.021187      -1.304023  -2.711424  -1.099841
    37  0.16879175    4.593057  105.918509      -1.112190   4.829163   0.944596
    38  0.19025918    5.177216  119.389538      -1.192532   6.192727   1.625678
    39  0.21181514    5.763783  132.916119      -0.877893  -5.009996   0.138046
    40  0.12828213    3.490734   80.498316      -0.837205   1.935088   1.752817
    41  0.15317386    4.168073   96.118132      -0.581827   3.485622  -0.549616
    42  0.13904236    3.783535   87.250474      -0.332540   1.380945  -0.671244
    43  0.18131971    4.933960  113.779931      -0.342888   4.427588   1.726569
    44  0.17852100    4.857804  112.023716      -0.220969  -1.006167   0.619143
    45  0.18003840    4.899094  112.975898       0.205544   4.844853  -2.365276
    46  0.17168370    4.671751  107.733238       0.262564   2.498679   0.706192
    47  0.12462446    3.391204   78.203096       0.453278   0.189008   2.231068
    48  0.26733696    7.274609  167.756614       0.808952  -4.960427   0.120331
    49  0.25084136    6.825741  157.405461       0.861886  -3.427339  -0.930443
    50  0.19584406    5.329188  122.894108       1.125455  -0.070585  -0.132364
*   51  0.27396662    7.455011  171.916796       1.370128  -3.962174  -2.504712
    52  0.04761551    1.295684   29.879208       1.311927   3.130795   3.512220
    53  0.21351239    5.809967  133.981157       2.460941   0.367237  -1.267814
    54  0.17179077    4.674665  107.800426       2.389864   5.419746  -0.051839
    55  0.24948864    6.788931  156.556615       2.575367  -1.123892  -0.948495
    56  0.20699226    5.632546  129.889712       2.593236   0.149600   0.922430
    57  0.22094686    6.012270  138.646364       2.847919  -3.390458  -2.407112
    58  0.25322805    6.890686  158.903133       2.857824  -2.353220   0.019238
    59  0.06546713    1.781451   41.081277       2.990119  -1.256186   3.665660
    60  0.20010202    5.445053  125.566018       3.098814  -1.575522   1.606770
    61  0.21513915    5.854234  135.001967       4.056147  -1.505295   1.743647
    62  0.17507513    4.764037  109.861397       4.422528   0.455368   2.622967
    63  0.18918982    5.148117  118.718505       4.434960   1.522692  -0.777710
    64  0.24976087    6.796339  156.727442       4.458310  -3.213150  -2.867901
    65  0.22737509    6.187191  142.680145       4.517351   0.006457   0.416121
    66  0.20246720    5.509413  127.050195       4.974533  -2.604716  -1.183846
    67  0.21063091    5.731559  132.173002       5.880467  -3.807319  -1.049282
    68  0.13580138    3.695344   85.216727       6.068761   1.700628  -1.141897
    69  0.08173723    2.224183   51.290931       6.341168  -0.824023   1.766460
    70  0.14278331    3.885331   89.597953       6.531519  -0.727009  -2.024475
    71  0.13713709    3.731690   86.054897       7.002596  -0.706335  -0.466291
    72  0.17386192    4.731023  109.100094       7.526518   2.501423  -1.533484
    73  0.12671319    3.448041   79.513791       8.446996   1.140374  -1.680619
    74  0.17919413    4.876120  112.446111       9.074157  -2.970077  -1.825515
    75  0.12899914    3.510245   80.948252       9.152029  -1.256186  -1.832882
    76  0.17138140    4.663525  107.543544       9.876844   0.204664  -1.963020
