 Number of surface minima:    84
   #       a.u.         eV      kcal/mol           X/Y/Z coordinate(Angstrom)
     1  0.12509347    3.403966   78.497404      -6.734661   1.000334   0.404610
     2  0.11650581    3.170284   73.108558      -6.357868  -2.396791   0.373531
     3  0.11711000    3.186725   73.487698      -6.198639  -1.572619   2.319555
     4  0.13336630    3.629081   83.688685      -6.004923  -0.029618   1.901873
     5  0.09765272    2.657266   61.278061      -5.895613  -3.773809   3.055669
     6  0.13334402    3.628475   83.674709      -5.666560   0.048856   1.971237
     7  0.12630935    3.437052   79.260382      -5.444048  -3.007742  -0.958419
     8  0.09283745    2.526235   58.256426      -4.767178  -3.012585   4.314381
     9  0.09050009    2.462633   56.789708      -4.589818   0.743085   3.732931
    10  0.10326302    2.809930   64.798579      -4.260237  -4.192164   3.117383
    11  0.14037034    3.819671   88.083790      -4.292278   2.053383  -1.677254
    12  0.08620580    2.345779   54.095003      -4.110963  -0.416989   4.557272
    13  0.13657256    3.716328   85.700646      -4.099413   0.831534  -1.471556
    14  0.13606753    3.702586   85.383737      -3.828227  -3.242918   0.262329
    15  0.13577231    3.694552   85.198482      -3.397265   1.647919  -1.831466
    16  0.07201688    1.959679   45.191311      -3.517637   5.085230  -1.960967
    17  0.14050121    3.823232   88.165916      -3.288165  -3.204176  -1.701942
    18  0.11271619    3.067164   70.730540      -3.344796  -2.618619  -4.667000
    19  0.13234615    3.601322   83.048535      -3.173634  -2.212176   2.221192
    20  0.13043326    3.549269   81.848175      -3.132984  -4.977626  -1.045786
    21  0.08283477    2.254049   51.979646      -3.075686   0.386027   3.404153
    22  0.15906598    4.328406   99.815496      -2.912341  -0.496718  -1.105778
    23  0.06652051    1.810115   41.742283      -2.959045   5.662146  -2.725318
    24  0.11003415    2.994181   69.047528      -2.862357   2.317909   0.657783
    25  0.10854818    2.953746   68.115067      -2.664892  -4.067252  -5.057537
    26  0.11885178    3.234121   74.580682      -2.262652   0.237917   1.375643
    27  0.06806430    1.852124   42.711031      -2.280521   5.188279  -3.476082
    28  0.07296050    1.985356   45.783441      -2.143049   4.131039  -3.474480
    29  0.12627691    3.436169   79.240022      -1.972522  -5.383977  -2.399409
    30  0.10700676    2.911802   67.147809      -1.848139  -2.481017  -5.591826
    31  0.15639332    4.255679   98.138370      -1.688614   0.856380  -1.727308
    32  0.06247216    1.699954   39.201905      -1.481767   4.119861  -0.057391
    33  0.05845060    1.590522   36.678333      -1.502524   5.300886  -0.210442
    34  0.16175636    4.401614  101.503735      -1.295532  -2.464353   0.655027
    35  0.13297590    3.618458   83.443705      -0.915317  -4.459899  -3.861429
    36  0.06112679    1.663345   38.357674      -0.968482   5.932882  -0.960587
    37  0.16115898    4.385359  101.128874      -0.774573  -3.266104   0.435145
    38  0.01077677    0.293251    6.762531      -0.520671   0.582435   2.654496
    39  0.07198511    1.958814   45.171375      -0.589273   3.506728  -1.017018
    40  0.06391966    1.739343   40.110229      -0.166372   5.440698  -1.863789
    41  0.14674101    3.993026   92.081450       0.019193  -0.956628  -1.141845
    42  0.06589341    1.793051   41.348771       0.006429   4.271435  -1.871859
    43  0.14781889    4.022357   92.757833       0.145181  -3.682730   0.935156
    44  0.03456870    0.940662   21.692207       0.162827   2.442149  -1.345844
    45 -0.01933577   -0.526153  -12.133388       0.125873   3.416000   3.098489
    46  0.11656203    3.171814   73.143840       0.300167  -1.665027  -4.868755
    47  0.14543207    3.957408   91.260081       0.681460  -3.127953   1.722705
    48  0.13031144    3.545955   81.771730       0.584984  -0.989278  -2.901728
    49  0.14297693    3.890600   89.719456       1.281291  -5.515107  -1.499246
    50  0.15322035    4.169338   96.147304       1.262631  -3.874786   1.443569
    51  0.04196730    1.141988   26.334902       1.358754   3.101295  -1.567095
    52  0.05601141    1.524148   35.147718       1.397068   0.597219  -1.147385
    53  0.13292630    3.617108   83.412580       1.561521  -2.752192  -3.734125
    54  0.15386442    4.186864   96.551463       1.633368  -2.320579  -0.810355
*   55 -0.02179383   -0.593040  -13.675847       1.469051   3.203718   3.294336
    56  0.15217110    4.140786   95.488888       2.007117  -1.810230  -0.136846
    57  0.11043023    3.004959   69.296072       2.268196   0.362415   1.178980
    58  0.07438656    2.024161   46.678310       2.435133  -2.424585   4.386403
    59  0.16519599    4.495212  103.662137       2.532785  -3.001515  -0.210787
    60  0.01109148    0.301814    6.960012       2.464244   3.941542   0.845851
    61  0.14980027    4.076273   94.001169       2.584195  -1.362573  -1.334612
    62  0.04445704    1.209738   27.897237       2.654862   0.156283   3.687428
    63  0.09842697    2.678334   61.763909       2.933844  -2.858903   2.761234
    64  0.12932457    3.519100   81.152458       2.851999   0.305843  -2.735224
    65  0.03405586    0.926707   21.370395       3.096087   4.847226  -1.304654
    66  0.08866909    2.412809   55.640742       3.120083   2.216084  -1.408785
    67  0.07210075    1.961961   45.243942       3.447650  -2.491334   4.612926
    68  0.05560386    1.513058   34.891977       3.644407   0.094522   3.957160
    69  0.07524454    2.047508   47.216700       3.739806   2.968238   0.144864
    70  0.13521056    3.679266   84.845977       3.873026  -1.419784  -0.775710
    71  0.12491404    3.399084   78.384810       4.017338  -2.207749  -1.807069
    72  0.10803213    2.939704   67.791245       4.100693  -0.000551  -3.319026
    73  0.11404434    3.103304   71.563962       4.048695   0.763399  -2.260672
    74  0.07674004    2.088203   48.155142       4.307198  -2.814633   3.824866
    75  0.12928824    3.518112   81.129660       4.758726  -1.064758  -0.143963
    76  0.12040264    3.276323   75.553863       4.885416  -2.532321  -2.128377
    77  0.11141936    3.031875   69.916765       4.894549   1.057202  -1.731495
    78  0.10882431    2.961260   68.288344       5.060479  -0.333489  -3.596552
    79  0.11431363    3.110632   71.732946       5.980637  -2.184912  -1.479483
    80  0.11498555    3.128916   72.154582       5.972437  -1.546278  -0.602242
    81  0.10490477    2.854604   65.828794       6.124045  -0.050990  -3.054438
    82  0.10359402    2.818937   65.006283       6.167120   0.632820  -2.128377
    83  0.13083765    3.560274   82.101936       6.301896  -2.736926  -2.592684
    84  0.12328134    3.354656   77.360272       7.030791  -1.764784  -1.070023
 
 Number of surface maxima:   119
   #       a.u.         eV      kcal/mol           X/Y/Z coordinate(Angstrom)
     1  0.16681758    4.539337  104.679700      -7.432751  -1.819115   1.413874
     2  0.14138364    3.847244   88.719646      -6.832679  -0.070883   0.800602
     3  0.18942714    5.154575  118.867427      -6.612364   0.301138  -1.077542
     4  0.15392159    4.188419   96.587337      -6.256008  -2.604632   4.032086
     5  0.14200755    3.864222   89.111156      -6.323503  -1.141545  -0.142681
     6  0.18120897    4.930947  113.710443      -6.098165   1.438614   1.782574
     7  0.13395082    3.644987   84.055480      -6.014317  -2.420309  -0.488817
     8  0.13683914    3.723582   85.867928      -6.061753  -0.482894   1.980499
     9  0.15199921    4.136109   95.381021      -5.740687  -0.324121   4.221749
    10  0.13115235    3.568837   82.299413      -5.615550  -1.384533   2.898806
    11  0.14211280    3.867086   89.177204      -5.531075  -2.734580   1.447630
    12  0.17268117    4.698894  108.359163      -5.166259  -4.208432   1.555752
    13  0.18632592    5.070186  116.921376      -5.148336  -4.073378   0.249254
    14  0.17575911    4.782648  110.290596      -5.232636   1.496491  -0.125076
    15  0.21079842    5.736117  132.278115      -5.139495   2.951889  -0.804654
    16  0.10865361    2.956615   68.181228      -4.907225  -3.996135   3.560278
    17  0.19144712    5.209541  120.134981      -4.769028  -1.678572  -1.780790
    18  0.17447528    4.747714  109.484980      -4.691945  -0.701055  -0.540846
    19  0.12308164    3.349222   77.234958      -4.384136  -1.825000   3.762783
    20  0.15224569    4.142816   95.535695      -4.323098   0.749127   1.489970
    21  0.15355983    4.178575   96.360329      -4.100496  -3.031624   1.302381
    22  0.09547771    2.598081   59.913219      -3.979366   0.420523   4.065517
    23  0.15634815    4.254450   98.110028      -3.977308   1.172187   2.177619
    24  0.14637698    3.983120   91.853018      -3.817342  -2.786410  -0.590330
    25  0.17332424    4.716392  108.762692      -3.887222   4.337086   0.649803
    26  0.19157929    5.213137  120.217917      -3.773367  -4.435986  -2.481286
    27  0.18045093    4.910320  113.234765      -3.645686  -3.888214  -3.693042
    28  0.15839412    4.310123   99.393894      -3.670560   3.214215  -0.800693
    29  0.15862385    4.316375   99.538054      -3.552753   3.235410  -0.401017
    30  0.13714248    3.731837   86.058277      -3.341733  -1.956023   2.610754
    31  0.11722975    3.189984   73.562840      -3.365969   5.652104  -0.221768
    32  0.16142830    4.392687  101.297872      -3.164419  -3.269331   3.818485
    33  0.20653137    5.620004  129.600497      -3.138559  -1.292045  -1.992064
    34  0.15760058    4.288530   98.895941      -3.130493   7.308652  -0.549456
    35  0.14898908    4.054199   93.492135      -3.016162  -3.398433  -0.805031
    36  0.11940940    3.249295   74.930594      -2.862728  -2.983891  -5.292058
    37  0.20826579    5.667200  130.688868      -2.783145   0.561659  -0.982472
    38  0.16235911    4.418016  101.881966      -2.704031  -2.974188  -2.734893
    39  0.15290239    4.160686   95.947781      -2.632410  -1.139955   3.953742
    40  0.18799504    5.115605  117.968765      -2.611808   1.110497   0.536911
    41  0.17400785    4.734994  109.191666      -2.391138  -1.205040  -4.656343
    42  0.11938796    3.248712   74.917138      -2.444282   4.562033  -2.342849
    43  0.14133891    3.846027   88.691582      -2.255643  -5.383574  -1.483288
    44  0.20328525    5.531673  127.563526      -2.231633  -3.131526   1.041978
    45  0.19477958    5.300222  122.226134      -2.169235  -4.660766   0.252920
    46  0.15373053    4.183220   96.467443      -2.177894  -4.272542  -3.134815
    47  0.20264681    5.514300  127.162899      -2.159385  -1.608147  -0.305252
    48  0.04523892    1.231014   28.387876      -2.091310   3.449186   2.355798
    49  0.11006498    2.995020   69.066876      -2.071653   7.086637  -1.842624
    50  0.18629159    5.069252  116.899836      -1.832927  -1.413983   0.954813
    51  0.15421032    4.196276   96.768516      -1.436044  -1.731869  -3.346811
    52  0.19296520    5.250850  121.087595      -1.444321  -0.885298  -1.204899
    53  0.17864125    4.861076  112.099170      -1.502845   1.893374  -1.731495
    54  0.13406074    3.647978   84.124455      -1.229975   2.496326  -0.070188
    55  0.11556583    3.144706   72.518716      -1.176940   4.668998  -1.337554
    56  0.16901864    4.599231  106.060886      -1.171378  -3.929907  -5.707963
    57  0.15751468    4.286193   98.842040      -1.066581   7.518973  -3.186732
    58  0.17959113    4.886923  112.695233      -0.933145  -5.965397  -3.504727
    59  0.15375282    4.183827   96.481429      -0.898234  -5.487147  -1.585050
    60  0.18575338    5.054606  116.562100      -0.848374  -4.001376  -0.408552
    61  0.14393855    3.916767   90.322880      -0.759589  -2.324460  -4.608458
    62  0.14760418    4.016514   92.623102      -0.774573   1.231903   0.839500
    63  0.11298216    3.074401   70.897433      -0.640351   5.995062  -3.567496
    64  0.18155797    4.940444  113.929441      -0.484431   1.924942  -3.171766
    65  0.15055793    4.096890   94.476604      -0.377690  -3.717307  -4.034818
    66  0.18094172    4.923674  113.542736      -0.218480  -0.437087  -3.967215
    67  0.12353846    3.361652   77.521618      -0.362930   3.508036  -3.560711
    68  0.21644914    5.889881  135.824002      -0.114702  -2.340848   0.918590
    69  0.11864176    3.228406   74.448889      -0.182225   2.819434   0.183796
    70  0.13924854    3.789145   87.379850       0.144015   4.702441  -0.258230
    71  0.20196244    5.495678  126.733452       0.284408  -5.910605  -0.276805
    72  0.16567869    4.508347  103.965037       0.226571  -0.914917   3.957160
    73  0.15789304    4.296488   99.079464       0.440852  -5.482542  -2.244617
    74  0.15724593    4.278879   98.673392       0.298430  -4.317248  -3.059275
    75  0.10510460    2.860042   65.954189       0.432667   1.510303   2.390831
    76  0.16463022    4.479816  103.307112       0.288295   4.808728  -4.373074
    77  0.16370413    4.454616  102.725977       0.679938   0.299233   0.116380
    78  0.21438678    5.833761  134.529850       0.729379  -1.629858  -0.276257
    79  0.17946665    4.883536  112.617117       0.680935  -1.414054   2.369383
    80  0.18053908    4.912718  113.290077       0.988356  -3.133809  -5.038852
    81  0.18274479    4.972738  114.674180       0.981685  -2.832789  -1.731495
    82  0.07991313    2.174547   50.146290       1.037060   3.280911   1.563612
    83  0.12986517    3.533811   81.491694       1.183456   1.752013  -0.717252
    84  0.19480054    5.300792  122.239287       1.474430  -4.153667  -0.521900
    85  0.19970859    5.434347  125.319138       1.560801  -2.230866  -2.174301
    86  0.11251805    3.061772   70.606204       1.606504  -1.020073   4.880241
    87  0.20790767    5.657456  130.464145       1.689332  -0.764306  -2.290938
    88  0.16091935    4.378838  100.978501       1.664469  -0.430179   1.075659
    89  0.12796010    3.481971   80.296239       1.871313   0.648353   1.443569
    90  0.20744296    5.644810  130.172531       1.990103  -4.330835  -2.364592
    91  0.07422121    2.019662   46.574552       1.918224   4.586171  -1.070023
    92  0.14666607    3.990987   92.034427       2.483616   2.014317   0.615195
    93  0.18286104    4.975902  114.747132       2.665079  -2.317072   0.699120
    94  0.15475897    4.211206   97.112802       2.537991  -0.611906   6.223036
*   95  0.22926197    6.238536  143.864181       2.681530  -4.186562   0.660485
    96  0.16564795    4.507510  103.945747       2.841456  -1.513812  -3.034500
    97  0.15531559    4.226352   97.462089       2.883450   0.556688  -1.488093
    98  0.12725980    3.462915   79.856797       3.217856  -2.292237   3.295689
    99  0.17734850    4.825898  111.287958       3.334867  -0.334759   0.639556
   100  0.12057149    3.280917   75.659815       3.489535  -0.712175   2.925092
   101  0.03357570    0.913641   21.069086       3.442570   2.153694   3.550583
   102  0.20704912    5.634093  129.925391       3.524111  -2.407072  -4.377381
   103  0.20676714    5.626420  129.748447       3.992510  -2.467151   0.121330
   104  0.11196770    3.046796   70.260854       4.096079  -1.026438   5.503886
   105  0.17205329    4.681808  107.965159       4.120316   2.880269  -2.993603
   106  0.17860121    4.859986  112.074045       4.586844   1.468386   1.116330
   107  0.16820269    4.577028  105.548871       4.846622  -1.349150  -1.402072
   108  0.17297093    4.706778  108.540991       4.845045   0.600963   0.316177
   109  0.15616813    4.249551   97.997066       5.046376  -2.266271  -3.906726
   110  0.15859357    4.315551   99.519051       5.064369  -0.075997  -2.377132
   111  0.16084009    4.376681  100.928762       5.378653   4.041148  -0.340864
   112  0.12383248    3.369653   77.706118       5.767603  -1.648273   3.752327
   113  0.16276267    4.428997  102.135201       5.779980  -1.178629   5.352235
   114  0.19724904    5.367419  123.775742       6.356103   0.927625   0.504927
   115  0.18112661    4.928706  113.658760       6.431690  -2.075455   2.237334
   116  0.19637885    5.343740  123.229692       6.760107  -2.510592  -4.002557
   117  0.15103794    4.109951   94.777820       6.965635  -0.122116  -0.606002
   118  0.14970316    4.073630   93.940231       7.169876  -1.582765  -2.671797
   119  0.19117203    5.202056  119.962363       8.208312  -0.888324  -1.607145
