 Number of surface minima:    63
   #       a.u.         eV      kcal/mol           X/Y/Z coordinate(Angstrom)
     1  0.11305092    3.076272   70.940583      -8.360798   0.960753   0.855131
     2  0.11148235    3.033589   69.956293      -8.067493  -0.455003   2.554704
     3  0.09355650    2.545802   58.707642      -7.330500   0.555009   0.037148
     4  0.09669950    2.631327   60.679901      -7.089422   1.609699   0.904775
     5  0.09105120    2.477629   57.135538      -6.928502  -1.164950   2.015365
     6  0.09396793    2.556997   58.965813      -6.694048  -0.110127   2.886711
     7  0.08807560    2.396659   55.268317      -6.602763   0.022167  -0.558859
     8  0.08451740    2.299835   53.035515      -6.163579  -1.616046   1.496350
     9  0.10022089    2.727149   62.889613      -6.141357   1.880073   0.963399
    10  0.09616431    2.616764   60.344069      -5.757558   0.158349   2.950497
    11  0.10095861    2.747224   63.352539      -5.547557  -0.771599  -1.091185
    12  0.10131548    2.756935   63.576480      -5.372810   0.495773  -0.355770
    13  0.10928275    2.973735   68.576016      -5.209025   1.288714   0.305701
    14  0.09767422    2.657851   61.291551      -5.196683  -2.099849   0.580523
    15  0.09655532    2.627404   60.589427      -5.057286  -1.300776   1.539819
    16  0.10441304    2.841223   65.520225      -4.809000  -0.377574   2.297078
    17  0.10240598    2.786608   64.260775      -4.318774  -1.310344  -0.381043
    18  0.08458271    2.301613   53.076496      -3.699894   1.002121  -1.253588
    19  0.01182847    0.321869    7.422486      -3.384105  -1.760973  -0.815967
    20 -0.00107725   -0.029314   -0.675987      -2.637075  -1.300776  -3.472476
    21  0.05794171    1.576674   36.359004      -2.563139   2.668053  -2.804529
    22  0.03564328    0.969903   22.366517      -2.427997   0.287942  -2.736565
    23  0.11809483    3.213524   74.105686      -2.114560   2.293751   0.181966
*   24 -0.01340362   -0.364731   -8.410902      -1.895942  -3.546802  -1.809006
    25 -0.00234921   -0.063925   -1.474155      -1.531834  -3.614599  -0.420590
    26  0.12270174    3.338884   76.996566      -1.449304   1.400591  -0.488064
    27  0.11858702    3.226917   74.414539      -1.411833   2.788302   2.100277
    28  0.09966898    2.712131   62.543279      -0.852157   2.137289  -1.684491
    29  0.03878028    1.055265   24.335015      -0.163924  -0.739185   1.619468
    30  0.15677768    4.266138   98.379565       0.016588   2.998777  -0.951106
    31  0.03085460    0.839596   19.361567       0.417731  -3.285190  -2.102303
    32  0.01532855    0.417111    9.618821       0.450941  -1.702595  -2.613471
    33  0.17968032    4.889350  112.751198       0.852929   4.247745   1.324825
    34  0.17444762    4.746961  109.467627       0.930488   3.223591   1.550325
    35  0.16202013    4.408792  101.669252       1.020271   3.468713  -1.279539
    36  0.12673371    3.448600   79.526669       1.740568  -3.347195   0.375991
    37  0.16473541    4.482678  103.373114       1.920494   1.339222  -1.439375
    38  0.17403530    4.735741  109.208890       1.868119   3.624807   1.165013
    39  0.15246771    4.148857   95.675016       1.973533  -1.129816   1.496350
    40  0.16543736    4.501780  103.813599       2.057604   2.531451  -1.563263
    41  0.15173555    4.128934   95.215575       2.600608  -1.959057   1.761574
    42  0.12989854    3.534719   81.512632       3.188407   4.287418  -2.145000
    43  0.12738587    3.466346   79.935905       3.437646  -0.724057   3.263717
    44  0.15418009    4.195453   96.749546       3.654693  -2.724038  -1.356349
    45  0.15913988    4.330416   99.861865       3.990011  -3.611344  -1.078807
    46  0.13043109    3.549210   81.846813       3.976135   2.166082  -2.283331
    47  0.13866707    3.773323   87.014974       4.030255   3.324126  -2.348099
    48  0.12199718    3.319712   76.554448       4.164735  -2.763589   3.104634
    49  0.13410637    3.649220   84.153090       4.071989  -1.544666   3.493836
    50  0.13628396    3.708475   85.519545       4.081612   4.540967   0.347580
    51  0.14494038    3.944028   90.951540       4.316165  -0.351333   4.055297
    52  0.14632626    3.981740   91.821189       4.320265   4.785567  -2.336295
    53  0.15951403    4.340597  100.096647       4.399005  -2.513429  -0.488064
    54  0.14585803    3.968999   91.527371       4.907547   3.524024   0.103318
    55  0.14080057    3.831378   88.353767       4.994333   2.281386   0.178588
    56  0.14625641    3.979839   91.777360       5.096852   2.531210  -2.493252
    57  0.15011502    4.084837   94.198673       5.046766   4.986186  -0.286641
    58  0.13842474    3.766729   86.862912       5.316889   0.264961   1.628644
    59  0.12959998    3.526595   81.325281       6.031832  -1.961863   1.369817
    60  0.14180193    3.858627   88.982129       5.990332  -0.790438   1.893233
    61  0.15040805    4.092811   94.382555       5.954910   0.337969   2.686999
    62  0.15200265    4.136202   95.383182       5.944350   2.688686  -0.447411
    63  0.14510962    3.948634   91.057740       6.669195  -1.968829   2.400511
 
 Number of surface maxima:    63
   #       a.u.         eV      kcal/mol           X/Y/Z coordinate(Angstrom)
     1  0.18128465    4.933006  113.757929      -9.230613   0.405599   1.989753
     2  0.13341581    3.630429   83.719753      -8.418830  -0.514104   0.947216
     3  0.17303802    4.708604  108.583086      -8.255353  -1.830830  -0.093358
     4  0.13896208    3.781350   87.200093      -7.922618   1.277404   2.486998
     5  0.18706916    5.090411  117.387769      -7.061145   2.458379   3.403384
     6  0.12577171    3.422422   78.923005      -6.568751  -1.706406  -0.286267
     7  0.14805468    4.028773   92.905795      -6.163359   0.683639   0.642197
     8  0.14529056    3.953557   91.171278      -5.892052  -0.286867   1.893233
     9  0.15882098    4.321739   99.661750      -5.236353  -2.107487  -0.906364
    10  0.17276483    4.701170  108.411656      -4.958697   2.135382  -2.350709
    11  0.20997030    5.713582  131.758462      -3.837432   2.187525   2.603354
    12  0.14388888    3.915416   90.291711      -3.619178   0.688765  -0.489067
    13  0.19808776    5.390242  124.302051      -3.123606   3.793558  -0.288619
    14  0.17655123    4.804203  110.787665      -3.051704  -0.598692   1.669256
    15  0.11285033    3.070814   70.814709      -2.432296  -0.629110  -1.679639
    16  0.21185818    5.764954  132.943124      -2.426276   1.346078   1.629184
    17  0.02847037    0.774718   17.865445      -2.282003  -3.016347  -3.661337
    18  0.10340792    2.813873   64.889504      -2.141567  -2.083801  -0.605173
    19  0.15266571    4.154245   95.799259      -1.954286   1.557080   1.071131
    20  0.14051465    3.823598   88.174345      -1.949457   2.509241  -0.791476
    21  0.15507164    4.219714   97.309006      -1.856920  -0.219927   0.747331
    22  0.18249888    4.966047  114.519874      -1.769373   0.346021  -0.164210
    23  0.16035383    4.363450  100.623631      -1.532495  -0.782328   0.659397
    24  0.20897775    5.686574  131.135625      -0.859245   1.604566  -0.100358
    25  0.21622216    5.883704  135.681567      -0.578724   3.778218   0.462486
    26  0.21640883    5.888784  135.798706      -0.446430   3.770123   0.851281
    27  0.06270590    1.706314   39.348581      -0.339988  -3.682073   1.433465
    28  0.14315107    3.895339   89.828726      -0.445368  -0.639816  -2.330866
    29  0.17597800    4.788605  110.427952      -0.055577   1.098710  -3.238893
    30  0.22835386    6.213825  143.294333      -0.038292   1.883280   1.652201
    31  0.25766635    7.011458  161.688211       0.120440   5.227265   0.333468
    32  0.18099872    4.925226  113.578507       0.149033   0.419050  -0.818661
    33  0.16684579    4.540105  104.697402       0.455940  -1.178926   0.003358
    34  0.17090298    4.650507  107.243329       0.778255  -2.467379  -0.996224
    35  0.24752539    6.735508  155.324659       0.996087   2.133912  -0.640576
    36  0.06861799    1.867190   43.058474       1.427596  -4.208460  -2.603395
    37  0.21554609    5.865308  135.257330       1.521161   4.756463  -0.098531
*   38  0.25825769    7.027549  162.059286       1.548527   2.141477   0.835789
    39  0.22707521    6.179031  142.491962       2.188242  -1.968199   0.577122
    40  0.22919316    6.236663  143.821000       2.186366   6.074558  -0.507303
    41  0.20178726    5.490911  126.623524       2.331750  -2.094542  -2.013648
    42  0.22463613    6.112660  140.961415       2.464045   0.488295   1.301007
    43  0.18692522    5.086494  117.297446       2.831111  -3.854694  -1.290006
    44  0.22326640    6.075388  140.101897       2.993222   0.387519  -0.817960
    45  0.24461768    6.656385  153.500037       3.125516   1.674012   2.125827
    46  0.20080552    5.464196  126.007472       3.104594   2.920912  -1.450112
    47  0.24574788    6.687140  154.209254       3.150755  -1.547372  -0.602830
    48  0.23450433    6.381187  147.153813       3.233350   0.678574   0.415484
    49  0.20918869    5.692314  131.267995       3.646769   3.061996   0.037674
    50  0.19310967    5.254781  121.178250       3.699792  -1.675283   2.290116
    51  0.17756825    4.831878  111.425852       3.757998   5.527563  -1.031961
    52  0.23567096    6.412933  147.885882       3.789620  -4.865473  -0.220947
    53  0.20037283    5.452422  125.735953       4.263546  -3.734693   0.702584
    54  0.24063809    6.548095  151.002806       4.545983  -0.027059  -0.896331
    55  0.20267364    5.515030  127.179735       4.761661  -1.119868   1.231761
    56  0.21524723    5.857175  135.069789       5.373493   5.578391  -1.544519
    57  0.21803976    5.933164  136.822128       5.375476  -4.471966   1.629776
    58  0.21795468    5.930848  136.768739       5.538418   0.709114   4.026493
    59  0.17519322    4.767250  109.935498       5.654783   3.867108  -1.538748
    60  0.16999839    4.625892  106.675691       5.909577  -3.145345   2.553744
    61  0.17247218    4.693207  108.228018       5.878771  -0.916756   3.692618
    62  0.21807195    5.934040  136.842332       6.494200   2.568209  -1.811008
    63  0.21098074    5.741078  132.392527       6.672353  -2.362584   3.856907
