 Number of surface minima:    67
   #       a.u.         eV      kcal/mol           X/Y/Z coordinate(Angstrom)
     1  0.09762362    2.656474   61.259799      -7.718080  -1.339439   0.788783
     2  0.10609065    2.886873   66.572944      -7.849221  -1.011705  -1.702386
     3  0.10570550    2.876393   66.331260      -6.818254  -2.126885  -2.949279
     4  0.09439239    2.568548   59.232169      -6.633937  -2.710633   1.487963
     5  0.09888460    2.690787   62.051076      -6.248506  -0.991378   1.876521
     6  0.16555435    4.504963  103.887009      -5.377285   0.972074  -1.331347
     7  0.09368689    2.549350   58.789462      -5.175545  -4.319698  -0.328491
     8  0.09659355    2.628444   60.613416      -5.241619  -3.932895  -2.161426
     9  0.15017153    4.086375   94.234138      -4.887712   0.627379  -0.195015
    10  0.15144650    4.121069   95.034196      -4.537117  -0.217147   0.809574
    11  0.08914334    2.425714   55.938336      -4.381791  -2.970003   1.359774
    12  0.16261642    4.425018  102.043431      -4.135858  -0.338188  -2.622759
    13  0.14923245    4.060821   93.644852      -3.994242   2.965807  -3.271814
    14  0.15225011    4.142936   95.538469      -3.983156   3.905953   0.167340
    15  0.17760077    4.832763  111.446259      -3.882013   2.694823  -1.185292
    16  0.09582581    2.607553   60.131656      -3.686086  -3.727355  -1.173263
    17  0.17194574    4.678882  107.897674      -3.484663   1.814394  -0.066354
    18  0.14748705    4.013327   92.549600      -3.469188  -0.890584  -1.841126
    19  0.15036069    4.091523   94.352838      -3.162106  -1.748138  -0.718412
    20  0.14324457    3.897883   89.887402      -3.121108   5.294045   0.668908
    21  0.15399671    4.190464   96.634477      -2.955485  -0.033035  -2.178373
    22  0.13490618    3.670984   84.654976      -3.042902   3.662838   1.869506
    23  0.15640726    4.256058   98.147121      -2.717272   3.828885  -2.510887
    24  0.14515169    3.949778   91.084136      -2.161718   2.426414  -3.554568
    25  0.03468805    0.943910   21.767101      -2.019167  -1.799002   2.269589
    26  0.15299360    4.163168   96.005013      -1.764837   0.504888  -1.640450
    27  0.00323914    0.088142    2.032596      -1.573603  -0.483163   2.589917
    28  0.03760905    1.023394   23.600056      -0.838777  -3.129049   0.496131
    29  0.12916746    3.514825   81.053873      -0.869586   2.295017   1.273172
    30  0.01704674    0.463865   10.697001      -0.607929  -3.532390   1.850325
    31  0.04823122    1.312438   30.265571      -0.521597  -4.278221  -1.814202
    32  0.13113510    3.568368   82.288589      -0.325764   3.353372   1.436364
    33  0.15941556    4.337918  100.034860      -0.147015   5.400210  -0.511792
    34  0.14586460    3.969178   91.531494       0.377341   4.411726  -1.119060
    35  0.05412291    1.472759   33.962670       0.681135  -2.046242  -1.570146
*   36 -0.01171704   -0.318837   -7.352558       0.681068  -1.476910   3.653939
    37  0.12395197    3.372905   77.781101       0.667825   3.617960   1.391693
    38  0.06092607    1.657883   38.231717       0.907140  -3.908590   0.418978
    39 -0.00757894   -0.206233   -4.755861       1.067255  -0.296958   3.510949
    40  0.15032706    4.090607   94.331731       1.279877   3.486922  -1.432792
    41  0.02814056    0.765744   17.658482       1.497653   0.046014  -1.305558
    42  0.10220791    2.781219   64.136485       2.089215   7.491332  -0.247203
    43  0.03361351    0.914670   21.092816       2.360031  -0.430820  -0.511792
    44  0.09889886    2.691175   62.060021       2.390466   6.947875   1.659096
    45  0.05687415    1.547624   35.689100       2.579474   0.394774  -0.523437
    46  0.10305494    2.804267   64.668004       2.856029   4.402791  -2.633585
    47  0.11727434    3.191197   73.590822       3.197100  -2.268236  -2.296864
    48  0.07998653    2.176544   50.192346       3.262322   3.217028   2.004172
    49  0.09851252    2.680662   61.817591       3.186827   6.188327  -2.099323
    50  0.10729130    2.919545   67.326366       3.422139  -3.371103  -1.554733
    51  0.10490908    2.854721   65.831496       3.548788  -4.169371  -0.764016
    52  0.09404048    2.558972   59.011344       3.856424   2.756800  -0.410149
    53  0.08705052    2.368765   54.625073       3.862710   5.012089   2.337575
    54  0.09748791    2.652781   61.174639       4.122831  -3.194626  -2.561783
    55  0.09717633    2.644303   60.979122       4.397385   4.777993  -1.702441
    56  0.09495763    2.583928   59.586861       4.569978  -4.984587  -0.916957
    57  0.08922374    2.427901   55.988788       4.784520   4.081779   1.142675
    58  0.10524441    2.863846   66.041917       4.903285  -1.785014  -0.061502
    59  0.09845209    2.679017   61.779668       5.002938  -3.915498  -2.624421
    60  0.10222235    2.781612   64.145550       5.090389  -2.529219   0.617215
    61  0.09498490    2.584671   59.603975       5.221836  -4.857376  -1.753661
    62  0.10170751    2.767602   63.822479       5.667056  -1.659006  -1.019601
    63  0.09269011    2.522226   58.163973       6.113206  -3.320959   0.486947
    64  0.11459494    3.118287   71.909471       6.212677  -4.697684  -2.590405
    65  0.09974210    2.714121   62.589165       6.419673  -2.207090  -1.182137
    66  0.09442007    2.569301   59.249541       6.761220  -3.202122  -0.354916
    67  0.11471202    3.121473   71.982939       7.478916  -3.267476  -1.448512
 
 Number of surface maxima:    94
   #       a.u.         eV      kcal/mol           X/Y/Z coordinate(Angstrom)
     1  0.16481030    4.484716  103.420114      -7.860325  -2.469842  -1.841503
     2  0.15876819    4.320302   99.628628      -7.779415  -2.793501   0.253581
     3  0.10841552    2.950136   68.031826      -7.056609  -1.642703   1.667191
     4  0.13446202    3.658898   84.376264      -7.113374  -1.144635  -0.644086
     5  0.12162254    3.309518   76.319362      -7.176959  -0.868591  -2.889419
     6  0.16827713    4.579053  105.595580      -6.905973   0.170015   0.809286
     7  0.18064375    4.915567  113.355762      -6.911821   0.573307  -1.571905
     8  0.14004464    3.810808   87.879411      -6.588947  -2.529093  -0.806362
     9  0.15828699    4.307208   99.326668      -6.510663  -4.177849  -1.162073
    10  0.12501211    3.401752   78.446348      -5.837002  -2.935606   0.210829
    11  0.13378524    3.640481   83.951575      -5.756570  -2.516059  -2.147805
    12  0.15168014    4.127426   95.180803      -5.439180  -2.181401   2.175549
    13  0.17946021    4.883361  112.613073      -5.469077  -1.125072  -3.518614
    14  0.17477053    4.755748  109.670258      -5.520782   0.046014  -1.173263
    15  0.23134458    6.295206  145.171038      -5.297950   0.714704  -2.877392
    16  0.17409441    4.737350  109.245981      -4.777120  -0.817596  -2.036873
    17  0.10702749    2.912366   67.160823      -4.543017  -4.268051  -1.386205
    18  0.16942863    4.610387  106.318158      -4.625512  -1.359424   0.811151
    19  0.17510694    4.764902  109.881355      -4.400901  -1.934631   0.423075
    20  0.19989128    5.439318  125.433774      -4.278428   1.694043  -2.231618
    21  0.21961308    5.975976  137.809407      -4.146134   3.845700  -1.850140
    22  0.14941996    4.065924   93.762517      -3.885324  -3.917239   0.279131
    23  0.16565852    4.507798  103.952381      -3.983653  -2.852122  -2.637603
    24  0.21186155    5.765046  132.945240      -3.872792   2.563412   0.817047
    25  0.15734902    4.281685   98.738082      -3.828297   4.411726   0.708778
    26  0.22492641    6.120559  141.143569      -3.549829   0.707485   0.017385
    27  0.21071788    5.733925  132.227576      -3.585015   1.786558  -4.039971
    28  0.22887988    6.228138  143.624416      -3.215676  -4.045160   3.453171
    29  0.21718296    5.909849  136.284476      -3.284756   4.876221  -0.973357
    30  0.16330774    4.443830  102.477241      -3.074053  -0.199124   1.609436
    31  0.16312475    4.438850  102.362412      -2.952213   3.492940  -3.160604
    32  0.22161161    6.030359  139.063501      -2.699935  -0.233672  -0.944870
    33  0.20121190    5.475254  126.262478      -2.462932   5.196484   1.941925
    34  0.19620662    5.339054  123.121613      -2.365348   2.185462   0.607523
    35  0.22139201    6.024383  138.925702      -2.294014   2.594479  -0.776380
    36  0.16641845    4.528476  104.429243      -1.897131  -1.352857   0.442175
    37  0.19700643    5.360818  123.623506      -1.855715  -1.389139  -1.418142
    38  0.20176939    5.490424  126.612308      -1.500248   1.923098  -1.522886
    39  0.19219980    5.230023  120.607297      -1.522104   4.908634   0.272894
    40  0.21750064    5.918493  136.483829      -1.257481   3.212745  -2.378884
    41  0.17701976    4.816953  111.081669      -0.995233  -0.492108  -0.152800
    42  0.22271827    6.060472  139.757943      -0.569887   5.996984   0.810051
    43  0.11230296    3.055919   70.471230      -0.177305  -0.565994   2.315852
    44  0.22212331    6.044283  139.384596      -0.028767   2.977109  -0.885244
    45  0.04464868    1.214952   28.017494       0.103830  -3.533060   3.485498
    46  0.15484233    4.213474   97.165108      -0.044045   0.844315   0.820409
    47  0.16433951    4.471906  103.124689       0.204269  -5.943166   0.017385
    48  0.19976277    5.435821  125.353135       0.231302   2.701494   0.694025
    49  0.17679178    4.810749  110.938609       0.532765   6.819377  -0.727781
    50  0.16803907    4.572576  105.446195       0.772150   5.250075  -0.379497
    51  0.15546429    4.230398   97.555395       0.975969  -2.392372   0.664612
    52  0.16176839    4.401942  101.511280       0.893012   4.945122   1.077176
    53  0.16958316    4.614592  106.415128       0.931108   6.181611   2.134094
    54  0.12715273    3.460002   79.789608       1.017644  -1.008719  -0.633985
    55  0.16997762    4.625326  106.662655       1.131003   1.617236  -1.456400
    56  0.15938154    4.336992  100.013512       1.168961   4.279432  -1.257847
    57  0.14533150    3.954671   91.196972       1.487726   1.104368   0.227179
    58  0.11606207    3.158210   72.830111       1.415593   7.452209   0.810012
    59  0.11738443    3.194193   73.659906       1.671398  -1.390185   1.735453
    60  0.12688452    3.452703   79.621304       1.593394   0.059108   0.455485
    61  0.16927440    4.606191  106.221379       1.665674   5.624056  -2.501791
    62  0.05476918    1.490345   34.368206       1.982274   1.667007   2.952552
    63  0.17480972    4.756814  109.694845       2.091099  -4.574031  -2.237910
    64  0.14600093    3.972887   91.617043       2.176763  -2.875553  -0.563673
    65  0.13196424    3.590930   82.808880       2.354181   6.255485  -0.877829
    66  0.17367735    4.726001  108.984271       2.567839  -3.723161   1.869506
    67  0.14840878    4.038408   93.127991       2.484303   4.414784   2.817289
    68  0.17292394    4.705500  108.511504       2.644709   3.385007  -0.350754
    69  0.14605678    3.974407   91.652088       2.753671  -2.188512  -0.901778
    70  0.12543224    3.413185   78.709985       2.751526   5.744237   1.478632
    71  0.18712638    5.091968  117.423676       3.315510  -0.694588  -2.099323
    72  0.16452923    4.477068  103.243738       3.457039  -3.658227   1.138138
    73  0.14064350    3.827104   88.255203       3.526935  -1.409223  -0.189095
    74  0.13576104    3.694246   85.191413       3.439109   5.762683   0.160454
    75  0.16086276    4.377298  100.942991       3.468593   7.299678   0.535337
    76  0.16415633    4.466921  103.009740       3.553054  -1.915412   1.353515
    77  0.11147801    3.033471   69.953566       3.582145   5.128407  -2.496206
    78  0.15818378    4.304400   99.261907       3.791524   3.401815  -2.050880
    79  0.12290700    3.344470   77.125374       3.920925   4.568294  -0.240385
    80  0.18719121    5.093732  117.464358       4.193405  -4.844777   1.733912
    81  0.14571869    3.965207   91.439938       4.204498   2.717982   0.689688
    82  0.09781214    2.661604   61.378094       4.320701   4.075453   2.001800
    83  0.15836283    4.309272   99.374262       4.419618   6.256117  -1.194701
    84  0.14882704    4.049790   93.390458       4.521699  -3.721818  -1.369149
    85  0.14879727    4.048980   93.371773       4.590646  -1.409604  -2.626924
    86  0.15350415    4.177060   96.325388       4.776894   5.661685   1.106104
*   87  0.25302710    6.885218  158.777035       5.255524   0.713347  -1.435609
    88  0.13878511    3.776535   87.089043       5.438138  -5.054381   0.678857
    89  0.14906053    4.056143   93.536973       5.479311  -2.738711  -0.530836
    90  0.19015982    5.174512  119.327189       5.802993  -1.673812  -3.771124
    91  0.14167071    3.855056   88.899788       6.590470  -2.855429  -2.900936
    92  0.17992895    4.896116  112.907215       6.855467  -5.782557   0.024712
    93  0.13728651    3.735756   86.148659       7.026546  -4.716581  -1.305558
    94  0.18347535    4.992618  115.132619       7.626023  -4.185876  -2.760964
