 Number of surface minima:    68
   #       a.u.         eV      kcal/mol           X/Y/Z coordinate(Angstrom)
     1  0.07595275    2.066779   47.661111      -6.682477  -3.215546   0.931753
     2  0.07688191    2.092063   48.244164      -6.796405  -2.758954  -0.230645
     3  0.08052239    2.191126   50.528606      -6.118837  -5.117792  -1.278274
     4  0.07955222    2.164726   49.919817      -6.042169  -5.590920  -0.110021
     5  0.08163342    2.221358   51.225789      -6.006580  -2.299725  -0.697152
     6  0.07850354    2.136190   49.261753      -5.711911  -3.105377   1.407670
     7  0.11289665    3.072074   70.843775      -5.568540   6.123135  -1.027041
     8  0.08624013    2.346713   54.116545      -5.241422  -4.653638  -1.695581
     9  0.08704322    2.368567   54.620492      -5.080520  -5.484122   0.351868
    10  0.08992834    2.447075   56.430935      -5.143316  -2.232730  -0.233275
    11  0.09518108    2.590009   59.727077      -5.080520   4.778868  -0.712904
    12  0.08863105    2.411773   55.616867      -4.961501  -2.674262   0.935523
    13  0.09342329    2.542177   58.624049      -4.677609   3.851437  -0.621531
    14  0.09253543    2.518017   58.066906      -4.669176   5.714926   0.033106
    15  0.09127222    2.483643   57.274229      -4.014144   5.712023   0.696288
    16  0.11453395    3.116627   71.871198      -4.069408   6.583745  -2.614572
    17  0.10065206    2.738882   63.160174      -3.777282   3.711628   0.187567
    18  0.10037496    2.731342   62.986294      -3.444049   4.563219   0.825080
    19  0.09828747    2.674538   61.676372      -3.232219   5.441300  -2.476499
    20  0.07884767    2.145554   49.477704      -2.989994   0.357035   0.504371
    21  0.09682030    2.634614   60.755708      -2.849895   4.506425  -2.458815
    22  0.09551750    2.599163   59.938184      -2.905798   6.424413  -1.820806
    23  0.13627775    3.708306   85.515651      -2.554911  -1.958984   0.972968
    24  0.16697020    4.543490  104.775469      -2.424406  -2.753968  -1.542608
    25  0.15855323    4.314453   99.493738      -2.279945  -3.906717  -1.245790
    26  0.14405421    3.919914   90.395459      -2.293568  -3.011285   1.225157
    27  0.11846194    3.223513   74.336051      -2.436261   3.189917  -2.220821
    28  0.16655362    4.532155  104.514065      -2.248863  -4.957434  -0.708975
    29  0.07949996    2.163304   49.887019      -2.285744   0.684817  -0.488478
    30  0.09604317    2.613467   60.268047      -2.186350   6.359310  -1.139884
    31  0.16445914    4.475161  103.199757      -2.013372  -4.461228   1.385134
    32  0.04440948    1.208443   27.867392      -1.972054   1.404913  -0.497863
    33  0.10771103    2.930966   67.589751      -1.981493   4.305949  -1.632254
    34  0.10718356    2.916613   67.258758      -1.640868   5.235146  -0.967645
    35  0.14590518    3.970282   91.556959      -1.085004  -3.403642   1.389570
    36  0.04035754    1.098184   25.324759      -1.110994   0.545450  -1.511278
    37  0.16584502    4.512873  104.069411      -1.108473  -4.085610  -1.159527
    38 -0.00250945   -0.068286   -1.574704      -0.873060   0.751157   3.544378
    39  0.14521446    3.951486   91.123528      -0.286268  -2.701464   1.282406
*   40 -0.00762586   -0.207510   -4.785303       0.078958   1.736099   3.678939
    41  0.12249006    3.333124   76.863740      -0.031845   3.868359   0.575225
    42  0.05950011    1.619080   37.336912       0.276012   1.969023  -1.623752
    43  0.07344241    1.998470   46.085846       0.859405   3.980693   0.275693
    44  0.16946231    4.611304  106.339293       1.666489  -1.513460  -1.688512
    45  0.01334753    0.363205    8.375708       1.596514  -0.185997   2.607225
    46  0.04377436    1.191161   27.468851       1.985118   2.583905   0.482237
    47  0.01839944    0.500674   11.545835       2.122382   2.985757   1.883434
    48  0.17983627    4.893594  112.849060       2.309219  -3.171694   0.260926
    49  0.05433907    1.478641   34.098307       2.203714   3.584856  -1.954365
    50  0.16504511    4.491106  103.567460       2.699202  -1.703553  -2.144049
    51  0.05575951    1.517294   34.989652       2.647282   0.942333   2.202755
    52  0.17016899    4.630534  106.782743       3.259742  -3.410746  -0.218957
    53  0.16796073    4.570444  105.397036       3.573046  -0.116021  -0.972604
    54  0.16111367    4.384126  101.100442       3.775326  -1.018385  -1.837582
    55  0.16532213    4.498644  103.741292       4.151837  -2.679251   0.163608
    56  0.17058112    4.641748  107.041358       4.172197  -1.987051  -2.466667
    57  0.16296691    4.434555  102.263364       4.232075  -1.835847   0.877073
    58  0.17939704    4.881642  112.573438       4.446923  -3.533352  -1.019807
    59  0.09380274    2.552502   58.862159       5.428715   0.325527   1.391244
    60  0.09192121    2.501303   57.681476       6.210400  -0.093858   0.474102
    61  0.09568367    2.603685   60.042461       6.485861  -1.249894   0.617268
    62  0.08696009    2.366304   54.568327       6.686050   0.146510  -2.351423
    63  0.08132349    2.212925   51.031301       6.949746   0.542115   0.281717
    64  0.08490131    2.310282   53.276419       7.500550  -1.561183   0.578363
    65  0.08218649    2.236408   51.572844       7.725492  -0.258141  -2.393895
    66  0.08305212    2.259963   52.116036       8.001573  -1.312299  -2.242710
    67  0.07783032    2.117871   48.839303       8.055131   0.179551   0.216412
    68  0.07935115    2.159255   49.793638       8.255055  -0.919300   0.385457
 
 Number of surface maxima:    72
   #       a.u.         eV      kcal/mol           X/Y/Z coordinate(Angstrom)
     1  0.16761099    4.560927  105.177570      -8.544926  -4.888630  -0.249735
     2  0.12414047    3.378034   77.899388      -7.588506  -4.078834  -1.421835
     3  0.12275673    3.340380   77.031073      -7.321940  -5.007385   0.962143
     4  0.17428058    4.742416  109.362804      -7.290933  -3.403371  -2.840571
     5  0.17117262    4.657844  107.412529      -6.673416  -5.385458   2.441816
     6  0.13116449    3.569167   82.307031      -5.675174  -3.158790   0.163608
     7  0.18318890    4.984823  114.952867      -5.560267   6.895577  -2.346331
     8  0.13554890    3.688473   85.058288      -5.188464  -4.569417  -0.453253
     9  0.18682873    5.083868  117.236898      -5.309447   3.731534  -3.133662
    10  0.13978564    3.803761   87.716886      -5.139327   5.308045  -2.541085
    11  0.13674521    3.721026   85.808984      -4.419049   7.234867  -1.190440
    12  0.19634693    5.342872  123.209665      -4.154460  -2.365024  -2.800866
    13  0.18658666    5.077281  117.084992      -4.154460   0.621052  -1.159335
    14  0.14447693    3.931417   90.660716      -4.040898   3.055962  -2.225748
    15  0.14596226    3.971835   91.592778      -3.889871   4.750780  -0.291446
    16  0.18005140    4.899448  112.984053      -3.659133   8.166754   0.020955
    17  0.19141442    5.208651  120.114463      -3.493780  -4.343525   2.412223
    18  0.16757802    4.560030  105.156881      -3.615369  -1.829736   0.170613
    19  0.19324382    5.258432  121.262429      -3.381101  -2.245270  -1.201881
    20  0.19145993    5.209890  120.143019      -3.116968   1.863817  -1.708946
    21  0.18123253    4.931588  113.725223      -2.971235  -4.215588   0.831630
    22  0.14875422    4.047808   93.344761      -2.831434   5.175839  -1.423953
    23  0.14289535    3.888380   89.668258      -2.634392   2.726990  -0.100980
    24  0.13927526    3.789873   87.396618      -2.547515   6.922773   0.575181
    25  0.05956281    1.620786   37.376257      -2.463976  -0.662077   2.937192
    26  0.23362697    6.357313  146.603262      -2.130476  -5.750824   0.455767
    27  0.16432426    4.471490  103.115114      -2.179462   3.337173   1.511996
    28  0.19429170    5.286946  121.919986      -1.751241  -1.042081  -1.516023
    29  0.16774556    4.564589  105.262017      -1.803937  -0.437991   0.238521
    30  0.14835778    4.037020   93.095990      -1.763765   3.070693  -0.877475
    31  0.13805113    3.756562   86.628464      -1.445008   0.645154   0.491763
    32  0.16646017    4.529611  104.455418      -1.440517   4.846925   1.025431
    33  0.18865326    5.133516  118.381805      -1.438416   6.304263   1.486551
    34  0.24251191    6.599085  152.178649      -1.254873  -2.765031  -0.911209
    35  0.22407150    6.097296  140.607109      -1.310980  -2.467947   0.625791
    36  0.12296959    3.346173   77.164648      -0.850729   2.016775   1.760833
    37  0.15040272    4.092666   94.379212      -0.788600   3.514427  -0.630158
    38  0.20347487    5.536833  127.682515      -0.659505  -5.010911   0.351206
    39  0.13757283    3.743547   86.328325      -0.458525   1.338213  -0.634631
    40  0.17756162    4.831697  111.421692      -0.546707   4.561812   1.639803
    41  0.16967409    4.617067  106.472187      -0.128852  -0.909787   0.749564
    42  0.17819885    4.849037  111.821560      -0.033293   4.932162  -2.476633
    43  0.16527204    4.497281  103.709856       0.171122   2.592967   0.608011
    44  0.12003675    3.266366   75.324263       0.486379   0.422898   2.294936
    45  0.25757059    7.008852  161.628122       1.017660  -4.867372   0.430637
    46  0.23667292    6.440198  148.514623       1.074825  -3.485866  -0.560350
    47  0.18791506    5.113429  117.918580       1.126230   0.011339  -0.118587
    48  0.04426953    1.204635   27.779570       1.375228   3.318878   3.459928
*   49  0.26403192    7.184674  165.682671       1.494056  -4.091860  -2.105869
    50  0.10125686    2.755339   63.539694       2.052146   3.850164  -0.107232
    51  0.16955612    4.613857  106.398158       2.157108   5.567252  -0.257731
    52  0.20662156    5.622458  129.657092       2.335569   0.423566  -1.287101
    53  0.24493083    6.664907  153.696547       2.605623  -1.149474  -0.901993
    54  0.18995048    5.168815  119.195826       2.460886   0.412912   0.429209
    55  0.21141320    5.752846  132.663895       3.011646  -3.516781  -2.046502
    56  0.24289441    6.609493  152.418671       2.970545  -2.134191   0.295903
    57  0.18541821    5.045486  116.351783       2.989104  -1.174118   1.619200
    58  0.19344397    5.263878  121.388027       4.423942   0.101018  -0.245003
    59  0.16456406    4.478016  103.265594       4.418152   1.463816   2.363569
    60  0.24125646    6.564922  151.390839       4.709258  -3.365803  -2.424702
    61  0.17494500    4.760495  109.779735       4.754603  -0.888482   0.855053
    62  0.18972973    5.162808  119.057302       4.778109   1.603805  -1.057214
    63  0.19322634    5.257956  121.251460       5.032754  -2.629613  -0.703545
    64  0.20580596    5.600265  129.145300       5.917610  -3.814974  -0.229814
    65  0.13437769    3.656603   84.323341       6.432623   1.598384  -1.275266
    66  0.13832943    3.764135   86.803104       6.852455  -0.890841  -1.654137
    67  0.13464938    3.663996   84.493834       7.110962  -0.628437  -0.073522
    68  0.17230717    4.688717  108.124473       7.980173   2.256226  -1.559109
    69  0.12442668    3.385822   78.078985       8.818579   0.813916  -1.415320
    70  0.17613684    4.792927  110.527628       9.207265  -3.208795  -0.656439
    71  0.12599358    3.428460   79.062231       9.349993  -1.597897  -1.037806
    72  0.16909681    4.601358  106.109938      10.201394  -0.216550  -1.291629
