 Number of surface minima:    56
   #       a.u.         eV      kcal/mol           X/Y/Z coordinate(Angstrom)
     1  0.13093450    3.562909   82.162706      -6.843573   0.130323  -0.901896
     2  0.13844030    3.767152   86.872670      -6.244759   2.166957  -0.326543
     3  0.12367981    3.365499   77.610316      -5.844165  -0.750791   0.857809
     4  0.11357562    3.090550   71.269836      -5.721376  -0.617910  -0.334005
     5  0.11481180    3.124188   72.045553      -5.720168  -0.218908  -1.655518
     6  0.13653980    3.715437   85.680089      -5.381587   1.403744   1.443517
     7  0.13744289    3.740011   86.246785      -5.089871   2.386276  -2.071540
     8  0.11008816    2.995651   69.081424      -4.934123  -1.021946   0.194895
     9  0.12728320    3.463552   79.871481      -5.068349   1.863532   0.328496
    10  0.12635475    3.438288   79.288872      -4.982551   2.208450  -0.891097
    11  0.11769720    3.202704   73.856167      -4.792248  -0.349514  -2.184431
    12  0.12997762    3.536871   81.562258      -4.233156   1.460162   0.899991
    13  0.13093484    3.562918   82.162922      -4.087400   2.115847  -1.423185
    14  0.12637712    3.438896   79.302908      -3.782389  -1.346368   0.963343
    15  0.12288617    3.343903   77.112304      -3.750991  -1.183677  -0.349999
    16  0.12781541    3.478034   80.205450      -3.707823  -0.863453  -1.485151
    17  0.14880571    4.049209   93.377070      -3.198904   1.640799  -0.860361
    18  0.14076917    3.830524   88.334062      -2.473637  -0.669010   1.084633
    19  0.19006203    5.171851  119.265822      -2.357680   2.508690   1.870392
    20  0.09701588    2.639936   60.878436      -2.163538  -2.363713  -0.852328
    21  0.18853385    5.130267  118.306876      -1.731028   2.806073   0.756232
    22  0.19872565    5.407600  124.702333      -1.657494   4.103798   0.303641
    23  0.18373666    4.999729  115.296592      -1.646153   1.594011   1.368297
    24  0.04716734    1.283489   29.597978      -1.515455  -1.317014   1.366406
    25  0.04866884    1.324346   30.540182      -1.225438  -4.194275  -2.317655
    26  0.12298060    3.346472   77.171556      -1.248870  -1.579213  -2.202587
    27  0.16917474    4.603479  106.158844      -1.020404   0.264446   2.011002
    28  0.03279646    0.892437   20.580104      -0.833159  -3.550144   0.040852
    29  0.18483470    5.029608  115.985624      -0.932536   3.335961   3.274551
    30  0.19378788    5.273236  121.603831      -0.809766   3.068108  -0.306920
    31  0.19527631    5.313739  122.537835      -0.347376   4.885970   1.746976
    32  0.20048003    5.455339  125.803225      -0.041297   2.264529  -0.613003
    33  0.17719686    4.821772  111.192803       0.048407   2.641505   3.042963
    34  0.20694380    5.631227  129.859306       0.047726   3.433119  -1.059316
    35  0.18192227    4.950357  114.158046      -0.002969   3.767462   2.448011
    36  0.06112296    1.663240   38.355267       0.600205  -2.640962  -2.129683
    37  0.18962660    5.160002  118.992590       0.867341   3.975101   1.500429
    38  0.06143366    1.671695   38.550234       1.122966  -1.318486  -1.940991
*   39 -0.01181041   -0.321378   -7.411151       1.258273  -3.297081   2.693037
    40  0.02349042    0.639207   14.740476       1.526266  -0.453628   2.690583
    41  0.20027772    5.449834  125.676274       1.564730   3.214972   1.253261
    42 -0.00426575   -0.116077   -2.676802       2.617046  -3.037845   1.956081
    43  0.17985790    4.894182  112.862631       2.828073  -0.402654  -3.037563
    44  0.14300534    3.891373   89.737280       2.981503  -0.601813  -0.352186
    45  0.13950524    3.796131   87.540935       3.385599  -1.304795  -1.150287
    46  0.17262595    4.697391  108.324510       3.494734   0.788910  -3.028042
    47  0.16877121    4.592498  105.905619       3.488055   1.460162   0.516338
    48  0.18213615    4.956177  114.292255       3.531821   2.793132  -2.047372
    49  0.17276876    4.701277  108.414123       4.144023   1.857045  -2.797146
    50  0.14536416    3.955560   91.217461       4.363718  -0.332687  -0.822091
    51  0.16435308    4.472275  103.133200       4.481387   1.592456   0.089344
    52  0.17486686    4.758369  109.730706       4.676007   0.798690  -3.316588
    53  0.15667078    4.263229   98.312480       4.972150   0.671409  -0.608336
    54  0.18376786    5.000578  115.316172       4.965917   2.783105  -2.406170
    55  0.16235707    4.417960  101.880683       5.427509  -0.127370  -1.478126
    56  0.17534041    4.771255  110.027863       5.684009   2.020155  -0.560155
 
 Number of surface maxima:    55
   #       a.u.         eV      kcal/mol           X/Y/Z coordinate(Angstrom)
     1  0.20099844    5.469446  126.128531      -7.505697   1.448717  -0.638913
     2  0.13271269    3.611296   83.278543      -6.504826  -0.088509  -0.995996
     3  0.15785326    4.295406   99.054497      -6.497221   0.930984   0.573874
     4  0.15943506    4.338449  100.047093      -6.342712   1.460162  -1.831677
     5  0.19979932    5.436816  125.376072      -6.146804   0.240231   2.105282
     6  0.14214527    3.867970   89.197581      -5.719428   2.182896  -0.290923
     7  0.20510458    5.581180  128.705177      -5.630512   1.749014  -3.402757
     8  0.16023522    4.360222  100.549202      -4.535840   0.025305   1.795500
     9  0.17125200    4.660004  107.462341      -4.533045  -0.248331  -0.856259
    10  0.17166339    4.671199  107.720497      -4.044839   1.180639  -3.042019
    11  0.18203823    4.953512  114.230812      -4.117105   1.240857  -0.439196
    12  0.17671596    4.808686  110.891030      -3.603838  -3.414132  -1.521934
    13  0.20134413    5.478852  126.345452      -3.094458  -0.521186   2.171540
    14  0.16596274    4.516076  104.143280      -2.575495  -0.923792   0.310190
    15  0.22991285    6.256247  144.272614      -2.586824   0.811469  -3.368749
    16  0.25803740    7.021555  161.921046      -2.428268   3.188227   3.082552
    17  0.16392196    4.460543  102.862672      -2.183670  -1.450809  -0.472901
    18  0.19297599    5.251144  121.094365      -1.904285  -2.101272  -3.905474
    19  0.21259551    5.785018  133.405808      -1.992602   0.587181  -1.807423
    20  0.22004315    5.987679  138.079276      -1.569655   4.106048   1.896817
    21  0.22112308    6.017065  138.756943      -1.464892   1.749268   2.955172
    22  0.20563046    5.595489  129.035169      -1.378161   3.580450   0.047328
    23  0.26315341    7.160768  165.131398      -1.251915   5.368523   0.806083
    24  0.23480183    6.389283  147.340495      -1.151297   0.873120  -0.498285
    25  0.24125444    6.564867  151.389576      -0.987326   0.401807   3.417048
    26  0.23602648    6.422607  148.108975      -0.846863   0.149336  -2.305010
    27  0.03931026    1.069686   24.667579      -0.722738  -2.905550   3.538446
    28  0.12102492    3.293255   75.944344      -0.755652  -2.118971   0.551915
    29  0.26741653    7.276774  167.806550      -0.390474   2.057013   0.641549
    30  0.19347604    5.264751  121.408149      -0.288697   0.174377   1.651110
    31  0.08965056    2.439516   56.256622      -0.061266  -4.037524  -1.705243
    32  0.20333418    5.533004  127.594232      -0.133713  -1.053430  -0.821516
    33  0.23114493    6.289773  145.045755       0.056513   4.612604   0.036550
    34  0.21040252    5.725344  132.029685       0.360274   0.296203   0.221189
    35  0.26296560    7.155658  165.013541       0.643721   2.669034   1.675745
    36  0.11333554    3.084017   71.119188       1.155967  -2.984486   0.721707
    37  0.23368320    6.358843  146.638543       1.131501   1.466777  -1.145448
*   38  0.28245143    7.685894  177.241095       1.283416   4.365195  -1.117278
    39  0.14888972    4.051495   93.429789       1.387235  -4.349007  -0.877985
    40  0.13481284    3.668444   84.596404       1.658560  -1.866563  -0.797354
    41  0.12072982    3.285225   75.759168       1.592574  -1.417579   1.830831
    42  0.26107863    7.104311  163.829449       1.977421   3.101966  -0.430208
    43  0.17538202    4.772387  110.053971       2.158123  -0.402018   0.130451
    44  0.20246826    5.509442  127.050858       2.177034   0.002321  -2.474806
    45  0.17379278    4.729142  109.056707       2.585065  -1.055020  -1.135575
    46  0.25737678    7.003578  161.506501       2.977998   1.472353  -1.814914
    47  0.23912611    6.506952  150.054028       3.215671  -1.643708  -2.662290
    48  0.27351610    7.442752  171.634087       3.352236   4.066057   0.302309
    49  0.24046992    6.543519  150.897282       3.619934   0.785392  -0.530855
    50  0.05776922    1.571980   36.250763       4.298258  -2.359803   0.455819
    51  0.20641744    5.616904  129.529008       4.297990  -0.563485  -2.624749
    52  0.21755698    5.920027  136.519182       4.478289   3.353831  -0.728800
    53  0.20260190    5.513078  127.134719       5.587318   1.572854  -2.216012
    54  0.24102206    6.558544  151.243750       5.882315   0.153614  -2.969268
    55  0.24749959    6.734806  155.308468       5.959476   3.157329  -1.421994
