 Number of surface minima:    67
   #       a.u.         eV      kcal/mol           X/Y/Z coordinate(Angstrom)
     1  0.09225360    2.510348   57.890053      -6.380979  -2.738402   0.431167
     2  0.11952501    3.252441   75.003136      -6.327148   4.697920  -1.743301
     3  0.09058574    2.464963   56.843460      -6.117775  -3.543116   1.231338
     4  0.11348080    3.087970   71.210339      -6.044072   4.871885   0.393087
     5  0.09025818    2.456050   56.637910      -5.875554  -4.538362  -1.469509
     6  0.08915290    2.425974   55.944337      -5.751385  -5.320777  -0.721192
     7  0.10156324    2.763676   63.731947      -5.697750   4.136669  -0.501796
     8  0.10125495    2.755287   63.538495      -5.502187  -2.175674   0.085188
     9  0.10338362    2.813211   64.874256      -5.399106   3.641547  -1.744188
    10  0.10273648    2.795602   64.468167      -5.233728   3.900168   0.257936
    11  0.09518519    2.590121   59.729659      -5.077998  -3.901851  -1.905578
    12  0.09411915    2.561112   59.060709      -5.070412  -3.701145   1.596943
    13  0.11578947    3.150792   72.659049      -5.038174   3.341008  -2.886236
    14  0.11502288    3.129932   72.178007      -4.919626   6.382221  -2.084848
    15  0.09549762    2.598622   59.925711      -4.650226  -5.504146  -0.332810
    16  0.10169610    2.767292   63.815322      -4.625211   2.960205  -1.816471
    17  0.11399091    3.101850   71.530433      -4.242479   3.078348   0.159561
    18  0.11254973    3.062634   70.626079      -3.983596   2.675760  -0.769151
    19  0.09473988    2.578003   59.450221      -3.975929   6.123079  -0.896726
    20  0.09562694    2.602141   60.006860      -3.684360   5.620882  -2.111023
    21  0.09369969    2.549698   58.797494      -3.541496   5.924887  -0.131634
    22  0.05738339    1.561482   36.008654      -3.382168  -0.270762   2.871433
    23  0.08721842    2.373334   54.730429      -3.093533   1.052282   0.402688
    24  0.09073945    2.469146   56.939915      -2.895519   4.954486  -2.243318
    25  0.10170216    2.767457   63.819123      -2.529253   5.035159  -0.249673
    26  0.09912628    2.697363   62.202735      -2.219799   4.571851  -1.212832
    27  0.14945268    4.066814   93.783051      -2.167505  -2.123636   0.931653
    28  0.17442596    4.746372  109.454032      -2.065482  -1.064528  -1.640593
    29  0.16331043    4.443903  102.478928      -1.914617  -2.788249  -1.599919
    30  0.13464990    3.664010   84.494161      -1.878443   2.025920   1.593217
    31  0.10830835    2.947220   67.964574      -1.924352   3.825736  -2.258482
    32  0.15649366    4.258409   98.201335      -1.781439  -3.184893   1.179316
    33  0.09215067    2.507547   57.825465      -1.770640  -1.064528   1.788966
    34  0.11874797    3.231297   74.515537      -1.878407   2.648422  -1.561061
    35  0.15917343    4.331329   99.882919      -1.661341  -3.850203  -1.353446
    36  0.12744801    3.468037   79.974900      -1.726485   0.014644   0.461558
    37  0.05473467    1.489406   34.346553      -1.644030   1.313734   2.779567
    38  0.16901109    4.599026  106.056150      -1.475846  -5.016906  -0.881377
    39  0.17313404    4.711217  108.643341      -1.269614  -4.649909   1.282961
    40  0.02927822    0.796701   18.372378      -0.712286   2.264140  -1.408350
    41  0.15596175    4.243935   97.867561      -0.570516  -3.570759   1.341168
    42  0.16253784    4.422880  101.994121      -0.485952  -4.119613  -1.243932
    43  0.15997228    4.353067  100.384204       0.237493  -2.766061   1.227760
    44  0.02674543    0.727780   16.783022       0.317334   0.244971  -1.896770
    45  0.01167298    0.317638    7.324914       0.497480   1.991261   3.617774
    46  0.01176099    0.320033    7.380141       0.879952   1.859262   3.568834
*   47 -0.00458119   -0.124660   -2.874739       1.676508   3.440406   1.332932
    48  0.02582388    0.702704   16.204745       1.825585   0.413400   2.396730
    49 -0.00090357   -0.024587   -0.566999       1.865560   3.233144   0.069940
    50  0.14897024    4.053686   93.480316       2.138108  -1.389198  -1.641927
    51  0.14414683    3.922435   90.453577       3.252923  -1.452212  -1.986069
    52  0.11542755    3.140943   72.431943       3.248073   1.025210   0.136168
    53  0.12551176    3.415349   78.759882       3.785720   0.317791  -0.788080
    54  0.15577950    4.238976   97.753195       3.927857  -3.035411   0.022282
    55  0.13995641    3.808407   87.824044       4.042010  -0.654081  -1.597061
    56  0.16318470    4.440481  102.400030       4.476785  -1.830215  -2.337131
    57  0.15039859    4.092554   94.376621       4.498520  -1.329116   1.115368
    58  0.14928183    4.062165   93.675840       4.779469  -2.255177   0.337963
    59  0.16080529    4.375735  100.906929       5.179606  -2.916648  -0.543948
    60  0.08710706    2.370304   54.660551       6.143318   0.753085  -1.328238
    61  0.07423143    2.019940   46.580966       6.752954   1.713652   0.327033
    62  0.07685401    2.091304   48.226659       7.027010   0.919887  -1.822860
    63  0.08001460    2.177308   50.209959       7.622255  -0.611477   1.328628
    64  0.07107328    1.934002   44.599192       7.678275   1.845947  -0.202883
    65  0.07309999    1.989152   45.870973       7.806652   1.449064  -1.265155
    66  0.07608036    2.070252   47.741188       8.617435  -0.466231   0.736277
    67  0.07657632    2.083748   48.052408       8.812904  -0.860212  -0.391197
 
 Number of surface maxima:    76
   #       a.u.         eV      kcal/mol           X/Y/Z coordinate(Angstrom)
     1  0.17714249    4.820292  111.158681      -8.177140  -4.516065  -0.031077
     2  0.13484241    3.669249   84.614962      -7.290824  -3.418747  -1.032305
     3  0.18505498    5.035602  116.123851      -7.039730  -2.110123  -2.090320
     4  0.13306408    3.620858   83.499041      -6.823082  -5.171049   0.781281
     5  0.18575818    5.054737  116.565118      -6.383094   6.089605  -2.358033
     6  0.18114918    4.929320  113.672922      -6.023961  -6.139698   1.857806
     7  0.14069429    3.828486   88.287074      -5.925142   5.947070  -0.788080
     8  0.18387374    5.003459  115.382610      -5.997001   6.335734   0.793385
     9  0.14172519    3.856539   88.933976      -5.276301   4.955001  -2.970798
    10  0.14722818    4.006282   92.387153      -5.077998  -3.260482   0.455617
    11  0.14598486    3.972450   91.606960      -4.789720  -4.321585  -0.737780
    12  0.19133110    5.206384  120.062178      -4.705144  -0.858406   0.608690
    13  0.18604785    5.062619  116.746886      -4.681115   1.915376   2.228357
    14  0.14472397    3.938139   90.815737      -4.624534   5.285599   1.328628
    15  0.15522469    4.223879   97.405048      -4.478295   3.768593  -0.788080
    16  0.18600908    5.061564  116.722557      -4.451607   4.081351  -4.153820
    17  0.21188136    5.765585  132.957672      -3.836811  -1.410872  -2.111023
    18  0.19512056    5.309501  122.440104      -3.560867   4.624127   2.316582
    19  0.14167372    3.855138   88.901677      -3.358172   3.362595  -3.107967
    20  0.14810290    4.030085   92.936050      -3.433375   4.945807  -1.052669
    21  0.19947147    5.427895  125.170341      -3.263388  -1.858294  -0.543597
    22  0.20000010    5.442280  125.502063      -3.060367  -2.099949  -1.138992
    23  0.14483614    3.941192   90.886125      -2.987235  -0.573820   0.789842
    24  0.24163110    6.575116  151.625929      -3.032023  -0.473790  -0.858814
    25  0.16669564    4.536019  104.603181      -2.961289   2.375124   0.989975
    26  0.17472663    4.754553  109.642709      -2.943285   3.443590   1.323778
    27  0.20993417    5.712599  131.735793      -2.790723  -5.280739   1.741999
    28  0.19299424    5.251640  121.105817      -2.558053  -4.633299   0.273978
    29  0.19456485    5.294379  122.091387      -2.483100  -4.290580   0.748463
    30  0.10495381    2.855938   65.859566      -2.028821  -0.520076   2.778474
    31  0.18350793    4.993505  115.153060      -2.157715   2.394895  -2.754554
    32  0.18682615    5.083798  117.235276      -2.065209   3.292532   2.211072
    33  0.14110361    3.839624   88.543924      -1.759195   3.309678  -1.046987
    34  0.24001041    6.531015  150.608934      -1.497313  -5.822781   0.403919
    35  0.17826537    4.850847  111.863300      -1.535718  -0.447462  -0.002221
    36  0.18573438    5.054090  116.550183      -1.405910  -1.130181  -1.581846
    37  0.13873970    3.775299   87.060548      -1.501483  -0.786840   0.671312
    38  0.15875594    4.319969   99.620941      -1.323473   0.677708   0.188265
    39  0.16501450    4.490273  103.548249      -1.163426   3.908399   0.375227
    40  0.23120604    6.291436  145.084100      -0.820305  -2.502008   0.565679
    41  0.15895608    4.325415   99.746530      -0.971236   2.114543   1.327846
    42  0.23677218    6.442899  148.576912      -0.741715  -2.844518  -0.980539
    43  0.17044985    4.638176  106.958983      -0.443992  -0.661875   3.320924
    44  0.13682251    3.723130   85.857493      -0.175584   1.317960  -0.906631
    45  0.20544595    5.590469  128.919389      -0.029234  -5.005008   0.289301
    46  0.18136514    4.935196  113.808438      -0.083094  -0.667645   0.732927
    47  0.11392818    3.100143   71.491071       0.136183   2.694416   0.431999
    48  0.14676581    3.993701   92.097017       0.489266   0.665782   2.138225
    49  0.03690589    1.004260   23.158813       0.965460   3.562628   3.309036
    50  0.16134255    4.390354  101.244063       1.426680   0.145548  -0.229726
*   51  0.25701998    6.993869  161.282608       1.527568  -4.868933   0.288152
    52  0.23557608    6.410351  147.826346       1.659911  -3.342970  -0.406776
    53  0.19733086    5.369646  123.827090       1.537278  -1.989167   1.066243
    54  0.11603675    3.157520   72.814219       1.726615   1.374373   0.989349
    55  0.25516265    6.943329  160.117113       2.304837  -4.032901  -1.904334
    56  0.15159686    4.125160   95.128544       2.462871   0.656324   0.534116
    57  0.05381459    1.464370   33.769195       2.710992   2.362536  -1.705641
    58  0.21705943    5.906487  136.206960       3.021311  -0.932234  -0.855491
    59  0.17201637    4.680803  107.941991       3.245981  -0.672595   1.708897
    60  0.22878505    6.225558  143.564905       3.281976  -1.858294   0.426526
    61  0.19986573    5.438623  125.417744       3.785720  -3.260018  -1.792922
    62  0.21228728    5.776631  133.212390       4.022075   1.120658   1.529400
    63  0.18080707    4.920010  113.458242       4.862652  -0.120700   1.093449
    64  0.17721113    4.822160  111.201757       4.846489   0.395880   0.674072
    65  0.18903496    5.143903  118.621329       5.263143   0.439116   2.276874
    66  0.18174859    4.945631  114.049060       5.348730  -1.341687  -1.628788
    67  0.23246564    6.325712  145.874514       5.434724  -2.987470  -2.049551
    68  0.18079797    4.919763  113.452533       5.657685  -1.725999  -1.173758
    69  0.19976032    5.435755  125.351596       6.006812  -1.526400  -2.837485
    70  0.12669835    3.447637   79.504483       6.966924   0.785776  -0.646870
    71  0.13212835    3.595395   82.911859       7.489961  -0.598282   0.005685
    72  0.16600940    4.517346  104.172560       8.384967   1.703536   2.331749
    73  0.17059729    4.642188  107.051504       9.077492  -0.249444  -2.991875
    74  0.11865542    3.228778   74.457463       9.138901   1.245884   0.860860
    75  0.12040504    3.276388   75.555365       9.421410   0.379939  -1.488655
    76  0.16418777    4.467776  103.029465      10.327877   1.244211  -0.360748
