 Number of surface minima:    73
   #       a.u.         eV      kcal/mol           X/Y/Z coordinate(Angstrom)
     1  0.10918495    2.971074   68.514650      -7.647454   3.052687  -0.718625
     2  0.09618827    2.617416   60.359100      -6.759669   2.114421  -0.880033
     3  0.13182526    3.587148   82.721668      -6.637297  -1.469956  -2.374180
     4  0.08712573    2.370812   54.672264      -6.497392   2.377081   1.762629
     5  0.09425884    2.564913   59.148364      -6.488177   3.310906  -1.003063
     6  0.08768075    2.385915   55.020549      -6.358763   3.475721   1.658441
     7  0.12225168    3.326637   76.714150      -6.122731  -3.462161  -1.778212
     8  0.10368206    2.821332   65.061527      -5.958624   1.459073  -0.871370
     9  0.11345600    3.087295   71.194775      -5.832765  -2.267710  -1.539835
    10  0.09127387    2.483688   57.275265      -5.768672   1.610588   1.794179
    11  0.11906834    3.240014   74.716574      -5.623432  -0.955271  -1.611993
    12  0.12765166    3.473578   80.102692      -5.527421  -1.808496  -4.287248
    13  0.10181184    2.770441   63.887949      -5.495893   3.668850  -1.101809
    14  0.13207973    3.594072   82.881354      -5.315509   0.265835  -1.819290
    15  0.09201254    2.503789   57.738790      -5.220635   3.804167   1.560731
    16  0.11207767    3.049789   70.329860      -5.191803  -2.926757  -1.059030
    17  0.12286686    3.343377   77.100183      -4.812425  -0.674677  -1.155301
    18  0.09904509    2.695154   62.151782      -4.694009   1.952980   1.690669
    19  0.10252241    2.789777   64.333835      -4.568405   3.139864   1.549329
    20  0.10734928    2.921122   67.362747      -4.501414  -2.517676  -3.824203
    21  0.11215124    3.051791   70.376027      -4.228127  -1.345452  -3.824203
    22  0.12275333    3.340288   77.028940      -4.114203  -2.531405  -0.484301
    23  0.10527829    2.864768   66.063181      -3.873728  -3.226849  -3.357621
    24  0.12945894    3.522757   81.236782      -3.929159  -1.477746  -0.516846
    25  0.08482917    2.308319   53.231154      -3.609139   1.353295   2.843372
    26  0.11275593    3.068245   70.755471      -3.344551  -0.977669  -3.360539
    27  0.11509696    3.131948   72.224496      -2.813586  -2.799656  -2.763305
    28  0.09215445    2.507650   57.827837      -2.794314  -2.141593   1.204050
    29  0.16949312    4.612142  106.358627      -2.709212   1.505217  -1.238123
    30  0.17509082    4.764463  109.871240      -2.711581   2.348392  -1.895324
    31  0.04560790    1.241054   28.619412      -2.568916  -3.859044   3.282767
    32  0.16574312    4.510100  104.005468      -2.623195   0.434258  -0.060079
    33  0.11900532    3.238300   74.677030      -2.538665  -1.740170  -2.748359
    34  0.15762221    4.289118   98.909512      -2.245305   2.376796   1.635743
    35  0.17891158    4.868432  112.268808      -2.169528   4.054833  -0.660988
    36  0.10515644    2.861452   65.986719      -1.891955  -0.945554   0.550914
    37  0.16140161    4.391961  101.281123      -1.990267   3.309341   0.557429
    38  0.05554481    1.511451   34.854927      -1.686552  -0.419392   2.896134
    39  0.04444508    1.209412   27.889732      -1.466020  -1.563062   2.837490
    40  0.16562129    4.506784  103.929014      -1.385636   1.510863  -1.629360
    41  0.16929973    4.606880  106.237275      -1.120050   3.496944   0.092133
    42  0.02622505    0.713620   16.456478      -0.582578  -4.013475   1.853530
    43  0.07422523    2.019771   46.577072      -0.425423  -0.937683  -1.175841
    44  0.15800410    4.299510   99.149153      -0.334075   0.884882  -1.204392
    45  0.01645632    0.447799   10.326506      -0.187866  -0.029968   2.894096
    46  0.17892351    4.868756  112.276289      -0.300012   3.023151   0.410290
    47  0.15467027    4.208792   97.057142      -0.026699   4.337424  -2.877030
    48  0.18353059    4.994121  115.167283       0.330377   3.936267  -0.696826
    49  0.14887186    4.051009   93.418583       0.624278   2.562922  -3.223187
    50  0.15733231    4.281230   98.727597       0.938394   4.789614   0.541509
    51  0.15946327    4.339216  100.064796       1.434187   3.956454  -2.217951
    52  0.01207741    0.328643    7.578696       1.708521  -1.821860  -1.274961
    53  0.13977462    3.803461   87.709973       1.556852   3.950393   2.127435
    54  0.13458284    3.662185   84.452077       1.947216   1.300737   1.335219
    55 -0.00619492   -0.168572   -3.887375       2.000040  -4.123632   0.991210
    56  0.14656336    3.988192   91.969973       2.584254   5.091823   0.794266
*   57 -0.00735562   -0.200157   -4.615726       2.742388  -3.062069   1.999920
    58  0.02536137    0.690118   15.914514       2.831155  -2.545485  -0.679320
    59  0.13491467    3.671215   84.660303       3.238476   1.697317   1.405624
    60  0.15049446    4.095162   94.436777       3.822958   0.771257  -1.660646
    61  0.12690426    3.453241   79.633692       4.043483   1.020966   1.157938
    62  0.14449932    3.932026   90.674766       4.196224   2.094200  -1.245874
    63  0.15583045    4.240362   97.785166       4.658857   2.953715  -0.649140
    64  0.07289357    1.983535   45.741446       6.180224  -0.682940  -0.515985
    65  0.07484524    2.036643   46.966136       6.291324  -0.201289   0.526425
    66  0.06723766    1.829630   42.192303       7.107170  -0.950375  -1.043846
    67  0.07573070    2.060737   47.521771       7.207325   1.501501  -2.104377
    68  0.06722205    1.829205   42.182511       7.374435  -0.014478   1.074413
    69  0.07840023    2.133379   49.196928       7.516977   2.387171  -0.103375
    70  0.06471634    1.761021   40.610150       8.039755  -0.798689  -0.640303
    71  0.06497485    1.768056   40.772367       8.143957  -0.331638   0.409214
    72  0.07116903    1.936608   44.659279       8.138067   1.643503  -1.707495
    73  0.07122632    1.938167   44.695230       8.307141   2.116975  -0.637718
 
 Number of surface maxima:    79
   #       a.u.         eV      kcal/mol           X/Y/Z coordinate(Angstrom)
     1  0.17836040    4.853433  111.922935      -8.691799   3.269343   0.514065
     2  0.13563027    3.690687   85.109351      -7.843125   1.829343   0.547774
     3  0.18578166    5.055376  116.579852      -7.583373   0.108950   0.696066
     4  0.13444312    3.658383   84.364405      -7.313380   4.289073   0.248663
     5  0.19773577    5.380664  124.081171      -6.981435  -1.359342  -3.850595
     6  0.18334049    4.988948  115.047991      -6.478504   5.716756   0.177242
     7  0.15102817    4.109685   94.771684      -6.322071  -2.735441  -3.229778
     8  0.19216808    5.229159  120.587390      -6.218497  -4.378658  -3.004069
     9  0.15707364    4.274191   98.565281      -5.734660  -0.272521  -3.302971
    10  0.14888672    4.051414   93.427908      -5.549954   2.526036  -0.460096
    11  0.14086061    3.833012   88.391443      -5.483132   2.615634   1.165059
    12  0.20771377    5.652179  130.342467      -4.925570   1.181393  -3.026769
    13  0.15208689    4.138495   95.436042      -4.753459  -4.341891  -2.081252
    14  0.16744926    4.556526  105.076083      -4.667494  -1.826043  -1.526614
    15  0.18946936    5.155723  118.893918      -4.535200  -2.196899   2.368426
    16  0.19910672    5.417969  124.941457      -4.510081  -0.520568   0.562011
*   17  0.24711978    6.724471  155.070136      -4.006022  -0.816275   4.466274
    18  0.16145548    4.393427  101.314926      -3.856877  -1.996851  -2.903091
    19  0.20091632    5.467211  126.077002      -3.476845  -4.973512  -1.310612
    20  0.17908181    4.873064  112.375625      -3.580992  -5.012521   1.219406
    21  0.19237380    5.234757  120.716486      -3.435207   0.812895   0.694056
    22  0.21225964    5.775878  133.195045      -3.269554   4.984945   0.002044
    23  0.17174457    4.673408  107.771437      -3.198249   1.815238   1.593775
    24  0.17799180    4.843403  111.691637      -2.979201   1.017840  -0.676168
    25  0.19275563    5.245147  120.956086      -2.997195   3.549437  -0.301785
    26  0.17924402    4.877478  112.477414      -2.812498  -3.590925  -0.778904
    27  0.24307507    6.614409  152.532037      -2.709752   3.814026  -2.040507
    28  0.16775565    4.564863  105.268350      -2.581901  -1.098117  -0.541094
    29  0.21978645    5.980693  137.918193      -2.205306   0.587559  -1.467557
    30  0.16642280    4.528595  104.431971      -1.889314  -1.213158  -1.527252
    31  0.18851573    5.129774  118.295507      -1.769711  -4.277290  -0.522400
    32  0.17363397    4.724821  108.957051      -1.583520  -0.231894   0.972194
    33  0.08360846    2.275102   52.465147      -1.488427  -3.187759   3.449413
    34  0.23086067    6.282038  144.867376      -1.383811   1.160790  -0.426383
    35  0.17990111    4.895358  112.889743      -1.227842  -2.560195  -1.758712
    36  0.17232565    4.689220  108.136071      -1.116553   1.292733   2.122487
    37  0.23403951    6.368539  146.862134      -1.128763   2.302509   0.662443
    38  0.20843664    5.671849  130.796074      -1.152180   3.681732  -1.631833
    39  0.14339128    3.901875   89.979465      -1.046948  -1.186869   1.216177
    40  0.21755718    5.920032  136.519305      -0.909981   3.178755  -3.506343
    41  0.15792818    4.297444   99.101515      -0.718807  -2.838151   0.398370
    42  0.17571018    4.781317  110.259898      -0.193746  -0.299365   0.091851
    43  0.13934743    3.791836   87.441903       0.199449  -2.948231   3.916830
    44  0.21796987    5.931262  136.778275       0.138889   3.703040   1.335274
    45  0.13957418    3.798007   87.584195       0.325716  -2.019470  -0.703773
    46  0.12443558    3.386064   78.084569       0.348221  -1.223742   2.387433
    47  0.22485213    6.118538  141.096958       0.573682   5.001064  -1.453594
    48  0.20537260    5.588473  128.873358       0.875799   1.807709  -1.357227
    49  0.20052147    5.456467  125.829227       0.791881   2.508362   0.849708
    50  0.16696207    4.543269  104.770371       0.882302   3.936924  -2.892680
    51  0.09888625    2.690832   62.052111       1.021161  -2.968918   1.732157
    52  0.22683766    6.172567  142.342899       1.024734   2.771052  -0.379053
    53  0.04501559    1.224937   28.247733       1.313753  -4.881187  -0.896041
    54  0.15454165    4.205292   96.976428       1.389316  -0.294128   0.923936
    55  0.16188614    4.405146  101.585169       1.554081   5.012705   1.076090
    56  0.10741748    2.922978   67.405545       1.947221  -1.951663   0.332180
    57  0.21921528    5.965151  137.559778       1.892227   2.358789  -2.266108
    58  0.22142624    6.025314  138.947180       1.915395   5.004675  -0.714046
    59  0.13949688    3.795903   87.535689       2.609910  -1.087773   0.148387
    60  0.16499065    4.489624  103.533280       2.587300  -0.295378  -1.612851
    61  0.22453834    6.109999  140.900051       2.874850   1.303148  -0.914378
    62  0.20272221    5.516352  127.210217       2.972667   0.890950   0.623236
    63  0.20502680    5.579063  128.656366       3.111986   4.464136   2.075110
    64  0.19429353    5.286996  121.921132       3.371740   3.668953   0.405609
    65  0.04492557    1.222487   28.191242       3.516214  -1.349873   2.909969
    66  0.22174069    6.033871  139.144499       4.755381  -4.071863  -1.788019
    67  0.17089481    4.650284  107.238199       4.605689   0.122359  -1.415501
    68  0.14359815    3.907504   90.109278       4.857696  -0.490017  -0.252257
    69  0.22464669    6.112947  140.968041       4.934066   3.625808   0.648352
    70  0.17905840    4.872427  112.360936       5.186785  -0.257983  -2.965938
    71  0.16915929    4.603058  106.149145       5.176869   1.987628   0.728387
    72  0.18569362    5.052980  116.524601       5.783756   2.073222   2.073272
    73  0.11821644    3.216833   74.181998       7.104683  -0.021182  -0.252778
    74  0.12392920    3.372285   77.766812       7.130327   1.478244  -0.890746
    75  0.16446157    4.475227  103.201279       8.426894  -0.558685  -3.297760
    76  0.11481227    3.124201   72.045847       9.133121   0.133003  -1.972083
    77  0.16444062    4.474657  103.188136       9.127074   1.730223   1.880913
    78  0.11465746    3.119988   71.948704       9.456945   1.024299   0.397327
    79  0.15991387    4.351478  100.347552      10.430348   0.519038  -0.903054
