 Number of surface minima:    79
   #       a.u.         eV      kcal/mol           X/Y/Z coordinate(Angstrom)
     1  0.08379761    2.280249   52.583840      -6.626746  -3.775979  -0.488122
     2  0.08471636    2.305249   53.160364      -6.701459  -2.726769   0.097353
     3  0.11911983    3.241415   74.748884      -6.044901   5.259187  -1.517886
     4  0.08007386    2.178921   50.247148      -5.686207  -4.833647   1.778590
     5  0.08987243    2.445553   56.395849      -5.702239  -4.041265  -1.017944
     6  0.07930237    2.157927   49.763029      -5.707291  -3.899646   2.285656
     7  0.10236745    2.785560   64.236600      -5.564021  -1.475849  -2.409179
     8  0.11302857    3.075664   70.926559      -5.634128   5.405371   0.441026
     9  0.10130696    2.756702   63.571129      -5.454068   4.677712  -0.501601
    10  0.10775263    2.932098   67.615851      -5.046595   0.445302  -1.153825
    11  0.10356491    2.818145   64.988018      -5.139850   4.033348  -1.537382
    12  0.10207636    2.777639   64.053938      -4.966782   4.485185   0.441026
    13  0.08665300    2.357948   54.375626      -4.756822  -5.099442   1.250823
    14  0.08370633    2.277765   52.526559      -4.846104  -3.123651   2.349591
    15  0.10457398    2.845603   65.621221      -4.832363  -3.053465  -1.940272
    16  0.10460308    2.846395   65.639481      -4.352989  -2.314581  -3.631525
    17  0.10392663    2.827987   65.214998      -4.439657   3.292485  -1.609674
    18  0.11491331    3.126950   72.109249      -4.445370   6.726423  -2.072566
    19  0.11377051    3.095853   71.392132      -4.029727   3.570120   0.412372
    20  0.11373098    3.094777   71.367325      -3.799041   3.007040  -0.592958
    21  0.11037998    3.003592   69.264542      -3.595490   1.745651  -1.418026
    22  0.09461692    2.574657   59.373065      -3.612115   6.518743  -1.017740
    23  0.06523091    1.775023   40.933051      -3.397653   0.183706   3.136570
    24  0.12544468    3.413523   78.717794      -3.328515   2.430892  -1.816761
    25  0.09615817    2.616597   60.340216      -3.340805   5.858543  -2.209414
    26  0.10001868    2.721647   62.762724      -3.180973   1.914370   0.962496
    27  0.10881015    2.960875   68.279459      -3.014721   0.480959   0.227074
    28  0.09370632    2.549879   58.801652      -3.079099   6.255065  -0.223735
    29  0.09265781    2.521347   58.143702      -2.595553   5.136589  -2.174008
    30  0.10410139    2.832743   65.324665      -2.419822  -1.017417  -4.372551
    31  0.09059889    2.465321   56.851709      -2.410934  -0.089285   0.665017
    32  0.09976564    2.714761   62.603939      -2.401462   2.298478   2.151449
    33  0.14479176    3.939984   90.858275      -2.270670  -1.563431   0.639522
    34  0.10204209    2.776707   64.032434      -2.169539   5.323410  -0.225149
    35  0.14287204    3.887746   89.653631      -1.967813  -2.841439   1.267444
    36  0.11421419    3.107926   71.670548      -2.032489   0.562929  -1.160440
    37  0.10137738    2.758619   63.615319      -1.980121   0.738122  -3.660098
    38  0.15341273    4.174573   96.268023      -1.895086  -4.060413   1.581298
    39  0.15032436    4.090534   94.330040      -1.984775  -3.917477  -1.146593
    40  0.10106367    2.750082   63.418461      -1.912876   4.760912  -1.146506
    41  0.16352440    4.449725  102.613196      -1.819135  -5.057292  -0.333768
    42  0.11175288    3.040950   70.126047      -1.768953   4.001635  -2.215661
    43  0.04367143    1.188360   27.404257      -1.095334   1.041922   2.886773
    44  0.15316326    4.167784   96.111476      -0.808081  -4.187506  -1.017924
    45  0.14625408    3.979776   91.775898      -0.770248  -3.193519   1.429513
    46  0.10059844    2.737423   63.126528      -0.808517  -0.459635  -3.493012
    47  0.04095579    1.114464   25.700170      -0.669132   2.279148  -1.321339
    48  0.14843105    4.039014   93.141966      -0.041310  -2.472336   1.182841
    49  0.01637055    0.445465   10.272681       0.133777   1.682337   3.607187
    50  0.02956598    0.804531   18.552947       0.466733   0.294753  -1.807978
    51  0.04120836    1.121337   25.858659       1.171122  -0.615392   2.539700
*   52  0.00809887    0.220381    5.082121       1.619249   3.398147   1.655416
    53  0.13117424    3.569433   82.313148       1.816953  -1.139237  -1.738628
    54  0.04679645    1.273396   29.365242       1.782867   0.580589   2.099258
    55  0.01252098    0.340713    7.857039       1.866526   3.140954   0.090915
    56  0.12977253    3.531290   81.433563       2.762815  -1.123648  -2.092617
    57  0.06782156    1.845519   42.558708       2.909589   0.589230   4.017671
    58  0.05246460    1.427634   32.922060       3.299697   2.281844   2.639420
    59  0.11808293    3.213200   74.098217       3.424220   0.200738  -0.636894
    60  0.14678730    3.994286   92.110502       3.569950  -3.132760  -0.597951
    61  0.08462677    2.302811   53.104142       3.583467  -1.403825   4.186313
    62  0.12164127    3.310027   76.331113       3.569945  -0.475880  -1.670512
    63  0.06081954    1.654984   38.164872       3.806254   2.432709   0.790477
    64  0.14064489    3.827142   88.256072       4.098324  -1.254841  -2.585811
    65  0.14009987    3.812311   87.914071       4.431183  -2.462180  -0.147315
    66  0.14228595    3.871798   89.285855       4.449258  -1.933003   0.573320
    67  0.15494795    4.216348   97.231387       4.674901  -3.071391  -1.543389
    68  0.07079692    1.926482   44.425775       5.335801   2.352104   2.052686
    69  0.08859660    2.410836   55.595255       5.917472  -1.536120   3.151830
    70  0.06969885    1.896602   43.736726       6.193821   0.839233  -2.605922
    71  0.09199618    2.503343   57.728521       6.607055  -1.344181   1.426730
    72  0.08270942    2.250638   51.900989       6.567843   0.306836   2.402300
    73  0.07479462    2.035265   46.934372       6.897383   1.263601  -0.052009
    74  0.07606594    2.069859   47.732138       7.108627  -1.202067  -2.532279
    75  0.06700883    1.823403   42.048709       7.303395   0.604083  -2.818566
    76  0.07729303    2.103250   48.502147       7.781072  -0.880569   0.040705
    77  0.06905897    1.879190   43.335197       7.764261  -0.358984  -2.791729
    78  0.06795455    1.849137   42.642158       7.906986   1.100573  -0.260452
    79  0.07012304    1.908145   44.002911       8.342346  -0.067975  -0.198689
 
 Number of surface maxima:    99
   #       a.u.         eV      kcal/mol           X/Y/Z coordinate(Angstrom)
     1  0.16976814    4.619626  106.531205      -8.231891  -4.321410   1.484466
     2  0.12605985    3.430263   79.103819      -7.286155  -2.975107   1.775011
     3  0.12570351    3.420566   78.880210      -7.127444  -5.094307   0.588460
     4  0.17667953    4.807694  110.868170      -6.767690  -1.425197   2.500507
     5  0.17485967    4.758174  109.726190      -6.466619  -6.422220  -0.330395
     6  0.18571514    5.053566  116.538106      -5.971719   6.550710  -2.346893
     7  0.15922293    4.332676   99.913979      -5.551303  -2.062206  -1.002755
     8  0.13869085    3.773970   87.029898      -5.431154  -3.255460  -0.086986
     9  0.13711237    3.731017   86.039385      -5.299432  -1.337248   1.698252
    10  0.14012657    3.813038   87.930821      -5.417727   6.529078  -0.742914
    11  0.18399436    5.006741  115.458299      -5.416585   6.949471   0.843077
    12  0.11601499    3.156928   72.800564      -5.116932  -2.544268  -2.816126
    13  0.19322594    5.257945  121.251208      -5.033203   1.111646   1.102876
    14  0.14194413    3.862496   89.071361      -4.968561   5.277172  -2.932344
    15  0.13492768    3.671569   84.668467      -4.852513  -3.917417   1.284827
    16  0.16758558    4.560235  105.161625      -4.876824  -0.861004  -3.762687
    17  0.13450896    3.660175   84.405718      -4.637961  -0.557746  -1.755664
    18  0.17504835    4.763308  109.844590      -4.635383  -0.075074   0.439007
    19  0.17089059    4.650170  107.235557      -4.602694   1.247636  -2.454466
    20  0.18790213    5.113077  117.910463      -4.340916   4.316379  -4.049166
    21  0.12305986    3.348629   77.221291      -4.236776   1.366230  -0.619469
    22  0.15390605    4.187997   96.577589      -4.219555   4.163417  -0.603999
    23  0.14415693    3.922710   90.459917      -4.112384   5.842943   1.351414
    24  0.17863087    4.860793  112.092659      -3.879441  -0.672071   1.485103
    25  0.14602263    3.973478   91.630663      -3.798742  -0.185531  -2.688585
    26  0.18117933    4.930140  113.691839      -3.748529   2.557156   3.694129
    27  0.19865699    5.405732  124.659249      -3.447312  -5.693908  -1.203171
    28  0.17657086    4.804737  110.799980      -3.426176  -3.484497  -2.838819
    29  0.17905963    4.872460  112.361709      -3.508015  -1.800708  -0.485035
    30  0.16850476    4.585248  105.738422      -3.472150   0.179907  -4.210115
    31  0.14494370    3.944119   90.953619      -3.302467   3.505697  -2.994976
    32  0.19522162    5.312250  122.503519      -3.145457   5.109597   2.344300
    33  0.16237685    4.418499  101.893099      -3.085074  -2.865269  -1.426429
    34  0.14910918    4.057467   93.567503      -3.127880   5.265733  -1.014212
    35  0.13382901    3.641673   83.979043      -2.918135   0.580589  -2.407491
    36  0.18076180    4.918779  113.429839      -2.751092  -4.433798  -0.187562
    37  0.15404711    4.191835   96.666100      -2.675965   1.762932  -0.373499
    38  0.15931229    4.335108   99.970054      -2.697426   2.291005   0.280780
    39  0.11540871    3.140431   72.420120      -2.524318  -0.610983   2.297789
    40  0.17287786    4.704246  108.482587      -2.494096   4.057975   1.416518
    41  0.18864367    5.133255  118.375787      -2.106573   2.459970  -2.591112
    42  0.22475815    6.115980  141.037988      -1.836371  -5.504949   1.009054
    43  0.17120142    4.658628  107.430604      -1.859780  -0.408676  -0.415946
    44  0.14488878    3.942624   90.919161      -1.594772   3.364772  -1.013644
    45  0.18525390    5.041015  116.248673      -1.687722   3.773935   2.209107
    46  0.11407326    3.104091   71.582112      -1.594873  -0.345274  -4.189529
    47  0.17600662    4.789384  110.445916      -1.330603  -2.121174  -3.683967
    48  0.14602757    3.973612   91.633764      -1.387656   0.788125   0.019143
    49  0.21159760    5.757864  132.779612      -1.133264  -2.264841   0.506071
    50  0.22590277    6.147127  141.756248      -1.048330  -2.839571  -1.009054
    51  0.19046833    5.182907  119.520783      -0.961124  -1.577304   2.281057
    52  0.16399201    4.462449  102.906625      -1.062811   1.900052   1.358963
    53  0.14541800    3.957025   91.251251      -0.931327   0.845985  -2.865192
    54  0.16627445    4.524558  104.338880      -0.888334   4.065627   0.200750
    55  0.19217375    5.229314  120.590950      -0.399682  -4.833105   0.577225
    56  0.18370405    4.998841  115.276127      -0.265419  -0.742354   0.587777
    57  0.14139220    3.847477   88.725018      -0.159914   1.372686  -0.889623
    58  0.14180430    3.858691   88.983617       0.363391   0.435077   2.116812
    59  0.11675944    3.177186   73.267717       0.299447   2.607523   0.462493
    60  0.04480420    1.219184   28.115082       0.949774   3.254966   3.497789
    61  0.21413260    5.826844  134.370345       1.196993  -3.244773  -0.868471
    62  0.16436685    4.472649  103.141842       1.182989  -0.080882  -0.268931
*   63  0.24437920    6.649896  153.350393       1.254772  -4.711183   0.546605
    64  0.11386898    3.098532   71.453923       1.605846   0.327040   3.365580
    65  0.12092211    3.290458   75.879836       1.654585   1.229055   1.069505
    66  0.24204812    6.586464  151.887615       1.731108  -3.774065  -2.451503
    67  0.09582394    2.607502   60.130482       2.463836   1.629927   1.343167
    68  0.15171156    4.128282   95.200523       2.638226   0.373377   0.895285
    69  0.09212142    2.506751   57.807114       2.770520  -1.006943   4.211299
    70  0.19379637    5.273467  121.609158       2.700644  -0.812230  -0.881917
    71  0.16244611    4.420383  101.936559       2.805586  -2.319078   2.856038
    72  0.06698607    1.822784   42.034426       2.812004   2.186142  -1.543389
    73  0.18587754    5.057985  116.640015       3.167403  -3.054814  -2.400612
    74  0.21838293    5.942502  137.037474       3.081092  -2.065297   0.090125
    75  0.15697750    4.271575   98.504952       4.358052   1.984018  -1.039665
    76  0.14121377    3.842622   88.613054       4.422648  -0.245938   4.606745
    77  0.07719072    2.100466   48.437948       4.461626   2.769041   1.835711
    78  0.16011484    4.356946  100.473662       4.697346   0.126117   0.308731
    79  0.11837214    3.221070   74.279705       4.690083   0.383443   3.086912
    80  0.21614467    5.881596  135.632944       4.764403  -2.716419  -2.871355
    81  0.16044146    4.365834  100.678620       4.829600  -0.006218   0.441026
    82  0.13177876    3.585882   82.692489       4.818468   2.004674   3.547328
    83  0.14843121    4.039018   93.142066       4.959687  -1.403825   0.645778
    84  0.16784223    4.567219  105.322681       5.284112  -2.095629  -1.160331
    85  0.16355426    4.450538  102.631933       5.385473  -2.528138   1.830304
    86  0.10729603    2.919673   67.329329       5.482539   0.779016   2.262955
    87  0.13528443    3.681277   84.892336       5.420024   2.043619   0.440724
    88  0.11629698    3.164602   72.977516       5.945583   2.222712  -1.382898
    89  0.14643969    3.984827   91.892370       6.041636  -0.094143   3.817517
    90  0.18909965    5.145663  118.661922       6.459445  -3.282113  -0.756880
    91  0.12025350    3.272264   75.460273       6.640132  -0.187178  -2.029734
    92  0.10074125    2.741309   63.216141       6.734431  -1.127571   2.289061
    93  0.14174818    3.857164   88.948400       6.818517   0.030101   0.837908
    94  0.12327611    3.354514   77.356995       7.051741  -0.033079  -0.437231
    95  0.15955878    4.341815  100.124729       7.300774   3.138360  -1.779117
    96  0.11238851    3.058247   70.524912       8.394096   1.838453  -1.807978
    97  0.16581827    4.512145  104.052624       9.381321  -2.187324  -1.538864
    98  0.11504755    3.130603   72.193488       9.316195  -0.477765  -1.675683
    99  0.15904600    4.327862   99.802956       9.856098   1.085192  -2.072566
