 Number of surface minima:    59
   #       a.u.         eV      kcal/mol           X/Y/Z coordinate(Angstrom)
     1  0.13076450    3.558283   82.056030      -6.799761  -0.530223  -1.564105
     2  0.13743546    3.739809   86.242123      -6.514942   1.557727  -0.961503
     3  0.13351938    3.633247   83.784747      -5.701095   0.869749   0.996404
     4  0.11348377    3.088050   71.212199      -5.697577  -1.146031  -0.871760
     5  0.11492414    3.127245   72.116046      -5.491076  -0.813578  -2.097291
     6  0.12517416    3.406162   78.548038      -5.326316   1.360301  -0.101280
     7  0.12540453    3.412431   78.692598      -5.204988   1.736189  -1.427898
     8  0.13743943    3.739917   86.244614      -5.207702   1.865605  -2.619980
     9  0.10990982    2.990798   68.969512      -4.872890  -1.495538  -0.178234
    10  0.11801374    3.211317   74.054805      -4.605688  -0.831454  -2.556919
    11  0.12633896    3.437858   79.278958      -4.556175   1.052775   0.552161
    12  0.13049118    3.550846   81.884523      -4.203682   1.687261  -1.758029
    13  0.12607668    3.430721   79.114374      -3.863438  -1.674776   0.698142
    14  0.12358493    3.362917   77.550779      -3.720030  -1.526873  -0.616471
    15  0.12862954    3.500188   80.716326      -3.541509  -1.222512  -1.757328
    16  0.14741107    4.011259   92.501919      -3.353813   1.296059  -1.053954
    17  0.13932502    3.791227   87.427846      -2.610754  -0.820934   0.893253
    18  0.18131121    4.933729  113.774598      -2.654696   2.838086   0.975677
    19  0.10239155    2.786216   64.251720      -1.884641  -2.554490  -0.840303
    20  0.17916115    4.875223  112.425413      -1.952586   1.953943   0.757655
    21  0.17766489    4.834507  111.486494      -1.978401   2.828655   0.043585
    22  0.19110826    5.200320  119.922346      -1.891647   4.002298  -0.633519
    23  0.04975555    1.353917   31.222105      -1.690845  -1.417764   1.283984
    24  0.14035868    3.819354   88.076474      -1.329125  -0.046659   1.799822
    25  0.12746978    3.468629   79.988560      -1.389404   1.349022   4.348940
    26  0.17702038    4.816969  111.082059      -1.314956   4.027128   2.332614
    27  0.11470547    3.121295   71.978829      -0.831195  -1.815948  -2.076557
    28  0.18553835    5.048755  116.427168      -0.898579   2.875655  -0.966518
    29  0.04966325    1.351406   31.164186      -0.705546  -4.477523  -1.824067
    30  0.03554368    0.967193   22.304013      -0.769156  -3.477342   0.428717
    31  0.09092336    2.474150   57.055315      -0.643491  -0.044320   3.206897
    32  0.18711129    5.091557  117.414204      -0.658648   5.118518   0.708091
    33  0.17306268    4.709275  108.598565      -0.461249   3.336653   2.399149
    34  0.17067468    4.644294  107.100072      -0.377665   4.176389   1.642583
    35  0.19056883    5.185642  119.583847      -0.055192   2.099354  -1.081348
    36  0.19720374    5.366187  123.747317      -0.041366   3.208660  -1.691540
    37  0.18006953    4.899941  112.995433       0.534915   4.303540   0.713812
    38  0.06587050    1.792428   41.334399       1.046068  -2.863778  -1.563225
    39  0.06598610    1.795573   41.406937       1.150179  -1.553297  -1.562718
*   40 -0.01250457   -0.340267   -7.846742       1.192795  -2.721869   3.232234
    41  0.18833755    5.124925  118.183697       1.217424   3.536421   0.752602
    42  0.02457878    0.668822   15.423427       1.488457   0.235507   2.743460
    43  0.19366113    5.269787  121.524294       1.929751   0.563880  -2.230477
    44  0.11182818    3.043000   70.173304       1.989778  -2.052604  -1.795352
    45 -0.00464402   -0.126370   -2.914169       2.498741  -2.341375   2.674696
    46  0.11672675    3.176296   73.247205       3.208004  -1.881480  -0.564176
    47  0.15383182    4.185977   96.531004       3.206491   1.625005   0.624960
    48  0.13298009    3.618572   83.446339       3.374813  -2.143410  -3.471992
    49  0.17320642    4.713186  108.688762       3.547544   2.699493  -2.087539
    50  0.16831500    4.580084  105.619344       3.666948   0.834731  -2.879614
    51  0.11664610    3.174102   73.196593       4.059793  -2.591395  -1.689719
    52  0.16253068    4.422685  101.989626       4.131922   1.757299  -2.683027
    53  0.15156196    4.124211   95.106642       4.270273   1.694381   0.233505
    54  0.13918400    3.787389   87.339354       4.394176  -0.227116  -0.568653
    55  0.16751805    4.558398  105.119249       4.759702   0.831239  -3.083691
    56  0.14308835    3.893632   89.789372       4.858515   0.707923  -0.367168
    57  0.17565215    4.779738  110.223482       4.968400   2.621207  -2.349463
    58  0.15355894    4.178551   96.359769       5.440087  -0.046280  -1.110273
    59  0.16536112    4.499705  103.765758       5.588228   1.889593  -0.432956
 
 Number of surface maxima:    60
   #       a.u.         eV      kcal/mol           X/Y/Z coordinate(Angstrom)
     1  0.20021248    5.448059  125.635334      -7.620788   0.685501  -1.450988
     2  0.15664767    4.262600   98.297980      -6.712163   0.237134  -0.033093
     3  0.13266460    3.609987   83.248361      -6.416778  -0.686987  -1.700835
     4  0.19768964    5.379409  124.052226      -6.502598  -0.354357   1.482500
     5  0.15955658    4.341755  100.123349      -6.336872   0.857322  -2.435982
     6  0.14101676    3.837261   88.489425      -5.980061   1.634672  -0.885031
     7  0.20528076    5.585974  128.815731      -5.582693   1.098927  -3.930026
     8  0.15744834    4.284387   98.800409      -4.767215  -0.468305   1.388629
     9  0.17085039    4.649076  107.210329      -4.546874  -0.651898  -1.298113
    10  0.18021097    4.903790  113.084183      -4.263311   0.834706  -0.759843
    11  0.19824461    5.394510  124.400478      -3.328127  -0.883141   1.896408
    12  0.17914139    4.874685  112.413014      -3.192075  -3.655843  -1.677653
    13  0.25027366    6.810293  157.049223      -2.866166   3.741713   2.148543
    14  0.21107580    5.743665  132.452177      -2.752260   2.286476   3.471486
    15  0.16591683    4.514826  104.114468      -2.523554  -1.234003   0.031834
    16  0.17633681    4.798369  110.653109      -2.175488  -0.281944   2.401382
    17  0.23135524    6.295496  145.177727      -2.260184   0.577884  -3.404344
    18  0.20618858    5.610677  129.385399      -2.211842   2.356158   2.148543
    19  0.16684237    4.540012  104.695254      -2.097856  -1.630980  -0.602857
    20  0.21306081    5.797680  133.697791      -1.955078   0.363919  -1.952580
    21  0.21177817    5.762777  132.892919      -1.933014   4.403185   0.798376
    22  0.13640321    3.711720   85.594378      -1.853579   0.710134   3.996132
    23  0.25514713    6.942906  160.107373      -1.487758   5.400304  -0.497343
    24  0.23261306    6.329723  145.967019      -1.363785   0.816804  -0.633083
    25  0.19201790    5.225073  120.493155      -1.062257  -2.725050  -3.881464
    26  0.03907352    1.063245   24.519025      -0.882046  -2.531879   3.868369
    27  0.11592322    3.154431   72.742979      -0.747211  -2.087062   0.788282
    28  0.23844990    6.488552  149.629700      -0.693992  -0.073900  -2.312769
    29  0.19161963    5.214235  120.243232      -0.738438   0.562227   1.460836
    30  0.25658917    6.982146  161.012271      -0.579735   2.150234   0.151617
    31  0.15191483    4.133813   95.328076      -0.429404  -0.480131   1.648138
    32  0.22175277    6.034200  139.152081      -0.157341   4.551907  -0.901075
    33  0.20130288    5.477730  126.319571      -0.056732  -1.163308  -0.674986
    34  0.18053253    4.912540  113.285965       0.080115   1.216627   4.221159
    35  0.09096114    2.475179   57.079026       0.232068  -4.241364  -1.047812
    36  0.20565336    5.596113  129.049542       0.155289   0.330817   0.219644
    37  0.25010018    6.805572  156.940361       0.267692   2.976037   1.245430
    38  0.22625703    6.156767  141.978546       1.111374   1.345509  -1.300932
    39  0.11232835    3.056610   70.487161       1.162652  -2.744084   1.226236
    40  0.12209806    3.322457   76.617753       1.308184  -0.872218   2.175090
*   41  0.27249274    7.414904  170.991917       1.227791   4.162236  -1.820286
    42  0.15037865    4.092011   94.364108       1.480733  -4.402517   0.164128
    43  0.14036609    3.819555   88.081124       1.819599  -1.765568  -0.315970
    44  0.20254296    5.511474  127.097734       1.867127  -1.526146  -3.492584
    45  0.17605166    4.790609  110.474175       1.933336  -0.102326   0.418377
    46  0.24418458    6.644600  153.228266       1.926557   3.168293  -0.643994
    47  0.20408474    5.553428  128.065215       2.185423  -0.102722  -2.366288
    48  0.17295467    4.706336  108.530784       2.606244  -1.036229  -0.741532
    49  0.16428986    4.470554  103.093528       2.857383  -2.911803  -1.039874
    50  0.24536908    6.676832  153.971550       3.019490   1.369997  -1.806692
    51  0.13906955    3.784275   87.267535       3.244942  -2.669320  -2.807254
    52  0.26221894    7.135340  164.545007       3.167543   4.188459   0.044150
    53  0.22787660    6.200838  142.994846       3.521155   0.820867  -0.402231
    54  0.05746521    1.563708   36.059994       4.287966  -1.826745   1.193962
    55  0.19322854    5.258016  121.252843       4.465486  -0.429804  -2.684445
    56  0.20682791    5.628074  129.786582       4.368180   3.379819  -0.744564
    57  0.20024334    5.448898  125.654698       4.941195  -1.709068  -3.010935
    58  0.19436159    5.288848  121.963844       5.620728   1.486276  -1.978561
    59  0.23401624    6.367906  146.847530       5.978478   0.037473  -2.614052
    60  0.23893081    6.501638  149.931474       5.940887   3.090514  -1.409186
