 Number of surface minima:    63
   #       a.u.         eV      kcal/mol           X/Y/Z coordinate(Angstrom)
     1  0.11687379    3.180298   73.339473      -7.385781  -3.059583   1.545550
     2  0.11437267    3.112239   71.769995      -6.626641  -5.061598   1.004304
     3  0.09785169    2.662680   61.402911      -6.319273  -2.242708   0.785668
     4  0.09953333    2.708440   62.458161      -6.047427  -2.510775   2.089332
     5  0.09275980    2.524122   58.207699      -5.773443  -1.837898  -0.019554
     6  0.09423365    2.564228   59.132561      -5.531889  -4.670045   0.093530
     7  0.09628516    2.620052   60.419900      -5.308530  -4.964697   1.400249
     8  0.10195337    2.774292   63.976760      -5.144529  -2.284152   2.337215
     9  0.08796814    2.393735   55.200890      -4.902585  -4.289487  -0.587298
    10  0.10691556    2.909320   67.090584      -4.886251  -1.557766  -0.974261
    11  0.10643577    2.896265   66.789512      -4.620616  -1.619278   0.482335
    12  0.09793831    2.665037   61.457268      -4.327455  -4.745171   1.722856
    13  0.11248671    3.060919   70.586536      -4.357074  -1.825439   1.507945
    14  0.08023295    2.183250   50.346981      -4.452914   1.987061   2.465391
    15  0.10187040    2.772035   63.924695      -4.092485  -3.538191  -1.435875
    16  0.10026838    2.728441   62.919409      -3.849156  -4.033091  -0.186580
    17  0.10726990    2.918962   67.312935      -3.531596  -4.208074   0.804716
    18  0.09000098    2.449051   56.476512      -3.643262   0.018532   2.333096
    19  0.05639801    1.534668   35.390313      -3.431014   0.863494  -1.175455
    20  0.13498258    3.673063   84.702920      -3.560268   4.333280   1.009354
    21  0.13572358    3.693227   85.167906      -3.462195   6.176945   0.438726
    22  0.10787326    2.935381   67.691551      -3.413291  -2.274145  -1.234863
    23  0.11280103    3.069472   70.783777      -2.962998   4.535331  -1.635733
    24  0.12061817    3.282187   75.689107      -2.900590   5.389933   0.877730
    25  0.01320866    0.359426    8.288566      -2.458430  -1.862866  -1.853798
    26  0.12535494    3.411081   78.661478      -2.253251   5.378708  -1.906392
    27  0.13143488    3.576525   82.476700      -2.136272   6.258481   0.555433
    28  0.15396571    4.189620   96.615023      -1.592566  -1.248773   1.136967
    29  0.13729797    3.736068   86.155852      -1.425790   6.730840  -2.137533
    30  0.14153485    3.851359   88.814532      -1.441342   7.382117  -0.044860
    31 -0.00502009   -0.136604   -3.150157      -1.283411  -0.501958  -3.559120
    32  0.12009606    3.267980   75.361477      -0.931297   5.517790  -2.054900
    33  0.12825853    3.490092   80.483511      -0.779532   6.325952   0.483789
*   34 -0.01513174   -0.411756   -9.495319      -0.739326  -1.621339  -3.838934
    35  0.10823880    2.945328   67.920931      -0.131616  -1.481260   1.283523
    36  0.09303255    2.531544   58.378856       0.008638  -3.076577   1.200576
    37  0.06254464    1.701926   39.247386      -0.032230  -0.302325   1.660384
    38  0.14897386    4.053785   93.482587       0.032300   3.423937  -1.470973
    39  0.13532103    3.682272   84.915299       0.634647   2.334356  -1.297159
    40  0.18110650    4.928158  113.646139       0.794824   3.125202   1.264742
    41  0.08374808    2.278901   52.552757       0.871345  -0.695279   1.936214
    42  0.19289188    5.248855  121.041582       1.432578   4.263817   0.677478
    43  0.01285983    0.349934    8.069673       1.582813  -0.302649  -2.714335
    44  0.15155800    4.124103   95.104158       1.707188   0.439623   1.539331
    45  0.06324321    1.720935   39.685746       1.860758  -3.284266   2.097392
    46  0.02059977    0.560548   12.926564       1.940013  -1.896832  -2.857199
    47  0.07960942    2.166283   49.955708       2.051845  -2.679694   0.084093
    48  0.16387020    4.459135  102.830186       2.711118   0.287374   2.200802
    49  0.05109789    1.390444   32.064438       3.110909  -3.583429  -1.708526
    50  0.17638564    4.799697  110.683750       3.145586   2.177080   0.084093
    51  0.15481541    4.212741   97.148215       3.247634  -1.425113   0.745565
    52  0.19516588    5.310734  122.468538       3.359164   2.787540   1.298439
    53  0.13709209    3.730465   86.026656       4.639585  -0.165661   3.657815
    54  0.13670286    3.719874   85.782410       5.095101  -2.488120   1.142448
    55  0.12693651    3.454118   79.653927       5.090766  -1.963278   2.123452
    56  0.14037512    3.819801   88.086789       5.300880  -1.216007   3.135078
    57  0.05891403    1.603132   36.969141       5.432705  -1.517136  -3.020832
    58  0.14937940    4.064820   93.737069       5.754194  -0.373790   4.185217
    59  0.13328657    3.626912   83.638656       6.220738  -1.093350  -0.177386
    60  0.13366528    3.637217   83.876297       6.157081   1.352040   2.068508
    61  0.12260942    3.336372   76.938639       6.635119  -0.287365   0.752412
    62  0.13587040    3.697222   85.260033       6.775328   0.380654   1.682354
    63  0.14741747    4.011433   92.505938       7.074584   0.946600   2.994568
 
 Number of surface maxima:    72
   #       a.u.         eV      kcal/mol           X/Y/Z coordinate(Angstrom)
     1  0.18412634    5.010333  115.541121      -7.934573  -4.401898   1.558877
     2  0.13725885    3.735003   86.131301      -7.271753  -3.741676   0.213677
     3  0.17750524    4.830163  111.386314      -7.206539  -3.310541  -1.442429
     4  0.11871205    3.230319   74.493002      -7.001912  -2.810468   1.672165
     5  0.14098767    3.836470   88.471172      -6.610882  -4.263902   2.475317
     6  0.11591403    3.154181   72.737210      -6.328296  -5.043204   0.888032
     7  0.18755219    5.103555  117.690878      -5.663476  -4.397023   3.917832
     8  0.13084124    3.560371   82.104185      -5.612281  -2.811988  -1.435703
     9  0.15224255    4.142731   95.533725      -5.146909  -2.536500   1.147854
    10  0.08544087    2.324964   53.614997      -4.703899   1.178923  -0.834209
    11  0.14860414    4.043724   93.250586      -4.616814  -3.996773   0.749703
    12  0.20532551    5.587191  128.843811      -4.505525   3.532234   0.072312
    13  0.16560694    4.506394  103.920013      -4.319192  -2.248501  -2.116243
    14  0.20357235    5.539485  127.743685      -4.318374   6.580907  -0.823961
    15  0.20347498    5.536836  127.682587      -4.090210   1.023064   1.274312
    16  0.10252339    2.789803   64.334454      -3.946599   3.168744   2.483842
    17  0.16329534    4.443492  102.469459      -4.057867   5.020572  -0.290563
    18  0.24088757    6.554884  151.159358      -3.166425   2.671547   0.216388
    19  0.13990920    3.807123   87.794421      -2.927392  -2.995857  -0.628953
    20  0.20802466    5.660639  130.537555      -2.707044  -3.178075   3.321655
    21  0.17812457    4.847016  111.774947      -2.663146  -1.231161   1.119620
    22  0.12792473    3.481009   80.274049      -2.624668  -0.811093   1.151789
    23  0.16384661    4.458493  102.815385      -2.717975   6.977790  -1.054988
    24  0.22102677    6.014444  138.696510      -2.354243   0.659625   0.116054
    25  0.06398637    1.741158   40.152089      -2.052924   1.553724  -2.903529
    26  0.23528671    6.402477  147.644763      -2.059830   1.709559   1.852160
    27  0.18223353    4.958827  114.353363      -1.843482  -3.419570   0.374225
    28  0.14425247    3.925309   90.519866      -1.585367  -0.273402  -0.567656
    29  0.18563299    5.051331  116.486558      -1.610780   4.583910  -1.158229
    30  0.19377126    5.272784  121.593403      -1.438384   5.014783   0.359218
    31  0.20797178    5.659200  130.504372      -1.462267   8.010461  -1.379614
    32  0.21105437    5.743081  132.438727      -1.337586  -2.294670   2.024556
    33  0.10107340    2.750347   63.424566      -1.431770  -1.480475  -2.025658
    34  0.18321193    4.985450  114.967316      -0.889825  -1.344938   0.398423
    35  0.13763206    3.745159   86.365492      -0.578518  -2.605378  -0.870008
    36  0.22380970    6.090172  140.442822      -0.487174   2.509790  -0.663261
    37  0.24686443    6.717523  154.909900      -0.423929   2.868499   0.863143
    38  0.17153518    4.667710  107.640039      -0.134142   6.842687  -1.087478
    39  0.03179603    0.865214   19.952326       0.165339  -3.426562  -3.837838
    40  0.17432775    4.743699  109.392405       0.011900   0.764424  -0.836165
    41  0.13755044    3.742938   86.314278       0.271734  -2.149630   2.334461
    42  0.12405453    3.375695   77.845456       0.338447  -0.497765  -2.429498
    43  0.15947539    4.339546  100.072399       0.736158  -4.068883  -0.379035
    44  0.19704791    5.361946  123.649533       0.679430  -1.883883   4.064273
    45  0.18733671    5.097691  117.555662       1.066993  -0.430691   0.008813
    46  0.21249625    5.782317  133.343523       1.116773   4.778567  -0.419306
    47  0.13265259    3.609661   83.240828       1.251717  -1.621339  -1.371144
    48  0.22761977    6.193849  142.833684       1.397543   6.155163  -0.974261
    49  0.23110876    6.288789  145.023058       1.957566   2.737965   0.726920
*   50  0.26864013    7.310070  168.574368       2.421517   2.935128   2.523852
    51  0.20650708    5.619344  129.585260       2.519444  -1.622387  -1.222338
    52  0.26096719    7.101278  163.759520       2.458120   4.172691  -0.459504
    53  0.23499114    6.394434  147.459292       2.639166  -0.035926   0.879793
    54  0.05075568    1.381132   31.849699       2.786524  -1.224032  -3.752506
    55  0.24636722    6.703993  154.597892       3.470975   0.926261  -0.032106
    56  0.20770797    5.652021  130.338828       3.546315  -1.364005   2.709318
    57  0.22095495    6.012490  138.651441       3.633850   2.003873   2.518657
    58  0.08216196    2.235741   51.557449       3.861371  -3.745562  -0.413260
    59  0.21692048    5.902707  136.119773       3.845173  -0.298396  -1.973772
    60  0.17965715    4.888720  112.736659       4.264141  -2.367319  -2.398814
    61  0.23683220    6.444532  148.614576       4.370517   2.452650   3.764774
    62  0.23124761    6.292567  145.110185       4.506644  -1.674748  -0.312790
    63  0.19992114    5.440131  125.452514       4.620920  -0.569997   2.208268
    64  0.17861672    4.860408  112.083777       4.970423  -0.628384  -0.642777
    65  0.19776844    5.381553  124.101676       5.471379   0.401749   1.296113
    66  0.18069587    4.916985  113.388466       5.610482   1.308296   3.833817
    67  0.20312953    5.527436  127.465812       5.956389  -2.581572  -0.076906
    68  0.08889006    2.418821   55.779400       6.193670  -0.966662  -1.921445
    69  0.16646049    4.529620  104.455621       6.513325  -2.022680   1.157030
    70  0.21597017    5.876847  135.523444       6.999585   0.485554   4.408523
    71  0.17100691    4.653335  107.308546       7.067361  -0.669494   3.173987
    72  0.20814433    5.663895  130.612648       7.667927  -1.998103   2.326712
