 Number of surface minima:    65
   #       a.u.         eV      kcal/mol           X/Y/Z coordinate(Angstrom)
     1  0.10638116    2.894779   66.755244      -8.279291   0.245849  -1.270101
     2  0.09883036    2.689311   62.017038      -7.937424  -0.238814   1.288005
     3  0.10422460    2.836096   65.401980      -7.495423  -0.979603  -2.629444
     4  0.09228862    2.511301   57.912034      -6.949982  -1.881597   1.619582
     5  0.10138498    2.758826   63.620087      -6.468907  -0.196517   2.203392
     6  0.08995488    2.447797   56.447584      -6.036296  -3.095144  -1.966378
     7  0.08529833    2.321086   53.525556      -5.893456  -3.475180  -0.238357
     8  0.17301100    4.707869  108.566135      -5.505370   1.955017  -1.020407
     9  0.15830157    4.307605   99.335815      -5.104228   1.315357   0.063995
    10  0.16602925    4.517886  104.185016      -4.679167   0.665714  -2.570062
    11  0.16489765    4.487093  103.474921      -4.830010   0.751543   0.697343
    12  0.08165149    2.221850   51.237125      -4.411418  -2.940811  -1.166748
    13  0.16796594    4.570586  105.400308      -4.310462   2.258941  -0.315363
    14  0.14402937    3.919239   90.379872      -3.925790  -0.203986  -1.749166
    15  0.14137321    3.846961   88.713105      -3.648991  -0.921879  -0.982592
    16  0.15176051    4.129613   95.231237      -3.252108   0.718265  -2.166456
    17  0.03752838    1.021199   23.549434      -2.722931  -1.830361   1.739904
    18  0.15308497    4.165654   96.062348      -2.204688   0.855414  -1.749228
    19  0.02035066    0.553770   12.770245      -1.922806  -0.708440   2.262948
    20  0.00032132    0.008744    0.201632      -1.398216  -3.356952   0.021573
*   21 -0.01073387   -0.292083   -6.735611      -1.216288  -3.704339   1.394426
    22  0.16807410    4.573529  105.468177      -0.893532   2.716081   1.173857
    23  0.18544808    5.046299  116.370525      -0.868687   3.254532  -1.425550
    24  0.16767471    4.562661  105.217559      -0.355958   3.646110   1.319563
    25  0.17680059    4.810989  110.944136      -0.304082   4.216089  -1.252487
    26  0.04058526    1.104381   25.467655      -0.282369  -0.256828  -1.772778
    27  0.17918584    4.875895  112.440906       0.312769   4.840876   1.331738
    28  0.18359318    4.995825  115.206559       0.319838   5.304963  -0.841288
    29 -0.00011549   -0.003143   -0.072469       0.500147  -2.409731   3.375449
    30  0.17310109    4.710320  108.622663       0.849399   4.181243  -1.298796
    31  0.16558925    4.505913  103.908913       0.953445   3.652736   1.286974
    32  0.01307961    0.355914    8.207584       1.097042  -3.231451   0.697477
    33  0.03647972    0.992664   22.891391       1.520586  -1.218796   2.787540
    34  0.17183063    4.675749  107.825436       1.512060   2.726255   1.086319
    35  0.09968183    2.712480   62.551342       1.770975   1.264742   1.870529
    36  0.10443095    2.841711   65.531467       2.185394  -3.481630   0.285881
    37  0.09930257    2.702160   62.313358       2.411528  -4.689119  -0.654771
    38  0.12233871    3.329006   76.768766       2.701136   0.681654   0.284666
    39  0.12874439    3.503313   80.788391       2.686043   1.122065  -1.718749
    40  0.09813203    2.670308   61.578830       2.962555  -3.756820  -1.568777
    41  0.08557519    2.328619   53.699290       3.112395  -1.486693   1.486851
    42  0.05910176    1.608241   37.086945       3.203135   0.455951   3.178885
    43  0.11984144    3.261051   75.201699       3.164383   7.026458  -0.310441
    44  0.10225522    2.782506   64.166174       3.335964  -4.030965   1.166044
    45  0.11817755    3.215775   74.157596       3.245189   6.567173   1.476946
    46  0.10652805    2.898776   66.847416       3.474269  -2.969441  -2.133442
    47  0.12541486    3.412712   78.699077       3.456091   3.773174  -2.686643
    48  0.08610413    2.343012   54.031202       3.517062  -4.925121  -1.422909
    49  0.11526715    3.136579   72.331290       3.599112   2.671850   2.136786
    50  0.13311282    3.622184   83.529627       3.676575   1.836035  -0.610470
    51  0.10277920    2.796764   64.494979       4.137381  -2.969451   0.646167
    52  0.11737968    3.194064   73.656924       4.087994   5.304184  -2.228926
    53  0.11246449    3.060314   70.572593       4.254722   4.301605   2.339977
    54  0.09253771    2.518079   58.068338       4.524698  -5.012906  -1.898556
    55  0.08946676    2.434514   56.141286       4.658959  -4.025425   0.802978
    56  0.11118129    3.025397   69.767370       4.622162  -2.136666   0.088984
    57  0.09809500    2.669301   61.555595       4.740922  -3.202125  -2.702731
    58  0.11937266    3.248295   74.907537       4.945730   3.797829  -1.697095
    59  0.11760860    3.200293   73.800573       5.082433   3.177072   1.210726
    60  0.09555604    2.600212   59.962368       5.124625  -4.001738  -2.583617
    61  0.09485139    2.581038   59.520196       5.657672  -4.132374   0.330728
    62  0.10208538    2.777885   64.059599       5.841321  -2.314123  -0.439891
    63  0.11288770    3.071830   70.838158       5.931475  -5.155706  -2.305944
    64  0.09827748    2.674266   61.670104       6.298871  -3.209108  -0.340987
    65  0.11430660    3.110441   71.728533       6.827170  -4.534305  -0.366787
 
 Number of surface maxima:    82
   #       a.u.         eV      kcal/mol           X/Y/Z coordinate(Angstrom)
     1  0.16463458    4.479935  103.309843      -8.473337  -1.265357  -1.447139
     2  0.15837746    4.309670   99.383441      -8.266543  -1.631288   0.689813
     3  0.12183534    3.315308   76.452896      -7.711947   0.363481  -2.468824
     4  0.13651689    3.714813   85.665711      -7.430716  -0.051504  -0.189701
     5  0.15444340    4.202619   96.914780      -7.326927  -3.076584  -1.022646
     6  0.10963717    2.983379   68.798418      -7.220937  -0.564076   2.038488
     7  0.18267673    4.970887  114.631473      -7.227102   1.659041  -1.179723
     8  0.13968987    3.801155   87.656791      -7.128023  -1.517024  -0.533760
     9  0.17159184    4.669251  107.675594      -6.940480   1.159674   1.223041
    10  0.13140862    3.575810   82.460221      -6.518773  -1.488274  -1.928039
    11  0.12238454    3.330253   76.797523      -6.298585  -2.037459   0.422097
    12  0.17786638    4.839990  111.612934      -6.030288  -0.158565  -3.238387
    13  0.18205774    4.954043  114.243055      -5.767908   1.014531  -0.898330
    14  0.23804843    6.477627  149.377771      -5.657879   1.797007  -2.512564
    15  0.09821018    2.672435   61.627867      -5.481222  -3.465349  -1.288386
    16  0.15322674    4.169512   96.151312      -5.521404  -1.379746   2.250988
    17  0.17731851    4.825082  111.269140      -5.263299   0.153085  -1.892042
    18  0.15636615    4.254939   98.121322      -4.838286  -2.166681  -2.626286
    19  0.13932199    3.791144   87.425941      -4.576936  -3.090915   0.415104
    20  0.17846929    4.856396  111.991266      -4.205104  -1.420163  -0.121659
    21  0.20744844    5.644959  130.175971      -4.136945   2.355840  -2.187703
    22  0.20500093    5.578359  128.640134      -3.545734   0.204470   1.562686
    23  0.24414910    6.643635  153.206002      -3.607994   1.271439   0.152372
    24  0.22974666    6.251724  144.168325      -3.012124   0.297936  -0.953425
    25  0.26264319    7.146885  164.811230      -2.954974   3.388148  -2.301860
*   26  0.26531371    7.219553  166.487007      -2.533656   4.446502   0.182600
    27  0.17438785    4.745335  109.430122      -2.390782  -1.042299   0.516331
    28  0.06503268    1.769629   40.808656      -2.152488  -2.546686  -1.923072
    29  0.24180784    6.579926  151.736841      -2.144435   2.991265  -0.755508
    30  0.20912885    5.690685  131.230442      -1.947874   1.794477   0.916244
    31  0.17307539    4.709621  108.606537      -1.267693  -0.076564  -0.304167
    32  0.21542873    5.862114  135.183680      -1.001527   4.978667   0.154954
    33  0.02991601    0.814056   18.772595      -0.823254  -3.575894   3.327435
    34  0.14336060    3.901040   89.960209      -0.473928  -0.671970   2.177792
    35  0.18344727    4.991854  115.114999      -0.052776   0.761305   0.712713
    36  0.10447974    2.843038   65.562082       0.079866  -2.663822   0.437026
    37  0.17769762    4.835398  111.507032       0.204184   0.997732   3.189277
    38  0.24974154    6.795813  156.715313       0.356755   2.621796   0.597586
    39  0.25663613    6.983424  161.041739       0.292353   2.991265  -0.967215
    40  0.24801639    6.748869  155.632763       0.230955   6.090404   0.435499
    41  0.16026541    4.361044  100.568148       0.584532  -1.238347  -0.771871
    42  0.11472557    3.121841   71.991440       1.185328  -1.771330   1.547039
    43  0.15613940    4.248769   97.979035       1.251794  -0.965325  -0.758387
    44  0.23077850    6.279802  144.815814       1.410890   1.692703  -1.523281
    45  0.19715812    5.364945  123.718693       1.378193   5.107974  -0.455257
    46  0.18363802    4.997045  115.234691       1.394996  -0.571000   0.162641
    47  0.20877651    5.681098  131.009349       1.522333   1.029332   0.276231
    48  0.19309506    5.254384  121.169082       1.405403   4.860026   0.850334
    49  0.19477839    5.300190  122.225389       1.503333   6.582221  -0.910087
    50  0.19106725    5.199204  119.896611       1.642781   5.932392   1.933289
    51  0.17894313    4.869290  112.288605       1.970499  -2.006566  -1.636620
    52  0.16007905    4.355973  100.451207       2.117964  -4.702855   0.681549
    53  0.18844233    5.127777  118.249447       2.427868   4.994261  -2.630658
    54  0.16096661    4.380124  101.008156       2.568841   0.277446  -0.841621
    55  0.21220133    5.774292  133.158457       2.512078   2.434325   0.492491
    56  0.13419571    3.651651   84.209149       2.445753   7.091432   0.671326
    57  0.17956562    4.886229  112.679223       2.701136   3.808337   2.714877
    58  0.21628238    5.885343  135.719356       2.805433  -0.119282  -1.302865
    59  0.14511930    3.948897   91.063809       2.981778  -1.756981   0.704908
    60  0.20834412    5.669332  130.738020       2.886766   2.858971  -0.348108
    61  0.15115146    4.113040   94.849053       3.340694   5.100175   1.436562
    62  0.15388527    4.187431   96.564548       3.298003   5.637151  -0.970587
    63  0.12715478    3.460058   79.790896       3.589552  -5.359911   0.279569
    64  0.19140715    5.208453  120.109900       4.156373   1.866758   0.747691
    65  0.19012235    5.173492  119.303678       4.021122   2.461630  -1.838574
    66  0.16063447    4.371086  100.799737       4.145039   4.972109   0.144581
    67  0.14750650    4.013856   92.561806       4.322184  -3.733016  -1.653244
    68  0.15093393    4.107121   94.712548       4.359537   3.652736  -0.173642
    69  0.13215299    3.596066   82.927322       4.308923   4.186521  -2.465495
    70  0.21437864    5.833539  134.524741       4.575891  -0.400074  -2.081483
    71  0.12684115    3.451523   79.594089       4.473492   3.123559   2.057022
    72  0.17985524    4.894110  112.860963       4.436893   6.574976   0.428782
    73  0.17438323    4.745209  109.427222       4.716425  -6.533925   0.217061
    74  0.17358367    4.723452  108.925486       4.619967  -1.639036   2.774824
    75  0.20174963    5.489887  126.599908       4.709265   1.027468   0.958570
    76  0.15007574    4.083769   94.174029       5.004245  -3.172462  -0.322699
    77  0.17834236    4.852942  111.911614       5.231642   5.249870  -1.159790
    78  0.17674778    4.809552  110.911001       5.348726   4.712014   1.212809
    79  0.13490973    3.671080   84.657205       5.806092  -5.677972  -0.773688
    80  0.14040780    3.820691   88.107301       6.934687  -3.755661  -1.964301
    81  0.18219960    4.957903  114.332070       7.192722  -5.459952  -1.561735
    82  0.18903736    5.143968  118.622833       7.199142  -2.300507  -2.685466
