 Number of surface minima:    69
   #       a.u.         eV      kcal/mol           X/Y/Z coordinate(Angstrom)
     1  0.10219413    2.780844   64.127842      -8.253200  -0.101207  -1.424630
     2  0.09910976    2.696914   62.192364      -8.041638  -0.699096   0.992496
     3  0.09991463    2.718815   62.697430      -7.364905  -1.130544  -2.765587
     4  0.10066559    2.739250   63.168664      -7.119656  -2.222376   1.597974
     5  0.10633564    2.893540   66.726680      -6.605165  -0.515025   2.110697
     6  0.09152983    2.490653   57.435886      -5.949276  -3.162047  -2.263865
     7  0.09480917    2.579889   59.493703      -5.788298  -3.790148  -0.521554
     8  0.15698912    4.271891   98.512246      -5.605574   1.750913  -0.790912
     9  0.14272950    3.883867   89.564189      -5.131163   1.068853   0.212284
    10  0.14726328    4.007238   92.409181      -4.730339   0.299588   0.935075
    11  0.15030888    4.090113   94.320324      -4.633758   0.631619  -2.439384
    12  0.14849152    4.040660   93.179911      -4.482106   1.994487  -0.046311
    13  0.08897007    2.420999   55.829608      -4.239409  -3.023244  -1.469059
    14  0.12043948    3.277325   75.576978      -4.072809  -2.149660   2.584701
    15  0.12889152    3.507317   80.880718      -3.917010  -0.327858  -1.679035
    16  0.11016916    2.997855   69.132248      -3.404184  -3.136287   0.946178
    17  0.12512031    3.404697   78.514248      -3.515035  -1.131263  -0.917098
    18  0.13411194    3.649372   84.156586      -3.304895   0.684284  -2.010754
    19  0.10697150    2.910843   67.125687      -2.352983  -2.196688   0.177620
    20  0.13619416    3.706032   85.463198      -2.352983   0.884607  -1.657219
    21  0.02906596    0.790925   18.239182      -1.138338   0.450488   2.393099
    22  0.13670312    3.719881   85.782575      -0.873702   2.699574   1.359431
    23  0.04158583    1.131608   26.095527      -0.786486  -3.280680   0.916071
    24  0.15181866    4.131196   95.267726      -0.737357   4.290803  -1.016888
*   25  0.01572087    0.427787    9.865004      -0.332558  -3.497846  -0.893866
    26  0.13564738    3.691153   85.120085      -0.444400   3.603034   1.514553
    27  0.01889404    0.514133   11.856199      -0.168034  -1.620498  -2.378444
    28  0.02541890    0.691684   15.950616      -0.172968  -0.037900  -1.849267
    29  0.16044196    4.365848  100.678934      -0.123714   5.455154  -0.566920
    30  0.15280844    4.158129   95.888824       0.134805   4.915648   1.546595
    31  0.03513052    0.955950   22.044755       0.343345  -4.713911   2.781034
    32  0.14674846    3.993229   92.086128       0.450960   4.421213  -1.152343
    33  0.02134932    0.580944   13.396910       0.689786   0.058153   3.491846
    34  0.04234878    1.152369   26.574284       0.849448  -4.045273   0.172001
    35  0.13198643    3.591533   82.822804       0.825153   3.605819   1.334879
    36  0.15212581    4.139554   95.460466       1.088942   3.603284  -1.450988
    37  0.05242331    1.426511   32.896154       1.126984  -2.576200   2.798576
    38  0.03181410    0.865706   19.963665       1.370796  -1.801682  -1.416786
    39  0.12922640    3.516429   81.090857       1.466000   2.799883   1.030682
    40  0.11771514    3.203192   73.867425       2.145023   1.061233   0.608499
    41  0.12236962    3.329847   76.788163       2.430582  -1.132139   1.604293
    42  0.10593262    2.882573   66.473778       2.411795   7.441371   0.003944
    43  0.12023824    3.271849   75.450696       2.581768  -1.933797  -1.571915
    44  0.10303173    2.803636   64.653444       2.651588   6.770164   1.814237
    45  0.11291087    3.072461   70.852702       2.798739   4.783818  -2.778046
    46  0.11005604    2.994777   69.061263       2.945158  -3.141532  -2.244183
    47  0.13087196    3.561207   82.123461       3.071083   1.912656  -2.193903
    48  0.10471660    2.849484   65.710715       3.180907   6.334035  -1.981561
    49  0.10261053    2.792174   64.389133       3.449077  -3.707942  -1.064024
    50  0.09674562    2.632582   60.708843       3.494976   2.994198   1.854974
    51  0.10728588    2.919397   67.322965       3.843058  -3.976962  -0.138763
    52  0.12972914    3.530110   81.406335       3.747311   1.628945  -0.119741
    53  0.09320869    2.536337   58.489386       4.078060  -3.944803  -2.145297
    54  0.09673503    2.632294   60.702196       4.105406   4.737312   2.195486
    55  0.10825779    2.945844   67.932846       4.407950   4.801465  -1.844524
    56  0.11456233    3.117400   71.889009       4.694883  -1.410244  -0.887712
    57  0.10322140    2.808797   64.772461       4.923204   3.803673   1.061208
    58  0.09811044    2.669721   61.565281       5.028679  -4.399621  -2.046558
    59  0.11437841    3.112395   71.773597       4.991588  -1.620354   0.103676
    60  0.10317712    2.807592   64.744677       4.962203   3.899834   0.822956
    61  0.09877849    2.687899   61.984492       5.058882  -4.598347   0.005026
    62  0.10174256    2.768556   63.844472       5.251143  -1.556444  -1.918211
    63  0.09786411    2.663018   61.410709       5.565393  -4.767324  -0.799636
    64  0.10199344    2.775383   64.001903       6.152855  -2.178912   0.286159
    65  0.10312604    2.806202   64.712618       6.172451  -2.027023  -1.790668
    66  0.11692068    3.181573   73.368895       6.397476  -4.837373  -1.966456
    67  0.10144167    2.760368   63.655661       6.649372  -2.348444  -0.655103
    68  0.11336575    3.084839   71.138141       7.156910  -2.882498   0.389256
    69  0.11939000    3.248767   74.918416       7.424111  -2.882053  -1.725467
 
 Number of surface maxima:    89
   #       a.u.         eV      kcal/mol           X/Y/Z coordinate(Angstrom)
     1  0.16141634    4.392362  101.290366      -8.363224  -1.613441  -1.613514
     2  0.15961395    4.343316  100.159351      -8.230562  -2.142251   0.505419
     3  0.11608503    3.158834   72.844519      -7.666754   0.150638  -2.436353
     4  0.11347402    3.087785   71.206085      -7.380167  -1.137835   1.897900
     5  0.13284095    3.614786   83.359024      -7.470045  -0.462909  -0.233014
     6  0.17549508    4.775464  110.124915      -7.268314   1.323025  -1.061730
     7  0.15658526    4.260902   98.258819      -7.168907  -3.418261  -1.220977
     8  0.13827374    3.762620   86.768157      -7.097754  -1.812436  -0.647711
     9  0.16858275    4.587370  105.787363      -7.115434   0.702327   1.198584
    10  0.12827988    3.490673   80.496906      -6.351353  -1.754166  -2.046989
    11  0.17021214    4.631708  106.809821      -5.924929  -0.233501  -3.227210
    12  0.16844629    4.583657  105.701731      -5.818697   0.685522  -0.672743
    13  0.22141617    6.025041  138.940864      -5.792635   1.664846  -2.246150
    14  0.17281658    4.702578  108.444131      -5.599939  -1.892926   2.179963
    15  0.10381424    2.824929   65.144477      -5.254040  -3.657679  -1.573905
    16  0.16200521    4.408386  101.659890      -5.235336  -0.080128  -1.810477
    17  0.18728353    5.096244  117.522289      -5.039000  -2.757179   1.430137
    18  0.17247559    4.693300  108.230159      -4.868881  -1.157608   0.803170
    19  0.15444758    4.202732   96.917400      -4.729957  -2.215300  -2.777071
    20  0.16134116    4.390316  101.243189      -4.420972  -3.408564   0.183868
    21  0.18955779    5.158130  118.949410      -4.337398   2.340506  -1.849267
    22  0.21799186    5.931860  136.792075      -3.675926   1.014559   0.324853
    23  0.12684084    3.451515   79.593897      -3.434168  -2.747093   2.203901
*   24  0.24332603    6.621238  152.689519      -3.255650   3.385401  -1.981561
    25  0.17965847    4.888755  112.737484      -3.177553  -1.091444   3.113740
    26  0.17531034    4.770437  110.008990      -3.035826  -0.108395   1.688799
    27  0.20340737    5.534996  127.640156      -2.978007   0.189771  -0.873371
    28  0.24322796    6.618569  152.627980      -2.874569   4.269411   0.532086
    29  0.21712006    5.908137  136.245010      -2.412669   2.941562  -0.496776
    30  0.14833936    4.036519   93.084432      -2.100512  -2.991556   0.933890
    31  0.15809306    4.301931   99.204975      -2.087539  -1.157172   0.400898
    32  0.05366470    1.460291   33.675136      -1.771875  -2.707589  -2.092328
    33  0.13677713    3.721895   85.829017      -1.348487  -1.610302   0.634502
    34  0.19110116    5.200127  119.917892      -1.421215   4.924514   0.536071
    35  0.16142803    4.392680  101.297701      -1.190140  -0.247743  -0.314077
    36  0.16011164    4.356859  100.471653      -0.855399  -1.925276   3.442505
    37  0.14231854    3.872684   89.306304      -0.262437  -0.638557   2.083019
    38  0.22367429    6.086487  140.357853      -0.355846   6.111791   0.794249
    39  0.16507668    4.491965  103.587269      -0.139754   0.801002   0.773545
    40  0.22073658    6.006548  138.514412      -0.081452   3.073857  -0.878067
    41  0.15494920    4.216382   97.232171       0.001589  -6.107209   0.653880
    42  0.20687060    5.629235  129.813373       0.179485   2.827454   0.690749
    43  0.13919959    3.787814   87.349138       0.676659  -2.406766   0.242219
    44  0.13169636    3.583640   82.640783       0.675852  -0.921046  -0.976669
    45  0.17902980    4.871649  112.342988       0.815926   6.926690  -0.529948
    46  0.17956614    4.886243  112.679546       0.935521   1.864020  -1.593521
    47  0.17340941    4.718710  108.816136       0.944190   5.338236  -0.281390
    48  0.16437300    4.472817  103.145699       1.094412   4.932233   1.072068
    49  0.16400133    4.462703  102.912476       1.362540   1.087383   0.142727
    50  0.17215004    4.684441  108.025872       1.279761   5.984331   2.312654
    51  0.15716166    4.276586   98.620511       1.597218  -1.563719   1.295608
    52  0.14686225    3.996325   92.157531       1.521758  -0.063000   0.288886
    53  0.17387402    4.731353  109.107689       1.640979   5.859437  -2.361929
    54  0.11919027    3.243332   74.793084       1.771877   7.337854   1.077513
    55  0.18566107    5.052095  116.504179       2.115909   0.884848  -2.510738
    56  0.05835732    1.587983   36.619801       2.239116   1.215809   2.889727
    57  0.13768190    3.746515   86.396771       2.552618   6.271485  -0.790912
    58  0.14382009    3.913544   90.248547       2.607254  -2.549451  -0.990153
    59  0.17971301    4.890240  112.771713       2.612453   3.408992  -0.658618
    60  0.18426574    5.014126  115.628594       2.787179  -1.700331  -2.824435
    61  0.15800483    4.299530   99.149614       2.740401   4.099977   2.714940
    62  0.17232378    4.689169  108.134897       2.826713  -5.112691   1.866740
    63  0.19152577    5.211681  120.184336       2.915143  -2.350210   2.199306
    64  0.13262931    3.609027   83.226218       3.102580   5.484730   1.470818
    65  0.18546525    5.046766  116.381302       3.287159  -0.901453   0.503597
    66  0.18145147    4.937546  113.862613       3.209550   0.427378   0.275016
    67  0.14287403    3.887800   89.654885       3.560689   1.089442  -1.320090
    68  0.12024632    3.272069   75.455770       3.511546   5.234145  -2.599453
    69  0.18301166    4.980001  114.841650       3.594275   3.337644  -2.123192
    70  0.14339959    3.902101   89.984674       3.642588   5.596995   0.029754
    71  0.17725982    4.823485  111.232308       3.792529  -2.452423   1.385771
    72  0.16553493    4.504434  103.874822       3.777650   7.087781   0.686711
    73  0.19780370    5.382512  124.123799       3.959977   2.920782  -1.191979
    74  0.14201057    3.864304   89.113055       4.150741  -2.350210  -3.123753
    75  0.17278706    4.701775  108.425611       4.129438   2.483903   0.296392
    76  0.11128406    3.028193   69.831860       4.472073   3.704292   1.800726
    77  0.16568985    4.508650  103.972039       4.563402   6.141478  -1.167812
    78  0.15130954    4.117342   94.948248       4.695933  -3.755180  -0.899708
    79  0.19860378    5.404284  124.625859       4.773949  -3.150735   2.357668
    80  0.16220443    4.413807  101.784900       4.995708   5.395364   1.031350
    81  0.18567422    5.052453  116.512431       5.388370  -2.879387  -4.162281
    82  0.15435685    4.200263   96.860466       5.374465  -2.295831  -0.760831
    83  0.14706505    4.001844   92.284790       5.903332  -3.642190   1.379865
    84  0.11854154    3.225679   74.386002       6.082477  -4.799062  -1.916822
    85  0.14205004    3.865378   89.137822       6.378441  -3.558583  -2.947345
    86  0.12166095    3.310563   76.343463       7.087331  -2.567380  -1.692355
    87  0.14173778    3.856881   88.941874       7.334199  -4.056965  -0.776555
    88  0.18584674    5.057147  116.620688       7.459962  -4.320669   0.939080
    89  0.18642937    5.073001  116.986297       7.786086  -4.215624  -2.272912
