 Number of surface minima:    67
   #       a.u.         eV      kcal/mol           X/Y/Z coordinate(Angstrom)
     1  0.11482495    3.124546   72.053803      -7.680582  -2.326169   2.106906
     2  0.11291717    3.072632   70.856653      -6.991352  -4.398812   1.860999
     3  0.09607022    2.614204   60.285025      -7.009700  -1.767699   0.920313
     4  0.09621576    2.618164   60.376351      -6.468651  -1.525371   0.133614
     5  0.09660712    2.628813   60.621936      -6.347087  -1.633366   2.112851
     6  0.09321276    2.536448   58.491939      -6.089045  -4.255710   0.803677
     7  0.09296475    2.529699   58.336308      -5.427574  -4.102618   1.904618
     8  0.09441565    2.569180   59.246763      -5.551811  -4.016663  -0.003467
     9  0.09309130    2.533143   58.415725      -5.310811  -1.277752   2.233047
    10  0.10618695    2.889494   66.633375      -5.227494  -1.123473   0.188953
    11  0.10388296    2.826799   65.187598      -4.766102  -1.040249   1.156063
    12  0.09738576    2.650001   61.110539      -4.635650   3.770469  -0.939762
    13  0.08757417    2.383014   54.953666      -4.501513  -3.817451   2.082038
    14  0.10121475    2.754194   63.513271      -4.342231  -3.603264   0.009687
    15  0.10278961    2.797047   64.501507      -4.161332   4.538240   1.694078
    16  0.11169793    3.039455   70.091567      -3.948167  -1.091051   2.388268
    17  0.09644377    2.624369   60.519433      -3.827367   4.707524  -2.241763
    18  0.09619878    2.617702   60.365700      -3.834669  -3.489197   0.920763
    19  0.09030162    2.457232   56.665169      -3.299199   2.992187  -1.853998
    20  0.10323137    2.809069   64.778720      -3.178582  -3.107959   2.105668
    21  0.10539940    2.868064   66.139178      -2.927553   6.014803   2.226813
    22  0.11050365    3.006957   69.342147      -2.791423  -1.906064   1.588983
    23  0.11015796    2.997551   69.125223      -2.589683   4.300593   2.694470
    24  0.10744053    2.923606   67.420007      -2.329360   6.814185  -1.675508
    25  0.06987388    1.901365   43.846557      -2.118213   0.733895   1.048526
    26  0.10988649    2.990164   68.954874      -1.963220   7.391686   0.169492
    27  0.04500704    1.224704   28.242370      -1.712621  -3.892978  -0.393423
    28  0.04092499    1.113626   25.680841      -1.579131  -2.302271  -2.901310
    29  0.02412963    0.656601   15.141581      -1.610082  -1.797233   1.407322
    30  0.02978089    0.810379   18.687808      -1.208859  -4.588383  -2.976715
    31  0.13923043    3.788653   87.368487      -1.210416   2.709070  -1.072762
    32  0.01951314    0.530980   12.244692      -1.181220  -0.183016  -3.448714
    33  0.13794770    3.753748   86.563564      -0.633089   3.526025  -1.424259
    34  0.02502028    0.680836   15.700473      -0.167732  -0.197413   1.907313
    35  0.15691281    4.269815   98.464357      -0.116313   4.319190   1.053353
    36  0.02356714    0.641295   14.788618       0.188036  -3.504771  -1.142526
*   37  0.01047680    0.285088    6.574298       0.326570  -3.703871   0.318951
    38  0.17202923    4.681153  107.950062       0.358436   5.338170   0.360277
    39  0.14556012    3.960892   91.340431       0.436202   3.267689  -1.542033
    40  0.16855189    4.586530  105.767998       0.898280   4.028108   0.910162
    41  0.02873968    0.782047   18.034438       1.082755   0.227972  -2.486170
    42  0.14132817    3.845735   88.684841       1.030919   2.174957  -1.374642
    43  0.17754441    4.831229  111.410892       1.355743   3.137053   1.095782
    44  0.05754746    1.565946   36.111607       2.060475  -2.763732  -1.228352
    45  0.14081988    3.831904   88.365880       2.113202   0.331764   1.503883
    46  0.18098015    4.924720  113.566856       2.427558   4.063695   0.650345
    47  0.14412561    3.921857   90.440263       2.709925   2.316178   3.231482
    48  0.13510201    3.676313   84.777861       3.119093  -1.572819   0.914934
    49  0.14393646    3.916710   90.321570       3.193918  -0.044093   1.988551
    50  0.14325914    3.898279   89.896541       3.187200   3.501081  -2.135215
    51  0.15908404    4.328897   99.826827       3.312341   3.782640   2.112150
    52  0.14929668    4.062569   93.685158       3.232460   5.155262  -1.037816
    53  0.08179471    2.225747   51.327001       3.477596  -3.727908   1.202384
    54  0.13492350    3.671455   84.665842       3.582070  -1.082942   1.571306
    55  0.17502678    4.762721  109.831054       3.706813   1.524203  -0.258092
    56  0.15842246    4.310894   99.411681       4.152393   3.812201  -0.513716
    57  0.16522858    4.496098  103.682588       4.631608   1.130785   0.122896
    58  0.14943567    4.066351   93.772380       4.668235   2.863550   2.676201
    59  0.08765191    2.385130   55.002448       4.770670  -4.694911   0.253967
    60  0.09012729    2.452488   56.555775       4.998250  -4.298537   1.919557
    61  0.15314349    4.167246   96.099073       5.094276   0.270069  -0.143421
    62  0.16868098    4.590043  105.849003       5.637912   0.576212   0.782639
    63  0.10330387    2.811041   64.824209       5.973295  -1.652651  -2.346375
    64  0.09483639    2.580629   59.510784       6.192767  -3.405683  -1.741488
    65  0.10352424    2.817038   64.962493       6.943210  -2.511297   2.502465
    66  0.09950176    2.707581   62.438348       7.455938  -1.998570  -1.466364
    67  0.10597134    2.883627   66.498078       7.959093  -1.502166   1.064081
 
 Number of surface maxima:    97
   #       a.u.         eV      kcal/mol           X/Y/Z coordinate(Angstrom)
     1  0.18249619    4.965974  114.518183      -8.139379  -3.702985   2.502465
     2  0.18221987    4.958455  114.344790      -8.128271  -3.385072  -0.701413
     3  0.13781548    3.750150   86.480590      -7.807475  -3.370720   0.920792
     4  0.11654968    3.171478   73.136088      -7.349118  -2.049534   1.973288
     5  0.11424812    3.108850   71.691840      -6.587131  -4.390420   1.867583
     6  0.13720442    3.733522   86.097144      -6.618222  -3.240182   3.112744
     7  0.14291172    3.888826   89.678532      -6.504901  -2.852541  -1.240937
     8  0.14871252    4.046674   93.318595      -5.675817  -1.890672   1.052144
     9  0.18050008    4.911657  113.265607      -5.518573  -2.940013   4.276202
    10  0.19461115    5.295639  122.120440      -5.288580  -2.440887  -2.251456
    11  0.14609947    3.975569   91.678876      -5.176556  -3.395318   0.909823
    12  0.16162600    4.398067  101.421933      -4.632402   5.490789  -1.068782
    13  0.13451133    3.660239   84.407205      -4.307189  -2.384386   3.225967
    14  0.16541150    4.501076  103.797368      -4.243094   6.052807   1.200242
    15  0.17187977    4.677086  107.856274      -4.218781  -2.039292  -1.327742
    16  0.10762567    2.928643   67.536185      -4.209385   3.796957  -1.848873
    17  0.15747444    4.285098   98.816789      -3.916852   2.503956  -0.408009
    18  0.16984937    4.621836  106.582177      -3.781370  -4.430831  -2.333752
    19  0.13174763    3.585035   82.672953      -3.708610   4.300293   0.385170
    20  0.18714683    5.092524  117.436504      -3.460671  -1.792589  -2.159235
    21  0.17382628    4.730054  109.077727      -3.562903  -0.604391  -0.401419
    22  0.16691664    4.542033  104.741858      -3.384946   3.168157   2.031501
    23  0.11778434    3.205075   73.910850      -3.310865   4.936791   2.581105
    24  0.16883721    4.594294  105.947038      -3.396820   7.118630  -0.510339
    25  0.10377345    2.823819   65.118879      -3.290997   1.664018   1.187038
    26  0.14521091    3.951390   91.121300      -3.293263   5.615798  -0.134795
    27  0.13578027    3.694769   85.203477      -2.896117  -2.436965   0.930730
    28  0.17343224    4.719331  108.830466      -2.881909  -1.905250   2.909511
    29  0.13574009    3.693676   85.178266      -2.651602   5.501843  -1.467848
    30  0.18640343    5.072295  116.970019      -2.411629   3.233326   0.364328
    31  0.15923892    4.333111   99.924014      -2.384805   4.141582  -2.709101
    32  0.06032641    1.641565   37.855423      -2.185370   1.522413  -2.767073
    33  0.18486122    5.030330  116.002263      -2.212444   2.865449  -0.367943
    34  0.14096332    3.835807   88.455895      -2.149845   6.106764   0.904300
    35  0.15552169    4.231960   97.591414      -1.953567  -1.359518  -1.288481
    36  0.13390153    3.643646   84.024549      -1.847405  -2.456327  -0.804892
    37  0.13879189    3.776719   87.093297      -1.591039   0.000241  -0.172141
    38  0.15128429    4.116655   94.932404      -1.458744  -6.079414  -0.804892
    39  0.17797763    4.843018  111.682743      -1.414890   1.158614  -0.118471
    40  0.17714381    4.820328  111.159513      -1.369497   5.478554   2.489977
    41  0.12444884    3.386425   78.092893      -1.348149   7.303559  -0.950420
    42  0.13301966    3.619649   83.471165      -1.052421  -2.438611  -0.272415
    43  0.20654459    5.620364  129.608793      -1.044277   2.067559   1.599915
    44  0.17959596    4.887055  112.698263      -0.929567   6.039180  -2.221107
    45  0.13142321    3.576207   82.469379      -0.797273  -0.991179   0.963593
    46  0.17608764    4.791588  110.496757      -0.814947   4.815516  -1.104732
    47  0.18126096    4.932362  113.743064      -0.570287   5.209960   0.220999
    48  0.18503675    5.035106  116.112412      -0.345612   6.707358   0.572829
    49  0.21926181    5.966417  137.588978      -0.023771   2.565694  -0.730329
    50  0.13920480    3.787955   87.352402       0.001030  -0.721681  -2.117984
    51  0.16426412    4.469854  103.077377       0.100983   0.669993  -0.804892
*   52  0.24029089    6.538648  150.784936       0.262977   2.980858   0.783773
    53  0.15136362    4.118814   94.982185       0.657964  -2.150892  -3.395062
    54  0.23543696    6.406565  147.739046       0.748058   5.876151  -0.941180
    55  0.12810156    3.485821   80.385013       0.922553  -1.872143  -0.892091
    56  0.16056727    4.369257  100.757565       1.063608  -0.586712   0.265879
    57  0.05471077    1.488756   34.331553       1.471286  -3.097264   1.858637
    58  0.20268188    5.515254  127.184906       1.694800   4.793180  -0.549295
    59  0.20368328    5.542504  127.813297       1.877953   1.973772   1.366293
    60  0.22092934    6.011793  138.635370       1.797541   3.242239   2.210847
    61  0.17358937    4.723607  108.929063       1.926303  -1.574961  -0.568520
    62  0.20290028    5.521197  127.321953       2.499118   2.065118  -0.779331
    63  0.22753059    6.191422  142.777724       2.561957   2.500345   0.437629
    64  0.20842175    5.671444  130.786730       2.567534   4.887220  -2.334974
    65  0.21582819    5.872984  135.434345       2.801596  -0.329708   0.831599
    66  0.08955699    2.436970   56.197908       3.145066  -2.987442  -2.017243
    67  0.20126940    5.476819  126.298558       3.310461  -0.720666  -1.717507
    68  0.22092638    6.011712  138.633510       3.432724   4.829036   0.649148
    69  0.16437201    4.472790  103.145078       3.581925   3.424552   2.797564
    70  0.14401634    3.918884   90.371691       3.624778  -4.009065  -0.483965
    71  0.17741588    4.827731  111.330236       3.697474  -2.325712  -0.004799
    72  0.23590998    6.419437  148.035871       3.616389   0.379714  -0.379923
    73  0.21938887    5.969875  137.668710       3.965322   2.377343  -1.101777
    74  0.16369245    4.454298  102.718651       3.946221   4.295503  -1.082869
    75  0.15452535    4.204849   96.966202       4.097616  -3.136058   2.573218
    76  0.17829919    4.851768  111.884523       4.229911  -2.233284  -0.562653
    77  0.20901512    5.687591  131.159080       4.202098   1.775558   3.652788
    78  0.09909872    2.696613   62.185436       4.368714  -4.555422   1.183323
    79  0.17861387    4.860331  112.081992       4.366938  -2.041192  -0.804743
    80  0.22079887    6.008243  138.553499       4.617875   3.635125   1.192511
    81  0.20068436    5.460899  125.931445       4.687042   1.548320   1.768948
    82  0.15771919    4.291757   98.970370       4.825798  -2.680621  -2.325714
    83  0.17306103    4.709230  108.597527       5.070307  -0.944549   1.755330
    84  0.12369071    3.365795   77.617160       5.524675  -3.374232  -0.552551
    85  0.13063987    3.554892   81.977828       5.835803  -2.805805   1.840994
    86  0.17683017    4.811794  110.962698       5.778980  -1.396991   3.114163
    87  0.17766684    4.834561  111.487720       5.696654  -0.323932   0.784008
    88  0.23313892    6.344033  146.297003       5.722819   0.499837   2.388302
    89  0.15517769    4.222600   97.375552       6.331402  -4.539118   0.907458
    90  0.13970411    3.801542   87.665724       6.498332  -2.981050   0.395858
    91  0.11110661    3.023365   69.720507       6.707445  -2.191344  -2.174626
    92  0.17187305    4.676904  107.852058       6.765400  -0.430596  -1.445775
    93  0.13616931    3.705355   85.447605       7.033574  -1.634632   0.006019
    94  0.18166108    4.943249  113.994143       7.260536   0.044543   0.907566
    95  0.15903002    4.327427   99.792927       7.462338  -3.447407  -0.747528
    96  0.12097789    3.291976   75.914835       7.448517  -1.235695   2.281420
    97  0.16424328    4.469287  103.064304       7.793941  -3.091996   1.317856
