 Number of surface minima:    59
   #       a.u.         eV      kcal/mol           X/Y/Z coordinate(Angstrom)
     1  0.11197896    3.047102   70.267916      -8.090137  -0.273260   2.614339
     2  0.11603809    3.157557   72.815060      -7.816688   1.770127   1.809409
     3  0.09136808    2.486252   57.334381      -7.355028  -0.998363   1.544820
     4  0.09784617    2.662530   61.399452      -7.125777   1.490381   0.646693
     5  0.09059700    2.465270   56.850525      -6.957196  -1.394297   0.618760
     6  0.09252994    2.517868   58.063464      -6.652724  -0.712164   2.588722
     7  0.09867269    2.685020   61.918101      -6.649203   1.135363  -0.175006
     8  0.10019910    2.726556   62.875936      -6.344948   1.750395   1.677114
     9  0.11385243    3.098082   71.443537      -5.898411   1.913492   2.801626
    10  0.09863051    2.683873   61.891633      -5.720091  -1.496813   0.737468
    11  0.08832519    2.403451   55.424940      -5.597990  -0.863033   2.603175
    12  0.10028671    2.728940   62.930915      -5.409834   1.636911   1.677114
    13  0.10935722    2.975761   68.622751      -5.335239   0.921275  -0.231881
    14  0.09634712    2.621739   60.458784      -5.014602  -1.295196   1.568360
    15  0.11035996    3.003047   69.251978      -4.795708   1.149383   0.607081
    16  0.10642716    2.896030   66.784107      -4.231144  -0.803508   2.612431
    17  0.11543097    3.141037   72.434090      -3.318682  -0.216626   1.597568
    18  0.09059004    2.465080   56.846156      -3.450924   1.186064  -0.703858
    19  0.05929700    1.613553   37.209459      -2.524916   2.185125  -3.144573
    20  0.03010967    0.819326   18.894122      -2.285287  -0.944528   1.490634
    21  0.04261741    1.159679   26.742849      -2.084766  -0.233970  -2.799148
    22  0.10234095    2.784839   64.219968      -1.743174   1.314201  -0.590920
*   23 -0.00653412   -0.177803   -4.100227      -1.628998  -3.766643  -1.233360
    24 -0.00225368   -0.061326   -1.414208      -1.229834  -3.717053   0.035983
    25  0.00852824    0.232065    5.351557      -1.257697  -2.044924  -3.482363
    26  0.09461420    2.574583   59.371354      -1.111877   1.973185  -1.522362
    27  0.14509285    3.948177   91.047216      -0.423747   2.766147  -0.997753
    28  0.02517999    0.685182   15.800693      -0.270187  -0.395318   1.952895
    29  0.04222593    1.149026   26.497196       0.407644  -3.294452  -1.882119
    30  0.17167104    4.671407  107.725296       0.527134   4.376337   1.020741
    31  0.01646837    0.448127   10.334069       0.617804  -1.925993  -2.360802
    32  0.15700533    4.272332   98.522413       0.644218   3.299362  -1.499950
    33  0.16088028    4.377775  100.953987       0.597254   3.295937   1.404923
    34  0.16755044    4.559279  105.139576       1.678601   3.819837   0.828795
    35  0.16186802    4.404653  101.573804       1.811824   1.307367  -1.548825
    36  0.16191977    4.406061  101.606272       1.821462   2.500660  -1.796626
    37  0.11775206    3.204197   73.890596       1.973090  -3.131027   0.667581
    38  0.14581058    3.967708   91.497599       2.105384  -0.798551   1.608830
    39  0.12743283    3.467624   79.965375       2.734555   4.214782  -2.614913
    40  0.14618527    3.977904   91.732719       2.899150  -1.592317   2.004522
    41  0.12272390    3.339487   77.010477       3.560622  -0.004786   3.313737
    42  0.12839551    3.493820   80.569466       3.656981   2.236985  -2.570152
    43  0.13630288    3.708990   85.531422       3.619337   3.361288  -2.762176
    44  0.14395765    3.917287   90.334864       3.664485   4.874571  -2.883845
    45  0.13326723    3.626386   83.626520       3.672287   4.882322  -0.212813
    46  0.14599800    3.972808   91.615204       3.825210  -2.548519  -1.158199
    47  0.12970650    3.529493   81.392128       4.350627  -0.797795   3.666180
    48  0.15607531    4.247025   97.938819       4.353960  -3.314816  -0.711214
    49  0.11821896    3.216901   74.183578       4.508759  -1.983246   3.386692
    50  0.14730723    4.008433   92.436758       4.527134   5.310321  -0.915176
    51  0.15624261    4.251578   98.043798       4.733741  -2.129427  -0.151576
    52  0.14444632    3.930584   90.641508       4.775304   2.689897  -2.904390
    53  0.13734424    3.737327   86.184886       4.743578   2.768896  -0.177871
    54  0.14267467    3.882375   89.529785       4.636462   3.972641  -0.434321
    55  0.13453635    3.660920   84.422902       5.283372   0.791265   1.413322
    56  0.14958120    4.070312   93.863701       5.654855   3.024855  -0.885267
    57  0.14696016    3.998989   92.218971       5.931388   1.179968   2.491863
    58  0.13795376    3.753913   86.567366       6.074214  -0.004786   1.872141
    59  0.12634691    3.438074   79.283950       6.332847  -1.308025   1.575578
 
 Number of surface maxima:    68
   #       a.u.         eV      kcal/mol           X/Y/Z coordinate(Angstrom)
     1  0.18110965    4.928244  113.648115      -9.001155  -0.000263  -0.303049
     2  0.18296655    4.978773  114.813343      -8.793105   1.023914   2.735469
     3  0.13742115    3.739420   86.233147      -8.530166   0.509987   1.249411
     4  0.14133769    3.845994   88.690815      -7.364876  -0.374979  -0.913843
     5  0.13904298    3.783552   87.250860      -7.155217   1.031964   3.211009
     6  0.19231782    5.233234  120.681358      -6.248058  -0.937043  -1.925041
     7  0.14404742    3.919730   90.391194      -6.212477  -0.634276   1.429583
     8  0.15137186    4.119038   94.987356      -5.935845   0.845939   0.883349
     9  0.18409524    5.009486  115.521601      -5.865960   1.174588   4.268283
    10  0.17063332    4.643169  107.074116      -4.918359  -0.542445  -1.126436
    11  0.18103892    4.926319  113.603731      -4.903820   1.187441  -3.084891
    12  0.14012853    3.813091   87.932053      -4.720986   0.709620   3.185285
    13  0.18389339    5.003994  115.394939      -4.274016  -1.207874  -1.948962
    14  0.16319387    4.440731  102.405786      -4.000733  -1.892369   0.078737
    15  0.13857015    3.770685   86.954153      -3.792109  -0.930846   1.203687
    16  0.18952900    5.157346  118.931343      -3.743789   3.380866  -1.022772
    17  0.14912820    4.057985   93.579434      -3.629321   0.382203   0.725320
    18  0.15044076    4.093701   94.403082      -3.521117   0.586545  -0.144456
    19  0.18162466    4.942258  113.971290      -3.207446   0.387138   2.720887
    20  0.19088112    5.194139  119.779811      -2.954653   2.758860   1.664155
    21  0.03827229    1.041442   24.016247      -2.447583  -3.321654  -3.096461
    22  0.16375697    4.456054  102.759134      -2.489996  -0.777297  -1.222936
    23  0.12898556    3.509875   80.939727      -2.415289   2.324071  -1.153507
    24  0.11400369    3.102198   71.538455      -2.189748  -2.050915  -0.307300
    25  0.14618956    3.978020   91.735408      -1.583439   0.421265  -0.154165
    26  0.12724391    3.462483   79.846827      -1.369048  -0.813142   0.958258
    27  0.18598100    5.060800  116.704935      -0.923461   1.332910  -0.030323
    28  0.19669734    5.352407  123.429551      -0.805090   3.895079   0.417501
    29  0.19654251    5.348194  123.332391      -0.672796   3.897001   0.684012
    30  0.13770299    3.747089   86.410004      -0.373766  -0.904104  -2.114404
    31  0.19561822    5.323042  122.752387      -0.105248   1.749639   1.594301
*   32  0.24684814    6.717079  154.899674      -0.169773   5.250781  -0.051432
    33  0.05521323    1.502428   34.646856      -0.078609  -3.576732   1.874419
    34  0.11138034    3.030813   69.892274      -0.129097  -2.354704  -0.953764
    35  0.18020502    4.903628  113.080452       0.253264   0.360150  -0.771485
    36  0.18251060    4.966366  114.527225       0.201745   0.898952  -2.953186
    37  0.15869499    4.318310   99.582696       0.654392  -1.192058   0.221060
    38  0.23813489    6.479980  149.432027       0.852743   2.080336  -0.766175
    39  0.15735074    4.281731   98.739163       1.012757  -2.525097  -0.594566
    40  0.20923117    5.693470  131.294649       1.179324   4.815747  -0.542780
    41  0.15069243    4.100550   94.561007       1.410382  -4.826925  -2.434290
    42  0.24675843    6.714638  154.843385       1.416018   2.312927   0.687470
    43  0.22579620    6.144227  141.689371       1.708502   6.162941  -1.125745
    44  0.18123678    4.931704  113.727893       2.353794  -1.997270  -1.787951
    45  0.21866643    5.950216  137.215374       2.334420  -1.734665   0.755863
    46  0.21731891    5.913548  136.369792       2.443264   0.788980   1.280232
    47  0.19807049    5.389772  124.291211       2.761447   3.035973  -1.771193
    48  0.23914459    6.507455  150.065623       3.031445   2.165297   1.837158
    49  0.21892444    5.957237  137.377276       3.052003   0.529780  -0.808087
    50  0.22796917    6.203357  143.052934       3.264467   0.910166   0.202256
    51  0.17473347    4.754739  109.646998       3.281795   5.660413  -1.637176
    52  0.17392563    4.732757  109.140073       3.423642  -3.741095  -0.857070
    53  0.23681994    6.444198  148.606882       3.374607  -1.381449  -0.361020
    54  0.20412918    5.554637  128.093102       3.397017   3.294806  -0.322595
    55  0.18905462    5.144438  118.633663       3.918660  -0.969690   2.470880
    56  0.22919109    6.236607  143.819704       4.342832  -4.481847   0.363460
    57  0.19555200    5.321241  122.710836       4.755939  -3.184153   1.013404
    58  0.23707203    6.451058  148.765069       4.633266   0.285449  -1.090051
    59  0.21297958    5.795469  133.646816       4.814813   5.747412  -2.360467
    60  0.19834901    5.397351  124.465988       4.953320  -0.596502   1.349987
    61  0.18157974    4.941036  113.943104       5.093137   1.660024  -1.552966
    62  0.17307590    4.709635  108.606855       5.202338   4.150522  -2.159420
    63  0.21453877    5.837897  134.625226       5.622085   1.574982   3.915099
    64  0.21508350    5.852720  134.967048       5.809625  -3.776097   2.006926
    65  0.16708904    4.546724  104.850046       6.195604  -2.365172   2.857726
    66  0.16904907    4.600059  106.079984       6.093824   0.006415   3.665237
    67  0.21605446    5.879141  135.576336       6.159966   2.763237  -2.320171
    68  0.20816473    5.664450  130.625451       6.939543  -1.339340   4.036671
