 Number of surface minima:    50
   #       a.u.         eV      kcal/mol           X/Y/Z coordinate(Angstrom)
     1  0.11263273    3.064892   70.678165      -5.346963  -3.283208  -1.747508
     2  0.09272717    2.523235   58.187225      -5.214668  -2.092559  -0.818640
     3  0.11834605    3.220360   74.263333      -5.207156  -2.090043  -3.650287
     4  0.09346827    2.543401   58.652275      -5.212659  -1.289844  -0.346671
     5  0.10159478    2.764534   63.751739      -4.973489  -0.824194  -3.135478
     6  0.10366613    2.820899   65.051535      -4.838267   0.024150  -2.642746
     7  0.08935931    2.431590   56.073859      -4.156314  -2.886325  -1.090866
     8  0.10213035    2.779108   64.087815      -3.883074  -1.571685  -3.382245
     9  0.10100403    2.748460   63.381042      -3.917318  -0.963964   0.039586
    10  0.11927810    3.245722   74.848201      -3.759431   0.288738  -2.269087
    11  0.08177923    2.225326   51.317284      -3.214061  -2.588866  -0.761963
    12  0.10288726    2.799705   64.562787      -2.938087  -1.298793  -3.085293
    13  0.06786820    1.846788   42.587976      -2.989004  -0.156179   1.891706
    14  0.04606944    1.253613   28.909034      -2.970397   1.342311   4.006566
    15  0.17844995    4.855870  111.979130      -3.052943   1.743976  -1.106047
    16  0.08636916    2.350224   54.197512      -2.858055  -1.563382  -0.141896
    17  0.08342263    2.270045   52.348535      -1.929099  -1.960265  -0.405547
    18  0.02520844    0.685957   15.818549      -1.645719  -0.506209   3.351296
    19  0.09272071    2.523059   58.183175      -1.146589   1.545702   0.899667
    20  0.06649160    1.809328   41.724142      -1.180477   2.073926   2.553177
*   21  0.00438695    0.119375    2.752857      -0.814872  -2.596725   2.730755
    22  0.18813967    5.119541  118.059522      -0.770421   3.980458  -1.974488
    23  0.09087285    2.472776   57.023624      -0.584368  -0.129659  -0.942736
    24  0.18381132    5.001760  115.343442      -0.542288   2.832269  -1.395046
    25  0.09101097    2.476534   57.110293      -0.216906   2.537742   1.957707
    26  0.17932884    4.879786  112.530642      -0.146090   2.964212  -2.454033
    27  0.04995477    1.359338   31.347117       0.229367  -2.062256  -0.338834
    28  0.19130067    5.205556  120.043084       0.474519   3.331957  -3.664532
    29  0.06511452    1.771856   40.860012       0.735080  -3.013732   0.702955
    30  0.18223377    4.958833  114.353515       0.676878   2.079161  -2.932586
    31  0.00713537    0.194163    4.477514       0.870869  -2.092559   3.282127
    32  0.18336568    4.989634  115.063801       1.001749   1.082126  -2.210286
    33  0.18401885    5.007408  115.473670       0.977798   5.119776  -1.214914
    34  0.18099824    4.925213  113.578207       1.441415   4.286617  -0.469259
    35  0.03940059    1.072145   24.724266       1.877661   1.596624   2.015403
    36  0.17780474    4.838313  111.574252       1.889349   4.378498  -1.571102
    37  0.19123970    5.203897  120.004821       2.128973   4.457317  -2.902748
    38  0.18622510    5.067443  116.858111       2.659605   3.532711  -2.008214
    39  0.19521986    5.312202  122.502413       2.920450   2.735202  -1.387839
    40  0.17624428    4.795851  110.595048       3.392215  -2.474927  -1.808497
    41  0.14971335    4.073907   93.946622       3.671025  -1.941624   0.731838
    42  0.16594229    4.515519  104.130447       3.619079   0.488359   0.239206
    43  0.17511579    4.765143  109.886910       4.338129  -3.094646  -1.623973
    44  0.18452113    5.021075  115.788853       4.299335  -0.641452  -2.360360
    45  0.17306229    4.709264  108.598315       4.431222  -1.971430  -2.081791
    46  0.16298728    4.435109  102.276146       4.637939  -2.621736   0.499298
    47  0.15617015    4.249606   97.998334       4.608375  -1.410034   0.480981
    48  0.16566359    4.507935  103.955557       4.632062  -0.051193   0.171880
    49  0.18665227    5.079066  117.126163       5.602439  -1.355366  -2.133696
    50  0.17789304    4.840716  111.629663       5.878824  -0.907186  -0.101070
 
 Number of surface maxima:    52
   #       a.u.         eV      kcal/mol           X/Y/Z coordinate(Angstrom)
     1  0.18572648    5.053875  116.545226      -7.252310  -0.652830  -1.832690
     2  0.14008060    3.811787   87.901976      -6.261253  -1.950584  -2.466461
     3  0.18411187    5.009939  115.532038      -5.912571  -3.422633  -3.156293
     4  0.20784434    5.655732  130.424402      -5.214668   1.549125  -0.383259
     5  0.12031775    3.274012   75.500590      -4.981348  -1.827970  -3.596902
     6  0.16513290    4.493495  103.622545      -4.715480  -0.245224   3.191223
     7  0.13939764    3.793203   87.473413      -4.293447  -3.285250  -3.007324
     8  0.14549000    3.958984   91.296429      -4.184388  -1.563382  -0.945785
     9  0.19343558    5.263650  121.382764      -4.156314   2.625922   1.891706
    10  0.15469928    4.209581   97.075342      -3.878594  -0.758668  -2.313502
    11  0.22240286    6.051890  139.560019      -3.268952   2.354817   0.030035
    12  0.18459582    5.023108  115.835725      -2.701077  -3.884102  -3.031311
    13  0.15433288    4.199611   96.845425      -2.554277   0.144045   0.861032
    14  0.05610942    1.526815   35.209225      -2.070480  -3.288588   1.210575
    15  0.20878854    5.681425  131.016896      -2.066125   1.347093  -1.327365
    16  0.14003608    3.810576   87.874041      -1.972510  -2.489442  -2.274616
    17  0.14785423    4.023318   92.780010      -1.907311  -0.709318  -0.357297
    18  0.15914379    4.330523   99.864318      -1.580878  -0.140313   1.230234
    19  0.08944050    2.433800   56.124807      -1.614217   1.494134   3.780085
    20  0.19400431    5.279126  121.739647      -1.230805   4.258225   2.043573
    21  0.18203717    4.953483  114.230142      -0.798256  -1.656259  -1.645968
    22  0.15935459    4.336259   99.996602      -0.609986  -0.909970  -0.105144
    23  0.21455267    5.838275  134.633946      -0.584656   4.257793  -0.621913
    24  0.13560447    3.689985   85.093159      -0.470039   1.320984   1.092434
    25  0.25816301    7.024973  161.999869      -0.452074   5.405293  -1.703611
    26  0.10685585    2.907695   67.053111      -0.217550  -1.034205   2.632626
    27  0.19820807    5.393516  124.377548      -0.258147   2.070197   0.304174
    28  0.15574865    4.238136   97.733834       0.172171   1.207870   4.121248
    29  0.19673271    5.353369  123.451746       0.370141   0.709902  -0.183417
    30  0.21863706    5.949417  137.196940       0.606281   4.595950  -2.738595
    31  0.26179990    7.123938  164.282056       0.632039   2.169118  -1.525866
    32  0.13489599    3.670706   84.648580       0.743519  -1.699777   0.968749
    33  0.14929644    4.062563   93.685009       0.747768   0.689401   2.290116
    34  0.17351325    4.721536  108.881301       1.291644  -4.701954   0.062926
    35  0.20884845    5.683055  131.054491       1.314928   3.237201   0.718230
    36  0.25899969    7.047740  162.524895       1.413827   4.257568  -4.167066
    37  0.20779156    5.654296  130.391281       1.772402  -2.104673  -1.334875
    38  0.18131587    4.933856  113.777520       1.729074  -1.859126   0.500908
    39  0.18147754    4.938255  113.878973       1.700444  -0.213271   0.716629
    40  0.26244209    7.141412  164.685035       1.863752   3.001447  -0.919348
    41  0.22560541    6.139036  141.569653       2.193813   2.868389  -3.598596
    42  0.06252517    1.701396   39.235167       2.950797  -1.574229   3.056531
    43  0.26015741    7.079243  163.251379       3.248156  -1.032204  -1.547002
*   44  0.27669494    7.529252  173.628839       3.132882   1.465438  -3.670960
    45  0.25298114    6.883967  158.748198       3.304959   1.367939  -1.944829
    46  0.19720775    5.366296  123.749833       3.505528  -3.337626  -0.908946
    47  0.24490396    6.664176  153.679682       3.489909  -0.704018  -0.027111
    48  0.27275554    7.422056  171.156826       4.876395   1.887872  -1.672428
    49  0.24303600    6.613346  152.507522       5.119086  -3.657747  -0.487057
    50  0.21906118    5.960958  137.463083       5.492407   0.286990  -1.537500
    51  0.20731949    5.641450  130.095054       5.564198  -2.161825  -1.018769
    52  0.25083515    6.825572  157.401565       6.677546  -0.905408  -1.292722
