 Number of surface minima:    57
   #       a.u.         eV      kcal/mol           X/Y/Z coordinate(Angstrom)
     1  0.12780196    3.477668   80.197006      -7.411554  -1.970863  -0.121085
     2  0.11308963    3.077325   70.964875      -6.793177  -0.929684  -0.034649
     3  0.11578632    3.150706   72.657071      -6.334680  -1.706275   0.804975
     4  0.12291516    3.344692   77.130492      -6.160299  -3.081804  -1.628909
     5  0.11946727    3.250870   74.966909      -5.867117  -2.651710   1.556422
     6  0.17155463    4.668239  107.652247      -5.867117   1.766885  -1.410521
     7  0.11415837    3.106407   71.635517      -5.470234  -1.593943   1.414074
     8  0.10411680    2.833162   65.334332      -5.337940  -2.172821  -1.910575
     9  0.10469373    2.848861   65.696365      -4.883475  -2.971636  -0.989564
    10  0.16440747    4.473755  103.167332      -4.648074   0.858983  -2.979894
    11  0.15733511    4.281306   98.729354      -4.801396   2.129844  -0.508179
    12  0.09636220    2.622149   60.468242      -4.014997  -2.825124  -0.446169
    13  0.14202772    3.864771   89.123818      -3.353525   1.005638  -2.436356
    14  0.10402784    2.830741   65.278510      -3.221484  -1.837418  -0.519755
    15  0.00371038    0.100965    2.328303      -2.162876  -2.580148   1.626144
    16  0.01080054    0.293898    6.777446      -2.162876  -1.044803   1.948573
    17  0.16511968    4.493135  103.614250      -1.233717   4.515395  -0.642085
    18 -0.00237705   -0.064683   -1.491624      -0.972722  -3.301511  -0.380246
    19  0.15478244    4.211844   97.127530      -1.044313   3.453203   1.791244
*   20 -0.00939609   -0.255681   -5.896138      -0.914856  -3.633317   0.994641
    21  0.17474721    4.755113  109.655624      -0.670060   4.675556   2.044764
    22  0.17962535    4.887854  112.716705      -0.777949   5.631896   0.073193
    23  0.02294030    0.624237   14.395270       0.205787   0.254968  -2.024733
    24  0.16773850    4.564397  105.257589       0.807276   3.850086  -1.119762
    25  0.04412263    1.200638   27.687390       1.154008  -0.760815   2.782025
    26  0.09661940    2.629148   60.629640       1.167659   1.729877   1.740837
    27  0.02400207    0.653129   15.061537       1.319246  -1.421030  -1.533852
    28  0.13784283    3.750894   86.497751       1.598783   1.790796   0.730099
    29  0.12930988    3.518701   81.143241       2.339539   5.295085  -0.767000
    30  0.05997503    1.632004   37.634934       2.493316   1.120366   3.367027
    31  0.11061727    3.010049   69.413444       2.498243  -1.418135  -1.554318
    32  0.13640210    3.711690   85.593682       2.599719   3.388291  -1.708617
    33  0.12598577    3.428247   79.057330       2.733834   4.121425   1.597520
    34  0.13978896    3.803851   87.718969       2.895436   2.292017   0.714199
    35  0.13616846    3.705332   85.447072       3.012725   4.394933  -1.279649
    36  0.10254982    2.790523   64.351040       3.104383  -2.427784  -2.430126
    37  0.08734438    2.376761   54.809469       3.019388   0.142169   0.802618
    38  0.13835963    3.764957   86.822053       3.261190   3.249140   1.069564
    39  0.09389714    2.555071   58.921393       3.444795  -3.110202  -1.289067
    40  0.11242235    3.059168   70.546152       3.646195  -0.401959  -1.712799
    41  0.14486066    3.941859   90.901514       3.530870   5.437924  -0.653012
    42  0.14421315    3.924239   90.495194       3.770231   3.311712  -1.739445
    43  0.09665033    2.629989   60.649051       3.863885  -3.558395  -0.312156
    44  0.15205458    4.137615   95.415767       4.132512   2.262554   0.221060
    45  0.08599168    2.339953   53.960642       4.256079  -3.092683  -2.301259
    46  0.10684344    2.907358   67.045325       4.355135  -0.731352  -0.626642
    47  0.10900170    2.966087   68.399655       4.727556  -1.174713   0.410349
    48  0.08932098    2.430548   56.049811       5.087812  -4.000961  -0.263079
    49  0.09778737    2.660930   61.362552       5.076094  -0.651676  -1.597201
    50  0.09100772    2.476446   57.108257       5.227743  -3.458180  -2.112899
    51  0.09034197    2.458330   56.690488       5.667139  -3.948180  -1.036498
    52  0.09942990    2.705625   62.393254       5.929195  -1.567351   0.429361
    53  0.09989398    2.718253   62.684470       6.058825  -1.041179  -1.441059
    54  0.11126428    3.027655   69.819447       6.668178  -3.755308  -2.037824
    55  0.09851660    2.680773   61.820153       6.569790  -1.573730  -0.253133
    56  0.11085636    3.016555   69.563476       7.014131  -2.186751   0.589087
    57  0.11667971    3.175016   73.217683       7.428695  -1.772187  -1.377646
 
 Number of surface maxima:    68
   #       a.u.         eV      kcal/mol           X/Y/Z coordinate(Angstrom)
     1  0.19792116    5.385709  124.197509      -7.621394  -3.171013  -1.067780
     2  0.15972531    4.346347  100.229227      -7.124568  -1.640783  -1.643125
     3  0.21564091    5.867888  135.316827      -7.122702  -0.183679  -2.567319
     4  0.15208636    4.138480   95.435711      -6.348052  -3.377858   0.036322
     5  0.19653377    5.347956  123.326905      -5.925489   0.514086  -2.031578
     6  0.23920276    6.509038  150.102125      -5.867877   1.735033  -2.899650
     7  0.19139152    5.208028  120.100094      -5.621521  -4.123831   1.188331
     8  0.18745769    5.100983  117.631572      -5.331894  -0.907926   0.280556
     9  0.13782070    3.750292   86.483865      -4.748233  -2.439511   1.731035
    10  0.18037312    4.908202  113.185934      -4.514721  -1.651120  -0.859696
    11  0.20142966    5.481180  126.399124      -4.483413   2.527143  -2.177033
    12  0.13194957    3.590530   82.799674      -4.147291  -3.232710   0.937269
    13  0.23669612    6.440829  148.529182      -4.014997   1.005438  -0.055259
    14  0.17971384    4.890262  112.772229      -3.386080  -0.529274   1.279330
*   15  0.25666026    6.984081  161.056877      -3.390916   4.103008   0.780310
    16  0.22125602    6.020682  138.840362      -3.251408   0.356573  -1.233301
    17  0.25485037    6.934831  159.921153      -3.238602   3.582138  -2.094293
    18  0.03686679    1.003196   23.134280      -3.114320  -2.514562   2.736650
    19  0.23467659    6.385875  147.261909      -2.824348   2.974533  -0.358506
    20  0.16378056    4.456696  102.773938      -2.692053  -1.249084   0.408092
    21  0.05547059    1.509431   34.808348      -1.874128  -2.610955  -2.225998
    22  0.20749932    5.646344  130.207897      -1.897966   4.904164   0.938990
    23  0.15618228    4.249936   98.005942      -1.466603  -0.220425  -0.469461
    24  0.10856895    2.954311   68.128100      -1.462538  -1.681412   0.697235
    25  0.14197149    3.863241   89.088528      -0.707639  -0.680181   1.930665
    26  0.24715608    6.725459  155.092910      -0.721678   6.095400   1.453264
    27  0.18133202    4.934295  113.787658      -0.575107   0.940211   0.673697
    28  0.17886346    4.867122  112.238612      -0.499704   1.147546   2.997324
    29  0.24570592    6.685998  154.182919      -0.434071   3.314195  -0.631417
    30  0.23716795    6.453668  148.825262      -0.288686   2.807975   0.834915
    31  0.03416849    0.929772   21.441069      -0.151339  -3.690689   2.845531
    32  0.10713195    2.915209   67.226369       0.409353  -2.309109   0.069847
    33  0.13277185    3.612906   83.315663       0.356519  -0.773883  -1.050091
    34  0.20894751    5.685751  131.116653       0.505691   5.443634   0.959060
    35  0.19703719    5.361655  123.642807       0.979134   1.855624  -1.366799
    36  0.14924693    4.061215   93.653941       1.144481   0.145846   0.212591
    37  0.15619800    4.250364   98.015809       1.284506  -1.434781   1.212713
    38  0.18990863    5.167677  119.169567       1.257708   1.290561  -0.135725
    39  0.22784834    6.200068  142.977109       1.532048   6.482828   1.329056
    40  0.20712741    5.636224  129.974523       1.821662   3.838605  -0.752705
    41  0.13753310    3.742466   86.303396       2.089859  -0.473664   0.804975
    42  0.20581829    5.600601  129.153036       2.060114   3.205681   0.668533
    43  0.15951782    4.340701  100.099026       2.167564  -3.033202   0.123961
    44  0.18223519    4.958872  114.354402       2.597131  -2.361861   2.126868
    45  0.13501299    3.673890   84.722004       2.535645  -2.072177  -1.111219
    46  0.17392128    4.732639  109.137341       2.769590  -0.912509  -2.729395
    47  0.15063051    4.098865   94.522153       2.893645  -0.605790   0.433575
    48  0.09248716    2.516704   58.036619       2.850473   0.219265  -1.865417
    49  0.17565055    4.779695  110.222478       2.982018   5.700253   0.796783
    50  0.16772394    4.564000  105.248447       3.458049   2.194824  -1.511758
    51  0.16973870    4.618825  106.512732       3.547291  -2.214239   1.341287
    52  0.17046976    4.638718  106.971476       3.576956   1.733377  -0.626122
    53  0.13550819    3.687365   85.032744       4.327216  -1.299509  -3.017834
    54  0.18417529    5.011664  115.571836       4.297691  -0.624217   3.178910
    55  0.19702981    5.361454  123.638177       4.207406   2.015156   1.343657
    56  0.19251163    5.238508  120.802973       4.479340  -3.006049   2.294897
    57  0.17663507    4.806485  110.840274       4.455082   3.985552  -0.254313
    58  0.21573351    5.870407  135.374934       4.628603   5.482088   0.429346
    59  0.14253410    3.878550   89.441572       4.821874  -3.081171  -1.058212
    60  0.22174274    6.033927  139.145789       4.992875   2.665646  -1.043955
    61  0.14952038    4.068656   93.825533       5.227990  -1.577034  -0.660134
    62  0.18209567    4.955075  114.266856       5.615883  -1.585556  -3.997113
    63  0.14138000    3.847145   88.717363       5.815266  -3.138680   1.374636
    64  0.13810263    3.757964   86.660780       6.620871  -2.183128  -2.766971
    65  0.11864672    3.228541   74.452003       7.042977  -1.496433  -1.338169
    66  0.18156489    4.940632  113.933786       7.441021  -3.690689   0.917511
    67  0.13762221    3.744891   86.359312       7.375367  -3.155872  -0.649710
    68  0.18297386    4.978972  114.817929       7.949740  -2.865500  -2.237794
