 Number of surface minima:    79
   #       a.u.         eV      kcal/mol           X/Y/Z coordinate(Angstrom)
     1  0.09282973    2.526025   58.251583      -7.881495  -3.325907   0.200129
     2  0.07883746    2.145276   49.471293      -6.982730  -3.401713  -0.620932
     3  0.07858942    2.138527   49.315646      -7.026936  -2.473030   0.261047
     4  0.08576960    2.333910   53.821284      -6.163231  -3.592057  -1.256670
     5  0.10132091    2.757082   63.579885      -6.005068  -0.765929  -2.011768
     6  0.07389150    2.010690   46.367656      -5.901176  -5.049828   1.182677
     7  0.07152183    1.946208   44.880661      -5.942101  -4.176647   2.002797
     8  0.10296748    2.801888   64.613122      -5.258502  -2.422740  -1.966220
     9  0.10033851    2.730350   62.963416      -5.217684   1.096294  -0.293216
    10  0.08116161    2.208520   50.929720      -5.125270  -5.253833   0.575056
    11  0.07347193    1.999273   46.104372      -5.041582  -3.518429   2.103503
    12  0.10732419    2.920440   67.347002      -5.021834  -1.393135  -3.439263
    13  0.11352609    3.089202   71.238755      -4.907983   6.788403  -0.272254
    14  0.09746511    2.652160   61.160329      -4.604867   5.507082  -0.776932
    15  0.09383338    2.553336   58.881384      -4.404314   5.721613   0.508445
    16  0.10153200    2.762826   63.712343      -4.260542   4.666721  -1.188565
    17  0.08846021    2.407125   55.509666      -3.823530   4.953732   1.205454
    18  0.08695091    2.366055   54.562567      -3.624409   0.567116   0.986154
    19  0.11117611    3.025256   69.764121      -3.615953   3.866043  -0.421269
    20  0.10173414    2.768327   63.839193      -3.403024   3.930744   0.653500
    21  0.11683760    3.179313   73.316760      -3.224105   0.030726  -3.989137
    22  0.10158480    2.764263   63.745477      -3.004402   4.197072   1.844149
    23  0.11337755    3.085160   71.145545      -2.978789   7.794632  -0.694982
    24  0.14860320    4.043699   93.249994      -2.430784  -3.544421  -1.643961
    25  0.12360588    3.363487   77.563924      -2.409084  -1.692101   0.650435
    26  0.16096576    4.380101  101.007625      -2.247064  -4.809710  -1.151380
    27  0.12483273    3.396871   78.333784      -2.269776   0.574286  -0.270148
    28  0.09717145    2.644170   60.976057      -2.324562   6.729032  -1.361027
    29  0.14308112    3.893435   89.784832      -2.136351  -4.299588   0.971730
    30  0.12482981    3.396792   78.331955      -2.209545  -2.945729   0.918089
    31  0.12912027    3.513541   81.024261      -2.158123   1.353709  -3.297750
    32  0.09386189    2.554112   58.899271      -2.080877   6.840423  -0.109252
    33  0.10058433    2.737039   63.117671      -1.977445   5.876602  -1.842825
    34  0.09466660    2.576009   59.404239      -1.740013   0.832103  -0.669892
    35  0.10390035    2.827272   65.198508      -1.671600   3.677754   1.515134
    36  0.08874451    2.414861   55.688064      -1.556219   6.174432   0.548253
    37  0.15247942    4.149176   95.682359      -1.237124  -3.940055  -1.638793
    38  0.12405831    3.375798   77.847830      -1.326236   0.046337  -3.322083
    39  0.10973815    2.986127   68.861787      -1.303087   4.942782  -1.054803
    40  0.13018764    3.542586   81.694048      -1.090810  -3.282304   0.912432
    41  0.17214967    4.684431  108.025640      -1.052422  -1.263897  -1.958909
    42 -0.00560726   -0.152581   -3.518611      -1.106375   0.504207   3.501066
    43  0.01035306    0.281721    6.496649      -1.060770   2.829030   1.999808
    44  0.10187848    2.772254   63.929766      -1.152088   5.123326  -0.007971
    45  0.10130782    2.756726   63.571673      -1.110629   5.190893   1.427694
    46  0.13115236    3.568837   82.299419      -0.385485  -2.715765   0.826726
*   47 -0.01371826   -0.373293   -8.608346      -0.285961   1.361261   3.827874
    48  0.11161270    3.037136   70.038084      -0.263482   2.974794  -1.704417
    49  0.05915124    1.609587   37.117997       0.244946   0.434822  -1.541250
    50  0.09663068    2.629454   60.636717       0.233142   3.856470  -0.573517
    51  0.01896896    0.516172   11.903211       0.753940  -1.338869   2.373326
    52  0.07158614    1.947958   44.921016       1.093004   1.150586  -1.408916
    53  0.14844759    4.039464   93.152346       1.435595  -0.824282  -1.796253
    54  0.04295212    1.168787   26.952886       1.456546   2.977148   0.667994
    55  0.16848523    4.584716  105.726169       2.202683  -3.137124  -0.737622
    56  0.14713349    4.003706   92.327734       2.361655  -0.832720  -2.256974
    57  0.06143192    1.671647   38.549143       2.491941   3.476338  -1.568480
    58  0.06471016    1.760853   40.606270       2.868809  -0.640482   4.213112
    59  0.15651938    4.259109   98.217478       3.128241  -3.184382  -1.330914
    60  0.08296697    2.257646   52.062603       3.258947  -2.475652   3.905882
    61  0.14255262    3.879054   89.453196       3.395244  -0.358944  -1.791014
    62  0.14953137    4.068956   93.832432       3.304042   0.061687  -0.649669
    63  0.06323369    1.720676   39.679775       3.552304   1.333852   3.234022
    64  0.15572875    4.237595   97.721346       3.741612  -0.963401  -2.861432
    65  0.15138270    4.119333   94.994161       3.980661  -2.682851  -0.669443
    66  0.16533415    4.498971  103.748833       4.213775  -2.943926  -2.124680
    67  0.15205079    4.137513   95.413394       4.101222  -2.348145   0.128366
    68  0.08344469    2.270646   52.362379       5.399975   1.492141   2.502319
    69  0.09385851    2.554020   58.897153       5.536718  -2.676406   2.701750
    70  0.08356948    2.274041   52.440687       6.166478   0.817243  -2.444760
    71  0.10003872    2.722192   62.775298       6.330484  -2.135927   0.993225
    72  0.09044218    2.461057   56.753374       6.528810  -0.822089   2.344002
    73  0.08657568    2.355844   54.327104       6.839661  -1.295321  -2.822149
    74  0.08669032    2.358964   54.399046       6.870519   0.709020   0.139535
    75  0.07834999    2.132012   49.165399       7.289525   0.597029  -2.739732
    76  0.08668871    2.358920   54.398031       7.420227  -1.653559  -0.228320
    77  0.07927385    2.157151   49.745132       7.531176  -0.482111  -2.904125
    78  0.07810956    2.125469   49.014532       7.900467   0.429002  -0.145206
    79  0.07936477    2.159625   49.802187       8.242865  -0.755827  -0.344593
 
 Number of surface maxima:    93
   #       a.u.         eV      kcal/mol           X/Y/Z coordinate(Angstrom)
     1  0.16439315    4.473365  103.158348      -8.513767  -4.333116   1.295695
     2  0.12115380    3.296763   76.025222      -7.468016  -4.999368   0.100170
     3  0.11860130    3.227305   74.423499      -7.433152  -3.133148   1.845475
     4  0.17148112    4.666239  107.606118      -6.925108  -6.095210  -1.075572
     5  0.16536709    4.499867  103.769504      -6.894663  -1.816606   2.762276
     6  0.15493628    4.216031   97.224067      -5.952382  -1.543232  -0.812909
     7  0.13337062    3.629199   83.691400      -5.755493  -3.004830  -0.187461
     8  0.11636950    3.166575   73.023027      -5.645387  -1.618976  -2.723241
     9  0.12348714    3.360256   77.489414      -5.470858  -1.601358   1.924678
    10  0.17085873    4.649302  107.215560      -5.311415   0.246034  -3.183035
    11  0.12669168    3.447456   79.500295      -5.175683  -4.052859   0.915487
    12  0.15834352    4.308746   99.362141      -5.222915  -0.112025   0.653500
    13  0.17536064    4.771806  110.040556      -4.513222   2.012928  -1.577538
    14  0.11188865    3.044645   70.211244      -4.389025   1.599180   0.239022
    15  0.18218853    4.957602  114.325126      -4.429717   8.195824  -0.669443
    16  0.18887100    5.139441  118.518440      -4.118071   6.257017  -3.312211
    17  0.17818819    4.848747  111.814873      -3.993292  -2.638237  -3.076176
    18  0.16312300    4.438802  102.361311      -4.053566  -0.953215   1.779055
    19  0.15200836    4.136358   95.386764      -4.105870   0.579840  -2.124115
    20  0.14033934    3.818828   88.064340      -4.044543   7.049537  -1.783868
    21  0.19662257    5.350372  123.382627      -3.856089  -5.118062  -1.999492
    22  0.17313603    4.711271  108.644590      -3.783297  -1.549592  -0.331974
    23  0.18476066    5.027593  115.939160      -3.787304   1.493177  -3.378750
    24  0.13485288    3.669533   84.621528      -3.728104   7.419457   0.629566
    25  0.14054787    3.824502   88.195193      -3.706384  -0.738951  -3.178622
    26  0.14905863    4.056091   93.535779      -3.564264   4.946267  -0.249015
    27  0.17679538    4.810847  110.940868      -3.211613  -4.202745  -0.816798
    28  0.17442421    4.746324  109.452936      -3.175924   7.208211   2.251759
    29  0.14754044    4.014779   92.583100      -2.907575   1.126992  -1.711593
    30  0.06924452    1.884239   43.451628      -2.819092  -0.894242   2.357543
    31  0.17635491    4.798861  110.664468      -2.694239   2.275832  -0.423683
    32  0.11504021    3.130403   72.188885      -2.721542   7.522701  -0.832387
    33  0.21332963    5.804994  133.866478      -2.517889   3.383453  -3.028375
    34  0.12757068    3.471375   80.051875      -2.506173   5.749011   2.014271
    35  0.22038938    5.997100  138.296542      -2.291696  -5.559063   0.112308
    36  0.18476555    5.027726  115.942230      -2.237422  -1.227282  -3.919078
    37  0.16747472    4.557219  105.092061      -2.124879  -0.207265  -0.261681
    38  0.16545405    4.502234  103.824074      -2.205812   1.625471  -0.302462
    39  0.14783430    4.022776   92.767504      -2.188437   5.703405  -0.550293
    40  0.13515509    3.677757   84.811169      -2.068508   0.767254  -3.712212
    41  0.16038158    4.364205  100.641048      -1.739648   4.404208   2.505529
    42  0.19715694    5.364913  123.717953      -1.458889  -2.330388   0.278702
    43  0.14368242    3.909797   90.162155      -1.481326   0.830322   0.515637
    44  0.21412626    5.826672  134.366371      -1.469834   2.055489  -1.985625
    45  0.22573440    6.142545  141.650593      -1.364177  -2.487302  -1.347955
    46  0.18376087    5.000388  115.311786      -1.258374   1.350867  -2.152398
    47  0.10088443    2.745205   63.305986      -0.814156   1.629586   2.111354
    48  0.18865152    5.133469  118.380718      -0.797106  -4.861409  -0.254426
    49  0.16497283    4.489139  103.522099      -0.353627  -0.888121   0.584104
    50  0.19413400    5.282655  121.821025      -0.348728   1.560974  -0.337056
    51  0.14980287    4.076343   94.002798      -0.396136   3.501744  -0.249756
    52  0.11793855    3.209271   74.007621       0.380019   0.048301   2.365110
    53  0.10616780    2.888973   66.621359       0.409471   2.463373   1.071815
    54  0.21766377    5.922932  136.586190       0.774123  -3.063583  -1.389668
    55  0.19178343    5.218692  120.346020       0.648157   3.348001  -3.579479
    56  0.24356533    6.627750  152.839681       0.930879  -4.703524  -0.399761
    57  0.18037266    4.908190  113.185649       1.051195  -0.087713  -0.128793
    58  0.17734016    4.825671  111.282725       1.016076   5.457521  -1.221221
*   59  0.25078201    6.824126  157.368222       1.140150  -3.147887  -3.110278
    60  0.03358485    0.913890   21.074830       1.504722   2.488364   4.029985
    61  0.10313495    2.806445   64.718211       1.628353  -0.430774   3.563975
    62  0.13817946    3.760054   86.708991       1.686896   0.827861   1.304791
    63  0.21116593    5.746117  132.508730       2.496145  -0.752068  -0.935078
    64  0.16036504    4.363755  100.630667       2.546783  -3.084290   2.395938
    65  0.08762279    2.384337   54.984179       2.626243  -2.032729   4.006899
    66  0.17358248    4.723419  108.924742       2.598836   0.131123   0.778971
    67  0.19651435    5.347427  123.314717       2.741074  -2.622977  -2.940313
    68  0.22584783    6.145632  141.721772       2.740794  -2.240565  -0.278600
    69  0.18921535    5.148811  118.734521       3.231537   1.096294   0.096030
    70  0.22686461    6.173300  142.359813       4.274248  -2.211064  -3.447623
    71  0.18815766    5.120030  118.070816       4.346069   1.710296  -0.556783
    72  0.14243313    3.875802   89.378211       4.404837  -1.519313   4.416508
    73  0.17459303    4.750918  109.558869       4.603470  -0.360548   0.383537
    74  0.09141781    2.487605   57.365588       4.579307   1.968970   2.361633
    75  0.15897301    4.325876   99.757154       4.721773  -1.805418   0.378301
    76  0.12461207    3.390867   78.195319       4.656587  -0.601683   3.080726
    77  0.17952133    4.885024  112.651429       4.820727  -2.211064  -1.650023
    78  0.17015161    4.630061  106.771836       5.120696  -3.276556   1.164741
    79  0.14107224    3.838771   88.524244       5.095535   0.694839   3.812650
    80  0.15453655    4.205153   96.973229       5.341108   1.562155   0.785795
    81  0.11713387    3.187375   73.502672       5.475991  -0.106869   2.220062
    82  0.19759262    5.376769  123.991343       5.912847  -3.570528  -1.472107
    83  0.15161510    4.125657   95.139989       5.915659  -1.425097   3.664566
    84  0.13310567    3.621989   83.525140       5.960888   1.945974  -0.892988
    85  0.13339898    3.629971   83.709192       6.487622  -0.337070  -2.091646
    86  0.10783323    2.934291   67.666430       6.463653  -2.210438   1.976879
    87  0.15192480    4.134084   95.334330       6.672655  -0.644129   0.785795
    88  0.13524823    3.680291   84.869615       6.876220  -0.475181  -0.511702
    89  0.17100371    4.653248  107.306538       7.501463   2.781690  -1.207262
    90  0.12235726    3.329510   76.780402       8.386305   1.432289  -1.595503
    91  0.17324900    4.714345  108.715478       8.994474  -2.623397  -2.131140
    92  0.12306298    3.348714   77.223253       9.075136  -1.028649  -1.882569
    93  0.16678810    4.538535  104.661199       9.787025   0.578810  -1.981203
