 Number of surface minima:    73
   #       a.u.         eV      kcal/mol           X/Y/Z coordinate(Angstrom)
     1  0.11743605    3.195597   73.692293      -6.807016  -4.330074  -1.148942
     2  0.09824146    2.673286   61.647500      -5.957842  -3.433537  -0.440589
     3  0.09701071    2.639796   60.875193      -5.954705   2.475527   0.989990
     4  0.11546327    3.141915   72.454356      -5.693254  -6.205651  -0.835692
     5  0.10032227    2.729908   62.953226      -5.662999  -3.487378  -1.642528
     6  0.10175254    2.768827   63.850736      -5.640385   4.216943  -1.208428
     7  0.09289150    2.527706   58.290347      -5.296371  -2.883421   0.326235
     8  0.08267622    2.249734   51.880156      -5.059089   1.011981  -2.074572
     9  0.09054069    2.463737   56.815185      -4.899488   2.576685   2.522021
    10  0.10255430    2.790644   64.353850      -4.882368  -3.089915  -2.045397
    11  0.09536379    2.594981   59.841729      -4.634899  -5.670901   0.061646
    12  0.10690270    2.908971   67.082516      -4.659982   5.864941  -0.876379
    13  0.10688495    2.908487   67.071373      -4.502605  -2.514956   1.269977
    14  0.09024054    2.455570   56.626843      -4.487180   1.302662   1.398231
    15  0.09753449    2.654049   61.203870      -4.370311  -5.771853  -1.284989
    16  0.10515297    2.861358   65.984539      -4.319300  -2.422546  -0.151932
    17  0.11192383    3.045602   70.233325      -4.203159   4.753862  -2.141148
    18  0.11251773    3.061763   70.606000      -4.105722  -2.505121  -1.233696
    19  0.08916281    2.426243   55.950552      -4.054862  -5.200726   0.773978
    20  0.10179994    2.770117   63.880482      -3.803133   4.752485   2.886676
    21  0.11094670    3.019013   69.620167      -3.817588   6.206009   1.666545
    22  0.09954644    2.708796   62.466384      -3.576545  -5.385882  -1.658180
    23  0.10332109    2.811510   64.835018      -3.244064  -4.274666   1.584776
    24  0.05749223    1.564443   36.076948      -3.192418  -0.180339   0.964563
    25  0.08736523    2.377329   54.822555      -3.264988  -0.019165  -3.066449
    26  0.10165570    2.766192   63.789970      -3.041177  -4.663892   0.332024
    27  0.10937710    2.976302   68.635227      -2.961208  -2.830139   1.353926
    28  0.10865812    2.956738   68.184060      -2.782779  -4.719859  -0.758425
    29  0.16706813    4.546155  104.836924      -2.142025   2.990376  -1.427603
    30  0.01345804    0.366212    8.445054      -1.999707  -2.294324   2.030694
    31  0.16434445    4.472040  103.127788      -1.748571   3.914049  -1.170325
    32  0.14983244    4.077148   94.021355      -1.488938  -1.412971  -1.011393
    33  0.14130609    3.845134   88.670982      -1.446386   3.013417   1.278821
    34  0.17467416    4.753126  109.609781      -1.476633   4.985935  -0.639855
    35  0.16121996    4.387018  101.167138      -1.284580   4.358651   1.440575
    36 -0.00374071   -0.101790   -2.347333      -1.069762  -0.542595   3.618398
    37  0.17297326    4.706842  108.542447      -0.772373   3.950710  -1.226571
    38  0.14687043    3.996548   92.162665      -0.507882   3.266109   1.305815
*   39 -0.01392821   -0.379006   -8.740091      -0.401482  -1.584013   3.942948
    40  0.06372572    1.734065   39.988527      -0.130320  -0.440561  -1.661033
    41  0.19025408    5.177077  119.386337      -0.027228   3.122391  -1.433605
    42  0.14566102    3.963638   91.403747       0.241372   2.331939   1.090557
    43  0.08723524    2.373792   54.740984       0.497640  -3.265427  -0.875370
    44  0.08147320    2.216999   51.125250       0.517820  -0.816472  -2.045962
    45  0.15825930    4.306454   99.309291       1.159669   2.141598  -3.841045
    46  0.17020470    4.631505  106.805152       1.247717   3.795286  -3.051750
    47  0.16104904    4.382367  101.059886       1.422490   0.437117  -1.535384
    48  0.15575473    4.238302   97.737652       1.465931   5.800752   0.075366
    49  0.01221380    0.332354    7.664280       1.687008   0.210362   2.658673
    50  0.06933230    1.886628   43.506711       1.979816  -3.161387  -2.160095
    51  0.14723368    4.006432   92.390607       2.055040   4.427530   1.327519
    52  0.02743966    0.746671   17.218662       2.309205   0.058774   3.104415
    53  0.16371534    4.454921  102.733010       2.306377   0.285312  -2.125385
    54  0.09116879    2.480829   57.209327       2.458435  -2.038810  -0.232797
    55  0.02481062    0.675131   15.568912       2.568807  -2.098144   2.575238
    56  0.16225537    4.415193  101.816865       2.705903   3.398403  -3.710273
    57  0.16527362    4.497324  103.710847       2.641660   4.721884  -0.466807
    58  0.14321346    3.897036   89.867878       2.827144  -1.046041  -0.281674
    59  0.18960091    5.159303  118.976466       2.843952   2.410419  -0.467531
    60  0.16278952    4.429728  102.152052       3.087907  -0.405797  -1.763675
    61  0.17543018    4.773698  110.084193       3.802558   2.152964  -1.006664
    62  0.16430561    4.470983  103.103413       4.470205   1.091711   0.268546
    63  0.09359076    2.546734   58.729141       4.603922  -2.854232   0.320022
    64  0.16636485    4.527018  104.395606       4.522038   1.551775  -0.725648
    65  0.17976240    4.891584  112.802705       4.802960   1.723541  -2.033596
    66  0.09843343    2.678510   61.767962       5.325619  -3.431277  -1.239554
    67  0.11421601    3.107976   71.671687       5.448687  -2.148369  -3.350582
    68  0.06193224    1.685262   38.863099       5.730228  -0.678100   2.885998
    69  0.09594406    2.610771   60.205856       6.471690  -2.813704   0.059066
    70  0.11846401    3.223570   74.337353       6.745619  -0.569859  -3.507849
    71  0.10903803    2.967076   68.422452       7.128959   1.280285  -0.076071
    72  0.09870898    2.686008   61.940869       7.731833  -0.438131   0.125008
    73  0.10734163    2.920914   67.357946       7.860672   0.547835  -1.525885
 
 Number of surface maxima:   102
   #       a.u.         eV      kcal/mol           X/Y/Z coordinate(Angstrom)
     1  0.18468831    5.025625  115.893763      -7.081412  -5.795119  -1.291324
     2  0.13791687    3.752909   86.544213      -6.487019  -5.068432   0.122203
     3  0.11937664    3.248403   74.910034      -6.496183  -3.998936  -1.263969
     4  0.17809430    4.846192  111.755956      -6.359957  -4.792607   1.799870
     5  0.14217856    3.868875   89.218469      -5.897290  -5.272468  -2.259099
     6  0.15975614    4.347186  100.248576      -5.891883   3.795286   1.913767
     7  0.16456786    4.478119  103.267976      -5.825548   5.311825  -0.009347
     8  0.10507928    2.859352   65.938296      -5.349787   1.922017   1.768328
     9  0.11718638    3.188804   73.535628      -5.296316  -6.126583  -0.864358
    10  0.18883940    5.138581  118.498612      -5.140171  -5.048947  -3.740556
    11  0.15954217    4.341363  100.114306      -5.275103   1.427178  -0.049707
    12  0.13006590    3.539273   81.617651      -5.131574   3.552823  -0.050893
    13  0.16695833    4.543167  104.768023      -5.033592   5.390096   2.179336
    14  0.13150293    3.578377   82.519402      -4.963805  -3.942101   1.717155
    15  0.15207580    4.138193   95.429084      -4.767193  -3.424688  -0.833996
    16  0.14438583    3.928938   90.603549      -4.790340   4.450219   0.843025
    17  0.11922155    3.244183   74.812716      -4.852260   5.118229  -1.743246
    18  0.16711816    4.547516  104.868314      -4.739777   3.291562  -2.173083
    19  0.13052241    3.551695   81.904119      -3.973428   3.662992   2.105513
    20  0.14051302    3.823554   88.173324      -3.973428   5.432198   0.326235
    21  0.15012792    4.085188   94.206769      -3.909734  -4.740149  -0.536131
    22  0.08974939    2.442205   56.318638      -3.917758  -1.043934   0.326235
    23  0.20297857    5.523328  127.371083      -3.962995   0.095531  -1.655496
    24  0.15223143    4.142428   95.526742      -3.720727  -4.146584  -3.132617
    25  0.16632828    4.526023  104.372657      -3.690666  -3.069861   2.335982
    26  0.22649388    6.163212  142.127175      -3.576545   1.735932  -0.145587
    27  0.14434167    3.927737   90.575842      -3.579264   1.951565   2.573127
    28  0.12225737    3.326792   76.717723      -3.151312   5.838667   2.369615
    29  0.19427245    5.286422  121.907905      -3.106254   2.472343  -1.187889
    30  0.18209612    4.955087  114.267137      -2.993348   5.701426  -1.393591
    31  0.18554014    5.048804  116.428290      -2.518190  -1.548148  -0.732119
    32  0.22914994    6.235487  143.793880      -2.618960   1.710102  -1.922768
    33  0.14148565    3.850020   88.783660      -2.368312  -3.480900   0.761522
    34  0.21007824    5.716520  131.826199      -2.408412  -3.357816  -3.227162
    35  0.16068986    4.372593  100.834493      -2.407937   3.123548   1.348438
    36  0.19084266    5.193093  119.755680      -2.363670   4.627607  -0.060750
    37  0.07263399    1.976471   45.578554      -2.378088   1.275576   2.707177
    38  0.19057110    5.185703  119.585270      -2.256407   6.176111   0.722808
    39  0.11124455    3.027118   69.807066      -2.121307  -0.507162  -2.917859
    40  0.20084196    5.465188  126.030339      -2.126987   0.240873  -0.219059
    41  0.16782778    4.566826  105.313611      -2.199198   4.192169   2.894231
    42  0.16343324    4.447245  102.555994      -1.744286   4.185489   1.355724
    43  0.14026146    3.816709   88.015472      -1.545731  -0.534657   0.618448
    44  0.18166451    4.943343  113.996294      -1.244399  -3.613195  -0.359618
    45  0.10233943    2.784798   64.219016      -1.195247  -1.547428   2.127413
    46  0.23875583    6.496877  149.821672      -1.157084   5.698952   0.620490
    47  0.21276538    5.789640  133.512401      -1.061971  -2.422287  -1.921192
    48  0.24252558    6.599457  152.187230      -0.941563   2.627847  -1.016352
    49  0.21563561    5.867743  135.313502      -0.909928   2.344807   0.590536
    50  0.18819047    5.120923  118.091403      -0.671532  -1.498108  -0.337440
    51  0.13458213    3.662166   84.451633      -0.108029  -2.647898   1.013339
    52  0.17215929    4.684693  108.031676      -0.079835   0.776466   0.780176
    53  0.20796823    5.659103  130.502147      -0.031222   4.929049  -0.070648
    54  0.23286413    6.336555  146.124567       0.076898   2.723867  -2.748676
    55  0.14229745    3.872110   89.293072       0.220038  -2.432972  -2.080937
    56  0.19973083    5.434952  125.333095       0.306764  -2.519199  -3.887557
    57  0.12176826    3.313483   76.410802       0.435224  -0.400563   2.460632
    58  0.03324637    0.904680   20.862430       0.807284  -3.216312   3.940015
    59  0.22034749    5.995960  138.270255       0.766051   1.800625  -1.701225
    60  0.21384744    5.819085  134.191405       0.948086   5.562356   1.431833
    61  0.18518246    5.039071  116.203843       1.083624  -0.277762  -0.059442
    62  0.24070251    6.549848  151.043232       1.450639   2.822051  -0.996708
    63  0.13557380    3.689151   85.073913       1.490456  -1.342855   1.413849
    64  0.17668493    4.807841  110.871560       1.522158   3.469923  -3.642594
    65  0.23082403    6.281041  144.844386       1.582933   5.250524  -1.596188
    66  0.21392609    5.821225  134.240759       1.688079   2.669918   0.259221
    67  0.15995211    4.352518  100.371552       1.721424  -3.737444   0.597579
    68  0.11241975    3.059097   70.544519       1.970876  -3.064538  -0.856114
    69  0.22620147    6.155255  141.943684       2.489329   0.188980  -1.003816
    70  0.16994010    4.624305  106.639111       2.416942   5.158473   0.081327
    71  0.19453450    5.293553  122.072345       2.543714  -0.800293   1.138959
    72  0.22579544    6.144206  141.688897       2.670347   1.991731  -4.387795
    73  0.23420567    6.373060  146.966400       2.651396   4.326702  -2.317682
    74  0.21711119    5.907896  136.239443       3.027697  -0.836652  -3.235150
    75  0.22619249    6.155011  141.938052       3.001430   3.398403   0.308901
    76  0.06677398    1.817012   41.901342       3.290880   1.089003   3.479127
    77  0.24257319    6.600752  152.217100       3.190374   1.421353  -0.191073
    78  0.06694036    1.821540   42.005747       3.427634  -2.952131   1.645587
    79  0.21382903    5.818584  134.179857       3.427702   2.056702  -2.824472
    80  0.16132487    4.389873  101.232972       3.774095  -2.962841  -1.162156
    81  0.19381925    5.274090  121.623520       3.823222  -1.369132  -3.383884
    82  0.17641387    4.800465  110.701466       3.865335  -0.808733  -1.772408
    83  0.17362763    4.724648  108.953077       4.371437  -0.956546   2.864032
    84  0.21428902    5.831101  134.468503       4.329062   0.694287   1.502017
    85  0.22254524    6.055764  139.649363       4.493408  -0.983269   0.541113
*   86  0.24770818    6.740482  155.439359       4.493408   1.252781  -3.430441
    87  0.14095763    3.835652   88.452321       5.130605  -2.079921  -2.109321
    88  0.19631640    5.342041  123.190506       5.086040   0.683678  -1.922768
    89  0.17517627    4.766789  109.924861       5.052615   1.026474  -0.448007
    90  0.10788885    2.935805   67.701332       5.392222  -3.403241  -0.335237
    91  0.13395674    3.645148   84.059195       5.541387  -0.970908  -4.055470
    92  0.15158945    4.124959   95.123896       5.670278  -2.297179   1.228337
    93  0.19838641    5.398369  124.489459       5.681556   0.887779  -3.508175
    94  0.18296664    4.978776  114.813398       6.583118   1.762083  -1.658180
    95  0.12952327    3.524507   81.277145       6.661562  -1.364191  -0.416085
    96  0.14834141    4.036575   93.085717       6.633757  -1.348231  -1.656010
    97  0.14500872    3.945888   90.994419       6.695600  -0.088060  -2.234168
    98  0.16361138    4.452092  102.667780       6.870027  -2.946835  -1.523816
    99  0.15993674    4.352100  100.361901       6.859378   0.344075   1.113521
   100  0.17411933    4.738028  109.261620       7.006999  -1.985720  -3.096232
   101  0.11754339    3.198518   73.759655       7.808774   0.757122  -0.464479
   102  0.16537869    4.500183  103.776781       8.189995  -0.944717  -1.381163
