 Number of surface minima:    57
   #       a.u.         eV      kcal/mol           X/Y/Z coordinate(Angstrom)
     1  0.12739000    3.466458   79.938499      -6.738402   0.296109   0.190527
     2  0.12302738    3.347745   77.200911      -6.543486  -0.069256  -2.057903
     3  0.13777027    3.748920   86.452219      -6.605701   2.249361  -0.136772
     4  0.13385407    3.642354   83.994765      -6.357608   1.977639  -2.281457
     5  0.11976557    3.258987   75.154093      -5.944636   1.159844   0.325043
     6  0.11957361    3.253763   75.033635      -5.712828   0.120501   0.475916
     7  0.11357692    3.090585   71.270654      -5.707669   0.784390  -2.295266
     8  0.11177932    3.041670   70.142639      -5.436215  -0.138741  -2.152563
     9  0.12814162    3.486911   80.410147      -5.158945   2.114156   0.248163
    10  0.13219404    3.597183   82.953080      -5.049292  -1.346746  -1.743247
    11  0.11984879    3.261251   75.206311      -4.872076   1.863648  -2.366307
    12  0.13542594    3.685127   84.981130      -4.357104   0.063583   0.588527
    13  0.13286781    3.615517   83.375881      -4.113512   1.977123   0.361299
    14  0.12228185    3.327458   76.733086      -4.081183  -0.400247  -1.988904
    15  0.11975682    3.258749   75.148603      -3.843342   1.715111  -2.276556
    16  0.14176961    3.857747   88.961850      -3.682132   0.921932   0.522485
    17  0.12662723    3.445702   79.459854      -3.461578   0.468166  -2.049658
    18  0.04482330    1.219704   28.127069      -2.367773  -2.892243   3.444002
    19  0.06525124    1.775577   40.945807      -2.192341  -3.126592   1.234888
    20  0.18732067    5.097255  117.545591      -2.151932   2.768432   1.163803
    21  0.10840207    2.949770   68.023386      -1.966033  -0.532946   1.997640
    22  0.12083142    3.287990   75.822926      -1.960053  -2.257706  -0.935994
    23  0.17761073    4.833034  111.452508      -1.584754   1.717416   0.786884
    24  0.17570403    4.781150  110.256033      -1.438772   0.399960   1.452869
    25  0.06688931    1.820151   41.973711      -1.166182  -3.542378   0.403674
    26  0.18438140    5.017273  115.701174      -1.248064   2.844868   0.128479
    27  0.19396359    5.278018  121.714093      -0.978840   4.069922  -0.197498
    28  0.18098904    4.924962  113.572431      -0.794141   3.437920   2.771566
    29  0.07661087    2.084688   48.074090      -0.652864   0.132711  -1.242822
    30  0.03803770    1.035058   23.869036      -0.150863  -2.521297   2.759569
    31  0.18292668    4.977688  114.788322      -0.219682   2.811985  -0.648654
    32  0.17220057    4.685816  108.057580      -0.057791   2.447610   2.774365
    33  0.17378259    4.728865  109.050315       0.298469   3.596642   2.126643
    34  0.18852763    5.130098  118.302971       0.331055   4.688577   1.376987
*   35 -0.00034962   -0.009514   -0.219387       0.410099  -4.370239  -1.184297
    36  0.17427893    4.742371  109.361769       0.500671   1.712380  -0.816448
    37  0.02822598    0.768068   17.712084       0.776000  -1.342706  -2.271417
    38  0.18470094    5.025968  115.901689       1.189452   3.567368   1.446964
    39  0.02964787    0.806760   18.604334       1.352471  -0.904408   2.420389
    40  0.00279273    0.075994    1.752467       1.631342  -4.219434   0.029355
    41  0.15941125    4.337801  100.032153       1.744337   3.585479  -2.363107
    42  0.19356892    5.267278  121.466434       1.826341   2.639896   1.304901
    43  0.19583961    5.329067  122.891315       1.993022   4.289014   0.448247
    44  0.16353383    4.449982  102.619116       2.103937   5.122392  -1.206334
    45  0.19563919    5.323613  122.765549       2.251083   3.966580   0.514462
    46  0.16018018    4.358724  100.514666       2.593936  -1.057937  -2.842554
    47  0.15216428    4.140601   95.484607       3.231929   0.132711   0.838208
    48  0.17023950    4.632452  106.826989       3.248752   4.034327  -1.326759
    49  0.15811342    4.302485   99.217750       3.954002  -0.131877  -2.697256
    50  0.16750600    4.558070  105.111692       4.002433   3.738190   1.337127
    51  0.15086945    4.105366   94.672088       4.220569   2.240302   2.344338
    52  0.15246858    4.148881   95.675561       4.379738  -0.119046   0.520321
    53  0.14022476    3.815710   87.992437       4.788200  -0.925643  -0.100227
    54  0.15962875    4.343719  100.168634       4.777430   0.789080  -2.107844
    55  0.16275530    4.428797  102.130579       5.044215  -0.389967  -2.763887
    56  0.15519547    4.223083   97.386707       5.476890   3.087402   1.076022
    57  0.17524772    4.768733  109.969696       5.697263   1.191066  -1.545856
 
 Number of surface maxima:    62
   #       a.u.         eV      kcal/mol           X/Y/Z coordinate(Angstrom)
     1  0.19592705    5.331446  122.946184      -7.673724  -0.267706  -0.936295
     2  0.20307960    5.526077  127.434481      -7.153557   2.936606  -1.335215
     3  0.15647583    4.257924   98.190149      -7.064918   1.323360  -1.092219
     4  0.15740361    4.283170   98.772342      -6.165784  -1.014496  -0.642613
     5  0.16530030    4.498050  103.727591      -5.502439   3.230578  -1.157872
     6  0.20516074    5.582708  128.740414      -5.159894  -2.264253  -0.405387
     7  0.17812508    4.847030  111.775268      -4.621693   0.987683  -0.074904
     8  0.17120175    4.658637  107.430812      -4.577810   0.811843  -1.669500
     9  0.19248488    5.237780  120.786185      -4.195209  -1.034807   2.658459
    10  0.21834465    5.941460  137.013449      -4.070024   4.132774  -1.306364
    11  0.18890976    5.140496  118.542766      -3.800670  -1.429543  -0.120168
    12  0.19618895    5.338573  123.110530      -3.192026  -2.564029  -0.282534
    13  0.18272556    4.972215  114.662115      -2.986288   2.826470  -0.905926
    14  0.13324470    3.625773   83.612379      -2.794892  -1.594706   1.702495
    15  0.19901872    5.415575  124.886238      -2.769212  -0.793455   0.792382
    16  0.18540957    5.045251  116.346356      -2.404585  -1.119316  -1.652725
    17  0.18442078    5.018345  115.725884      -2.331933   0.564693   0.018175
    18  0.25520435    6.944463  160.143281      -2.257575   3.587561   2.392680
    19  0.17506931    4.763878  109.857745      -2.175904   0.461791  -1.129973
    20  0.13341130    3.630306   83.716926      -1.872849  -0.138608   2.904796
    21  0.08616990    2.344802   54.072473      -1.711218  -3.439235   2.434672
    22  0.18338124    4.990057  115.073565      -1.813256  -0.774569   4.799468
    23  0.23234340    6.322385  145.797806      -1.699176   0.665310   2.900157
    24  0.21665922    5.895597  135.955825      -1.676030   2.001449   2.377482
    25  0.15943812    4.338532  100.049017      -1.468456  -2.024427  -0.146060
    26  0.23590891    6.419408  148.035199      -1.565712   2.126705  -0.787905
    27  0.21535166    5.860017  135.135321      -1.182041   4.152836   1.238128
    28  0.04380960    1.192120   27.490963      -0.910789  -3.941493  -2.639857
    29  0.14122748    3.842995   88.621655      -0.667033  -4.519422   1.446161
    30  0.17258680    4.696326  108.299944      -0.770015  -0.897231   1.078745
    31  0.19230943    5.233006  120.676088      -0.694619   0.124285   1.294525
*   32  0.25726750    7.000605  161.437928      -0.380315   5.307601   0.265913
    33  0.14767420    4.018419   92.667039      -0.249826  -1.185043  -1.324952
    34  0.24628879    6.701859  154.548681      -0.194256   1.883885   0.322498
    35  0.18894217    5.141378  118.563098       0.140269   0.001881  -0.005330
    36  0.11417511    3.106863   71.646024       0.265007  -3.320149   0.257169
    37  0.22755201    6.192005  142.791164       0.661953   4.776211  -1.863680
    38  0.12882452    3.505493   80.838673       0.823222  -1.831005   1.614244
    39  0.25138562    6.840551  157.746991       0.776778   2.321726   1.523727
    40  0.22076468    6.007313  138.532047       0.902930   4.448403  -0.148097
    41  0.12199867    3.319753   76.555386       1.343698  -2.262030  -0.934511
    42  0.17196988    4.679538  107.912819       1.797136  -0.925643   0.197181
    43  0.22100529    6.013860  138.683031       1.887586   2.007379  -1.026985
    44  0.15752278    4.286413   98.847119       2.151471  -1.711170  -1.189088
    45  0.21679129    5.899191  136.038702       2.662852   1.724592   1.071870
    46  0.24330710    6.620723  152.677641       2.612679   2.364825  -0.008323
    47  0.23103928    6.286898  144.979456       2.712849   2.910892   1.980599
    48  0.17660305    4.805613  110.820181       2.708233   4.419868  -1.723642
    49  0.21777090    5.925847  136.653416       2.899793  -2.382559  -2.655095
    50  0.23105323    6.287278  144.988211       3.057972   2.639568  -1.992654
    51  0.23312677    6.343702  146.289380       3.115170   4.789332   0.059978
    52  0.23956350    6.518854  150.328490       3.460017   0.650500  -1.433841
    53  0.05391941    1.467222   33.834969       3.492697  -3.306941   0.810730
    54  0.21822606    5.938233  136.939037       3.583068  -0.265672  -0.130766
    55  0.19109738    5.200024  119.915516       4.243064  -1.586110  -2.384758
    56  0.17140413    4.664144  107.557806       4.485746   3.428952   1.698032
    57  0.22901989    6.231948  143.712269       4.623744   3.935753  -0.136110
    58  0.20871681    5.679473  130.971887       5.231093   1.915544  -0.003816
    59  0.21332664    5.804913  133.864599       5.667225   1.847762   1.953151
    60  0.22959467    6.247589  144.072948       5.977379  -1.469473  -2.262821
    61  0.19239925    5.235450  120.732451       5.967033  -0.128856  -1.327243
    62  0.23911500    6.506650  150.047056       6.655867   1.081579  -0.381318
