 Number of surface minima:    54
   #       a.u.         eV      kcal/mol           X/Y/Z coordinate(Angstrom)
     1  0.11729149    3.191664   73.601580      -7.468884  -0.846968   1.696640
     2  0.11956550    3.253543   75.028545      -7.374395   1.337146   1.366268
     3  0.09846972    2.679497   61.790735      -6.635770  -1.293365   0.648653
     4  0.10166466    2.766436   63.795592      -6.522839   1.324168   0.237705
     5  0.09940913    2.705060   62.380225      -6.008043  -1.477502  -0.165769
     6  0.09836553    2.676662   61.725354      -6.015611  -1.105164   1.828934
     7  0.10311517    2.805906   64.705800      -5.951725   1.514299   1.462131
     8  0.10206146    2.777234   64.044589      -5.921058   1.137169  -0.684658
     9  0.11431111    3.110563   71.731363      -5.561583   1.506106   2.644071
    10  0.09340501    2.541680   58.612579      -5.031973  -1.120919   2.093523
    11  0.10090670    2.745811   63.319960      -4.905810   1.498465   1.583666
    12  0.10790563    2.936261   67.711859      -4.682554  -1.475112   0.098876
    13  0.11412597    3.105526   71.615190      -4.639292   1.103337  -0.399991
    14  0.10319384    2.808047   64.755168      -4.275760  -1.325446   1.030190
    15  0.11382273    3.097274   71.424903      -4.233993   1.266744   0.638285
    16  0.11002199    2.993851   69.039899      -3.662356  -0.911857   2.300127
    17  0.12122119    3.298596   76.067511      -3.676427   1.265091   2.021468
    18  0.11970586    3.257362   75.116623      -2.681453  -0.102976   1.567335
    19  0.04977382    1.354415   31.233573      -2.250045  -2.832621   0.172759
    20  0.03614877    0.983658   22.683717      -1.745076  -4.185970  -2.124420
    21  0.03373335    0.917931   21.168014      -1.638103  -0.391215   1.533969
    22  0.10048263    2.734271   63.053857      -1.514422   2.336048  -0.876404
    23  0.04998059    1.360041   31.363321      -1.353620  -1.836551  -2.534435
    24  0.09253231    2.517932   58.064952      -1.120848   1.803679   0.902874
*   25  0.01787137    0.486305   11.214461      -0.552737  -3.025262   1.304728
    26  0.03366252    0.916004   21.123569      -0.296776  -3.292359  -0.419039
    27  0.02602579    0.708198   16.331443      -0.138732  -0.200223  -3.412675
    28  0.03651793    0.993703   22.915364       0.341728   0.532195   1.927198
    29  0.15144893    4.121135   95.035716       0.612180   3.182909  -1.507268
    30  0.16688960    4.541297  104.724891       0.649987   4.398874  -1.711781
    31  0.17558269    4.777848  110.179895       1.145198   4.103498   0.895524
    32  0.17669955    4.808239  110.880737       1.187455   5.233252   0.300974
    33  0.07814109    2.126327   49.034313       1.507482  -3.316718  -0.023186
    34  0.15646743    4.257695   98.184880       1.643588   3.712639  -1.878389
    35  0.04042502    1.100021   25.367103       2.018249  -0.514974  -2.205929
    36  0.17171794    4.672683  107.754723       2.140096   4.568022   0.561804
    37  0.16204501    4.409469  101.684867       2.637293   1.885451  -1.444649
    38  0.16338809    4.446016  102.527659       2.715456   2.913807  -1.794981
    39  0.16222073    4.414251  101.795132       2.878049   0.326435   1.876578
    40  0.17751446    4.830414  111.392100       2.800963   4.408245  -2.084686
    41  0.14751299    4.014033   92.565878       3.076409  -2.102506   1.630411
    42  0.18151034    4.939147  113.899550       3.250989   3.842485   0.597479
    43  0.18539600    5.044882  116.337847       3.243535   5.104761  -0.092106
    44  0.16260710    4.424764  102.037579       3.736864  -0.185337   2.490406
    45  0.15377365    4.184394   96.494502       3.826350  -1.562882   2.351180
    46  0.16227759    4.415798  101.830809       4.085487  -2.751276   2.090517
    47  0.11086631    3.016826   69.569719       4.200992  -3.869646  -1.128855
    48  0.17088782    4.650094  107.233818       4.858162  -1.832941  -0.277020
    49  0.17540274    4.772951  110.066972       4.884098  -0.902636   3.057574
    50  0.18801949    5.116270  117.984109       4.749053   0.556050   0.000157
    51  0.17846992    4.856414  111.991661       5.438653   0.035884   0.505991
    52  0.17180372    4.675017  107.808553       5.595178  -2.499389   0.505991
    53  0.16803260    4.572399  105.442135       5.673192  -1.301751   0.498350
    54  0.18225994    4.959545  114.369932       6.310535  -0.645312   1.433648
 
 Number of surface maxima:    54
   #       a.u.         eV      kcal/mol           X/Y/Z coordinate(Angstrom)
     1  0.18663224    5.078521  117.113595      -8.366967   0.385696   1.901432
     2  0.18612554    5.064734  116.795640      -7.949635  -0.237523  -1.335764
     3  0.14208281    3.866270   89.158386      -7.835242   0.016487   0.376533
     4  0.11904636    3.239416   74.702780      -7.148450  -1.003412   1.592102
     5  0.12174744    3.312916   76.397739      -7.044024   1.415674   1.139646
     6  0.14199637    3.863918   89.104145      -6.911730   0.391980   2.580966
     7  0.14771409    4.019505   92.692066      -6.275966  -0.388482  -1.622902
     8  0.18521541    5.039968  116.224523      -5.826434   0.581781   3.865045
     9  0.15168377    4.127525   95.183080      -5.338625  -0.808682   0.758763
    10  0.15524061    4.224312   97.415033      -5.342793   0.776570   0.498040
    11  0.19995625    5.441086  125.474546      -4.905236  -0.630953  -2.508284
    12  0.14080796    3.831579   88.358403      -4.377127   0.431459   2.924560
    13  0.17485987    4.758179  109.726317      -4.189368  -3.042183  -1.899153
    14  0.17900454    4.870961  112.327139      -3.865840  -0.513215  -1.477530
    15  0.19451552    5.293037  122.060436      -2.929331  -0.635963  -2.252980
    16  0.14460275    3.934841   90.739670      -2.957525  -0.624604   1.025147
    17  0.18131822    4.933920  113.778995      -2.853552   0.264729   2.745810
    18  0.15607415    4.246994   97.938091      -2.646988  -5.012981   0.170067
    19  0.18315172    4.983812  114.929537      -2.696601   0.890010  -0.700140
    20  0.19307910    5.253949  121.159064      -2.419375   3.326403   0.649510
    21  0.14461163    3.935082   90.745242      -1.909449  -1.485026  -0.564590
    22  0.16479769    4.484373  103.412198      -1.493492  -0.649317  -1.223002
    23  0.14426526    3.925657   90.527891      -1.111865  -1.625402   0.096855
    24  0.14984808    4.077574   94.031167      -0.693897   0.852735  -0.375302
    25  0.14126623    3.844050   88.645970      -0.429309  -0.147894   1.100152
    26  0.06517149    1.773407   40.895764      -0.423574   1.861620  -3.185284
    27  0.18601375    5.061691  116.725485      -0.145575   1.874586  -0.410726
    28  0.20199229    5.496490  126.752182       0.085424   4.457178   0.217129
    29  0.20466573    5.569238  128.429795       0.411258   2.700396   1.227608
    30  0.24707797    6.723334  155.043899       0.496751   5.769457  -0.882647
    31  0.16006263    4.355526  100.440902       0.762309  -2.627851  -2.796652
    32  0.15112319    4.112271   94.831312       0.692281  -0.848621  -1.812071
    33  0.05973499    1.625472   37.484305       0.869352  -2.499389   2.696036
    34  0.13690437    3.725357   85.908858       1.025929  -1.884828  -0.312593
    35  0.18097223    4.924505  113.561882       1.158223   0.784231  -0.737852
    36  0.17709431    4.818981  111.128451       1.555106  -0.411970   0.577185
    37  0.24283644    6.607915  152.382292       1.802736   2.653541  -0.978538
    38  0.18135509    4.934923  113.802130       2.015199  -1.907002   0.109108
    39  0.25616389    6.970574  160.745403       1.993380   3.092341   0.525719
    40  0.20799083    5.659718  130.516326       2.074116   5.304883  -0.939989
    41  0.17730311    4.824663  111.259476       2.591999  -4.520979  -1.088763
    42  0.24017444    6.535479  150.711866       3.274932  -0.756764   1.339811
    43  0.19985519    5.438336  125.411133       3.405640  -1.574699  -1.076567
    44  0.25049918    6.816429  157.190742       3.671815   5.438269  -1.422260
    45  0.24601969    6.694536  154.379816       4.110864   1.776196   0.393758
    46  0.21664761    5.895281  135.948545       4.114702   3.896742  -0.923818
    47  0.25242027    6.868705  158.396243       4.274425  -0.544807   0.109108
    48  0.19563667    5.323545  122.763970       4.477788  -3.012271   0.247741
*   49  0.26895115    7.318533  168.769537       4.826475   2.199378   1.947288
    50  0.26832598    7.301521  168.377237       5.129879   2.528735  -0.684678
    51  0.24222890    6.591384  152.001059       5.395015  -3.431076   1.583979
    52  0.21557914    5.866207  135.278068       5.386500   0.673821   2.223084
    53  0.20463626    5.568436  128.411297       5.695865  -1.837917   2.000864
    54  0.24821422    6.754252  155.756906       6.349935  -0.631138   2.919522
