 Number of surface minima:    59
   #       a.u.         eV      kcal/mol           X/Y/Z coordinate(Angstrom)
     1  0.12883721    3.505839   80.846636      -6.844336  -2.876094   0.220563
     2  0.11547841    3.142327   72.463857      -6.421447  -1.835150   0.099664
     3  0.11876854    3.231856   74.528446      -5.929483  -2.379875   1.018546
     4  0.17436217    4.744636  109.414004      -5.754646   0.810736  -1.884751
     5  0.12865365    3.500844   80.731449      -5.486287  -4.152173  -1.026711
     6  0.15944159    4.338626  100.051193      -4.889090   1.390150  -1.074398
     7  0.10430201    2.838202   65.450553      -4.769762  -1.955229   1.840633
     8  0.11510448    3.132152   72.229210      -4.737161  -3.176102  -1.498212
     9  0.11904972    3.239508   74.704889      -4.227618  -3.641534  -0.516072
    10  0.17204483    4.681578  107.959849      -4.357137  -0.244287  -3.202959
    11  0.10714327    2.915517   67.233473      -3.698441  -1.646183   2.273044
    12  0.15302424    4.164001   96.024242      -3.301558  -1.769826  -1.157956
    13  0.10643945    2.896365   66.791818      -3.169264  -3.344974   0.342456
    14  0.15236964    4.146189   95.613471      -3.169264   0.077180  -2.618307
    15  0.10568690    2.875887   66.319586      -2.446397  -2.893504   1.158018
    16  0.01519753    0.413546    9.536602      -2.046044   0.081836   2.413532
    17  0.15360123    4.179702   96.386307      -1.846321  -0.659917  -0.735461
    18  0.14171604    3.856289   88.928231      -1.880748   3.839868   1.105017
    19  0.16412727    4.466130  102.991501      -1.685359   5.065067   1.061704
    20  0.15951729    4.340686  100.098693      -1.594008   4.244788  -1.507429
    21  0.17264169    4.697819  108.334385      -1.465298   5.441037  -1.123753
    22  0.07003885    1.905854   43.950078      -0.543398  -1.032973  -1.754982
    23  0.05997865    1.632102   37.637205      -0.247806   0.035883  -1.613105
    24  0.05602463    1.524508   35.156018      -0.097529  -3.545971  -2.527437
    25  0.03998935    1.088166   25.093717       0.270388  -3.079321  -0.032631
*   26 -0.01689482   -0.459732  -10.601671       0.245341  -1.493835   3.616042
    27 -0.01010438   -0.274954   -6.340600       0.546398  -0.255131   3.561265
    28  0.16072751    4.373618  100.858120       0.668697   3.724482  -1.350552
    29  0.11548602    3.142534   72.468630       1.222366   0.838023   0.249802
    30  0.10729999    2.919781   67.331817       1.337633  -1.304907  -2.142006
    31  0.10335872    2.812534   64.858633       1.503854   2.308791   1.158018
    32  0.10956631    2.981451   68.753954       1.697137   5.029019   1.497754
    33  0.09741460    2.650786   61.128633       1.794883  -2.628915  -1.154022
    34  0.11995726    3.264203   75.274383       1.971220   5.426735  -1.137798
    35  0.01245263    0.338853    7.814153       2.047666  -1.702855   1.744647
    36  0.09989362    2.718244   62.684243       2.384526   2.818341   1.286021
    37  0.12261697    3.336577   76.943374       2.532172   3.335285  -1.338910
    38  0.11550184    3.142965   72.478559       2.511958   4.115031   1.411267
    39  0.12768973    3.474614   80.126583       2.695856   4.552483  -1.165469
    40  0.10494778    2.855774   65.855782       3.047683  -1.963730   1.159635
    41  0.13396378    3.645340   84.063609       2.926635   5.852289  -0.809862
    42  0.18405769    5.008464  115.498039       3.107584   0.208281  -1.059058
    43  0.10248130    2.788658   64.308042       3.619956  -3.380471   0.781494
    44  0.13881308    3.777296   87.106595       3.710040   3.556532  -1.024851
    45  0.10367870    2.821241   65.059418       3.741535  -2.983654  -0.542870
    46  0.11171023    3.039790   70.099287       3.825263  -2.498420  -1.495088
    47  0.10286409    2.799074   64.548247       4.477350  -1.627734   1.762317
    48  0.08991174    2.446623   56.420515       4.650470  -3.684084  -0.029958
    49  0.10478765    2.851417   65.755297       4.688341  -0.856848   0.681082
    50  0.11519867    3.134715   72.288317       4.848199  -0.379912  -0.349709
    51  0.10194396    2.774036   63.970853       4.937734  -2.601903  -2.258567
    52  0.09512226    2.588408   59.690169       5.534942  -3.700861  -0.719239
    53  0.09859261    2.682841   61.867847       5.613696  -3.106557  -1.862461
    54  0.09030502    2.457325   56.667303       5.667404  -1.499411   1.096874
    55  0.10377701    2.823916   65.121113       5.895468  -0.443487  -1.022265
    56  0.09596859    2.611438   60.221253       6.519882  -1.564198   0.504172
    57  0.09965973    2.711879   62.537475       6.673740  -0.988158  -0.671836
    58  0.11466148    3.120097   71.951222       6.858464  -3.729596  -1.231604
    59  0.11528455    3.137052   72.342206       7.610974  -1.903045  -0.232820
 
 Number of surface maxima:    62
   #       a.u.         eV      kcal/mol           X/Y/Z coordinate(Angstrom)
     1  0.19887333    5.411618  124.795002      -6.897938  -4.269783  -0.443138
     2  0.21967534    5.977670  137.848471      -6.758086  -1.713452  -2.582169
     3  0.16319666    4.440807  102.407539      -6.557697  -2.842285  -1.436649
     4  0.15302971    4.164150   96.027676      -5.666386  -4.061023   0.643112
     5  0.24280465    6.607051  152.362347      -5.749005   0.347704  -3.273843
     6  0.20202384    5.497348  126.771977      -5.528148  -0.764657  -2.270955
     7  0.18405419    5.008369  115.495842      -5.021384  -1.460952   0.313549
     8  0.18878080    5.136987  118.461842      -4.754845  -4.475796   1.949261
     9  0.20506898    5.580211  128.682833      -4.431647   1.472208  -2.750251
    10  0.18504740    5.035396  116.119095      -4.095324  -2.323949  -0.653724
    11  0.23470432    6.386629  147.279309      -3.963030   0.462094  -0.248979
    12  0.25270951    6.876576  158.577748      -3.958720   3.717120  -0.427168
    13  0.13815757    3.759459   86.695260      -3.725841  -3.158093   1.885311
    14  0.16612012    4.520358  104.242038      -3.447380  -0.271859   1.240416
*   15  0.25687367    6.989888  161.190798      -3.426136   2.681124  -2.819007
    16  0.22676668    6.170635  142.298360      -3.238369   2.461458  -0.630913
    17  0.23264589    6.330617  145.987622      -3.036970  -0.270680  -1.292476
    18  0.23082072    6.280951  144.842313      -2.989931   2.577601  -1.176241
    19  0.15240959    4.147276   95.638539      -2.663595  -2.377572   2.428712
    20  0.20069548    5.461202  125.938422      -2.681044   4.779566  -0.185808
    21  0.17872191    4.863271  112.149787      -2.209693  -2.738857  -0.542097
    22  0.17738699    4.826946  111.312113      -2.108759  -1.306771   0.240223
    23  0.23880553    6.498229  149.852857      -1.846321   6.280567  -0.009956
    24  0.17689147    4.813462  111.001168      -1.317144  -0.268532  -0.343545
    25  0.11469763    3.121081   71.973908      -0.798723  -0.502967   2.230964
    26  0.22432049    6.104071  140.763350      -0.787966   2.980559   0.549660
    27  0.16046531    4.366483  100.693586      -0.634419   0.980961   0.799066
    28  0.23900044    6.503533  149.975164      -0.676936   3.192034  -0.999199
    29  0.03292762    0.896006   20.662413      -0.540286  -3.461195   3.274727
    30  0.19900575    5.415222  124.878096      -0.391084   5.746215  -0.011942
    31  0.21776048    5.925564  136.646880       0.411862   7.048001   0.240276
    32  0.10584298    2.880134   66.417530       0.787501  -2.117462   0.756896
    33  0.19359993    5.268122  121.485892       0.799565  -0.748464  -0.507439
    34  0.18714927    5.092591  117.438038       0.799565   1.924565  -1.167805
    35  0.16603071    4.517925  104.185929       0.909940   1.604502   0.440859
    36  0.18895700    5.141781  118.572404       1.211555  -1.835150  -4.104176
    37  0.10451283    2.843939   65.582845       1.090662  -1.021044   1.964709
    38  0.05630119    1.532033   35.329557       1.114204   1.919141   3.192483
    39  0.14786974    4.023740   92.789742       1.244388   0.329499   0.520349
    40  0.17949286    4.884249  112.633566       1.354956   3.870887   0.808545
    41  0.19036296    5.180039  119.454659       1.470513   4.001700  -0.791229
    42  0.16318348    4.440448  102.399268       1.925060   6.434237   0.333333
    43  0.22000042    5.986516  138.052465       2.126027   0.140323  -1.870945
    44  0.15081958    4.104009   94.640793       2.223466  -2.155072  -0.706660
    45  0.17537851    4.772292  110.051768       2.386954  -4.083900  -2.149465
    46  0.22063507    6.003786  138.450713       2.651685   0.883105  -0.324679
    47  0.20117961    5.474376  126.242215       2.808171   0.316421  -0.145516
    48  0.16534021    4.499136  103.752633       3.353793   2.265974  -0.143729
    49  0.16158691    4.397003  101.397399       3.579166  -2.759690   2.085848
    50  0.20178906    5.490959  126.624651       3.644366   6.433718   0.430873
    51  0.21384353    5.818978  134.188955       3.821396  -0.128756  -2.988592
    52  0.16007682    4.355912  100.449806       3.892032   4.696969   0.124515
    53  0.20502220    5.578938  128.653478       4.705256   3.261190   0.066947
    54  0.15008203    4.083940   94.177978       4.884260  -2.631660  -0.965737
    55  0.12856456    3.498420   80.675547       5.043570  -3.156603   1.552065
    56  0.15445506    4.202936   96.922097       5.297571  -0.776795  -2.847791
    57  0.15191333    4.133772   95.327132       5.451845  -1.300047  -0.293317
    58  0.17579948    4.783747  110.315934       6.530221  -3.799780   1.715525
    59  0.19007372    5.172169  119.273163       6.915585  -1.292351  -3.348268
    60  0.13621765    3.706671   85.477936       7.105427  -3.290387   0.214852
    61  0.14178039    3.858041   88.968615       7.281986  -2.204741  -1.959500
    62  0.18337201    4.989806  115.067771       8.211478  -3.155862  -0.958623
