 Number of surface minima:    85
   #       a.u.         eV      kcal/mol           X/Y/Z coordinate(Angstrom)
     1  0.12265356    3.337573   76.966337      -6.255616  -1.501308   1.352534
     2  0.09998485    2.720726   62.741492      -6.178416  -2.219916  -4.038806
     3  0.11529941    3.137456   72.351530      -6.110555  -0.959364   3.074209
     4  0.10398861    2.829674   65.253895      -6.129001  -0.770203  -3.217520
     5  0.09630703    2.620647   60.433623      -5.259923  -0.828917  -4.703029
     6  0.12422151    3.380239   77.950237      -5.237189   2.311738   3.528203
     7  0.12544584    3.413555   78.718519      -5.142191  -3.820285  -0.318373
     8  0.11939532    3.248912   74.921757      -4.875640  -4.213087  -2.066476
     9  0.13449419    3.659773   84.396449      -4.981673  -1.942023  -0.726934
    10  0.09902724    2.694668   62.140585      -4.840515  -2.997183   4.834572
    11  0.11812850    3.214440   74.126814      -4.721627  -0.765420   4.575554
    12  0.13363396    3.636365   83.856643      -4.495387  -2.280106   1.327844
    13  0.12278441    3.341134   77.048447      -4.228018  -3.297560  -3.825385
    14  0.13216077    3.596277   82.932204      -4.143946   1.933305   0.381777
    15  0.13505823    3.675121   84.750391      -4.070954   3.202334   0.455602
    16  0.10501265    2.857540   65.896491      -3.668936  -3.808342   3.898918
    17  0.13016637    3.542007   81.680698      -3.626461   2.560628  -0.159093
    18  0.15348600    4.176566   96.314001      -3.505135   0.306858  -0.037766
    19  0.09616415    2.616760   60.343964      -2.955269  -2.886912   5.274694
    20  0.09773535    2.659514   61.329912      -2.751791  -0.762391  -5.105017
    21  0.06020182    1.638175   37.777246      -2.742125   5.051826  -2.056881
    22  0.06227973    1.694718   39.081153      -2.684253   5.976806  -0.142944
    23  0.05587555    1.520451   35.062463      -2.544563   6.046280  -1.955641
    24  0.05609764    1.526494   35.201831      -2.523000   6.494299  -0.891248
    25  0.14953392    4.069025   93.834028      -2.365801   1.470067  -1.163823
    26  0.15985196    4.349793  100.308702      -1.977159  -2.278421   0.456449
    27  0.09508896    2.587502   59.669274      -1.969927   0.814565   4.946480
    28  0.13393408    3.644532   84.044973      -1.820271  -5.336755  -2.919454
    29  0.10895036    2.964690   68.367439      -1.703299   2.665733   1.638592
    30  0.10622943    2.890650   66.660031      -1.537945  -1.950478  -4.840724
    31  0.10639168    2.895065   66.761841      -1.447334  -0.643249  -4.057806
    32  0.09256916    2.518935   58.088074      -1.482182  -0.637909   5.292545
    33  0.12044655    3.277517   75.581412      -1.490168   0.353665   1.712612
    34  0.13838518    3.765652   86.838087      -1.271870  -0.765156  -1.670523
    35  0.14387689    3.915089   90.284185      -1.096045  -3.882513  -0.072728
    36  0.08983405    2.444509   56.371762      -1.041616   0.151232   3.753515
    37  0.14483028    3.941032   90.882447      -0.232739  -3.617428   0.387405
    38  0.01415379    0.385144    8.881647      -0.250909   2.531491  -1.648464
    39  0.03793727    1.032326   23.806015      -0.344404   3.743752  -1.118650
    40  0.04031335    1.096982   25.297033      -0.328673   4.285416   0.082652
    41  0.15092020    4.106747   94.703933      -0.091210  -4.479813  -0.188105
    42  0.13986607    3.805949   87.767359      -0.164029  -2.553614  -2.189437
    43  0.03061987    0.833209   19.214276      -0.152155   4.389274  -1.949580
    44  0.03780574    1.028747   23.723481      -0.107121   5.331901   0.064397
    45  0.03501015    0.952675   21.969222       0.031849   5.375811  -1.792554
    46  0.03819304    1.039286   23.966516       0.055252   5.856271  -0.731890
    47  0.01717036    0.467229   10.774574       0.428732   0.226820   1.850355
    48  0.13694420    3.726441   85.933852       0.693321  -2.357735  -1.749775
    49 -0.01337374   -0.363918   -8.392153       1.456784   3.655403   0.853332
*   50 -0.01934810   -0.526489  -12.141127       1.619381   4.057538  -0.404465
    51  0.00019506    0.005308    0.122401       1.741282   2.665674  -3.000353
    52  0.07906350    2.151427   49.613135       2.154802  -1.162328  -1.125471
    53  0.10359342    2.818920   65.005908       2.188368  -4.302339   0.324155
    54  0.03109441    0.846122   19.512052       2.282679   1.084392  -2.717076
    55  0.08771967    2.386974   55.044970       2.582578  -3.908129   2.064269
    56  0.08567068    2.331218   53.759211       2.598636  -1.378480   0.588743
    57  0.02350547    0.639616   14.749915       2.718609   0.717825   1.565824
    58  0.09418260    2.562839   59.100521       2.917081  -1.889145  -0.483732
    59  0.09153435    2.490776   57.438720       3.099920  -4.835877   0.078054
    60  0.05242223    1.426481   32.895475       2.952462  -1.162767  -3.775839
    61  0.08935216    2.431396   56.069373       3.443366  -1.501278   1.250215
    62  0.08566504    2.331064   53.755668       3.577069  -4.402127   1.896626
    63  0.08535800    2.322709   53.562997       3.758398  -4.837258   0.876746
    64  0.08000138    2.176948   50.201664       3.898720  -0.743039  -1.221032
    65  0.10796447    2.937863   67.748782       3.831776   0.144349   1.495036
    66  0.09463994    2.575284   59.387507       3.977799  -2.411031  -0.601905
    67  0.09337375    2.540829   58.592962       4.023474   0.453714  -2.037926
    68  0.09070800    2.468290   56.920175       4.461844  -2.028864   1.049909
    69  0.10837042    2.948909   68.003520       4.452532  -1.112116   1.437479
    70  0.09036151    2.458862   56.702753       4.781270  -2.515486   0.051037
    71  0.10076096    2.741845   63.228508       4.784160   0.798417   2.514327
    72  0.09923720    2.700382   62.272337       5.212922  -0.872352   0.340211
    73  0.08885265    2.417804   55.755925       5.452013   1.477276   1.511304
    74  0.10070833    2.740413   63.195483       5.742064  -0.461995  -0.558285
    75  0.09466720    2.576026   59.404618       5.974420  -1.435958   1.240621
    76  0.09020443    2.454587   56.604184       5.949874   1.861825   0.688502
    77  0.08339218    2.269217   52.329427       6.229169   0.942816   2.421293
    78  0.09668115    2.630828   60.668386       7.008291  -1.446727   1.086646
    79  0.09235266    2.513044   57.952218       7.145691  -0.568354  -0.664644
    80  0.08677189    2.361183   54.450226       7.199731   0.867067   2.358308
    81  0.08355293    2.273591   52.430299       7.332283   1.776705   0.606078
    82  0.09310539    2.533527   58.424564       7.603793  -0.994701   0.076610
    83  0.08542428    2.324513   53.604590       7.873859   1.359863   1.284129
    84  0.11342348    3.086410   71.174369       8.498685  -1.361803   1.092372
    85  0.10738007    2.921960   67.382069       8.609021   0.633682   2.124923
 
 Number of surface maxima:   121
   #       a.u.         eV      kcal/mol           X/Y/Z coordinate(Angstrom)
     1  0.17293678    4.705849  108.519556      -6.318277  -2.123195  -2.238544
     2  0.13124595    3.571384   82.358146      -6.310520  -0.901204   2.044522
     3  0.16667630    4.535493  104.591044      -6.190191  -0.366029   4.571266
     4  0.18541752    5.045467  116.351349      -6.113988  -2.886912  -1.161211
     5  0.11054815    3.008168   69.370073      -6.176801  -1.162479  -3.903816
     6  0.18766841    5.106717  117.763806      -6.164809   2.020533   2.187620
     7  0.14030729    3.817956   88.044228      -5.927260   0.417980   2.699751
     8  0.18419568    5.012219  115.584631      -5.833932  -2.769452   2.172046
     9  0.18638608    5.071823  116.959129      -5.726734  -0.178660   0.386521
    10  0.14092469    3.834756   88.431655      -5.527876   1.217928   3.772368
    11  0.17242626    4.691957  108.199205      -5.139630  -3.287678   3.227810
    12  0.15817416    4.304138   99.255869      -5.127375  -2.357344  -5.232088
    13  0.14249759    3.877557   89.418665      -5.035594  -1.736523   3.366924
    14  0.16343608    4.447322  102.557774      -4.972809   0.318429  -3.493912
    15  0.14522760    3.951844   91.131772      -4.987908  -3.013547  -2.579804
    16  0.14250947    3.877880   89.426119      -4.760291  -1.752669   0.796927
    17  0.15464613    4.208135   97.041995      -4.847515  -1.688532  -1.790670
    18  0.17113498    4.656820  107.388911      -4.658470  -4.799051  -3.572399
    19  0.13553983    3.688226   85.052600      -4.698300  -4.333065  -1.112976
    20  0.17235836    4.690109  108.156594      -4.631683   0.414559   1.361282
    21  0.14414960    3.922510   90.455317      -4.437856  -2.438559  -0.021257
    22  0.20008573    5.444610  125.555794      -4.333863  -0.172210  -0.760727
    23  0.13784280    3.750893   86.497737      -4.355793   0.407985   4.276173
    24  0.15603763    4.246000   97.915175      -4.201569  -2.115691   5.963981
    25  0.17364249    4.725052  108.962398      -4.201569   2.570236   2.209356
    26  0.15335104    4.172894   96.229309      -4.044487  -2.322822   2.463241
    27  0.18174738    4.945598  114.048298      -4.002818   2.206728   4.359440
    28  0.20704863    5.634080  129.925087      -3.950681   4.080187   1.757606
    29  0.11069858    3.012262   69.464468      -3.826303  -3.594387   4.689867
    30  0.13822030    3.761166   86.734618      -3.782017  -2.706813  -4.126046
    31  0.13045025    3.549732   81.858837      -3.864138  -1.167086  -4.365598
    32  0.13312574    3.622536   83.537736      -3.869960  -0.835478   4.756886
    33  0.14668120    3.991399   92.043923      -3.548727  -4.742434  -1.783210
    34  0.19120964    5.203079  119.985960      -3.560042  -3.957134   0.412096
    35  0.14289980    3.888501   89.671054      -3.608275  -0.706087  -2.850909
    36  0.14509900    3.948345   91.051075      -3.010920  -3.701762  -3.687810
    37  0.16176380    4.401817  101.508404      -2.860364  -2.326606  -5.618369
    38  0.15589562    4.242136   97.826062      -2.897404  -0.114248   5.987051
    39  0.20402095    5.551692  128.025187      -2.995226   1.234429   0.072263
    40  0.14865296    4.045053   93.281216      -2.839647  -4.952174  -3.093469
    41  0.17151687    4.667211  107.628550      -2.746331  -2.357735   0.114768
    42  0.19841190    5.399062  124.505450      -2.808038  -1.096498   0.191860
    43  0.16421123    4.468415  103.044186      -2.704919   0.341405  -3.876642
    44  0.15363483    4.180616   96.407389      -2.855075   1.226921   2.979208
    45  0.20248020    5.509766  127.058348      -2.587992  -2.712931   1.159608
    46  0.12707075    3.457771   79.738164      -2.594336  -1.677779   4.732219
    47  0.17991703    4.895791  112.899732      -2.611819  -3.542388  -0.737790
    48  0.18720634    5.094144  117.473851      -2.481743  -0.437280  -0.998788
    49  0.15226156    4.143248   95.545654      -2.481743   3.893380   1.151203
    50  0.14015291    3.813755   87.947351      -2.419814  -1.828558   3.234629
    51  0.19652533    5.347726  123.321610      -2.209264  -5.776656  -1.408043
    52  0.15243286    4.147909   95.653141      -2.235739   3.724691   1.243702
    53  0.10649657    2.897919   66.827660      -2.260940   5.183040  -1.020986
    54  0.16557520    4.505530  103.900092      -2.084860  -3.364765   3.947425
    55  0.15909851    4.329291   99.835905      -2.114616   1.416929   3.437347
    56  0.18609177    5.063815  116.774449      -1.952882  -1.161865   1.114330
    57  0.16924774    4.605465  106.204651      -1.970618   2.397559  -1.160777
    58  0.16716956    4.548915  104.900571      -1.981743   2.522011  -2.876384
    59  0.18663011    5.078463  117.112258      -1.910767   1.365395   1.292013
    60  0.16853714    4.586129  105.758743      -1.839394   4.778523   2.280342
    61  0.11278443    3.069020   70.773357      -1.550602  -1.166939  -4.698168
    62  0.10168180    2.766902   63.806344      -1.363281   0.215964   4.882268
    63  0.19310682    5.254704  121.176458      -1.251866  -4.319986  -3.909263
    64  0.16838969    4.582117  105.666215      -1.237993  -2.701517  -2.718614
    65  0.14919503    4.059803   93.621373      -1.175286   5.440635  -4.199626
    66  0.09886390    2.690224   62.038085      -1.015524   6.500839  -2.964863
    67  0.09975502    2.714472   62.597269      -1.040346   7.540947  -0.608073
    68  0.15054374    4.096504   94.467704      -1.015650   7.710829   0.994349
    69  0.21343936    5.807980  133.935335      -0.894211  -2.490029   0.116324
    70  0.16128077    4.388673  101.205293      -0.894211  -1.528978   3.931092
    71  0.18707587    5.090593  117.391979      -0.766305  -4.368230  -1.949286
    72  0.17886144    4.867067  112.237340      -0.818443  -2.107963  -3.273608
    73  0.14694228    3.998503   92.207752      -0.780113   8.060941  -2.200800
    74  0.12636271    3.438504   79.293861      -0.669913   2.525040   0.034223
    75  0.09245691    2.515880   58.017634      -0.661241   4.910280  -0.886107
    76  0.20496472    5.577374  128.617414      -0.379385  -1.828558  -1.292099
    77  0.14366257    3.909257   90.149697      -0.297198   1.081917   0.524285
    78  0.17844902    4.855845  111.978547       0.028826  -0.374704  -2.984978
    79  0.16761780    4.561112  105.181844       0.151683  -0.109988  -0.874344
    80  0.04790426    1.303541   30.060403       0.419537   3.050361   2.667616
    81  0.09612935    2.615813   60.322129       0.443460   2.560239  -0.325623
*   82  0.22516639    6.127089  141.294160       0.678488  -4.986859  -1.517989
    83  0.12571073    3.420763   78.884738       0.664336   1.478800  -1.856374
    84  0.18414058    5.010720  115.550058       0.790082  -1.974354   1.059607
    85  0.17957539    4.886495  112.685356       1.198215  -1.681025   2.720690
    86  0.17879708    4.865316  112.196957       1.354792  -3.311651  -1.322694
    87  0.15354231    4.178099   96.349332       1.407281  -1.246892  -0.307958
    88  0.12028113    3.273016   75.477610       1.728341   0.685034   1.067708
    89  0.13077436    3.558551   82.062216       1.990647  -0.281195  -0.345583
    90  0.19965314    5.432838  125.284345       2.251083  -3.881018  -2.389777
    91  0.09906678    2.695744   62.165395       2.387362   2.206669   0.125964
    92  0.02690703    0.732178   16.884432       2.441910   4.147976  -2.306764
    93  0.13608830    3.703151   85.396766       2.810030  -2.170202   2.892986
    94  0.14985604    4.077790   94.036161       2.732905   1.137087  -1.131083
    95  0.13796791    3.754298   86.576241       2.915597  -3.877794   0.853332
    96  0.11700434    3.183850   73.421394       2.998339  -1.772543  -1.924848
    97  0.13817444    3.759918   86.705842       3.510255  -2.451275   0.344044
    98  0.17754699    4.831299  111.412510       3.866549  -0.504520   2.573748
    99  0.14085938    3.832979   88.390667       4.009203  -0.232875  -0.592975
   100  0.13557650    3.689224   85.075607       4.129072  -0.242284   0.466018
   101  0.18421111    5.012639  115.594315       4.197147  -2.460899   3.695687
   102  0.13086898    3.561126   82.121595       4.138354   0.820845   1.248310
   103  0.15081369    4.103849   94.637097       4.256160   2.137179   0.315639
   104  0.18036760    4.908052  113.182470       4.558496  -2.574235  -2.178384
   105  0.17064714    4.643545  107.082788       4.458432   1.936553  -1.792554
   106  0.13625254    3.707620   85.499834       4.945696  -3.271429   2.449439
   107  0.17175137    4.673593  107.775703       5.098913   0.195737  -3.644674
   108  0.15996842    4.352962  100.381783       5.191327   1.183599  -1.192260
   109  0.18283692    4.975246  114.731995       5.262671  -4.739033  -1.395671
   110  0.13398477    3.645911   84.076784       5.453108  -4.200120   0.195485
   111  0.13909115    3.784863   87.281089       5.412106  -0.814013   2.837746
   112  0.18013715    4.901781  113.037864       6.184549  -4.077561   1.752707
   113  0.18534317    5.043444  116.304691       6.405633   1.743388  -2.007818
   114  0.14385877    3.914596   90.272816       6.478133  -0.512911   0.531258
   115  0.18470296    5.026023  115.902957       6.655320  -1.312382   3.786170
   116  0.13749368    3.741393   86.278662       6.607428   0.931046   1.216357
   117  0.13522433    3.679641   84.854616       7.704919   1.059510  -1.167734
   118  0.13642250    3.712245   85.606485       7.870799  -1.016332   2.602937
   119  0.13319093    3.624310   83.578641       9.052798   0.042330   0.737707
   120  0.17673640    4.809242  110.903861       9.366574   0.791010  -0.734200
   121  0.18014838    4.902087  113.044910       9.462478  -0.750290   2.071425
