 Number of surface minima:    52
   #       a.u.         eV      kcal/mol           X/Y/Z coordinate(Angstrom)
     1  0.11808087    3.213144   74.096930      -7.576385   0.332699  -0.083944
     2  0.11663407    3.173774   73.189044      -7.327041  -1.342926   1.356049
     3  0.09976347    2.714702   62.602574      -6.430112   0.225637  -0.812648
     4  0.10497507    2.856517   65.872907      -6.428965   1.025196   0.241958
     5  0.09744279    2.651553   61.146327      -6.031506  -1.755185   0.906218
     6  0.10103777    2.749378   63.402212      -6.048300  -1.052288   1.841025
     7  0.09356278    2.545973   58.711582      -5.503947  -0.037372  -1.341657
     8  0.09204949    2.504794   57.761973      -5.233236  -2.141630   0.253493
     9  0.10451591    2.844023   65.584779      -5.254534  -0.653062   2.237908
    10  0.10851585    2.952867   68.094784      -4.460768   0.407596  -0.937156
    11  0.10513388    2.860838   65.972562      -4.328585  -0.591394  -1.866117
    12  0.11424889    3.108871   71.692324      -4.180379  -0.957502   1.576436
    13  0.10444766    2.842165   65.541953      -4.063885  -2.263701  -0.540273
    14  0.10567205    2.875483   66.310265      -4.061020  -1.652848   0.650043
    15  0.10326340    2.809940   64.798816      -2.204256  -1.514621   1.579538
    16  0.01441376    0.392218    9.044779      -2.101893  -1.270984  -1.614989
    17  0.08123450    2.210503   50.975460      -1.669045   2.337541  -1.325841
    18  0.10149191    2.761735   63.687190      -1.253714  -0.396886   2.105613
    19  0.04424482    1.203963   27.764070      -0.930998  -2.720407   0.496043
    20  0.10512897    2.860705   65.969477      -0.914800   1.250193   0.239108
    21  0.05681504    1.546016   35.652008      -0.624233  -2.894874   3.031673
*   22 -0.01425084   -0.387785   -8.942545      -0.219583  -1.780853  -3.445862
    23 -0.00556338   -0.151387   -3.491077      -0.123526  -0.475693  -3.473848
    24  0.06603001    1.796768   41.434490       0.438359   0.336886   1.719601
    25  0.17383585    4.730314  109.083736       0.598079   4.095796   0.841528
    26  0.07594175    2.066480   47.654210       0.675043  -0.917465   1.913804
    27  0.14561239    3.962315   91.373233       0.712796   3.121703  -1.579773
    28  0.16117871    4.385896  101.141253       0.680523   4.425776  -1.762682
    29  0.17375193    4.728031  109.031075       0.698710   5.170904   0.329104
    30  0.15135113    4.118474   94.974346       1.745616   3.754046  -1.745785
    31  0.16924590    4.605415  106.203492       1.743689   4.671629   0.715926
    32  0.16139439    4.391765  101.276592       1.843304  -1.010062   0.914965
    33  0.04810596    1.309030   30.186969       2.225165  -2.903441  -1.395115
    34  0.01331963    0.362445    8.358199       2.302779  -1.390835  -1.999016
    35  0.17249325    4.693780  108.241240       2.542051   0.331537   2.114700
    36  0.09310652    2.533557   58.425275       2.617998  -4.098140   0.518082
    37  0.15811722    4.302588   99.220137       2.818990   2.058537  -1.200508
    38  0.15812756    4.302870   99.226627       2.790762   3.102948  -1.505705
    39  0.17869584    4.862561  112.133429       2.843769   3.961966   0.972286
    40  0.17148833    4.666435  107.610641       2.822369   4.572081  -1.721845
    41  0.18111508    4.928392  113.651523       2.835751   5.268544   0.294449
    42  0.16236143    4.418079  101.883420       3.068937  -2.188407   1.853460
    43  0.17050340    4.639634  106.992591       3.272355  -0.227577   2.767085
    44  0.16311359    4.438546  102.355408       3.609185  -1.547534   2.720532
    45  0.16838694    4.582042  105.664491       3.988009  -2.763764   2.370202
    46  0.17975698    4.891436  112.799302       4.402950  -0.885067   3.517029
    47  0.18757639    5.104213  117.706060       4.616428   0.705142   0.518082
    48  0.16598513    4.516685  104.157327       4.928008  -1.642512   0.137565
    49  0.17773299    4.836360  111.529226       5.290323   0.315779   1.179553
    50  0.16978236    4.620013  106.540129       5.518761  -2.255731   0.914965
    51  0.16681757    4.539337  104.679696       5.551173  -1.009357   1.047259
    52  0.18216075    4.956846  114.307690       6.001313  -0.455876   2.105680
 
 Number of surface maxima:    50
   #       a.u.         eV      kcal/mol           X/Y/Z coordinate(Angstrom)
     1  0.18560102    5.050460  116.466494      -8.489157  -0.475077   0.875229
     2  0.13827917    3.762768   86.771563      -7.438243  -1.189539  -0.210391
     3  0.14460832    3.934993   90.743170      -7.349890   0.343968   1.716094
     4  0.17733616    4.825562  111.280215      -7.000825  -2.114696  -1.532430
     5  0.19303736    5.252814  121.132871      -6.821230   1.377688   2.892320
     6  0.13062794    3.554567   81.970340      -5.378111  -1.774267  -1.463542
     7  0.15359837    4.179624   96.384512      -5.273932   0.346316  -0.030494
     8  0.15278892    4.157598   95.876577      -5.115418  -0.859272   1.058054
     9  0.26885857    7.316014  168.711443      -4.012886   3.375468  -0.250761
    10  0.16372145    4.455087  102.736845      -3.826043  -1.927959  -1.894594
    11  0.21626956    5.884994  135.711313      -3.529780   1.549702   2.645883
    12  0.17936512    4.880773  112.553406      -3.140729  -2.578630   2.763376
    13  0.18997862    5.169581  119.213486      -2.944646   0.922760   1.372732
    14  0.18212729    4.955935  114.286693      -2.639489   1.126464  -0.212375
    15  0.15932549    4.335467   99.978339      -2.369407  -1.122539   0.993562
    16  0.21547886    5.863478  135.215142      -1.776977   1.145454   1.624569
    17  0.19068835    5.188894  119.658843      -1.180597  -0.600909   4.309384
    18  0.11004320    2.994428   69.053208      -0.984506  -1.879694  -0.521176
    19  0.10747364    2.924507   67.440786      -1.006403  -0.849192  -1.857098
    20  0.19657612    5.349108  123.353482      -0.745151  -0.320430   0.532547
    21  0.14891435    4.052166   93.445244      -0.756527   0.650011  -0.644794
    22  0.19789938    5.385116  124.183841      -0.280441   4.380732  -0.196480
    23  0.03703125    1.007672   23.237481      -0.109918  -3.774025  -2.802562
    24  0.17545116    4.774269  110.097360      -0.170968   1.712024  -0.616185
    25  0.06242933    1.698788   39.175028       0.017959   1.881572  -3.318453
    26  0.20441382    5.562383  128.271717      -0.043215   2.368954   0.966805
    27  0.24097525    6.557270  151.214380       0.310669   5.745194  -0.925667
    28  0.12122736    3.298764   76.071382       1.080245  -0.862231  -2.016796
    29  0.17345041    4.719826  108.841865       1.288580   0.790274  -0.744169
    30  0.17542186    4.773472  110.078974       1.501764  -3.234072   0.924808
    31  0.18067795    4.916497  113.377221       1.485034  -0.460868   0.500918
    32  0.23672001    6.441479  148.544173       1.757064   2.685749  -0.864809
    33  0.25225275    6.864146  158.291122       1.647453   3.117856   0.652757
    34  0.20238626    5.507210  126.999400       1.896500   5.353324  -0.782951
    35  0.18776604    5.109374  117.825070       2.082299  -1.855658   0.150880
    36  0.23899194    6.503301  149.969831       2.907189  -5.553262  -1.742659
    37  0.24532829    6.675722  153.945958       3.095330  -0.712215   1.579246
    38  0.24577760    6.687948  154.227899       3.571507   5.607741  -0.810099
    39  0.24537458    6.676982  153.975004       3.794286   1.973037   0.967771
    40  0.19219852    5.229988  120.606490       4.155891  -3.075983   0.927532
    41  0.21285234    5.792007  133.566973       4.008270   4.038036  -0.274294
    42  0.24801271    6.748769  155.630455       4.270656  -0.461067   0.563890
*   43  0.27059982    7.363396  169.804094       4.235193   2.257800   2.623633
    44  0.19236134    5.234418  120.708662       4.401525  -2.987229   0.778115
    45  0.21710018    5.907596  136.232534       4.865502   0.831969   2.832754
    46  0.26594779    7.236807  166.884898       5.011905   2.832554   0.089840
    47  0.24066017    6.548696  151.016666       5.321875  -3.223343   2.079724
    48  0.20471594    5.570604  128.461301       5.408794  -1.651716   2.582279
    49  0.17423688    4.741227  109.335387       5.531079  -1.682040   0.852445
    50  0.24954002    6.790329  156.588856       5.795994  -0.358325   3.630951
