 Number of surface minima:    49
   #       a.u.         eV      kcal/mol           X/Y/Z coordinate(Angstrom)
     1  0.16157930    4.396796  101.392628      -6.198235   0.852056   0.338757
     2  0.15177866    4.130107   95.242629      -6.196194   2.409552   0.990812
     3  0.15250313    4.149821   95.697238      -5.912050   0.055401  -2.949544
     4  0.17350229    4.721237  108.874419      -5.624300  -2.547514  -1.268767
     5  0.14683373    3.995549   92.139635      -5.322053   0.962221   1.979737
     6  0.16211981    4.411504  101.731805      -5.284006   1.480368  -2.317964
     7  0.15849374    4.312834   99.456405      -4.883969  -2.605240  -0.081306
     8  0.16470925    4.481967  103.356700      -4.616734  -3.791060   0.054598
     9  0.15902021    4.327160   99.786771      -4.103609  -2.868523   0.727837
    10  0.14752778    4.014435   92.575158      -4.098979   0.626951  -3.456157
    11  0.17541274    4.773223  110.073246      -3.926804   4.269579  -0.302826
    12  0.17372694    4.727350  109.015390      -3.694074   2.953820  -0.871132
    13  0.15124077    4.115471   94.905093      -3.123225  -1.656995  -2.194827
    14  0.16705653    4.545839  104.829640      -2.908330  -3.106592   1.569050
    15  0.16055479    4.368918  100.749734      -2.890034   3.757898  -0.977694
    16  0.14203140    3.864871   89.126126      -2.887469  -2.731701  -1.805332
    17  0.15117000    4.113545   94.860690      -2.861797   2.442759   1.555947
    18  0.14874395    4.047529   93.338316      -2.674244   1.211666   1.322837
    19  0.15007997    4.083884   94.176682      -2.480786  -0.739112  -1.673475
    20  0.14166018    3.854770   88.893182      -2.126261   3.204565   1.488108
    21  0.13299133    3.618878   83.453388      -2.112123  -3.011894  -1.006403
    22  0.16723926    4.550812  104.944307      -1.977983   4.673136  -0.859547
    23  0.16217828    4.413095  101.768494      -1.732548   3.600310  -1.294001
    24  0.03014570    0.820306   18.916731      -1.603868  -0.509135   2.427415
    25  0.03467957    0.943679   21.761778      -0.362472  -0.035181  -1.869286
    26  0.17101231    4.653482  107.311936      -0.394739   2.978795  -1.474013
    27  0.03059280    0.832472   19.197288       0.297654  -1.419076  -2.398153
*   28  0.01103573    0.300297    6.925031       0.795910   0.358327   3.361534
    29  0.03188873    0.867737   20.010498       1.060499  -3.357225  -0.475001
    30  0.02485525    0.676346   15.596919       1.178568  -0.914873   3.031669
    31  0.05182676    1.410278   32.521809       1.986559  -2.813990   1.172854
    32  0.04286690    1.166468   26.899406       1.958017   1.301761   0.526010
    33  0.03300226    0.898037   20.709251       2.932439  -2.747842   3.393059
    34  0.04383855    1.192908   27.509129       2.902910  -0.243025   2.431682
    35  0.10692729    2.909639   67.097942       3.995460   0.718984  -2.028067
    36  0.11290137    3.072203   70.846741       4.110045   2.032145   0.453496
    37  0.10717465    2.916370   67.253162       4.433779  -0.294799  -2.128904
    38  0.10183921    2.771186   63.905122       4.601004   0.816467   0.528706
    39  0.09717353    2.644226   60.977359       4.687614   1.783486  -2.271952
    40  0.10567046    2.875439   66.309269       5.014016  -0.100158   0.445436
    41  0.09322832    2.536872   58.501704       5.414671   1.750560   0.298268
    42  0.09698231    2.639023   60.857371       5.671034  -0.501605  -2.494405
    43  0.09923663    2.700366   62.271979       5.660718   1.555590  -2.527518
    44  0.09730052    2.647682   61.057046       6.255022   0.331592  -2.674290
    45  0.09691659    2.637235   60.816132       6.368378  -0.346922   0.076883
    46  0.09709254    2.642022   60.926538       6.336413   1.616000   0.025971
    47  0.09614294    2.616183   60.330658       6.872450   0.429250  -0.093642
    48  0.11651302    3.170481   73.113088       7.163063   1.366672  -2.726151
    49  0.11552422    3.143574   72.492606       7.711782   1.508718  -0.570727
 
 Number of surface maxima:    62
   #       a.u.         eV      kcal/mol           X/Y/Z coordinate(Angstrom)
     1  0.22522202    6.128603  141.329070      -6.352549   0.588855  -1.400831
     2  0.16659997    4.533416  104.543149      -6.290174   1.284619   0.980236
     3  0.22409975    6.098064  140.624833      -6.167070   2.180269  -0.690972
     4  0.23867029    6.494549  149.767992      -5.576409  -2.671345  -2.653330
     5  0.21064097    5.731832  132.179315      -5.401593   2.446887   2.346616
     6  0.16747311    4.557175  105.091051      -5.344186   1.094516  -2.910856
     7  0.20517543    5.583107  128.749637      -5.216752  -1.182490  -2.121951
     8  0.22379991    6.089905  140.436682      -5.228164  -0.299258   0.745982
     9  0.21239155    5.779468  133.277823      -4.921506  -0.685484  -3.842533
    10  0.19356047    5.267048  121.461133      -4.644570  -3.538989  -1.542791
    11  0.20672696    5.625327  129.723237      -4.685821   3.078930   0.554350
*   12  0.23959036    6.519585  150.345345      -4.504509   4.552083   0.985524
    13  0.23442639    6.379066  147.104905      -4.098979   0.635774  -0.607295
    14  0.23328197    6.347925  146.386772      -3.991219  -4.900375  -0.749673
    15  0.23693696    6.447383  148.680312      -3.844679  -1.667583   0.081078
    16  0.21017283    5.719093  131.885550      -3.834391   0.300750   0.645555
    17  0.22423109    6.101638  140.707252      -3.731691   1.843424  -2.337409
    18  0.21145353    5.753943  132.689204      -3.172919   0.697633  -1.463105
    19  0.19791146    5.385445  124.191418      -2.881353  -4.009396   0.318765
    20  0.19494461    5.304713  122.329695      -2.872906   4.711118   0.477137
    21  0.18251431    4.966467  114.529555      -2.621487  -2.194962   1.538775
    22  0.21755991    5.920106  136.521019      -2.636132  -1.807052  -0.987535
    23  0.23905908    6.505128  150.011961      -2.490007   2.438087  -0.738149
    24  0.17036460    4.635857  106.905490      -2.141424   4.207491  -1.066267
    25  0.22022265    5.992563  138.191913      -2.061383   2.180040   0.768829
    26  0.23596774    6.421009  148.072119      -1.724607  -3.793397   1.371970
    27  0.23602588    6.422591  148.108598      -1.420999   5.467024   0.217926
    28  0.17031536    4.634517  106.874589      -1.290808  -2.321455   0.469674
    29  0.16953660    4.613326  106.385913      -1.196296  -0.892336  -0.354153
    30  0.17200606    4.680523  107.935523      -1.056210   0.543438   0.795028
    31  0.18543523    5.045949  116.362462      -0.675961   2.148393  -1.423942
    32  0.20072225    5.461930  125.955220      -0.546723   4.002621  -0.357131
    33  0.14803584    4.028260   92.893969      -0.342402  -2.028210   0.743840
    34  0.13518439    3.678554   84.829554      -0.224702  -0.727589   2.085060
    35  0.06074157    1.652862   38.115942      -0.033117  -3.289484  -1.959979
    36  0.17124492    4.659811  107.457899      -0.004434  -3.272313   2.189725
    37  0.16651019    4.530973  104.486811       0.000796   1.759344   0.052953
    38  0.05806972    1.580158   36.439333       0.279115   2.431025   2.842367
    39  0.14080356    3.831460   88.355641       0.675564   0.979734   0.197533
    40  0.14565273    3.963412   91.398547       0.728812  -0.360722  -0.938982
    41  0.23921364    6.509334  150.108950       0.714693   3.116887  -0.711988
    42  0.15819444    4.304690   99.268593       1.764500  -1.362371   0.090311
    43  0.14001112    3.809896   87.858378       1.676169  -0.241455   1.366457
    44  0.17342705    4.719190  108.827207       2.667363  -0.738913  -1.527820
    45  0.14979102    4.076021   93.995364       2.933685   0.711839  -1.116027
    46  0.19282791    5.247114  121.001444       2.968385   2.682047  -0.475001
    47  0.18941168    5.154154  118.857726       3.187319  -2.348849  -0.340728
    48  0.11357397    3.090505   71.268800       3.236711  -1.888750   1.304328
    49  0.14503108    3.946496   91.008452       3.311084   0.831496   0.189278
    50  0.15177534    4.130017   95.240546       3.825278  -0.635808   4.411035
    51  0.17384503    4.730564  109.089494       3.970973  -1.601013  -0.629519
    52  0.14360782    3.907768   90.115343       4.510133   2.939371  -0.864750
    53  0.17177513    4.674239  107.790612       5.029328  -2.155999   1.830845
    54  0.19611502    5.336561  123.064134       5.048441  -2.607379  -0.870386
    55  0.14990554    4.079137   94.067228       5.270751   0.640539  -1.855038
    56  0.14939328    4.065198   93.745774       5.620291   0.593314  -0.280921
    57  0.18625239    5.068185  116.875239       5.834810   3.888737  -1.258582
    58  0.14433493    3.927553   90.571614       6.352547  -1.684662  -1.268722
    59  0.14080622    3.831532   88.357314       6.924182   2.592487  -1.510852
    60  0.18326190    4.986810  114.998677       7.929397  -1.392060  -1.781948
    61  0.13945637    3.794801   87.510270       7.808448   0.301271  -1.797897
    62  0.18476824    5.027800  115.943919       8.346297   1.897729  -1.916371
