 Number of surface minima:    72
   #       a.u.         eV      kcal/mol           X/Y/Z coordinate(Angstrom)
     1  0.11641293    3.167757   73.050278      -6.716977  -4.481132   1.786600
     2  0.08344454    2.270641   52.362284      -6.363564   3.191938   0.522035
     3  0.09849108    2.680079   61.804141      -6.097690  -4.216095   0.576989
     4  0.08387295    2.282299   52.631115      -6.098976   4.250292   1.156463
     5  0.08368574    2.277205   52.513636      -5.702093   4.451998  -1.735968
     6  0.10041087    2.732319   63.008825      -5.699860  -3.424797   1.641475
     7  0.08849865    2.408171   55.533785      -5.693433   2.399003   0.308825
     8  0.11221006    3.053391   70.412932      -5.415901  -6.157823   2.442126
     9  0.09940103    2.704840   62.375143      -5.495724  -4.084249  -0.276067
    10  0.11367697    3.093308   71.333435      -5.437504  -2.947398   2.798640
    11  0.08435485    2.295412   52.933515      -5.359240   5.386911  -1.143908
    12  0.08925531    2.428761   56.008600      -5.066194   4.250292   1.458862
    13  0.10015973    2.725485   62.851233      -4.970962  -2.761306   1.742066
    14  0.08801703    2.395065   55.231564      -4.970353   3.659089  -1.937674
    15  0.11032922    3.002211   69.232691      -4.515822  -3.287465  -0.219669
    16  0.09171447    2.495678   57.551745      -4.425924  -6.068663   1.483715
    17  0.09290560    2.528090   58.299190      -4.453944   5.498442  -0.821819
    18  0.10407505    2.832026   65.308133      -4.246856   1.529071   1.294348
    19  0.09287480    2.527252   58.279866      -4.120443  -5.384107   2.442715
    20  0.11065877    3.011178   69.439487      -4.230386  -2.637870   0.711950
    21  0.09074577    2.469318   56.943878      -3.849973  -6.006030   0.575918
    22  0.06367356    1.732646   39.955798      -3.442431  -0.242004  -3.120518
    23  0.08848968    2.407927   55.528162      -3.320795  -4.699676   2.560333
    24  0.09177851    2.497420   57.591935      -3.349198  -1.570657  -0.672576
    25  0.09875775    2.687335   61.971477      -2.861015  -5.142603   0.638816
    26  0.09665219    2.630040   60.650218      -2.669678  -4.597998   1.503728
    27  0.10664894    2.902065   66.923275      -2.422065  -3.692263   2.534816
    28  0.10359290    2.818906   65.005579      -2.299430  -0.259406  -0.537037
    29  0.11632794    3.165444   72.996948      -2.179754  -2.651125   1.634272
    30  0.09955104    2.708922   62.469274      -2.252851   0.673542  -1.411571
    31  0.15358017    4.179129   96.373092      -2.204291   1.662556  -0.953464
    32  0.16552375    4.504130  103.867811      -2.098113   2.818747   1.412634
    33  0.15091300    4.106552   94.699416      -1.900036   2.915150  -1.466264
    34  0.16424964    4.469460  103.068289      -1.736139   3.982933  -1.674086
    35  0.16348541    4.448664  102.588729      -1.566370   3.740895   1.017657
    36  0.17719678    4.821770  111.192753      -1.447456   4.952381   0.219652
    37  0.04408378    1.199581   27.663013      -1.336381  -1.500114  -2.793191
    38  0.02992191    0.814217   18.776300      -1.071342  -2.231772   1.502020
    39  0.15819815    4.304790   99.270918      -0.706237   2.995757  -1.604678
    40  0.17183312    4.675817  107.827001      -0.554847   3.974454   0.833829
    41  0.02441006    0.664232   15.317559       0.153070  -0.486703   1.945070
    42  0.15761995    4.289057   98.908092       0.221561   2.072778  -1.337008
    43  0.18020287    4.903569  113.079102       0.246004   3.187475   1.102723
    44  0.00977873    0.266093    6.136253       0.648034  -2.099834  -3.462059
    45  0.18386841    5.003314  115.379267       1.044917   4.353633   0.655792
    46  0.15219000    4.141301   95.500747       1.290073   5.649714  -1.159122
    47  0.15906800    4.328460   99.816762       1.441800   4.312388   2.263742
*   48 -0.00534858   -0.145542   -3.356287       1.517307  -3.687366  -1.332989
    49 -0.00169857   -0.046220   -1.065868       1.701904  -3.456398   0.020233
    50  0.14281057    3.886073   89.615064       1.706388   2.795055   3.401109
    51  0.01704465    0.463809   10.695689       1.750513  -0.776891  -2.334557
    52  0.13763355    3.745199   86.366426       1.813869   0.754539   1.501978
    53  0.14688009    3.996810   92.168724       1.838682   4.091527  -2.127693
    54  0.04323511    1.176487   27.130463       2.493955  -1.969315  -1.810394
    55  0.15937369    4.336779  100.008587       2.506905   4.783981  -0.477922
    56  0.14103698    3.837811   88.502114       3.000556   0.741400   1.898861
    57  0.14863521    4.044570   93.270083       3.140433   4.113863   2.812895
    58  0.12591078    3.426206   79.010271       3.548852  -0.666220   0.730143
    59  0.13367054    3.637360   83.879602       3.736014   0.062086   1.501978
    60  0.15643727    4.256875   98.165952       4.328792   1.149900  -1.011614
    61  0.14926884    4.061812   93.667691       4.677323   2.001289  -0.025093
    62  0.16019822    4.359215  100.525988       5.110560   2.378144   0.967433
    63  0.07839076    2.133121   49.190987       6.042626  -1.354718   0.830159
    64  0.07719749    2.100650   48.442195       6.046889  -1.175152  -0.363891
    65  0.07016448    1.909273   44.028916       6.768214  -1.655629   1.392725
    66  0.06934783    1.887050   43.516456       7.098824  -1.361501  -0.892321
    67  0.08149587    2.217615   51.139475       7.581426   0.864729   1.792593
    68  0.07846661    2.135185   49.238584       7.760800   1.204911  -0.499034
    69  0.06705939    1.824779   42.080440       7.806792  -1.832791   0.843526
    70  0.06651203    1.809884   41.736963       7.946721  -1.671118  -0.331525
    71  0.07344462    1.998530   46.087236       8.480494   0.716501   1.259866
    72  0.07330227    1.994656   45.997905       8.549917   0.881505   0.165070
 
 Number of surface maxima:    82
   #       a.u.         eV      kcal/mol           X/Y/Z coordinate(Angstrom)
     1  0.17226205    4.687489  108.096161      -7.951424   5.176995  -0.482421
     2  0.17796824    4.842762  111.676852      -7.180221   2.206362  -1.864895
     3  0.12834363    3.492408   80.536908      -7.282610   3.728992  -1.009052
     4  0.18301560    4.980108  114.844120      -6.825752  -5.737085   2.692627
     5  0.12863424    3.500316   80.719270      -6.579830   5.705530   0.339485
     6  0.13785647    3.751265   86.506317      -6.242441  -5.938994   1.097573
     7  0.18185618    4.948558  114.116573      -6.180180  -6.562490  -0.457410
     8  0.13895328    3.781111   87.194570      -5.702093  -4.613426   3.160841
     9  0.17911140    4.873869  112.394196      -5.598299   6.854055   1.097602
    10  0.19406922    5.280892  121.780377      -5.177253  -0.342787  -0.998410
    11  0.13844921    3.767395   86.878265      -5.157149   3.574538   0.466103
    12  0.18405224    5.008316  115.494621      -5.012415  -3.503515   4.199420
    13  0.14176555    3.857637   88.959302      -4.768577  -5.643369  -0.998443
    14  0.15112972    4.112449   94.835408      -4.776033  -3.754318   0.773555
    15  0.13959633    3.798609   87.598094      -4.669647   4.250292  -0.930058
    16  0.18360929    4.996263  115.216668      -4.340524  -2.578646  -3.107088
    17  0.18875129    5.136184  118.443320      -4.201643   0.999352  -1.525184
    18  0.18977243    5.163970  119.084096      -4.017036  -0.265405   1.761862
    19  0.14566747    3.963813   91.407795      -3.849973  -4.918666   1.369684
    20  0.14021371    3.815409   87.985505      -3.828857  -2.981503   3.133901
    21  0.19299011    5.251528  121.103222      -3.689615  -5.102585  -2.015420
    22  0.19315831    5.256105  121.208773      -3.271929   1.785567  -0.168981
    23  0.17093103    4.651270  107.260929      -3.069221  -3.957713  -1.166676
    24  0.14936362    4.064391   93.727167      -2.901598  -2.323467   0.616874
    25  0.17955023    4.885810  112.669564      -2.980137   2.341948   1.181165
    26  0.15079258    4.103275   94.623854      -2.916186  -2.089390  -0.213102
    27  0.18202774    4.953227  114.224227      -2.625540  -2.073331   2.711670
    28  0.20813030    5.663513  130.603844      -2.565765   5.563827   1.347085
    29  0.13412133    3.649627   84.162475      -2.262441  -1.660318  -0.704391
    30  0.19094152    5.195783  119.817715      -2.353553   4.435401   0.201119
    31  0.18367679    4.998100  115.259021      -2.165741  -3.831244  -1.997387
    32  0.13829971    3.763326   86.784450      -2.111268  -3.267611   1.254901
    33  0.18161610    4.942025  113.965917      -1.748454   0.276216   0.032903
    34  0.16287259    4.431989  102.204179      -1.475205  -4.197273  -0.074508
    35  0.19057120    5.185706  119.585331      -1.440915   1.101545   1.673258
    36  0.23750674    6.462887  149.037856      -1.484315   5.405413  -1.156913
    37  0.14606104    3.974523   91.654763      -1.461089  -0.772355  -0.082710
    38  0.16332651    4.444340  102.489020      -1.284640  -2.208681  -1.224461
    39  0.23047800    6.271625  144.627247      -0.969245   2.071942  -0.676372
*   40  0.24072750    6.550528  151.058912      -0.838386   2.643633   0.817096
    41  0.18512615    5.037539  116.168512      -0.613744   1.004101  -2.731440
    42  0.13160688    3.581205   82.584631      -0.346106  -1.506442   0.972801
    43  0.17992724    4.896069  112.906142      -0.257627   0.422839  -0.748901
    44  0.11346374    3.087505   71.199630      -0.145732  -2.948431  -0.380828
    45  0.20705339    5.634209  129.928075      -0.140661   4.786118  -0.610573
    46  0.13984526    3.805383   87.754300       0.376644  -0.912043  -2.080530
    47  0.22066093    6.004489  138.466939       0.395026   3.200705   2.303070
    48  0.03935234    1.070832   24.693985       0.648034  -3.885409  -3.194072
    49  0.21224200    5.775398  133.183975       0.671672   5.061904  -2.435143
    50  0.20522891    5.584563  128.783196       0.974288   2.195250   1.431350
    51  0.15855343    4.314458   99.493865       1.242345  -0.412929   0.244170
    52  0.11270465    3.066849   70.723292       1.506440  -1.702951  -0.946973
    53  0.20774957    5.653153  130.364930       1.574094   2.511422  -0.779229
    54  0.22869471    6.223099  143.508216       1.502686   2.988236   0.471360
    55  0.22389402    6.092466  140.495735       1.552910   5.528128   0.530811
    56  0.16411900    4.465905  102.986314       1.868070   4.171284   2.878207
    57  0.16565175    4.507613  103.948132       2.172696   5.113483  -1.143908
    58  0.05521537    1.502487   34.648199       2.365592  -2.622896   1.897711
    59  0.15425799    4.197573   96.798434       2.404128  -0.988930  -0.589603
    60  0.22268367    6.059531  139.736232       2.733272   4.840754   1.369684
    61  0.21272221    5.788466  133.485313       2.830594   0.479609   0.840507
    62  0.22050112    6.000140  138.366655       2.886731   3.332422  -1.011787
    63  0.17831005    4.852063  111.891340       3.052477   0.413758  -1.755637
    64  0.23179980    6.307593  145.456690       3.188639   1.511420  -0.330152
    65  0.20843313    5.671754  130.793871       3.253200   2.921936   3.733565
    66  0.19800072    5.387874  124.247430       3.747336   2.851588   1.955394
    67  0.15106438    4.110671   94.794408       4.208985  -2.252100  -2.524356
    68  0.15308479    4.165649   96.062238       4.542290  -0.909185  -0.064658
    69  0.17972573    4.890586  112.779693       4.888196   0.152708  -1.013411
    70  0.22865268    6.221956  143.481841       5.132682   2.394436   2.421514
    71  0.12860433    3.499502   80.700504       5.187907  -0.644597  -0.879319
    72  0.17375126    4.728012  109.030654       5.153072   0.815701   1.768510
    73  0.18845287    5.128063  118.256062       5.333771  -0.059983   3.144946
    74  0.18344672    4.991839  115.114653       5.879105   0.678346  -2.395258
    75  0.12089167    3.289630   75.860735       7.026761  -0.994132   0.328020
    76  0.12627288    3.436060   79.237497       7.395043   0.259994  -1.976635
    77  0.12815382    3.487243   80.417802       7.401006   0.554499   0.580772
    78  0.16657045    4.532612  104.524624       8.469481  -1.025765   3.377719
    79  0.16470276    4.481790  103.352629       8.982575  -0.221822  -2.282777
    80  0.11672188    3.176164   73.244146       9.169254  -0.909185   1.820952
    81  0.11596249    3.155500   72.767621       9.379458  -0.585419  -0.687847
    82  0.16127078    4.388401  101.199030      10.371949  -1.041480   0.608928
