 Number of surface minima:    76
   #       a.u.         eV      kcal/mol           X/Y/Z coordinate(Angstrom)
     1  0.13928748    3.790205   87.404286      -5.624425  -1.285551   3.087877
     2  0.12623876    3.435131   79.216086      -5.565356   4.610334   0.296514
     3  0.15285200    4.159314   95.916159      -5.466665   0.647203   1.974356
     4  0.12895104    3.508936   80.918068      -5.135314  -2.246859   0.848884
     5  0.14200762    3.864224   89.111202      -5.007413  -0.152157   0.194334
     6  0.06514668    1.772731   40.880195      -4.966008  -3.008431  -1.939306
     7  0.11206595    3.049469   70.322502      -4.905783   3.235172   0.119486
     8  0.12643153    3.440377   79.337049      -4.823769  -1.940132   2.294112
     9  0.05760714    1.567570   36.149057      -4.697028  -3.797805  -2.438041
    10  0.12423946    3.380728   77.961502      -4.500694  -1.629462   3.342884
    11  0.13753302    3.742464   86.303344      -4.514976   0.454883   1.235757
    12  0.10608934    2.886838   66.572121      -4.604833   4.225722  -0.614077
    13  0.11312750    3.078356   70.988638      -4.420006   2.396429   0.110540
    14  0.11651268    3.170471   73.112874      -4.260444   5.249033  -1.155413
    15  0.12679078    3.450152   79.562479      -4.245913   5.393629   1.876899
    16  0.11944914    3.250377   74.955532      -4.118851  -2.462995   1.368052
    17  0.14069139    3.828407   88.285254      -4.092187   0.905722   2.586242
    18  0.05871803    1.597799   36.846153      -4.021842  -4.577856  -1.939306
    19  0.06344241    1.726356   39.810748      -3.714461  -4.385370  -0.897058
    20  0.12693010    3.453944   79.649910      -3.709807  -0.052589   0.309697
    21  0.10479752    2.851686   65.761494      -3.805374   4.229430  -1.274750
    22  0.13616688    3.705289   85.446079      -3.650241   1.210782   0.333000
    23  0.11985012    3.261288   75.207149      -3.415739   2.241748  -0.614226
    24  0.11238989    3.058284   70.525779      -3.356652   4.194854   2.029523
    25  0.11549641    3.142817   72.475155      -3.121169   3.066721  -1.257747
    26  0.10657064    2.899935   66.874143      -3.054777   5.215981   1.306529
    27  0.06325189    1.721171   39.691193      -2.881746  -1.461728  -2.723657
    28  0.11345623    3.087301   71.194918      -2.849619   3.330145   2.049444
    29  0.11712785    3.187211   73.498897      -2.864013   6.099151   0.461391
    30  0.03745301    1.019148   23.502136      -2.723523   0.020909  -4.167704
    31  0.06152395    1.674152   38.606894      -2.609741  -2.518457  -3.509876
    32  0.06715737    1.827445   42.141921      -2.553901  -1.346008  -1.845554
    33  0.05534691    1.506066   34.730739      -2.347648  -0.665421  -1.803788
    34  0.10485427    2.853230   65.797101      -2.254407   5.138456   0.697877
    35  0.11938591    3.248656   74.915855      -1.906693   3.225948   1.300910
    36  0.06042676    1.644296   37.918397      -1.798466  -3.412835  -2.865366
    37  0.08186821    2.227747   51.373117      -1.818250   0.261751  -0.204949
    38  0.16144170    4.393052  101.306281      -1.786105   0.568355   2.984848
    39  0.11560774    3.145846   72.545011      -1.603763   4.075267   0.650250
    40  0.17295365    4.706308  108.530146      -1.556927  -1.448454   4.954297
    41  0.06009092    1.635157   37.707652      -1.390906  -3.269863  -1.645917
    42  0.17314761    4.711586  108.651859      -1.066631   0.610376   4.402095
    43  0.05878879    1.599724   36.890552      -1.101693   1.696194  -3.032685
    44  0.15588576    4.241867   97.819874      -0.880702  -2.085091   4.045842
    45  0.11867857    3.229408   74.471990      -0.945001   2.036533  -2.137507
    46  0.01231381    0.335076    7.727041      -0.360970  -0.005378  -3.668652
    47  0.15260986    4.152726   95.764216      -0.331928   0.435001   3.380745
    48  0.02568290    0.698867   16.116275      -0.119725  -2.720655  -0.544569
    49  0.08203927    2.232402   51.480461       0.015299   1.048849   0.707052
    50 -0.00528279   -0.143752   -3.315003       1.611939   0.418033  -3.643526
*   51 -0.00711856   -0.193706   -4.466966       2.129278  -1.271360  -3.196397
    52  0.02901270    0.789476   18.205760       2.060338   1.239734  -0.219480
    53  0.06425665    1.748512   40.321690       2.072186   2.605293   0.441991
    54  0.06284089    1.709988   39.433289       2.138691   3.563325  -0.084822
    55  0.12593550    3.426879   79.025787       2.315969  -3.430934   0.893271
    56  0.02085194    0.567410   13.084798       2.354673   2.096332  -1.432376
    57  0.05373456    1.462192   33.718972       2.512674   3.683929  -1.022326
    58  0.16965374    4.616513  106.459417       2.630199   0.056497   1.835700
    59  0.04209735    1.145527   26.416511       2.921254   2.762424  -1.543547
    60  0.04079123    1.109986   25.596902       2.928136   1.975737  -1.276069
    61  0.14885067    4.050433   93.405283       3.351766  -2.365432   3.101156
    62  0.15080488    4.103609   94.631570       3.511616  -4.188291   1.030564
    63  0.16213522    4.411924  101.741475       4.303243  -3.294109   2.880545
    64  0.06344472    1.726419   39.812198       4.362937   3.289178   1.618921
    65  0.08069345    2.195780   50.635944       4.477786  -0.291578  -1.336575
    66  0.05923852    1.611962   37.172765       4.411807   4.111348   1.121941
    67  0.07100344    1.932102   44.555371       4.722956   2.488862   1.073228
    68  0.05489306    1.493716   34.445942       4.840178   4.284164   0.149959
    69  0.09046301    2.461624   56.766445       5.316418  -1.047058  -1.402405
    70  0.05700873    1.551286   35.773547       5.244251   3.543345  -0.383670
    71  0.08851846    2.408710   55.546218       5.363793  -2.336115  -0.953794
    72  0.10357788    2.818497   64.996155       5.465865   0.542513   0.983447
    73  0.10759381    2.927776   67.516192       6.338151  -0.335096   0.914930
    74  0.11248523    3.060879   70.585607       6.258754   0.929569   0.336188
    75  0.10389225    2.827052   65.193428       6.418125  -1.312812   1.291187
    76  0.11781375    3.205875   73.929307       7.336718  -1.166403   0.592043
 
 Number of surface maxima:    85
   #       a.u.         eV      kcal/mol           X/Y/Z coordinate(Angstrom)
     1  0.21492245    5.848337  134.865988      -6.469852   0.054482   2.934564
     2  0.20072141    5.461907  125.954694      -5.999639  -1.233439   0.045109
     3  0.16796735    4.570624  105.401191      -5.849693  -0.555516   1.477009
     4  0.19536401    5.316125  122.592869      -5.743052   5.409798   1.632640
     5  0.21118488    5.746633  132.520626      -5.207018   2.345061   2.690995
     6  0.15634056    4.254243   98.105265      -5.252570   3.836032   1.886433
     7  0.15476467    4.211361   97.116376      -4.978659  -1.859051  -4.305869
     8  0.17683738    4.811990  110.967225      -4.942496   0.190144   3.749349
     9  0.15589046    4.241995   97.822825      -4.948722   0.845390   2.227710
    10  0.18362512    4.996694  115.226600      -4.864029  -0.115835  -1.529653
    11  0.14769212    4.018907   92.678279      -4.617732   5.754819   0.416126
    12  0.15557559    4.233427   97.625236      -4.220849  -0.857152  -0.351774
    13  0.10364004    2.820189   65.035159      -4.104995  -3.195221  -4.084022
    14  0.18047025    4.910845  113.246889      -4.086184   1.706047  -2.467514
    15  0.11086952    3.016913   69.571730      -3.897334  -3.394995  -1.483497
    16  0.22886282    6.227674  143.613707      -3.944778   0.263548   5.074235
    17  0.16340785    4.446554  102.540058      -3.897751   1.764067   1.897229
    18  0.16043256    4.365592  100.673036      -3.714239   3.421474  -0.234671
    19  0.18885801    5.139088  118.510292      -3.823087   6.735087  -0.614676
    20  0.18696009    5.087443  117.319328      -3.446196  -1.653085   2.294112
    21  0.14980450    4.076388   94.003823      -3.361567  -4.711347  -4.519676
    22  0.20147314    5.482363  126.426410      -3.280582  -0.118605   1.764934
    23  0.21102246    5.742213  132.418704      -2.875489   0.559777   1.500346
    24  0.16164960    4.398709  101.436743      -2.786221   3.947813   0.961720
    25  0.10406446    2.831738   65.301488      -2.614937  -5.021752  -2.984398
    26  0.20593696    5.603830  129.227500      -2.633317  -0.212702   4.476976
    27  0.14812510    4.030689   92.949979      -2.615035   5.536814  -1.116909
    28  0.11225818    3.054701   70.443133      -2.576108  -2.602945  -2.040887
    29  0.16172355    4.400722  101.483148      -2.290748   1.440969  -0.141500
    30  0.07757743    2.110989   48.680614      -2.213887  -0.929436  -3.384340
    31  0.15702153    4.272773   98.532579      -2.173655   1.503748  -1.043947
    32  0.15689036    4.269204   98.450267      -2.092119   2.395751  -4.859747
    33  0.19067126    5.188429  119.648124      -1.837743  -2.260555   0.708123
    34  0.16622471    4.523204  104.307669      -1.702350  -0.687714   0.328555
    35  0.24403291    6.640473  153.133089      -1.728308  -0.019640   5.571298
    36  0.15563565    4.235061   97.662925      -1.574963  -5.770744  -1.874832
    37  0.18695722    5.087365  117.317523      -1.553545  -3.960931   0.872363
    38  0.16255464    4.423337  102.004659      -1.570186   1.847772   0.704589
    39  0.13682736    3.723262   85.860535      -1.213573  -2.452996  -2.877903
    40  0.23684038    6.444754  148.619707      -1.176305  -1.861759   2.562727
    41  0.12397905    3.373641   77.798091      -1.214764  -0.285866  -0.640013
    42  0.19536710    5.316209  122.594809      -1.244930   4.987679  -1.807012
    43  0.17238110    4.690728  108.170862      -1.151532   3.588379  -1.261988
    44  0.22826482    6.211402  143.238457      -0.929402  -0.302480   2.288069
    45  0.15552277    4.231990   97.592094      -0.449570   1.044086  -1.739973
    46  0.20264262    5.514186  127.160270      -0.229832  -0.657456   4.838926
    47  0.17215332    4.684530  108.027932      -0.227104  -0.226461   0.494388
    48  0.17985405    4.894078  112.860216      -0.316091   2.699840   0.152781
    49  0.17970610    4.890052  112.767373      -0.362714   3.310877  -1.926194
    50  0.13181433    3.586850   82.714813      -0.154115  -1.748338  -1.439266
    51  0.08533301    2.322029   53.547319       0.825694  -0.528249  -2.708217
    52  0.14701066    4.000364   92.250661       0.737445   1.176380  -0.552959
    53  0.22737095    6.187078  142.677543       1.070923  -2.057344   3.087877
    54  0.16192598    4.406230  101.610172       1.181906  -1.375201   0.037564
    55  0.24568257    6.685363  154.168267       1.318075  -3.899418   3.352466
*   56  0.25195698    6.856098  158.105527       1.408337  -0.969973   4.615940
    57  0.11741839    3.195117   73.681214       2.014418  -0.266394  -1.134511
    58  0.04931294    1.341873   30.944364       2.041238   2.411283  -3.101913
    59  0.17216321    4.684799  108.034138       2.129278   4.200771   2.780453
    60  0.19832238    5.396626  124.449276       2.626310  -2.139190   0.651253
    61  0.11552241    3.143525   72.491468       2.645704   4.965857   1.346446
    62  0.19073086    5.190051  119.685525       2.810973  -3.946185   2.690995
    63  0.04891850    1.331140   30.696846       2.656880  -3.060126  -2.071623
    64  0.13959243    3.798503   87.595644       2.727422  -0.342185  -0.415102
    65  0.19669911    5.352455  123.430660       2.785518   1.039762   2.566697
    66  0.18230763    4.960843  114.399863       2.952861   0.440884   1.029438
    67  0.10490795    2.854690   65.830786       2.897940   2.890401  -0.233130
    68  0.15928468    4.334357   99.952731       2.959888   6.250609   0.206719
    69  0.22845972    6.216705  143.360757       3.031725  -1.347707   1.984011
    70  0.10598836    2.884090   66.508754       3.604195   5.277503  -0.974014
    71  0.16576397    4.510667  104.018547       4.244719  -2.793074   2.822751
    72  0.22847789    6.217200  143.372162       4.378281  -4.584444   2.294112
    73  0.10721646    2.917508   67.279401       4.349810   3.155032   0.422534
    74  0.15026892    4.089025   94.295252       4.378281   5.012915  -2.394909
    75  0.15805482    4.300890   99.180982       4.616581  -1.347613  -0.400121
    76  0.10349711    2.816300   64.945470       4.642869   3.324924  -2.144392
    77  0.18489033    5.031122  116.020532       4.901090  -3.447093   1.501634
    78  0.13111246    3.567751   82.274377       4.906958   1.043896  -1.146301
    79  0.16784809    4.567379  105.326356       5.109832  -0.870249   1.041249
    80  0.15380918    4.185361   96.516797       5.185282   1.729727  -2.448006
    81  0.20535381    5.587961  128.861567       6.246058  -3.988404   0.981442
    82  0.18053810    4.912691  113.289461       6.680516   1.229612  -1.145540
    83  0.14816076    4.031659   92.972359       6.840531  -2.660155   0.149042
    84  0.14180721    3.858771   88.985445       6.988301  -0.286444  -0.775444
    85  0.18702107    5.089102  117.357592       7.937924  -1.724768  -0.737931
