 Number of surface minima:    81
   #       a.u.         eV      kcal/mol           X/Y/Z coordinate(Angstrom)
     1  0.07504959    2.042203   47.094369      -6.832800  -2.602170  -0.192369
     2  0.07746916    2.108043   48.612672      -6.697044  -3.591800  -0.717434
     3  0.07972266    2.169364   50.026768      -6.004779  -4.759365   1.573123
     4  0.07722030    2.101271   48.456508      -6.111903  -3.726735   2.116059
     5  0.07753193    2.109751   48.652063      -6.058085  -1.888123  -0.096200
     6  0.08273639    2.251372   51.917913      -5.781311  -3.847695  -1.132388
     7  0.07898874    2.149393   49.566224      -5.317710  -2.932969   2.248781
     8  0.06481448    1.763692   40.671732      -5.323388  -0.762085  -1.990314
     9  0.08807780    2.396719   55.269700      -5.180697  -4.985107   1.195145
    10  0.08735608    2.377080   54.816813      -5.177497  -2.203726  -0.521481
    11  0.06476336    1.762301   40.639658      -5.199615  -0.683966  -2.263425
    12  0.11177198    3.041470   70.138033      -5.196079   6.086253  -2.259889
    13  0.09220812    2.509111   57.861518      -5.002018  -3.197558  -1.041614
    14  0.07170274    1.951131   44.994186      -4.849748   0.644309  -0.588171
    15  0.11140588    3.031508   69.908305      -4.870832   6.975316  -0.207152
    16  0.09290649    2.528114   58.299749      -4.688753   4.796667  -1.987923
    17  0.08936839    2.431837   56.079557      -4.430325   3.829829  -1.617746
    18  0.09241823    2.514828   57.993360      -4.348426   5.868650   0.407003
    19  0.08847706    2.407583   55.520241      -4.030096   4.924403   0.785699
    20  0.10758516    2.927541   67.510762      -3.954220   2.686857  -0.922670
    21  0.09265434    2.521253   58.141525      -3.897216   5.719713  -2.520114
    22  0.10497513    2.856519   65.872944      -3.613645   3.571204   1.057781
    23  0.09249561    2.516934   58.041922      -3.541725   6.719147  -0.086979
    24  0.06597181    1.795184   41.397971      -3.151376   0.638977  -3.162720
    25  0.09989755    2.718351   62.686712      -3.154845   3.625414  -1.703938
    26  0.05210670    1.417895   32.697474      -3.081685   0.685851   0.515976
    27  0.09273189    2.523363   58.190186      -2.892607   5.510247  -2.591607
    28  0.11120993    3.026176   69.785340      -2.817582   2.623392   0.093070
    29  0.09930186    2.702141   62.312910      -2.749399   4.602048   0.704523
    30  0.16383147    4.458081  102.805887      -2.578221  -2.756981  -1.471619
    31  0.09355519    2.545766   58.706817      -2.574112   6.512904  -0.139391
    32  0.10284370    2.798519   64.535453      -2.441113   4.363383  -2.140041
    33  0.03230447    0.879049   20.271375      -2.396419   1.768001   0.539772
    34  0.16651730    4.531166  104.491269      -2.239353  -3.737496  -1.043667
    35  0.14098011    3.836264   88.466430      -2.230025  -2.676569   1.351506
    36  0.17770429    4.835580  111.511220      -2.107321  -4.927236  -0.255002
    37  0.15845733    4.311843   99.433558      -2.199056  -3.859644   1.670477
    38  0.10255833    2.790754   64.356380      -2.096628   5.347146   0.282382
    39  0.05457368    1.485025   34.245527      -1.466199   0.449217  -2.072197
    40  0.17442167    4.746255  109.451340      -1.290102  -4.018236  -0.915422
*   41  0.01221318    0.332337    7.663890      -1.406440   1.168382   3.247384
    42  0.14696256    3.999055   92.220476      -1.177578  -2.942027   1.475291
    43  0.07977341    2.170745   50.058614      -1.115690   3.965879   1.543740
    44  0.03604473    0.980827   22.618431      -0.615771   0.507140  -1.912420
    45  0.02811621    0.765081   17.643202      -0.619836   2.491919   2.849486
    46  0.14980049    4.076279   94.001305      -0.363878  -2.287647   1.245911
    47  0.03573591    0.972424   22.424643      -0.235375   0.363618  -1.946954
    48  0.08995820    2.447887   56.449669       0.311092   4.242068   0.664292
    49  0.15596349    4.243982   97.868651       0.588690  -5.958548   0.611567
    50  0.02975290    0.809617   18.670239       0.840270  -0.683966   2.526668
    51  0.03584289    0.975335   22.491772       0.731702   4.487915   3.254638
    52  0.14593745    3.971160   91.577208       0.896358  -4.624437   2.112723
    53  0.16669655    4.536044  104.603750       0.905425  -4.587639  -2.508511
    54  0.15183192    4.131557   95.276045       0.947101  -2.947769  -3.431874
    55  0.03624552    0.986291   22.744424       0.950052   1.293427  -2.185125
    56  0.15269878    4.155145   95.820010       1.517921  -1.052726  -1.523639
    57  0.03472423    0.944894   21.789804       1.683747   3.069987   1.395162
    58  0.16339759    4.446275  102.533625       1.989349  -4.917384   0.579891
    59  0.05085571    1.383854   31.912469       2.010939  -0.291969   2.969502
    60  0.18556566    5.049498  116.444305       2.276205  -3.065263   0.023225
    61  0.03010367    0.819163   18.890356       2.312167   2.761207   0.075043
    62  0.15732104    4.280923   98.720528       2.446364  -4.265701  -3.241845
    63  0.15091726    4.106668   94.702092       2.638780  -1.080849  -1.965805
    64  0.04562941    1.241639   28.632911       2.905314   2.094214   0.946615
    65  0.14382236    3.913606   90.249972       3.479418  -0.536006  -1.664181
    66  0.05572908    1.516465   34.970553       3.388593   0.260650   3.953092
    67  0.05311627    1.445367   33.330991       3.762215   2.242723   2.593915
    68  0.16109946    4.383739  101.091521       3.890997  -1.349978  -2.559114
    69  0.16438193    4.473060  103.151308       4.207005  -2.536086  -0.132992
    70  0.16170657    4.400260  101.472491       4.195890  -1.826351   0.781954
    71  0.17791285    4.841255  111.642091       4.521011  -3.057377  -1.395982
    72  0.05733311    1.560113   35.977102       5.784519   0.556043   2.737098
    73  0.07916727    2.154251   49.678257       6.163661   0.931025  -2.264449
    74  0.08390991    2.283305   52.654305       6.154555   0.123524   0.475282
    75  0.09000999    2.449296   56.482166       6.462051  -0.980360   0.402229
    76  0.07389162    2.010693   46.367732       6.783608   0.900139   0.334503
    77  0.07700103    2.095305   48.318919       7.292956   0.671907  -2.507357
    78  0.08053520    2.191474   50.536641       7.573441  -1.218923   0.181069
    79  0.07941165    2.160901   49.831602       7.710449  -0.423305  -2.589253
    80  0.07218603    1.964282   45.297453       7.869362   0.654151   0.096635
    81  0.07499825    2.040806   47.062154       8.223737  -0.430328   0.029026
 
 Number of surface maxima:    87
   #       a.u.         eV      kcal/mol           X/Y/Z coordinate(Angstrom)
     1  0.16772948    4.564151  105.251927      -8.589720  -4.263292   1.105301
     2  0.12160932    3.309158   76.311063      -7.688277  -2.932969   1.465745
     3  0.16865334    4.589291  105.831656      -7.361977  -1.402963   2.168794
     4  0.12449603    3.387709   78.122504      -7.317807  -5.137802   0.359216
     5  0.17548648    4.775230  110.119523      -6.632877  -6.372621  -0.521623
     6  0.17892569    4.868816  112.277658      -6.438886   4.342027  -0.051676
     7  0.12573287    3.421365   78.898635      -5.774446  -1.275049   1.597846
     8  0.13525061    3.680356   84.871108      -5.807441   5.655511  -0.741883
     9  0.18057279    4.913636  113.311233      -5.828395   7.253692  -1.407256
    10  0.12972979    3.530127   81.406740      -5.659611  -3.067480  -0.202831
    11  0.13358031    3.634905   83.822978      -5.223029  -3.836640   1.162746
    12  0.08421972    2.291735   52.848714      -5.064739  -1.958674  -2.260843
    13  0.11318389    3.079890   71.024022      -5.065748   5.820133  -2.261852
    14  0.13286789    3.615519   83.375927      -4.936598   3.461239   0.072219
    15  0.11268491    3.066312   70.710907      -4.607224   6.841838  -0.075558
    16  0.16695565    4.543094  104.766339      -4.339678  -0.587515   1.519963
    17  0.09381314    2.552785   58.868685      -4.054620   1.354117  -0.006406
    18  0.17249892    4.693934  108.244796      -4.024421   2.266211   0.492240
    19  0.13560412    3.689976   85.092938      -4.186132   7.385500  -1.647128
    20  0.18824330    5.122361  118.124550      -3.979152   0.185268  -1.969022
    21  0.22092760    6.011746  138.634277      -3.786034  -1.342189  -0.323602
    22  0.14441207    3.929652   90.620019      -3.485703   4.772696  -1.593723
    23  0.20535023    5.587864  128.859320      -3.525072  -5.578141  -1.117859
    24  0.14567008    3.963885   91.409434      -3.243074   5.437999  -0.155942
    25  0.19120249    5.202884  119.981476      -3.019622  -4.294744  -0.199783
    26  0.18093263    4.923427  113.537032      -2.853026   8.076754  -2.293855
    27  0.21732139    5.913616  136.371348      -2.731677  -1.532644  -2.099401
    28  0.06208114    1.689314   38.956538      -2.732562  -0.551926   2.586255
    29  0.23712006    6.452365  148.795209      -2.228634  -5.372801   1.130574
    30  0.14012691    3.813047   87.931037      -2.290096   3.329561   0.469102
    31  0.20320611    5.529519  127.513866      -2.163859   0.008520  -0.697286
    32  0.08344228    2.270580   52.360868      -2.070205   0.374388  -3.302397
    33  0.14134566    3.846211   88.695813      -1.739687   6.790445  -1.846265
    34  0.16340691    4.446528  102.539470      -1.616085   5.533866   2.718105
    35  0.21682204    5.900028  136.058001      -1.392825  -2.126002   0.622930
    36  0.14364553    3.908794   90.139008      -1.504915   0.665700   0.225037
    37  0.14074844    3.829960   88.321055      -1.408734   3.709976   0.795967
*   38  0.24400636    6.639751  153.116428      -1.279947  -2.706888  -0.873823
    39  0.11580780    3.151291   72.670553      -1.122173   1.995889   1.429131
    40  0.17401906    4.735299  109.198700      -1.149250   3.015811  -1.650184
    41  0.20501827    5.578831  128.651014      -0.817983  -4.917384   0.398381
    42  0.17130136    4.661347  107.493314      -0.685206   4.669862  -1.118429
    43  0.17350996    4.721446  108.879234      -0.370413  -0.693371   0.700139
    44  0.14764111    4.017519   92.646274      -0.367870   1.424203  -0.883029
    45  0.21486080    5.846660  134.827298      -0.272425  -5.765490   1.792045
    46  0.19384524    5.274797  121.639824      -0.321904   5.951231  -1.760273
    47  0.22997220    6.257862  144.309857      -0.192933  -3.443268  -2.293241
    48  0.16900660    4.598904  106.053334       0.098210   2.675098   0.230292
    49  0.13986252    3.805853   87.765133       0.290978   0.627820   2.153882
    50  0.18888423    5.139801  118.526743       0.338205   4.253443  -1.098308
    51  0.21637327    5.887816  135.776391       0.566795  -2.406932  -1.518088
    52  0.23977322    6.524561  150.460095       0.972564  -3.261633  -0.616927
    53  0.21418633    5.828306  134.404065       1.108880  -2.795176   0.733347
    54  0.17381684    4.729797  109.071805       1.081938  -0.022494  -0.237534
    55  0.16862089    4.588408  105.811292       1.041170   6.131649   1.130574
    56  0.23360172    6.356626  146.587413       1.246234  -5.422040  -0.842487
    57  0.17226994    4.687703  108.101109       1.251746  -4.384848  -3.101127
    58  0.16951804    4.612820  106.374263       1.509588  -5.443629   1.005048
    59  0.13708201    3.730191   86.020333       1.585208   1.157881   0.969585
    60  0.15304609    4.164596   96.037949       1.645158   1.578567   3.400365
    61  0.22115199    6.017852  138.775085       2.111174  -3.646480   1.504885
    62  0.23107559    6.287886  145.002241       2.317540  -5.141462  -1.768348
    63  0.21626788    5.884948  135.710260       2.441919  -3.061348  -4.002583
    64  0.21907289    5.961277  137.470431       2.567382  -0.828496  -0.831539
    65  0.19237041    5.234665  120.714359       2.490815   0.437402   1.061293
    66  0.07186085    1.955433   45.093399       2.680899   2.089171  -1.764014
    67  0.24117208    6.562626  151.337892       2.824684  -2.069562   0.204514
    68  0.07607211    2.070027   47.736012       2.742710  -0.898234   3.776460
    69  0.19536754    5.316221  122.595086       3.037904  -1.264512   1.740677
    70  0.21010084    5.717135  131.840377       3.218238  -3.217269  -2.192847
    71  0.06659444    1.812127   41.788679       3.617422   2.621760   1.659332
    72  0.21222700    5.774990  133.174566       4.080308  -1.148168   1.857021
    73  0.17907690    4.872930  112.372547       4.254915   0.751387   2.831917
    74  0.16636776    4.527097  104.397434       4.405211   1.981685  -0.580303
    75  0.23821940    6.482279  149.485055       4.544510  -2.757098  -2.794678
    76  0.21544165    5.862465  135.191790       4.480354   0.351137   0.601397
    77  0.19012377    5.173531  119.304570       4.949939  -2.274979  -0.982346
    78  0.12397470    3.373523   77.795363       5.999747   2.144038  -0.829815
    79  0.20506560    5.580119  128.680713       6.092190  -3.399839  -0.939364
    80  0.07880521    2.144399   49.451058       6.235030  -0.428943   2.039463
    81  0.13193940    3.590254   82.793293       6.641038  -0.287083  -1.826822
    82  0.12723580    3.462262   79.841736       6.899143  -0.162676  -0.204377
    83  0.16638237    4.527495  104.406603       7.443286   2.999843  -1.256417
    84  0.11979442    3.259772   75.172195       8.375897   1.696285  -1.358082
    85  0.12327635    3.354520   77.357140       9.174811  -0.706720  -1.578855
    86  0.17455137    4.749784  109.532728       9.177507  -2.408559  -1.519956
    87  0.16576608    4.510724  104.019874       9.820820   0.899036  -1.657825
