 Number of surface minima:    53
   #       a.u.         eV      kcal/mol           X/Y/Z coordinate(Angstrom)
     1  0.12735765    3.465578   79.918200      -6.541439   0.221506   0.301174
     2  0.13805032    3.756540   86.627958      -6.541439   1.865557  -0.861184
     3  0.12573760    3.421494   78.901598      -6.305352  -0.957227  -1.671325
     4  0.13462578    3.663354   84.479022      -6.177435   0.813124  -2.724606
     5  0.11996924    3.264529   75.281896      -5.859591   1.127322   0.016341
     6  0.11569658    3.148264   72.600761      -5.514810  -0.294959  -2.199706
     7  0.11819547    3.216262   74.168839      -5.514054   0.287099   0.593365
     8  0.11555803    3.144494   72.513822      -5.248870  -1.086899  -1.668703
     9  0.12870563    3.502258   80.764071      -5.057661   2.069682  -0.496537
    10  0.12089973    3.289849   75.865788      -4.726686   0.682698  -2.724956
    11  0.13344635    3.631260   83.738919      -4.185080   0.278030   0.740491
    12  0.13423692    3.652772   84.235011      -4.054161   2.008081  -0.326022
    13  0.12657948    3.444403   79.429892      -3.869488  -1.122867  -1.463756
    14  0.12140850    3.303693   76.185049      -3.769664   0.555913  -2.540298
    15  0.14275430    3.884542   89.579752      -3.630964   1.023405   0.309306
    16  0.12927263    3.517687   81.119867      -3.228975  -0.358915  -1.871617
    17  0.11613514    3.160198   72.875961      -2.308021  -2.773793  -0.474175
    18  0.19673395    5.353403  123.452521      -2.314806   3.070052   0.899928
    19  0.09642406    2.623832   60.507065      -1.677571  -1.753304  -1.741955
    20  0.19755670    5.375791  123.968805      -1.714864   2.306591   0.571028
    21  0.19474805    5.299364  122.206349      -1.594848   3.124968   0.029573
    22  0.20675588    5.626114  129.741383      -1.306949   4.368451  -0.551306
    23  0.04868029    1.324658   30.547369      -1.132977  -4.356550  -2.015115
    24  0.12598371    3.428191   79.056039      -1.090683  -0.499203   1.430891
    25  0.19060042    5.186501  119.603668      -1.030528   3.993681   2.486141
    26  0.03912181    1.064558   24.549324      -0.679383  -3.764930   0.242460
    27  0.08527541    2.320462   53.511174      -0.588195   0.030498  -0.990475
    28  0.06861105    1.867002   43.054122      -0.657911   0.225371   2.950924
    29  0.19852668    5.402186  124.577476      -0.405515   3.112403  -0.928231
    30  0.19100719    5.197570  119.858922      -0.148012   3.381156   2.402469
    31  0.18619730    5.066686  116.840666      -0.020661   4.164965   1.849056
    32  0.20126274    5.476638  126.294379      -0.027239   5.207966   0.934265
    33  0.05218306    1.419973   32.745393       0.337865  -2.418259  -1.941709
    34  0.19535020    5.315749  122.584205       0.311234   2.213445  -1.014245
    35  0.20576078    5.599036  129.116946       0.514352   3.358635  -1.565468
*   36 -0.00357607   -0.097310   -2.244018       0.881054  -2.870831   3.027690
    37  0.04156787    1.131119   26.084251       0.973267  -1.307623  -1.895303
    38  0.02505873    0.681883   15.724601       1.005286  -0.096481   2.772515
    39  0.19457688    5.294706  122.098941       1.060779   4.193064   0.965374
    40  0.20130378    5.477754  126.320135       1.699591   3.372608   0.921808
    41 -0.00041122   -0.011190   -0.258045       2.189985  -2.747682   2.425025
    42  0.07057855    1.920540   44.288748       2.189016  -2.086487  -1.869538
    43  0.06988890    1.901774   43.855982       2.952814  -2.421669  -1.345072
    44  0.16625924    4.524144  104.329333       3.434416   1.353441   0.693124
    45  0.18446522    5.019554  115.753768       3.926395   2.411795  -1.969056
    46  0.15425086    4.197379   96.793957       4.423587  -0.510355  -0.448831
    47  0.16540374    4.500865  103.792503       4.444463   1.357884   0.382391
    48  0.17284351    4.703311  108.461032       4.495929   1.353441  -2.611074
    49  0.17603064    4.790037  110.460988       4.938650   0.295087  -2.991787
    50  0.15605484    4.246468   97.925973       5.025668   0.220295  -0.286717
    51  0.18669533    5.080238  117.153186       5.363976   2.291653  -2.151217
    52  0.16349205    4.448845  102.592894       5.425677  -0.630974  -1.019854
    53  0.17773636    4.836452  111.531345       5.832243   1.485735  -0.216406
 
 Number of surface maxima:    54
   #       a.u.         eV      kcal/mol           X/Y/Z coordinate(Angstrom)
     1  0.19727127    5.368024  123.789696      -7.471197  -0.764713  -0.530466
     2  0.20351527    5.537932  127.707868      -7.003940   2.014912  -2.296536
     3  0.15700231    4.272250   98.520517      -6.917334   0.575767  -1.332808
     4  0.15904579    4.327856   99.802826      -5.942535  -1.315384  -0.034999
     5  0.16584524    4.512878  104.069546      -5.419675   2.342911  -2.271132
     6  0.20834632    5.669392  130.739397      -4.853585  -2.286636   0.771637
     7  0.17817945    4.848509  111.809387      -4.542288   0.843093  -0.276880
     8  0.17365821    4.725480  108.972266      -4.308788   0.025478  -1.637416
     9  0.21839897    5.942938  137.047536      -4.016245   3.236575  -2.650826
    10  0.18466675    5.025038  115.880229      -3.588351  -3.906278  -1.055903
    11  0.19080219    5.191992  119.730285      -3.544817  -1.603181   0.479341
    12  0.20119750    5.474862  126.253443      -2.862476  -2.416620   1.036226
    13  0.20179890    5.491227  126.630826      -2.411473  -0.214665   1.206620
    14  0.26883552    7.315387  168.696980      -2.512622   3.999327   2.094580
    15  0.18288251    4.976486  114.760603      -2.308080  -2.482072  -3.594347
    16  0.19044459    5.182261  119.505882      -2.181311   0.559004   0.107000
    17  0.17671739    4.808725  110.891931      -2.042017  -0.101153  -1.081022
    18  0.23001283    6.258967  144.335351      -1.914809   2.289313   1.977402
    19  0.22896090    6.230343  143.675253      -1.552861   1.341197   1.147835
    20  0.24015420    6.534928  150.699162      -1.482500   1.771401  -1.325376
    21  0.22970676    6.250639  144.143290      -1.508396   4.534079   0.904046
    22  0.04972662    1.353130   31.203952      -1.249622  -2.615426   3.549953
    23  0.17244085    4.692354  108.208356      -1.043296  -1.879841   0.507048
    24  0.21400707    5.823428  134.291575      -1.088006   3.763518  -0.669085
    25  0.27016434    7.351546  169.530827      -0.852784   5.660542  -0.154423
    26  0.22088576    6.010607  138.608023      -0.753269   0.687868   1.282586
    27  0.27714976    7.541628  173.914244      -0.337107   2.273122   0.216560
    28  0.16161542    4.397779  101.415290      -0.080585  -1.172673  -0.857526
    29  0.08946922    2.434581   56.142828      -0.056917  -4.066920  -1.475299
    30  0.19629478    5.341453  123.176940       0.224432   0.316842   0.136731
    31  0.23065386    6.276411  144.737601       0.241244   1.900721   2.659430
    32  0.23578672    6.416083  147.958523       0.485499   4.693010  -0.664952
    33  0.27523053    7.489404  172.709911       0.596789   2.939584   1.298182
    34  0.11439582    3.112869   71.784521       0.889328  -2.833844   1.050782
    35  0.12741056    3.467018   79.951399       1.237817  -1.089799   2.032637
    36  0.15178996    4.130415   95.249721       1.528514  -4.133977  -0.712453
    37  0.22858756    6.220184  143.440981       1.413807   1.496695  -1.337881
    38  0.13614774    3.704768   85.434069       1.660808  -1.840827  -0.469650
*   39  0.28380670    7.722773  178.091543       1.793102   4.263916  -1.547748
    40  0.17538538    4.772479  110.056079       2.033117  -0.234091   0.317136
    41  0.26070741    7.094209  163.596507       2.320666   3.073062  -0.416056
    42  0.19035553    5.179837  119.449996       2.585956  -1.162105  -0.806888
    43  0.22556010    6.137802  141.541216       2.592616  -0.229995  -2.533929
    44  0.09694171    2.637918   60.831894       3.217368  -2.494923  -2.695518
    45  0.26382108    7.178937  165.550369       3.219160   1.159608  -1.741955
    46  0.27487053    7.479607  172.484006       3.670226   3.920115   0.147383
    47  0.24821107    6.754167  155.754928       3.704496   0.559675  -0.359738
    48  0.06057419    1.648308   38.010911       4.091386  -2.180233   1.067501
    49  0.20872459    5.679685  130.976770       4.306694  -0.707939  -2.612686
    50  0.20416457    5.555601  128.115312       4.571283  -1.087947  -2.032231
    51  0.21996770    5.985626  138.031934       4.848602   2.946249  -0.544037
    52  0.20808071    5.662164  130.572727       5.906393   0.963179  -1.739204
    53  0.24697919    6.720645  154.981909       6.038927  -0.500943  -2.536023
    54  0.25171628    6.849548  157.954482       6.358489   2.533015  -1.121667
