 Number of surface minima:    64
   #       a.u.         eV      kcal/mol           X/Y/Z coordinate(Angstrom)
     1  0.10375347    2.823275   65.106339      -7.174448  -5.455171  -0.827522
     2  0.08073253    2.196844   50.660473      -6.729794  -2.846915   0.060907
     3  0.08281045    2.253387   51.964388      -6.630152  -3.468263   1.059238
     4  0.08877138    2.415592   55.704927      -6.092886  -5.028720  -1.323127
     5  0.08903754    2.422835   55.871946      -5.936535  -5.626807  -0.337687
     6  0.08202471    2.232006   51.471323      -5.988725  -2.282068  -0.432599
     7  0.08663452    2.357445   54.364026      -5.574086  -3.478860   1.584181
     8  0.10775089    2.932051   67.614763      -5.673988   5.987675  -1.031375
     9  0.09398090    2.557350   58.973953      -5.287351  -4.455797  -1.820437
    10  0.08661052    2.356792   54.348966      -5.171150   4.804131  -0.610967
    11  0.09677514    2.633385   60.727367      -5.001212  -5.610242   0.075761
    12  0.01000080    0.272136    6.275605      -4.948906   0.951236  -0.927718
    13  0.08000290    2.176990   50.202617      -4.751125   3.732843  -0.514981
    14  0.08711274    2.370458   54.664115      -4.614675   5.851638   0.145461
    15  0.08994522    2.447534   56.441525      -4.113981   2.533534  -0.624845
    16  0.11027671    3.000782   69.199737      -4.225477   6.520569  -2.629805
    17  0.08613829    2.343942   54.052640      -3.965270   5.723574   0.678916
    18  0.09008159    2.451245   56.527097      -3.779577   3.657587   0.287112
    19  0.09184860    2.499327   57.635913      -3.443159   5.316948  -2.550304
    20  0.09427278    2.565293   59.157112      -3.358771   4.607570   0.900678
    21  0.08887177    2.418324   55.767925      -3.042975   4.257749  -2.484976
    22  0.09164917    2.493901   57.510773      -3.051947   6.387497  -1.941961
    23  0.10627422    2.891869   66.688139      -2.805899   3.062197  -2.257709
    24  0.17918801    4.875954  112.442265      -2.502765  -2.609206  -1.545262
    25  0.03524402    0.959038   22.115973      -2.287909   1.470438  -0.261502
    26  0.09241151    2.514645   57.989145      -2.246795   6.242112  -1.291674
    27  0.17609684    4.791839  110.502526      -2.162721  -3.957427  -1.236375
    28  0.16265979    4.426198  102.070648      -2.102812  -3.136584   1.236890
    29  0.10143265    2.760123   63.650001      -2.141900   4.249776  -1.676925
    30  0.18116688    4.929801  113.684026      -2.070103  -5.084189  -0.721129
    31  0.18037712    4.908311  113.188444      -1.824917  -4.578634   1.385120
    32  0.10392473    2.827936   65.213808      -1.723334   5.156208  -1.084989
    33  0.04559813    1.240788   28.613283      -1.339183   0.569504  -1.310782
    34  0.16306841    4.437317  102.327060      -1.030366  -3.522882   1.387470
    35  0.18199666    4.952381  114.204722      -1.049297  -4.192577  -1.166426
    36  0.00456561    0.124237    2.864968      -0.912120   0.823737   3.463995
    37  0.16658950    4.533131  104.536578      -0.248751  -2.738437   1.238432
    38  0.12081497    3.287543   75.812602      -0.074345   3.923167   0.419406
    39 -0.00344605   -0.093772   -2.162428       0.128787   1.745001   3.676408
    40  0.06157890    1.675647   38.641373       0.258574   2.008032  -1.698528
    41  0.07049289    1.918209   44.234995       0.888305   3.982610   0.234848
    42  0.18782127    5.110877  117.859728       1.380513  -0.371707  -0.577871
    43  0.18871975    5.135326  118.423533       1.598665  -1.440994  -1.673383
    44  0.02220236    0.604157   13.932202       1.770944   0.049174   2.458446
    45  0.04042447    1.100006   25.366757       2.050403   2.570513   0.356608
    46  0.05259910    1.431294   33.006461       2.242995   3.601670  -1.961817
    47  0.00271491    0.073876    1.703633       2.377790   2.331663   2.461305
    48  0.18234658    4.961903  114.424300       2.769050  -1.677471  -2.239163
    49  0.18575024    5.054521  116.560132       3.436535  -3.414392  -0.374144
    50  0.18252561    4.966774  114.536645       3.700733  -0.974900  -1.829597
    51  0.17316907    4.712170  108.665326       3.716330   0.016753  -0.874432
    52  0.19321346    5.257606  121.243376       3.946144  -2.103575  -2.655296
    53  0.17892203    4.868716  112.275362       4.090754  -1.805566   0.932326
    54  0.18016606    4.902568  113.056004       4.335736  -2.753005  -0.043423
*   55 -0.01957172   -0.532574  -12.281453       4.464274   2.341920   2.603857
    56  0.18659808    5.077592  117.092159       4.626793  -3.355843  -1.035831
    57  0.09246154    2.516006   58.020540       6.875796   0.480234  -1.802042
    58  0.08118062    2.209037   50.941650       6.940329   0.554353   0.551701
    59  0.09400695    2.558059   58.990300       7.572417  -2.046371   0.447708
    60  0.08624948    2.346968   54.122411       7.789855   0.668709  -1.437192
    61  0.08152311    2.218357   51.156567       7.804684   0.698887  -0.237184
    62  0.09175942    2.496901   57.579952       8.354227  -1.930298  -1.414522
    63  0.08963642    2.439131   56.247748       8.396725  -1.893548  -0.109771
    64  0.10502589    2.857900   65.904794       9.389388  -1.526012  -0.752104
 
 Number of surface maxima:    71
   #       a.u.         eV      kcal/mol           X/Y/Z coordinate(Angstrom)
     1  0.17351203    4.721502  108.880535      -8.518173  -4.879619  -0.140052
     2  0.12929587    3.518320   81.134454      -7.610432  -4.009803  -1.234274
     3  0.17694764    4.814990  111.036414      -7.359837  -2.988161  -2.571211
     4  0.13021146    3.543234   81.708991      -7.221361  -5.208264   0.948584
     5  0.17881880    4.865907  112.210583      -6.506030  -5.848197   2.271527
     6  0.17833241    4.852672  111.905372      -5.624671   6.904479  -2.291282
     7  0.13939530    3.793139   87.471945      -5.559238  -3.280552   0.288681
     8  0.17537850    4.772292  110.051761      -5.509272   3.768715  -3.000110
     9  0.13235737    3.601627   83.055573      -5.320144   5.309791  -2.373805
    10  0.14413458    3.922101   90.445888      -5.125172  -4.555440  -0.611096
    11  0.13258934    3.607939   83.201135      -4.501514   7.225244  -1.139545
    12  0.19827500    5.395337  124.419546      -4.166133  -2.091533  -2.552570
    13  0.12532405    3.410241   78.642096      -4.195257   3.099264  -2.203858
    14  0.13642101    3.712205   85.605551      -3.962537   4.794833  -0.254103
    15  0.19038544    5.180651  119.468768      -3.626967  -1.878458   0.103305
    16  0.17669009    4.807982  110.874798      -3.584524   8.213521  -0.112687
    17  0.20870722    5.679212  130.965871      -3.484795  -2.229623  -1.054733
    18  0.20668472    5.624177  129.696726      -3.266815  -4.845518   2.183283
    19  0.15877952    4.320610   99.635737      -3.173305   1.881860  -1.693517
    20  0.19814243    5.391730  124.336355      -2.892944  -4.350673   0.843528
    21  0.14246233    3.876597   89.396539      -2.849011   5.214869  -1.367742
    22  0.13349463    3.632574   83.769218      -2.696038   2.756712   0.130905
    23  0.06828155    1.858036   42.847359      -2.358704  -0.861441   2.820413
    24  0.13612895    3.704257   85.422278      -2.475122   6.959860   0.444225
    25  0.16056316    4.369146  100.754990      -2.186966   3.302573   1.477761
    26  0.24880861    6.770427  156.129893      -2.000441  -5.817384   0.545015
    27  0.17717519    4.821182  111.179201      -1.830016  -0.453636   0.205183
    28  0.20472101    5.570742  128.464478      -1.740153  -1.043920  -1.459725
    29  0.14240207    3.874957   89.358722      -1.455907   0.688901   0.420443
    30  0.25867556    7.038920  162.321504      -1.221345  -2.759749  -0.945210
    31  0.24191595    6.582868  151.804679      -1.261690  -2.520564   0.616462
    32  0.16336680    4.445437  102.514301      -1.267203   4.847018   0.875537
    33  0.18598082    5.060795  116.704824      -1.300765   6.262886   1.359700
    34  0.12681607    3.450841   79.578351      -0.874271   2.009590   1.742349
    35  0.12881927    3.505351   80.835379      -0.825983   2.671062   1.547880
    36  0.15071990    4.101297   94.578243      -0.796576   3.467251  -0.655095
    37  0.22036138    5.996338  138.278968      -0.532685  -5.064743   0.287112
    38  0.14276824    3.884921   89.588496      -0.544596   1.215824  -0.666742
    39  0.17629593    4.797256  110.627461      -0.525014   4.525108   1.611176
    40  0.18487018    5.030573  116.007888      -0.003508  -1.028579   0.694331
    41  0.17748589    4.829637  111.374172      -0.012713   4.944981  -2.499510
    42  0.17008768    4.628321  106.731718       0.100154   2.619353   0.669503
    43  0.11332353    3.083690   71.111647       0.229712   3.325881  -1.848857
    44  0.12923307    3.516611   81.095042       0.508081   0.413410   2.241745
    45  0.27501803    7.483621  172.576561       1.054847  -4.953694   0.335426
    46  0.25926826    7.055048  162.693428       1.054847  -3.463322  -0.659255
    47  0.19681691    5.355660  123.504579       1.171575   0.016902  -0.136931
    48  0.04336494    1.180020   27.211930       1.290189   3.314075   3.438247
*   49  0.28104391    7.647594  176.357867       1.595643  -4.058723  -2.215951
    50  0.09732829    2.648438   61.074478       2.134974   3.875930  -0.231801
    51  0.16628190    4.524761  104.343556       2.219367   5.516285  -0.307317
    52  0.21414468    5.827173  134.377927       2.245298   0.409802  -1.434966
    53  0.19834929    5.397359  124.466161       2.358408   0.394856   0.412255
    54  0.25834017    7.029794  162.111041       2.664076  -1.165473  -0.987003
    55  0.25948228    7.060872  162.827728       2.917406  -2.227816   0.161723
    56  0.19693983    5.359005  123.581712       2.911130  -1.018664   1.605702
    57  0.22823913    6.210702  143.222335       3.039261  -3.438062  -2.161755
    58  0.25643084    6.977838  160.912915       4.626793  -3.349428  -2.558314
    59  0.19461768    5.295816  122.124540       4.667755   0.066138   0.046135
    60  0.20894509    5.685685  131.115134       4.759946  -1.560423  -1.958914
    61  0.20834033    5.669229  130.735639       4.790343  -0.750432   0.830805
    62  0.21787667    5.928726  136.719790       5.125536  -1.304310  -3.302059
    63  0.19132565    5.206236  120.058761       5.556635  -1.164633   2.154113
    64  0.14158065    3.852605   88.843273       6.846695  -0.021380  -0.781206
    65  0.14714464    4.004009   92.334731       7.140385  -1.622861  -0.667491
    66  0.13561139    3.690174   85.097501       7.177504  -0.882039   1.779469
    67  0.18338308    4.990107  115.074716       8.474933  -0.633105  -3.664647
    68  0.17285176    4.703536  108.466206       8.925740  -0.403545   1.940173
    69  0.13314182    3.622973   83.547821       9.068512  -0.528989  -2.150472
    70  0.12837968    3.493389   80.559533       9.279009  -0.346093   0.307353
    71  0.17412972    4.738311  109.268140      10.261732  -0.251297  -1.071893
