 Number of surface minima:    74
   #       a.u.         eV      kcal/mol           X/Y/Z coordinate(Angstrom)
     1  0.07893985    2.148063   49.535547      -6.865727  -2.730790  -0.234015
     2  0.08115002    2.208204   50.922450      -6.765624  -3.720454  -0.823580
     3  0.08091359    2.201771   50.774085      -6.193437  -3.934474   2.047077
     4  0.08313792    2.262298   52.169875      -6.049544  -4.968844   1.420209
     5  0.08170824    2.223394   51.272736      -6.098763  -1.995238  -0.088027
     6  0.08617100    2.344832   54.073164      -5.793384  -3.921439  -1.261303
     7  0.08274152    2.251511   51.921132      -5.269507  -3.189920   2.156943
     8  0.09138933    2.486830   57.347717      -5.139994  -5.244382   0.968326
     9  0.09209318    2.505983   57.789394      -5.194236  -2.201613  -0.506444
    10  0.11313562    3.078577   70.993731      -5.131776   5.993083  -2.178308
    11  0.09658341    2.628168   60.607054      -5.043363  -3.321136  -1.149337
    12  0.06780217    1.844991   42.546538      -5.051938  -0.746376  -2.480854
    13  0.11272362    3.067366   70.735198      -4.826126   6.839575  -0.116933
    14  0.07523329    2.047202   47.209639      -4.791820   0.576567  -0.500911
    15  0.09457008    2.573383   59.343668      -4.611033   4.655509  -1.896797
    16  0.09124509    2.482905   57.257207      -4.360700   3.738852  -1.551619
    17  0.09391941    2.555677   58.935369      -4.204646   5.722344   0.488677
    18  0.11002253    2.993865   69.040235      -3.952301   2.630492  -0.886364
    19  0.09018025    2.453929   56.589008      -3.943852   4.803296   0.862766
    20  0.09417926    2.562748   59.098430      -3.821035   5.594015  -2.461116
    21  0.10693701    2.909904   67.104041      -3.549318   3.478237   1.124362
    22  0.09398754    2.557531   58.978121      -3.413520   6.656057  -0.060913
    23  0.06861004    1.866974   43.053483      -3.150554   0.563437  -3.117307
    24  0.10198756    2.775223   63.998214      -3.146924   3.472147  -1.627726
    25  0.05517531    1.501397   34.623058      -3.023306   0.566184   0.583614
    26  0.09419454    2.563164   59.108015      -2.853962   5.358729  -2.536875
    27  0.11418881    3.107236   71.654620      -2.816648   2.428687   0.125778
    28  0.16896085    4.597658  106.024621      -2.575867  -2.811269  -1.565530
    29  0.10129636    2.756414   63.564480      -2.703187   4.441529   0.773791
    30  0.09493596    2.583339   59.573264      -2.440567   6.419125  -0.122794
    31  0.10461426    2.846699   65.646497      -2.410670   4.206446  -2.088590
    32  0.17240204    4.691298  108.184006      -2.227995  -3.811806  -1.231908
    33  0.15214179    4.139989   95.470494      -2.231449  -3.004372   1.249290
    34  0.03503247    0.953282   21.983222      -2.302046   1.669184   0.631657
    35  0.18337439    4.989871  115.069261      -2.077994  -5.112833  -0.560580
    36  0.16674676    4.537410  104.635259      -2.201418  -4.317933   1.432115
    37  0.10438223    2.840385   65.500893      -1.968894   5.197854   0.318434
*   38  0.01382868    0.376297    8.677632      -1.268754   0.987477   3.283522
    39  0.17612557    4.792620  110.520557      -1.177829  -4.196327  -1.139081
    40  0.15614854    4.249018   97.984768      -1.117815  -3.336555   1.348836
    41  0.08175955    2.224791   51.304936      -1.014929   3.883309   1.556530
    42  0.16050253    4.367496  100.716940      -0.334570  -2.717901   1.183620
    43  0.03003166    0.817203   18.845166      -0.482894   2.428907   2.881827
    44  0.03911046    1.064250   24.542206      -0.087306   0.179684  -1.931037
    45  0.09157333    2.491837   57.463182       0.471513   4.171245   0.668139
    46  0.03235852    0.880520   20.305292       0.908408  -0.809017   2.483778
    47  0.03744715    1.018989   23.498462       0.941719   1.168984  -2.215578
    48  0.03739771    1.017643   23.467438       0.909148   4.383769   3.215642
    49  0.16418872    4.467802  103.030065       1.628659  -1.407050  -1.619625
    50  0.03664959    0.997286   22.997983       1.809860   2.978056   1.425423
    51  0.05309394    1.444760   33.316977       2.109417  -0.494450   2.846385
    52  0.03151299    0.857512   19.774719       2.349630   2.616620   0.025824
    53  0.15865658    4.317265   99.558593       2.690875  -1.607378  -2.146523
    54  0.04763501    1.296214   29.891442       2.948475   1.779826   0.758560
    55  0.17383961    4.730416  109.086095       3.372472  -3.493066  -0.434688
    56  0.05722484    1.557167   35.909159       3.507577   0.095245   3.854576
    57  0.15446236    4.203135   96.926678       3.537814  -0.957791  -1.749640
    58  0.05523946    1.503142   34.663312       3.754008   2.038347   2.487072
    59  0.16773822    4.564389  105.257409       4.013818  -1.937025  -2.614450
    60  0.16582410    4.512303  104.056280       4.146112  -2.116520   0.763952
    61  0.16983123    4.621343  106.570793       4.207386  -2.801810  -0.029814
    62  0.18175728    4.945867  114.054514       4.480498  -3.524556  -1.282960
    63  0.05951846    1.619580   37.348427       5.837312   0.300896   2.691553
    64  0.05959116    1.621558   37.394048       5.896330   0.470074   2.500719
    65  0.08760360    2.383815   54.972134       6.246974  -0.092874   0.337188
    66  0.08262160    2.248248   51.845878       6.243135   0.567827  -2.445698
    67  0.09345864    2.543139   58.646230       6.627884  -1.288075   0.310482
    68  0.07736312    2.105158   48.546134       6.846806   0.603952   0.157288
    69  0.09068431    2.467646   56.905313       7.105989  -1.647846  -2.494004
    70  0.08018013    2.181812   50.313833       7.346534   0.204480  -2.670351
    71  0.08319536    2.263861   52.205918       7.607398  -1.522134   0.132660
    72  0.08221475    2.237177   51.590579       7.709485  -0.884661  -2.677850
    73  0.07524770    2.047594   47.218686       7.951248   0.431040  -0.084510
    74  0.07809307    2.125020   49.004180       8.226027  -0.754988  -0.065749
 
 Number of surface maxima:    78
   #       a.u.         eV      kcal/mol           X/Y/Z coordinate(Angstrom)
     1  0.17043032    4.637645  106.946729      -8.603764  -4.328553   0.995287
     2  0.12479754    3.395914   78.311703      -7.628081  -3.055972   1.497125
     3  0.12721453    3.461683   79.828389      -7.427007  -5.121796   0.197191
     4  0.17128676    4.660950  107.484153      -7.207326  -1.520279   2.227219
     5  0.17769437    4.835310  111.504995      -6.672610  -6.395669  -0.805713
     6  0.18047618    4.911007  113.250606      -6.355772   4.270523   0.066946
     7  0.18183458    4.947970  114.103015      -5.793021   7.083104  -1.360283
     8  0.13496678    3.672633   84.693004      -5.648925  -3.237609  -0.308541
     9  0.12975625    3.530847   81.423346      -5.655580  -1.462662   1.668330
    10  0.13680773    3.722728   85.848221      -5.714926   5.603751  -0.658944
    11  0.13655200    3.715769   85.687744      -5.235808  -4.043367   1.044492
    12  0.08739004    2.378004   54.838127      -5.100250  -1.922812  -2.266643
    13  0.11467130    3.120365   71.957389      -5.047760   5.670479  -2.146523
    14  0.13480074    3.668115   84.588810      -4.849901   3.354747   0.168874
    15  0.17160992    4.669744  107.686944      -4.217959  -0.799555   1.546751
    16  0.13694090    3.726351   85.931785      -4.159577   7.243098  -1.603521
    17  0.09655198    2.627313   60.587333      -4.059986   1.214437   0.081027
    18  0.19205316    5.226032  120.515280      -3.976131   0.127394  -1.881934
    19  0.17456457    4.750143  109.541012      -3.945633   2.118560   0.486649
    20  0.22558728    6.138542  141.558276      -3.727504  -1.476100  -0.294403
    21  0.20856928    5.675459  130.879309      -3.526957  -5.589076  -1.334701
    22  0.14667380    3.991197   92.039276      -3.359464   4.700808  -1.569052
    23  0.14678421    3.994202   92.108562      -3.101051   5.359618  -0.123760
    24  0.19782960    5.383217  124.140053      -2.987180  -4.447773  -0.424979
    25  0.22150699    6.027512  138.997852      -2.733192  -1.614711  -2.088798
    26  0.18170674    4.944492  114.022794      -2.756669   7.933391  -2.278817
    27  0.06377467    1.735397   40.019245      -2.670775  -0.683960   2.546194
    28  0.24276196    6.605889  152.335555      -2.204275  -5.642223   0.770979
    29  0.14227614    3.871531   89.279698      -2.211846   3.224273   0.511303
    30  0.20902573    5.687879  131.165738      -2.097950  -0.150140  -0.624227
    31  0.08540454    2.323976   53.592200      -2.001531   0.382167  -3.204877
    32  0.14265002    3.881704   89.514311      -1.674837   6.662105  -1.820057
    33  0.14775766    4.020690   92.719407      -1.439394   0.569383   0.217862
    34  0.14324469    3.897886   89.887475      -1.384672   3.523468   0.813284
    35  0.16509357    4.492424  103.597865      -1.482279   5.339162   2.748366
    36  0.24962932    6.792759  156.644896      -1.283171  -2.864811  -0.964147
    37  0.23092154    6.283695  144.905577      -1.277954  -2.412429   0.553136
    38  0.17623227    4.795524  110.587511      -1.142184   2.831206  -1.615806
    39  0.11943248    3.249923   74.945078      -1.013366   1.819746   1.477954
    40  0.21391263    5.820859  134.232314      -0.774402  -5.018888   0.355811
    41  0.17307940    4.709730  108.609052      -0.671010   4.623164  -0.984695
    42  0.15047436    4.094616   94.424168      -0.324295   1.238039  -0.897460
    43  0.18117743    4.930088  113.690647      -0.219600  -0.878670   0.644126
    44  0.19552022    5.320376  122.690895      -0.265237   5.845964  -1.762644
    45  0.17190404    4.677747  107.871506       0.242100   2.493504   0.234775
    46  0.14374809    3.911585   90.203366       0.465819   0.466330   2.119237
    47  0.19079495    5.191795  119.725739       0.390159   4.127765  -1.100531
    48  0.26831552    7.301237  168.370670       0.885752  -4.979794   0.388241
    49  0.24947563    6.788577  156.548455       0.997525  -3.490456  -0.671786
    50  0.17847781    4.856628  111.996610       1.131118  -0.192752  -0.257964
    51  0.08100805    2.204341   50.833361       1.203936   3.082573   3.130677
    52  0.17007452    4.627963  106.723459       1.157837   5.922833   1.028540
*   53  0.26947506    7.332789  169.098297       1.476475  -4.058097  -2.290500
    54  0.13841074    3.766348   86.854123       1.668068   0.998190   0.916743
    55  0.15535007    4.227290   97.483720       1.742978   1.357052   3.356701
    56  0.19579071    5.327736  122.860628       2.558580   0.238311   0.954873
    57  0.23256386    6.328384  145.936145       2.630117  -1.143259  -0.884338
    58  0.07680290    2.089913   48.194585       2.823169  -1.010965   3.726560
    59  0.07307498    1.988471   45.855282       2.785659   1.882661  -1.749640
    60  0.21402609    5.823946  134.303509       2.951570  -3.551340  -2.162202
    61  0.24747353    6.734097  155.292114       2.870877  -2.333908   0.150188
    62  0.06813841    1.854140   42.757531       3.606678   2.412760   1.553685
    63  0.21517360    5.855171  135.023587       4.146112  -1.340143   1.822306
    64  0.18163517    4.942544  113.977888       4.384651   0.567884   2.701707
    65  0.21828168    5.939747  136.973940       4.535084   0.165390   0.508435
    66  0.17058893    4.641961  107.046261       4.457132   1.634922  -0.799340
    67  0.24298902    6.612067  152.478039       4.596391  -3.259968  -2.675700
    68  0.19670186    5.352530  123.432381       5.024039  -2.598496  -0.978704
    69  0.12743663    3.467727   79.967761       6.009602   1.782119  -1.078708
    70  0.20665105    5.623261  129.675598       6.061245  -3.726132  -0.790959
    71  0.08109632    2.206743   50.888750       6.325729  -0.614082   1.853089
    72  0.13694522    3.726469   85.934497       6.643656  -0.620502  -1.908613
    73  0.13196628    3.590985   82.810161       7.025823  -0.495193  -0.347439
    74  0.16916118    4.603110  106.150330       7.488307   2.609352  -1.585279
    75  0.12260427    3.336232   76.935406       8.489675   1.235107  -1.633726
    76  0.17588339    4.786030  110.368586       9.171285  -2.858596  -1.483245
    77  0.12563277    3.418642   78.835820       9.227283  -1.143259  -1.617346
    78  0.16836624    4.581478  105.651498       9.900393   0.377604  -1.881934
