 Number of surface minima:    63
   #       a.u.         eV      kcal/mol           X/Y/Z coordinate(Angstrom)
     1  0.10737139    2.921724   67.376618      -6.717892  -5.875006  -0.651855
     2  0.08581816    2.335231   53.851754      -6.504818  -3.185118   0.077520
     3  0.08847075    2.407412   55.516281      -6.247385  -3.738480   1.087788
     4  0.09248192    2.516561   58.033331      -5.719094  -5.327064  -1.294562
     5  0.08724865    2.374157   54.749401      -5.687519  -2.572152  -0.391770
     6  0.10862523    2.955843   68.163417      -5.765176   5.221492  -2.536793
     7  0.09338580    2.541157   58.600525      -5.585475  -5.974289  -0.192219
     8  0.08764147    2.384846   54.995900      -5.522829   4.166605  -1.482151
     9  0.09260880    2.520014   58.112951      -5.302792  -3.735774   1.650822
    10  0.08588329    2.337003   53.892621      -5.396531   3.613888  -0.692716
    11  0.09735797    2.649245   61.093100      -4.884477  -4.723427  -1.757962
    12  0.10095575    2.747146   63.350742      -4.629164  -5.854652   0.162264
    13  0.01052675    0.286447    6.605639      -4.711990   0.815083  -1.188484
    14  0.08775419    2.387913   55.066633      -4.712477   4.171422  -2.511914
    15  0.10849215    2.952221   68.079908      -4.650727   6.863290  -1.510492
    16  0.09063302    2.466250   56.873125      -4.297190   2.866883  -0.736447
    17  0.08900705    2.422005   55.852816      -4.171853   6.167283  -0.383759
    18  0.08955429    2.436896   56.196210      -4.042079   5.635586   0.407487
    19  0.08244160    2.243350   51.732929      -3.871985   3.586533  -2.581245
    20  0.08873719    2.414662   55.683477      -3.635121   2.867480  -1.566853
    21  0.08869958    2.413638   55.659874      -3.368118   6.177253  -1.432143
    22  0.09795300    2.665437   61.466490      -2.882445   4.798051   0.375274
    23  0.10067273    2.739444   63.173142      -2.611428   2.982754  -2.547000
    24  0.08383347    2.281225   52.606342      -2.488333   5.593734  -1.489037
    25  0.18188752    4.949411  114.136240      -2.109743  -2.746985  -1.500519
    26  0.09433516    2.566990   59.196256      -2.235255   4.787917  -0.441419
    27  0.18027733    4.905596  113.125829      -1.855440  -4.083453  -1.108231
    28  0.16924945    4.605512  106.205720      -1.850984  -3.219360   1.342320
    29  0.18586070    5.057527  116.629448      -1.586746  -5.138219  -0.576586
    30  0.08323968    2.265067   52.233732      -1.643009   3.272061   2.172152
    31  0.18678289    5.082621  117.208128      -1.454237  -4.585938   1.537608
    32  0.09935004    2.703452   62.343145      -1.476155   4.645622  -1.648245
    33  0.07493830    2.039175   47.024532      -1.043046   4.134568   0.898443
    34  0.02110474    0.574289   13.243433      -0.800576   0.813034   3.389491
    35  0.18517533    5.038877  116.199373      -0.692907  -4.222317  -1.023289
    36  0.16888250    4.595527  105.975458      -0.688721  -3.426860   1.496965
    37  0.02447217    0.665922   15.356534      -0.660335   2.534909  -1.284449
    38  0.03954693    1.076127   24.816094      -0.193556   0.223507  -1.899424
    39  0.02716152    0.739103   17.044129      -0.131158   2.270320   3.058259
    40  0.17285118    4.703520  108.465844       0.031542  -2.602116   1.315195
    41  0.02977818    0.810306   18.686108       0.420706   4.669084   3.008339
    42  0.02348673    0.639106   14.738158       1.059491   3.593263   0.934937
    43  0.03838011    1.044376   24.083900       1.425812  -0.172437   2.537122
    44  0.00824822    0.224446    5.175842       1.776803   3.252221  -0.520641
    45  0.17166441    4.671226  107.721132       1.985551  -1.378944  -1.634836
    46  0.16671577    4.536567  104.615812       2.975160  -1.502666  -2.031718
    47  0.18118385    4.930263  113.694677       3.758919  -3.153746  -0.126056
    48  0.16442948    4.474354  103.181141       3.837671  -0.701345  -1.634836
    49  0.18302594    4.980389  114.850607       4.208709  -1.963097  -2.480900
    50  0.17557957    4.777763  110.177936       4.278854  -1.433920   1.055350
*   51 -0.01213764   -0.330282   -7.616488       4.493264   2.798764   2.463721
    52  0.17523356    4.768348  109.960812       4.631681  -2.358585   0.214830
    53  0.18136911    4.935304  113.810929       4.958865  -3.090907  -0.778230
    54  0.09574380    2.605321   60.080194       6.071279   0.659388  -1.243671
    55  0.08471143    2.305115   53.157271       6.904849   0.845474  -1.748064
    56  0.07696266    2.094260   48.294838       7.013987   1.079464   0.482755
    57  0.09066287    2.467062   56.891860       7.674206  -1.496737   0.746462
    58  0.09556002    2.600320   59.964870       7.677715  -1.688573  -1.496036
    59  0.08030919    2.185324   50.394820       7.847359   1.130140  -1.337002
    60  0.07699143    2.095043   48.312895       7.938795   1.269154  -0.017585
    61  0.08741001    2.378547   54.850658       8.534014  -1.433920  -1.134095
    62  0.08601524    2.340594   53.975423       8.608484  -1.306591   0.088685
    63  0.10149587    2.761843   63.689670       9.647172  -0.876479  -0.562210
 
 Number of surface maxima:    74
   #       a.u.         eV      kcal/mol           X/Y/Z coordinate(Angstrom)
     1  0.17716539    4.820915  111.173054      -8.069961  -5.403165  -0.018814
     2  0.13279293    3.613479   83.328890      -7.275741  -4.346320  -1.106086
     3  0.17918126    4.875770  112.438033      -6.980411  -3.389795  -2.554542
     4  0.13455797    3.661508   84.436469      -6.809832  -5.558196   1.011051
     5  0.17808328    4.845893  111.749041      -6.613579   5.690973   0.428023
     6  0.18301695    4.980145  114.844968      -6.047904  -6.187443   2.330202
     7  0.13289242    3.616187   83.391325      -5.939263   5.984760  -1.104249
     8  0.17819818    4.849019  111.821139      -5.772671   6.768327  -2.544296
     9  0.10983676    2.988810   68.923662      -5.655325   4.927473  -2.419589
    10  0.13713896    3.731741   86.056068      -5.422930   4.494353   0.955931
    11  0.14411439    3.921552   90.433218      -5.280142  -3.552743   0.344631
    12  0.14919420    4.059781   93.620853      -4.747243  -4.858838  -0.438473
    13  0.18920997    5.148665  118.731148      -4.653507   3.401316   1.937111
    14  0.13177953    3.585903   82.692974      -4.389376   5.974561  -3.014437
    15  0.10974847    2.986408   68.868262      -4.381019   6.739051  -1.376599
    16  0.13864210    3.772643   86.999302      -4.313212   3.909216  -1.318883
    17  0.19943241    5.426832  125.145829      -3.835398  -2.359980  -2.477170
    18  0.19778464    5.381994  124.111841      -3.478009  -2.095392  -0.047304
    19  0.16579473    4.511504  104.037850      -3.438515   3.080068   1.179672
    20  0.13988977    3.806594   87.782231      -3.414079   5.089762  -0.687410
    21  0.21367845    5.814486  134.085362      -3.222622  -2.384209  -1.022060
    22  0.18499292    5.033913  116.084906      -3.053300   2.281469   1.961219
    23  0.17466254    4.752809  109.602489      -3.097298   5.654306  -4.016133
    24  0.15966180    4.344619  100.189377      -3.003928   1.637111  -0.022163
    25  0.21312322    5.799378  133.736953      -2.856744  -4.977091   2.254293
    26  0.20471650    5.570619  128.461651      -2.508436  -4.339462   1.023843
    27  0.13331450    3.627672   83.656181      -2.405541   2.528427  -1.143826
    28  0.12734006    3.465099   79.907160      -2.380161   4.493222  -3.009981
    29  0.06846780    1.863104   42.964230      -2.354077  -0.615478   2.877680
    30  0.16424660    4.469377  103.066381      -2.188200   4.549275   3.656937
    31  0.18510092    5.036852  116.152676      -1.696514  -0.463337   0.129514
    32  0.25426818    6.918989  159.555824      -1.610051  -5.840737   0.733658
    33  0.20545794    5.590795  128.926912      -1.611338  -1.228247  -1.502541
    34  0.13419654    3.651674   84.209671      -1.637816   3.570559  -0.589447
    35  0.13625812    3.707772   85.503333      -1.504274   3.675384   0.324921
    36  0.15008761    4.084091   94.181474      -1.442161   0.568034   0.232907
    37  0.16460449    4.479116  103.290963      -1.234549   3.432162  -2.560896
    38  0.24644245    6.706040  154.645100      -0.989818  -2.424875   0.681567
    39  0.16732666    4.553190  104.999151      -1.046463   2.025735   1.292487
    40  0.12179812    3.314295   76.429540      -0.949599   3.059459   0.862420
    41  0.15960835    4.343164  100.155834      -0.893386   6.036611   1.143345
    42  0.26287829    7.153282  164.958755      -0.908080  -2.869316  -0.836100
    43  0.14349251    3.904630   90.042984      -0.283914   1.209566  -0.984310
    44  0.22441244    6.106573  140.821050      -0.141870  -5.022087   0.477207
    45  0.18660786    5.077858  117.098298      -0.022487  -0.782412   0.706016
    46  0.11475347    3.122601   72.008948       0.115367   2.636159   0.075296
    47  0.13982983    3.804963   87.744619       0.519076   0.678143   2.050841
    48  0.17930559    4.879153  112.516050       1.122755  -0.180007  -0.311892
    49  0.07145712    1.944447   44.840055       1.084593   3.614256   2.746501
*   50  0.27754048    7.552261  174.159428       1.456374  -4.806955   0.548491
    51  0.25856124    7.035809  162.249764       1.493224  -3.370591  -0.414443
    52  0.13709226    3.730470   86.026765       1.638503   1.366004   0.796297
    53  0.27745133    7.549835  174.103485       2.024923  -4.027812  -2.009186
    54  0.13722940    3.734202   86.112823       2.274064   2.152986   2.611499
    55  0.17645450    4.801571  110.726960       2.457742   0.682789   0.458655
    56  0.05689257    1.548126   35.700658       2.538323   2.014792  -2.042085
    57  0.24182899    6.580501  151.750109       2.892113  -0.912478  -0.868322
    58  0.19861399    5.404562  124.632266       2.902988  -0.511456   1.658997
    59  0.25832853    7.029477  162.103737       3.176200  -1.879007   0.349579
    60  0.22235008    6.050453  139.526898       3.465367  -3.368107  -1.866085
    61  0.18761137    5.105165  117.728010       4.749666   0.416384   0.090799
    62  0.25032735    6.811754  157.082918       5.028320  -3.217530  -2.227796
    63  0.19907421    5.417085  124.921060       5.028320  -1.433920  -1.824905
    64  0.20453742    5.565746  128.349277       4.924215  -0.358966   0.889901
    65  0.20810750    5.662893  130.589535       5.464001  -1.133934  -3.204393
    66  0.19077443    5.191236  119.712865       5.715724  -0.629262   2.326460
    67  0.13444455    3.658422   84.365302       7.029828   0.439350  -0.697015
    68  0.13372373    3.638808   83.912979       7.271773  -0.244683   1.935342
    69  0.14129131    3.844732   88.661710       7.343104  -1.169332  -0.551619
    70  0.17824695    4.850346  111.851746       8.562549  -0.255454  -3.539395
    71  0.17090570    4.650581  107.245037       8.860191   0.283290   2.199963
    72  0.12838004    3.493399   80.559759       9.276197   0.026425  -1.906885
    73  0.12534062    3.410692   78.652491       9.340753   0.274043   0.584027
    74  0.17084832    4.649019  107.209032      10.399186   0.406534  -0.742567
