 Number of surface minima:    71
   #       a.u.         eV      kcal/mol           X/Y/Z coordinate(Angstrom)
     1  0.14007808    3.811718   87.900394      -6.482161   2.447714  -1.782091
     2  0.11140002    3.031349   69.904629      -6.331031  -1.634575   0.618042
     3  0.13277367    3.612955   83.316806      -6.037566   1.733169   0.262126
     4  0.11314098    3.078723   70.997096      -5.896138  -3.968211  -0.644195
     5  0.12002150    3.265951   75.314691      -5.861085   0.034592   0.027111
     6  0.13126670    3.571948   82.371165      -5.748208   4.498058  -1.305180
     7  0.12756139    3.471122   80.046051      -5.697811   1.752428  -0.999282
     8  0.12287909    3.343710   77.107858      -5.595145  -3.947653  -2.490519
     9  0.13501161    3.673853   84.721138      -5.438056  -1.406211  -3.535637
    10  0.13305404    3.620584   83.492738      -5.339701   0.210693  -2.330920
    11  0.13024798    3.544228   81.731913      -5.234640   1.954487  -2.237568
    12  0.12114787    3.296601   76.021499      -5.305578   3.764971   0.832049
    13  0.12840921    3.494192   80.578066      -4.972546   1.288871  -0.254226
    14  0.14130971    3.845233   88.673254      -5.016161   2.458476  -3.358860
    15  0.10927809    2.973608   68.573097      -4.838669  -0.842530   1.344783
    16  0.11309740    3.077537   70.969747      -4.792891   4.123660  -0.234826
    17  0.12348613    3.360228   77.488781      -4.505632  -4.692482  -1.402239
    18  0.14096840    3.835945   88.459083      -4.490963   1.263848   1.080195
    19  0.11555423    3.144390   72.511432      -4.407368   4.384936  -1.564764
    20  0.13809450    3.757742   86.655679      -4.256186   1.746141  -2.600036
    21  0.10862601    2.955864   68.163908      -4.179547   3.719259   0.536185
    22  0.14677466    3.993942   92.102567      -4.016758  -0.246361  -3.492376
    23  0.07028261    1.912487   44.103041      -3.832718  -3.634267   2.535432
    24  0.15648538    4.258184   98.196140      -3.554333   1.274418  -1.535722
    25  0.11883961    3.233790   74.573041      -3.512394   4.207784  -1.839740
    26  0.12137855    3.302878   76.166253      -3.430156   2.986127   1.402208
    27  0.12270615    3.339004   76.999337      -2.987154   3.454997   0.138691
    28  0.12996253    3.536460   81.552789      -2.728530   1.594992   1.187575
    29  0.17998744    4.897707  112.943919      -2.583342  -0.541597  -0.118063
    30  0.12868488    3.501694   80.751047      -2.635259   3.648729  -0.877656
    31  0.19595045    5.332083  122.960866      -2.456960  -3.469087  -2.503762
    32  0.17921615    4.876719  112.459925      -2.449523  -3.189905  -0.252164
    33  0.19390595    5.276449  121.677921      -2.452551  -0.812559  -1.841750
    34  0.03714787    1.010845   23.310658      -2.509666  -0.357700   2.984170
    35  0.18341853    4.991072  115.096961      -2.323143  -3.339884  -1.168808
    36  0.04031903    1.097137   25.300595      -1.900049   1.187156   1.829250
    37  0.18578382    5.055435  116.581205      -1.263774  -3.461179  -1.841819
    38  0.19449433    5.292460  122.047139      -1.372083  -0.906059  -2.490540
    39  0.02938745    0.799673   18.440921      -0.953353  -1.824150   3.074586
    40  0.20859331    5.676113  130.894391      -0.476135  -1.234289  -3.153223
    41  0.20123646    5.475923  126.277892      -0.466937  -0.677841  -1.973977
    42  0.20070943    5.461581  125.947176      -0.325016  -3.177320  -1.176045
    43  0.01806765    0.491646   11.337633      -0.177999  -1.687412   2.392747
    44  0.03427078    0.932555   21.505257      -0.237445   3.268363   2.345916
    45  0.11078274    3.014552   69.517275       0.216660   3.119321  -0.581306
*   46 -0.01187985   -0.323267   -7.454722       0.572568   0.277943   4.365329
    47  0.04829448    1.314160   30.305266       0.708281   5.038656   1.060452
    48  0.06209744    1.689757   38.966762       1.478197   1.941236  -0.406383
    49 -0.00149058   -0.040561   -0.935356       1.804191  -0.114067   3.791509
    50  0.05374567    1.462494   33.725946       1.809850   3.064121   0.555304
    51  0.07592699    2.066078   47.644944       2.068780   3.008357  -1.055913
    52  0.16274703    4.428572  102.125390       2.134443  -2.363070   0.087503
    53  0.07595873    2.066942   47.664865       2.333368   3.245611  -1.248782
    54  0.05512554    1.500042   34.591827       2.810785   2.796408   0.763846
    55  0.15735751    4.281916   98.743412       3.055238  -2.567261   0.021840
    56  0.17559597    4.778209  110.188225       3.235232  -1.982049  -2.543806
    57  0.05079254    1.382135   31.872826       3.361974   1.738053   1.294527
    58  0.15303588    4.164318   96.031543       3.814373  -1.951825   0.205781
    59  0.17041440    4.637212  106.936739       4.025941  -0.391131  -2.137171
    60  0.17019822    4.631329  106.801083       4.185489  -1.304716  -2.303738
    61  0.16823986    4.578039  105.572193       4.434437  -3.024542  -0.279470
    62  0.17959966    4.887155  112.700583       4.582372  -2.476906  -2.324702
    63  0.07379823    2.008152   46.309130       5.261546   2.822754  -1.681425
    64  0.08517554    2.317744   53.448506       5.385203   1.224475   1.220608
    65  0.08654254    2.354942   54.306310       6.458941   0.040357   1.909327
    66  0.10011229    2.724194   62.821460       6.591624  -2.340710   1.512901
    67  0.11086809    3.016874   69.570833       6.566786  -0.481340  -3.228206
    68  0.09189806    2.500673   57.666950       7.095482   1.208784   0.682959
    69  0.11038418    3.003706   69.267178       7.410989  -3.024542  -0.192311
    70  0.09960091    2.710279   62.500570       7.566440   0.356409  -1.992937
    71  0.10669987    2.903451   66.955233       7.681100  -1.569304  -2.359457
 
 Number of surface maxima:    90
   #       a.u.         eV      kcal/mol           X/Y/Z coordinate(Angstrom)
     1  0.20125199    5.476345  126.287637      -7.046773   3.861837  -1.820893
     2  0.18050206    4.911711  113.266846      -6.696020  -3.034574  -1.848960
     3  0.18148906    4.938569  113.886203      -6.771290  -0.893854  -0.891103
     4  0.19526554    5.313446  122.531079      -6.530350   2.824909   1.140097
     5  0.19165466    5.215188  120.265214      -6.450703  -0.789922  -2.524553
     6  0.15661888    4.261816   98.279911      -6.445551   3.178789  -0.395534
     7  0.14420636    3.924055   90.490932      -6.104007   2.177034  -1.809157
     8  0.12655911    3.443848   79.417107      -5.853722  -0.523841   0.809166
     9  0.14667252    3.991162   92.038471      -5.693477  -2.463878  -0.484363
    10  0.16587049    4.513565  104.085388      -5.694520  -1.802979  -1.540565
    11  0.16118566    4.386085  101.145611      -5.645261   3.585263  -2.778149
    12  0.13188987    3.588906   82.762215      -5.376861  -4.484650  -1.719000
    13  0.16490708    4.487350  103.480839      -5.404963  -2.296038   1.477078
    14  0.15223484    4.142521   95.528885      -4.899600   2.178155   1.255708
    15  0.15155755    4.124091   95.103877      -4.750062  -0.246361  -3.489644
    16  0.20738950    5.643355  130.138986      -4.693499   3.713953  -4.106222
    17  0.17452071    4.748950  109.513488      -4.523476  -4.465703   0.040604
    18  0.18223385    4.958835  114.353562      -4.304127   1.951921  -1.219529
    19  0.18166052    4.943234  113.993794      -4.079460   0.352409   0.389768
    20  0.15677781    4.266141   98.379646      -3.907926   0.906785   0.145194
    21  0.16945571    4.611124  106.335155      -3.873006   3.474089  -0.893866
    22  0.20400570    5.551277  128.015614      -3.834164  -3.919996  -2.888634
    23  0.18383963    5.002531  115.361204      -3.615491   1.617096   2.001129
    24  0.24342591    6.623956  152.752195      -3.491278  -1.689922   0.680955
    25  0.20317352    5.528633  127.493417      -3.572748   0.594532  -2.204568
    26  0.21535905    5.860218  135.139958      -3.478540  -2.490502  -2.357247
    27  0.17388759    4.731722  109.116201      -3.196824   3.060996  -3.366018
    28  0.18514031    5.037924  116.177396      -3.089610  -2.361948   2.801376
    29  0.26626423    7.245418  167.083470      -2.851540  -2.638240  -3.729445
    30  0.20471498    5.570578  128.460700      -2.856536  -0.691134  -1.315377
    31  0.16330629    4.443790  102.476328      -2.286722   2.283834   0.687898
    32  0.20513437    5.581990  128.723866      -2.183567  -1.074875  -2.756340
    33  0.22604055    6.150876  141.842709      -2.023056  -3.134818   1.090196
    34  0.21363042    5.813179  134.055223      -1.753013   1.762075  -1.825205
    35  0.18001540    4.898468  112.961461      -1.826714   5.251040   0.418723
    36  0.21094521    5.740111  132.370229      -1.711718  -0.984090   1.368325
    37  0.23324243    6.346849  146.361954      -1.710768   0.604391  -0.979528
    38  0.23161262    6.302500  145.339236      -1.711794   2.562163  -3.285517
    39  0.16197555    4.407579  101.641280      -1.614169   2.706344   0.460954
    40  0.26273998    7.149518  164.871964      -1.434450  -1.103706  -1.100092
    41  0.03693323    1.005004   23.175969      -1.500835   0.682411   4.654922
    42  0.23334059    6.349520  146.423554      -1.206250  -2.469651  -3.372642
    43  0.25697978    6.992775  161.257382      -1.125293  -2.659702  -0.647010
    44  0.14778274    4.021373   92.735147      -1.037081  -0.044865   1.609372
    45  0.12472368    3.393904   78.265357      -1.052291   4.410915  -0.982522
    46  0.06883149    1.873000   43.192449      -0.913176  -3.360612   2.860833
    47  0.11631216    3.165015   72.987043      -0.709400   1.803486   1.939393
    48  0.23583121    6.417293  147.986440      -0.444812   1.764330  -1.910336
    49  0.20527290    5.585760  128.810800      -0.337258  -0.114067   0.099336
    50  0.19960116    5.431424  125.251723       0.112855   1.605759   0.210117
*   51  0.28379040    7.722329  178.081313       0.369187  -2.493910  -3.654385
    52  0.11900923    3.238406   74.679480       0.492212  -0.643244   2.427670
    53  0.18650252    5.074992  117.032196       0.481248   4.780822  -1.638142
    54  0.26148741    7.115434  164.085962       0.875377  -2.498894  -1.963149
    55  0.23170615    6.305045  145.397925       0.782350  -0.515669  -1.687319
    56  0.11420557    3.107692   71.665137       1.135698   1.339410   2.797593
    57  0.08696837    2.366530   54.573522       1.237384   4.111382   1.721243
    58  0.17816276    4.848055  111.798913       1.426732  -0.603234   0.551018
    59  0.27216199    7.405904  170.784373       1.650331  -4.122818  -1.838943
    60  0.13331777    3.627761   83.658232       1.896119   1.201038   1.050785
    61  0.10833892    2.948052   67.983757       1.819519   2.550115  -2.351206
    62  0.14679496    3.994494   92.115303       2.136236   3.033485   2.932315
    63  0.25110943    6.833035  157.573677       2.730251  -0.938690  -1.763904
    64  0.19894808    5.413652  124.841907       2.640046   1.103381   0.021840
    65  0.22947032    6.244205  143.994921       2.779587  -1.410491  -0.193412
    66  0.22774708    6.197313  142.913569       3.536352   0.945128  -2.094659
    67  0.06904381    1.878778   43.325681       3.751220  -0.523955   2.381029
    68  0.19194382    5.223057  120.446665       3.924951   2.799237  -1.169581
    69  0.07231187    1.967706   45.376420       3.922984   2.796746   1.212621
    70  0.16582262    4.512263  104.055352       4.427082  -1.437010   0.372865
    71  0.17094298    4.651595  107.268432       4.557695  -2.627659  -0.169893
    72  0.17773013    4.836283  111.527431       4.595698  -0.639145  -2.097523
    73  0.22392559    6.093325  140.515547       4.626410   0.703599  -0.463298
    74  0.24547861    6.679813  154.040284       4.836324  -3.715425  -1.581644
    75  0.16656157    4.532371  104.519048       4.990103  -2.751363   1.479515
    76  0.14009818    3.812265   87.913011       4.982269  -0.113213   2.018059
    77  0.19560422    5.322661  122.743603       5.188897  -2.128789  -1.433397
    78  0.19372589    5.271550  121.564934       5.854552  -3.560605  -1.177348
    79  0.15260451    4.152580   95.760853       6.018627   1.971803  -0.120541
    80  0.18386991    5.003355  115.380205       6.102955  -2.165430  -2.955583
    81  0.12895954    3.509168   80.923403       6.181128  -1.162351   1.095457
    82  0.16418197    4.467619  103.025831       6.236850   0.878940  -2.756340
    83  0.09980923    2.715947   62.631287       6.477407   1.111127   1.365810
    84  0.12173697    3.312631   76.391163       6.606982  -3.421425   0.591213
    85  0.12829973    3.491213   80.509364       6.907463   0.226610  -0.771925
    86  0.14317099    3.895881   89.841226       7.179944  -0.919719  -0.270285
    87  0.11826345    3.218112   74.211497       7.296529  -0.643244  -2.952657
    88  0.15665137    4.262701   98.300300       7.860768  -0.256211   1.064612
    89  0.16571697    4.509388  103.989058       8.007095  -1.970144   0.668310
    90  0.16304721    4.436740  102.313756       8.440721  -0.891134  -1.288991
