 Number of surface minima:    52
   #       a.u.         eV      kcal/mol           X/Y/Z coordinate(Angstrom)
     1  0.13093421    3.562901   82.162526      -7.087194  -0.318292  -1.550157
     2  0.11102044    3.021020   69.666439      -6.216330  -1.195835  -0.946829
     3  0.12857120    3.498600   80.679711      -6.235306  -0.248651  -3.565050
     4  0.11797074    3.210147   74.027821      -5.841651   0.015712  -0.786893
     5  0.10961982    2.982907   68.787532      -5.675285  -1.957671  -0.735007
     6  0.10794616    2.937364   67.737295      -5.140058  -1.161601  -3.375612
     7  0.12034088    3.274642   75.515107      -4.893387   0.132790  -0.401091
     8  0.15581317    4.239892   97.774324      -4.995665   3.737113  -0.219697
     9  0.11397944    3.101538   71.523238      -4.761093  -0.001660  -3.190836
    10  0.10515893    2.861520   65.988280      -4.628798  -1.985994  -3.188608
    11  0.12025947    3.272426   75.464017      -4.354411  -1.825490  -0.211160
    12  0.14623563    3.979274   91.764323      -4.199077   4.983066   1.425099
    13  0.14433728    3.927617   90.573086      -4.194745   2.955928  -0.309560
    14  0.12500257    3.401493   78.440360      -4.094811  -0.769264  -0.087371
    15  0.11440223    3.113043   71.788542      -3.835032   0.306115  -2.836571
    16  0.14982526    4.076953   94.016847      -3.825087   3.877107  -1.145908
    17  0.15367585    4.181733   96.433133      -3.590350   5.042400  -1.850967
    18  0.11570521    3.148499   72.606179      -3.438150  -1.667012  -2.683057
    19  0.11998474    3.264951   75.291622      -3.173561  -0.742050  -2.553054
    20  0.13041292    3.548716   81.835410      -3.246713   4.448250   1.684049
    21  0.09589941    2.609556   60.177841      -2.974696  -1.828725   1.162300
    22  0.13971937    3.801957   87.675301      -2.936218   5.252384   0.900652
    23  0.04221666    1.148774   26.491376      -2.768147  -3.693329   3.102665
    24  0.14048675    3.822839   88.156840      -2.794486   4.120248  -1.821090
    25  0.14950164    4.068147   93.813776      -2.751391   6.252035  -0.203648
    26  0.17693122    4.814543  111.026112      -2.171934   2.397686  -0.769234
    27  0.10701475    2.912019   67.152823      -1.850618  -0.787480   0.791276
    28  0.13509329    3.676075   84.772390      -1.875421   5.523831   0.246039
    29  0.05019777    1.365951   31.499605      -1.421942  -1.636491   2.875494
    30  0.02407633    0.655150   15.108137      -0.944951  -3.974724   1.480646
    31  0.17045682    4.638366  106.963359      -1.000784   2.460760  -1.361795
    32  0.07764206    2.112748   48.721168      -0.638653  -0.490522  -1.157032
    33  0.15414796    4.194579   96.729387      -0.020947   1.473984  -1.161058
    34  0.17153052    4.667583  107.637114       0.635202   3.057544   0.915573
    35  0.02072934    0.564074   13.007866       0.905190  -0.115642   2.673211
    36  0.18964876    5.160605  119.006491       0.852638   3.917300  -0.037550
    37  0.02052004    0.558379   12.876528       1.161901  -1.712800  -1.705651
*   38 -0.00638741   -0.173810   -4.008162       1.260836  -4.474611   0.370648
    39 -0.00506310   -0.137774   -3.177145       2.351100  -3.597157   1.350234
    40  0.04683312    1.274394   29.388249       2.259493  -2.749681  -1.275892
    41  0.13136015    3.574491   82.429808       2.495717   1.081750   1.319049
    42  0.16810450    4.574356  105.487254       2.516120   2.143018  -1.154354
    43  0.14343028    3.902936   90.003932       3.724059   1.346338   1.266402
    44  0.13010349    3.540296   81.641244       4.298464  -0.574532   0.365507
    45  0.12246416    3.332419   76.847485       5.954746   2.871516  -1.153274
    46  0.11487047    3.125784   72.082368       6.246583   1.770045   1.265164
    47  0.11389587    3.099264   71.470795       6.331547   0.806350  -2.111947
    48  0.10595147    2.883086   66.485606       6.498739  -0.241193   0.333910
    49  0.12446600    3.386892   78.103662       6.636760   1.875515  -1.638366
    50  0.11820709    3.216578   74.176129       6.902057   0.817161   0.743122
    51  0.13631293    3.709263   85.537726       7.205816   3.126585  -0.888685
    52  0.13211028    3.594903   82.900520       7.390767   2.137974   1.085351
 
 Number of surface maxima:    68
   #       a.u.         eV      kcal/mol           X/Y/Z coordinate(Angstrom)
     1  0.19867570    5.406241  124.670991      -7.521077   0.293337  -2.864958
     2  0.19085098    5.193319  119.760898      -7.025821  -2.890858  -2.750947
     3  0.15067463    4.100065   94.549836      -6.942938  -1.232390  -2.673648
     4  0.16033300    4.362883  100.610563      -6.155772   1.081750  -2.243187
     5  0.21818213    5.937038  136.911470      -5.558797   4.819887   0.687850
     6  0.15084627    4.104736   94.657545      -5.443129  -3.189935  -2.088193
     7  0.21455481    5.838333  134.635291      -5.166311   2.392109  -1.950385
     8  0.16656086    4.532352  104.518608      -4.893387  -0.850343  -0.968657
     9  0.17906194    4.872523  112.363156      -4.718001   3.484694   1.228024
    10  0.22212740    6.044394  139.387163      -4.505512   2.254397   2.168985
    11  0.18550934    5.047966  116.408963      -4.483589  -1.705216   2.406449
    12  0.17747160    4.829248  111.365204      -4.364210   5.395563  -0.359508
    13  0.16328048    4.443088  102.460131      -4.317941  -0.888270  -2.476217
    14  0.19901824    5.415562  124.885935      -4.213478  -4.078610  -1.544513
    15  0.17520928    4.767687  109.945575      -4.065352  -4.560668   0.984196
    16  0.17334872    4.717059  108.778056      -3.860573   1.476955  -1.300529
    17  0.21824676    5.938796  136.952027      -3.702738   6.459438  -1.417863
    18  0.17750675    4.830204  111.387263      -3.240658  -2.954176  -0.955782
    19  0.18977847    5.164135  119.087889      -3.234642  -0.169980   3.344732
    20  0.20503909    5.579397  128.664081      -3.022182   1.503545   1.117745
    21  0.20701201    5.633083  129.902107      -2.790455   3.319110  -0.501480
    22  0.16931879    4.607399  106.249232      -2.680035  -0.516334  -0.289081
    23  0.20079918    5.464024  126.003496      -2.644384   2.200938   2.082623
    24  0.18643192    5.073070  116.987891      -2.275204  -3.740688  -0.948528
    25  0.22528297    6.130261  141.367320      -2.317680   1.276159  -0.826571
    26  0.20102612    5.470199  126.145898      -2.227322   4.160599   0.716289
    27  0.16862577    4.588541  105.814358      -2.217637  -0.475918  -1.268406
    28  0.18175615    4.945836  114.053799      -2.138178   5.665278  -1.550157
    29  0.18129480    4.933282  113.764299      -1.718324  -1.801007  -1.892709
    30  0.08136705    2.214110   51.058635      -1.601178  -3.293481   3.186298
    31  0.18754764    5.103431  117.688022      -1.439067   0.043523   1.107029
    32  0.16084541    4.376826  100.932103      -1.129225  -2.562570   0.201261
    33  0.14425314    3.925328   90.520288      -1.056852  -0.984945   1.145744
    34  0.24482369    6.661991  153.629313      -0.988213   1.743221  -0.158574
    35  0.18955488    5.158051  118.947582      -0.859729   1.411167   2.483501
    36  0.23517518    6.399442  147.574778      -0.550301   5.302966  -2.069810
    37  0.24671394    6.713428  154.815464      -0.430519   2.527963   1.038245
    38  0.17850611    4.857398  112.014367      -0.157317  -0.122312   0.110550
    39  0.21829495    5.940108  136.982261      -0.201034   4.054277  -1.223516
    40  0.14332262    3.900007   89.936377      -0.028373  -1.757578  -0.949832
    41  0.13973683    3.802433   87.686259       0.115211  -3.154823   3.596808
    42  0.04261390    1.159583   26.740649       0.373555  -4.751002  -1.570748
    43  0.13034579    3.546889   81.793288       0.540788  -1.423676   2.167918
    44  0.09668638    2.630970   60.671667       0.662974  -3.216758   1.228024
    45  0.19692328    5.358555  123.571326       1.298347   1.151204  -1.216114
*   46  0.26185300    7.125382  164.315375       1.254895   3.790380  -1.550157
    47  0.16057964    4.369594  100.765328       1.565024  -0.514372   0.691994
    48  0.11485577    3.125385   72.073146       1.724188  -2.089220  -0.091154
    49  0.22362017    6.085014  140.323893       1.598574   2.805923  -0.224521
    50  0.15693071    4.270302   98.475588       2.515094  -1.431842  -0.297221
    51  0.18042071    4.909497  113.215802       2.622011  -0.386542  -2.010427
    52  0.25589949    6.963379  160.579491       2.677050   3.783027   0.886532
    53  0.23593840    6.420210  148.053703       3.027912   1.081750  -1.048044
    54  0.22060060    6.002847  138.429080       3.228188   0.447827   0.353586
    55  0.04801816    1.306641   30.131874       3.588556  -2.070316   2.305465
    56  0.16025288    4.360703  100.560283       3.721713  -3.153257  -2.348538
    57  0.20635936    5.615324  129.492563       4.020107   3.115940   0.484034
    58  0.17930665    4.879182  112.516713       4.499509  -0.536099  -1.878184
    59  0.17384557    4.730578  109.089833       4.700542  -1.167254  -0.730388
    60  0.22378373    6.089465  140.426526       5.055909   4.159261   0.981540
    61  0.18449836    5.020456  115.774569       5.425569   1.610927  -1.086828
    62  0.17874510    4.863902  112.164338       5.613334   0.949455   0.357434
    63  0.19659360    5.349584  123.364449       6.238550  -1.657932  -1.787974
    64  0.16667631    4.535493  104.591052       6.448354   3.456854   0.413639
    65  0.15477356    4.211603   97.121955       7.158018  -0.514791  -1.293980
    66  0.15785335    4.295408   99.054558       8.038785   1.735980  -0.513563
    67  0.20341011    5.535071  127.641881       8.155854   3.187909   0.270882
    68  0.19717813    5.365490  123.731249       8.655015   0.287984  -1.122374
