 Number of surface minima:    65
   #       a.u.         eV      kcal/mol           X/Y/Z coordinate(Angstrom)
     1  0.11002403    2.993906   69.041179      -8.130637  -0.486732  -1.510383
     2  0.10047416    2.734041   63.048543      -7.912981  -0.973376   1.062734
     3  0.10723841    2.918106   67.293174      -7.191535  -1.644841  -2.783794
     4  0.08927127    2.429195   56.018617      -6.860667  -2.510397   1.532876
     5  0.10106654    2.750160   63.420262      -6.493622  -0.920654   2.130164
     6  0.09109621    2.478854   57.163784      -5.672288  -3.689993  -2.051808
     7  0.08343453    2.270369   52.356003      -5.610650  -4.032785  -0.276849
     8  0.17907067    4.872761  112.368636      -5.575540   1.205659  -0.991649
     9  0.16734124    4.553587  105.008299      -5.117034   0.840345  -0.037487
    10  0.16479193    4.484216  103.408583      -4.587435  -0.084622   1.020402
    11  0.16304538    4.436690  102.312605      -4.138718   3.454662  -2.773747
    12  0.08221688    2.237235   51.591915      -4.060503  -3.412884  -1.119501
    13  0.14943868    4.066433   93.774267      -3.805457  -0.632587  -1.773243
    14  0.17433250    4.743829  109.395386      -3.681455   4.256496   0.598219
*   15 -0.02833668   -0.771080  -17.781551      -3.401763  -3.698647   3.005996
    16  0.16050837    4.367655  100.720605      -2.882730   3.587758   2.181112
    17  0.17423437    4.741158  109.333808      -2.778670   4.071383  -2.196093
    18  0.16575022    4.510293  104.009922      -2.621159   5.307126   1.257518
    19  0.15772277    4.291855   98.972615      -2.356620   2.639006  -3.286918
    20  0.15933273    4.335664   99.982883      -1.959737   0.464910  -1.467809
    21  0.02391372    0.650726   15.006100      -1.633796  -0.981991   2.377062
    22 -0.00772425   -0.210187   -4.847043      -1.217792  -3.566177   1.887604
    23  0.20003385    5.443198  125.523244      -1.061697   3.190074  -1.046731
    24  0.00412257    0.112181    2.586952      -0.893451  -3.667713  -0.078191
    25  0.17605906    4.790811  110.478824      -0.794438   1.999425   1.334577
    26  0.17496827    4.761129  109.794340      -0.108843   3.202091   1.650883
    27  0.18777627    5.109652  117.831486       0.125523   5.243703  -0.197883
    28  0.17721282    4.822206  111.202815       0.524828   4.248428  -0.921978
    29  0.18231862    4.961142  114.406759       0.446875   4.394460   1.791728
    30  0.03547882    0.965428   22.263313       0.685496  -0.256942  -1.920774
    31  0.16883322    4.594185  105.944531       0.939861   3.339748   1.517291
    32  0.17870605    4.862839  112.139830       1.328001   3.190074  -1.427897
    33  0.03059169    0.832442   19.196594       1.504721  -1.815335  -1.485599
    34  0.04917699    1.338174   30.859053       1.504306  -0.991596   2.844886
    35  0.15497594    4.217110   97.248955       1.675731   1.269182   0.659405
    36  0.10659057    2.900477   66.886647       1.990273   1.306537   1.512899
    37  0.10891217    2.963651   68.343477       2.141386   0.247277   0.533589
    38  0.12060263    3.281765   75.679358       2.674584   7.038981   0.072344
    39  0.10886786    2.962445   68.315668       2.691392  -1.827304  -1.517152
    40  0.10075106    2.741576   63.222297       3.025348  -2.906416  -2.469536
    41  0.11937774    3.248433   74.910724       3.039496   6.354645   1.867445
    42  0.11730320    3.191982   73.608931       3.109610   4.143863  -2.655016
    43  0.06623487    1.802343   41.563045       3.299968   0.789235   3.086844
    44  0.11390990    3.099646   71.479600       3.484851   5.749217  -2.050003
    45  0.09259807    2.519722   58.106214       3.532189  -3.753665  -1.452966
    46  0.08567126    2.331234   53.759573       3.574905  -0.521395   0.694135
    47  0.11218010    3.052576   70.394135       3.737433   2.517077   1.927360
    48  0.09563693    2.602413   60.013132       3.871747  -4.216430  -0.593103
    49  0.09124069    2.482785   57.254444       4.011794  -1.017873  -1.902201
    50  0.08310073    2.261286   52.146540       4.230743  -3.754401  -2.512057
    51  0.11120914    3.026155   69.784850       4.363924   4.104593   2.265731
    52  0.01810657    0.492705   11.362051       4.522683   0.355092  -1.805397
    53  0.09392478    2.555823   58.938737       4.588695  -1.440227  -0.793343
    54  0.10878867    2.960290   68.265977       4.569441   4.141880  -1.641339
    55  0.08712089    2.370680   54.669229       5.023950  -4.814251  -0.529138
    56  0.10250755    2.789372   64.324515       4.949084  -1.956974   0.227280
    57  0.11047682    3.006227   69.325308       5.050110   3.330839   0.730754
    58  0.08787693    2.391253   55.143650       5.080630  -4.177371  -2.425918
    59  0.08245522    2.243721   51.741473       5.228101  -1.396281  -1.765228
    60  0.08800566    2.394756   55.224429       5.641937  -4.818980  -1.361627
    61  0.09332301    2.539448   58.561122       6.216129  -2.559954   0.269921
    62  0.08989518    2.446172   56.410123       6.218301  -1.894563  -1.710574
    63  0.10848926    2.952143   68.078094       6.494387  -4.620164  -2.458545
    64  0.09180601    2.498169   57.609191       6.661915  -2.493920  -0.590281
    65  0.11084083    3.016132   69.553729       7.477736  -2.734735  -1.760346
 
 Number of surface maxima:    98
   #       a.u.         eV      kcal/mol           X/Y/Z coordinate(Angstrom)
     1  0.16705229    4.545724  104.826984      -8.222320  -1.992270  -1.657658
     2  0.15948061    4.339688  100.075676      -8.094988  -2.377476   0.431269
     3  0.12595333    3.427364   79.036974      -7.514627  -0.248084  -2.578758
     4  0.10955525    2.981150   68.747012      -7.251510  -1.204621   1.860641
     5  0.13963467    3.799653   87.622153      -7.288227  -0.646461  -0.330177
     6  0.18844164    5.127758  118.249013      -7.088481   1.000979  -1.328623
     7  0.15564139    4.235218   97.666531      -7.020519  -3.700739  -1.145959
     8  0.17593144    4.787338  110.398740      -6.986921   0.489474   1.099415
     9  0.14113536    3.840489   88.563852      -6.921701  -2.168772  -0.694509
    10  0.12087651    3.289217   75.851220      -6.249019  -2.686740   0.199000
    11  0.13425425    3.653244   84.245885      -6.166438  -2.099425  -2.048899
    12  0.18220738    4.958115  114.336953      -5.796272  -0.646461  -3.321118
    13  0.18696368    5.087541  117.321581      -5.701837   0.400776  -0.878682
    14  0.14357052    3.906752   90.091936      -5.549103  -1.847754   2.280924
    15  0.24305395    6.613834  152.518786      -5.535302   1.211651  -2.580773
    16  0.17694273    4.814856  111.033331      -5.267095   0.200852   0.384841
    17  0.09829183    2.674657   61.679108      -5.149122  -4.010839  -1.414675
    18  0.18061422    4.914763  113.337230      -5.141604  -0.387953  -1.926777
    19  0.19131781    5.206022  120.053837      -4.695175  -1.675817   0.619412
    20  0.15850084    4.313027   99.460861      -4.473329  -2.630876  -2.646972
    21  0.21429831    5.831354  134.474333      -4.468447   2.004166  -1.917499
    22  0.13224251    3.598502   82.983500      -4.324487  -3.680490   0.345776
    23  0.23781765    6.471347  149.232952      -4.068752   4.127300  -1.251529
    24  0.22235403    6.050561  139.529375      -3.914877   2.285119  -3.728112
    25  0.23633692    6.431055  148.303779      -3.730612   2.649895   0.959250
    26  0.24683660    6.716765  154.892433      -3.593543   0.762503   0.285021
    27  0.17969682    4.889799  112.761552      -3.458774   4.513017   1.257354
    28  0.17856318    4.858951  112.050183      -3.011217   3.867303  -2.700605
    29  0.18919343    5.148215  118.720769      -2.982021  -0.360660   1.701075
    30  0.22728656    6.184782  142.624588      -2.891383  -0.123409  -0.866424
    31  0.23841044    6.487478  149.604938      -2.872712   5.163081  -0.440469
    32  0.22556369    6.137900  141.543468      -2.224326   2.238614   0.812631
    33  0.24923263    6.781965  156.395970      -2.309424   2.660896  -0.415275
    34  0.16436148    4.472503  103.138474      -2.154584  -1.440227   0.595883
    35  0.22642812    6.161423  142.085911      -1.936905   4.828110   2.498508
    36  0.06747031    1.835961   42.338297      -1.864139  -2.921598  -1.838097
    37  0.22354423    6.082948  140.276239      -1.570889   1.996047  -1.400749
    38  0.23720578    6.454698  148.848999      -1.328452   3.316478  -2.201697
    39  0.11916984    3.242776   74.780266      -1.234139  -1.863212   0.860472
    40  0.17043661    4.637816  106.950679      -1.199015  -0.526646  -0.250263
    41  0.22217163    6.045597  139.414919      -1.141072   4.809359   0.747535
    42  0.14850606    4.041056   93.189040      -0.239911  -0.891570   2.093561
    43  0.25160582    6.846543  157.885169      -0.083897   5.747523   1.168918
    44  0.19270905    5.243880  120.926858      -0.085686   0.541878   0.725066
*   45  0.25546255    6.951490  160.305307       0.020389   2.942630  -0.735729
    46  0.03983771    1.084039   24.998564       0.260160  -3.821524   3.179248
    47  0.19674445    5.353689  123.459112       0.283940   1.312201   2.685157
    48  0.24563498    6.684068  154.138407       0.289994   2.396962   0.729180
    49  0.14089075    3.833832   88.410357       0.595502  -1.273965  -0.940037
    50  0.11991048    3.262930   75.245028       0.716338  -2.722785   0.355132
    51  0.20262227    5.513632  127.147501       1.109238   1.525523  -1.597845
    52  0.19761212    5.377299  124.003583       1.081937   5.030957  -0.059963
    53  0.19767456    5.378998  124.042765       1.053339   6.625041  -0.355895
    54  0.18982303    5.165347  119.115852       1.244374   4.145910  -1.084337
    55  0.19503649    5.307213  122.387350       1.310219   4.506188   1.241615
    56  0.19413749    5.282750  121.823218       1.479914   5.600829   2.369812
    57  0.16901563    4.599149  106.058999       1.634651  -1.688758   1.291118
    58  0.14922047    4.060496   93.637339       1.522675  -0.339112   0.091577
    59  0.18782041    5.110853  117.859183       1.485265   0.802543   0.072899
    60  0.18770551    5.107727  117.787083       1.814781   5.377060  -2.244314
    61  0.13626151    3.707864   85.505459       2.111031   6.969392   1.200137
    62  0.16243583    4.420104  101.930105       2.234503  -3.562653   0.044491
    63  0.13262416    3.608887   83.222987       2.333449  -0.851281   0.728177
    64  0.13515104    3.677647   84.808628       2.635787  -2.638187  -1.140560
    65  0.13228014    3.599526   83.007109       2.582968  -0.998645   0.728177
    66  0.21548815    5.863731  135.220967       2.740154   2.862781  -0.494158
    67  0.15260580    4.152615   95.761666       2.834458   5.835960  -0.670507
    68  0.18470799    5.026160  115.906109       2.931098  -3.017375   2.048977
    69  0.16939700    4.609527  106.298309       2.829001  -1.454368  -2.705815
    70  0.17945462    4.883208  112.609566       2.870893   3.554154   2.780627
    71  0.13792405    3.753104   86.548718       3.220313  -1.533831  -0.727060
    72  0.13417978    3.651217   84.199154       3.167552   0.870567   1.125060
    73  0.14460549    3.934915   90.741389       3.261990  -1.245683   0.362209
    74  0.15058060    4.097507   94.490833       3.266237   4.976396   1.588439
    75  0.16920411    4.604278  106.177273       3.726577  -3.016747   1.256186
    76  0.16615255    4.521241  104.262390       3.652194   2.925485  -2.182297
    77  0.12521055    3.407152   78.570870       3.702407   4.768359  -2.490297
    78  0.15752773    4.286547   98.850224       3.828401   5.164026   0.177219
    79  0.14230651    3.872357   89.298755       4.123412   3.861033  -0.328812
    80  0.17925823    4.877864  112.486331       4.072857   6.619783   0.694139
    81  0.17303977    4.708652  108.584184       4.258095   1.932029   0.565126
    82  0.12795041    3.481708   80.290164       4.325541  -2.034252  -3.173206
    83  0.19119779    5.202757  119.978528       4.663198  -3.948531   2.068141
    84  0.12411871    3.377442   77.885732       4.570967   3.086479   1.834815
    85  0.14064281    3.827085   88.254767       4.779971  -3.822699  -1.259972
    86  0.18337928    4.990004  115.072331       4.671594  -1.297984   3.257663
    87  0.17418484    4.739811  109.302729       4.741710   5.658103  -1.012666
    88  0.18577889    5.055301  116.578110       4.978397   0.999901   1.051596
    89  0.17421860    4.740729  109.323915       5.133331   4.900249   1.092664
    90  0.14206976    3.865915   89.150198       5.480951  -2.448058  -0.843765
    91  0.17599722    4.789128  110.440016       5.561296  -2.243685  -4.196997
    92  0.13875237    3.775644   87.068499       5.894333  -4.218407   1.041472
    93  0.10965379    2.983831   68.808851       6.222642  -4.647489  -2.328573
    94  0.13276881    3.612823   83.313753       6.518005  -3.160174  -3.121580
    95  0.11219485    3.052977   70.403393       7.242873  -2.556572  -1.548157
    96  0.13393544    3.644569   84.045830       7.352756  -4.218407  -1.072050
    97  0.17842347    4.855150  111.962514       7.487956  -4.747584   0.518387
    98  0.17901125    4.871144  112.331352       7.895167  -3.953819  -2.579180
