 Number of surface minima:    68
   #       a.u.         eV      kcal/mol           X/Y/Z coordinate(Angstrom)
     1  0.09877024    2.687675   61.979315      -6.777574  -1.044415  -0.182202
     2  0.09492636    2.583078   59.567239      -6.754371  -0.996798  -1.361254
     3  0.09275015    2.523860   58.201644      -6.520504  -3.701858  -0.185102
     4  0.12898396    3.509832   80.938727      -6.517080   0.647532   1.085272
     5  0.09108468    2.478540   57.156549      -6.341737  -3.634075  -1.351581
     6  0.10491327    2.854835   65.834128      -5.924016  -0.960791   0.386781
     7  0.13044778    3.549665   81.857289      -5.960341   1.172032   4.123364
     8  0.09809822    2.669388   61.557616      -5.809127  -0.851007  -1.746073
     9  0.11999469    3.265222   75.297867      -5.737606  -0.017667   1.534767
    10  0.09481749    2.580115   59.498921      -5.408942  -3.493210  -1.875219
    11  0.11746992    3.196519   73.713552      -5.411321   0.488450   0.793895
    12  0.10873874    2.958931   68.234645      -5.372050   2.034783   3.193107
    13  0.10814555    2.942790   67.862415      -5.144295   2.610413   2.386682
    14  0.11359743    3.091143   71.283522      -5.023163  -0.848937  -0.027913
    15  0.13363696    3.636447   83.858531      -4.909002  -0.615102   2.202498
    16  0.11157971    3.036238   70.017384      -4.523316   1.365325   3.911832
    17  0.15080955    4.103737   94.634502      -4.472122  -1.262183   3.430530
    18  0.13137538    3.574906   82.439367      -4.271353   0.514532   0.555389
    19  0.10006919    2.723021   62.794416      -4.183247   0.107636  -1.968216
    20  0.13624617    3.707447   85.495833      -4.012334  -0.621434   2.012692
    21  0.11540722    3.140390   72.419183      -3.806758   2.609672   2.092843
    22  0.13822128    3.761192   86.735237      -3.615367  -0.013583   1.137643
    23  0.10780525    2.933530   67.648874      -3.544604   1.386909   3.694796
    24  0.11411771    3.105301   71.610005      -3.075194   2.022120   2.715898
    25  0.16497614    4.489229  103.524180      -2.664487  -0.499840   0.166406
    26  0.16210977    4.411231  101.725501      -2.488245  -1.342753   0.947107
    27  0.17137333    4.663306  107.538481      -2.487088  -3.866731  -0.027025
    28  0.18027045    4.905408  113.121508      -2.521132  -2.465772   1.678097
    29  0.16111018    4.384031  101.098249      -2.273948  -3.133676  -0.981030
    30  0.16715739    4.548584  104.892934      -2.224886  -2.137987  -1.832541
    31  0.12584155    3.424323   78.966832      -2.187900   1.176922   3.334488
    32  0.07788530    2.119367   48.873803      -2.024049   2.951054  -2.047281
    33  0.07864401    2.140012   49.349906      -1.640770   0.968605  -2.720456
    34  0.02995443    0.815101   18.796702      -1.617327   4.934944  -2.857426
    35  0.16429918    4.470808  103.099379      -1.462334  -1.602976   1.348356
    36  0.01076341    0.292887    6.754146      -0.646287   4.825643  -0.297710
    37  0.18310135    4.982441  114.897927      -0.431779  -2.879783  -0.853958
    38  0.04329220    1.178041   27.166286      -0.420072   1.102289   1.671918
    39  0.15741396    4.283452   98.778832      -0.258619  -0.970506   1.034616
    40  0.15550778    4.231582   97.582690      -0.215238  -4.788074   1.943345
    41  0.15077468    4.102788   94.612621       0.497814  -3.133827   2.828092
    42  0.01048237    0.285240    6.577790       0.454896   3.992509  -2.025484
    43  0.02549163    0.693663   15.996254       0.719967   0.248255  -2.621362
    44  0.15881037    4.321450   99.655093       0.902966  -4.715049  -1.242123
    45  0.16025930    4.360877  100.564316       1.374953  -4.183050   1.605569
    46  0.14327871    3.898812   89.908825       1.431451  -3.530835  -2.718318
    47  0.00665707    0.181148    4.177380       1.642810   1.567981   1.608837
    48  0.13787435    3.751752   86.517532       1.950818  -1.140281  -1.545681
*   49 -0.01013473   -0.275780   -6.359645       1.889353   4.328115  -0.041069
    50  0.14765684    4.017947   92.656144       2.506495  -4.913954  -1.658988
    51  0.17800193    4.843679  111.697993       2.536673  -3.900028  -0.030771
    52 -0.00969031   -0.263687   -6.080768       2.623224   3.488910  -1.505128
    53  0.02346582    0.638537   14.725037       2.865552   2.299371   1.132752
    54  0.13770167    3.747053   86.409178       3.144846  -1.537163  -1.675017
    55  0.15085610    4.105003   94.663713       3.805196  -1.140281   1.498265
    56  0.14505861    3.947245   91.025728       4.099982  -2.342982   0.904358
    57  0.12884044    3.505927   80.848667       4.063097  -0.875692  -1.294456
    58  0.15681566    4.267171   98.403395       4.490140  -3.123576   0.222882
    59  0.07269828    1.978221   45.618895       6.213227   0.455434   0.622675
    60  0.07471014    2.032966   46.881361       6.407399   0.114737  -0.570246
    61  0.07602135    2.068646   47.704159       7.116134  -1.988591   1.795892
    62  0.06695315    1.821888   42.013771       7.146703   0.602685   1.158718
    63  0.06721513    1.829017   42.178168       7.393237   0.037459  -0.970894
    64  0.07869976    2.141529   49.384888       7.467431  -2.529471  -0.239611
    65  0.06449930    1.755115   40.473953       8.089800   0.500332   0.752697
    66  0.07134758    1.941466   44.771318       8.165324  -2.066341   1.482201
    67  0.06506938    1.770628   40.831686       8.196597   0.186926  -0.437300
    68  0.07139384    1.942725   44.800346       8.304325  -2.368283   0.344280
 
 Number of surface maxima:    82
   #       a.u.         eV      kcal/mol           X/Y/Z coordinate(Angstrom)
     1  0.18126648    4.932512  113.746531      -8.803519  -2.660516  -0.866951
     2  0.14073259    3.829529   88.311109      -7.748412  -2.495646   0.488108
     3  0.13588099    3.697510   85.266681      -7.607139  -2.360181  -2.084750
     4  0.19864574    5.405425  124.652189      -7.459379   1.888496   1.522218
     5  0.19448998    5.292342  122.044410      -7.264998  -2.458389   2.102206
     6  0.18233179    4.961500  114.415022      -7.017648  -2.330340  -3.612698
     7  0.20440496    5.562142  128.266154      -6.892842  -0.077472   4.062938
     8  0.15779141    4.293723   99.015686      -6.828192   0.872579   2.737111
     9  0.15941392    4.337873  100.033827      -5.960341   2.226062   0.752697
    10  0.14842737    4.038914   93.139662      -5.694362  -1.403015  -0.701483
    11  0.14820598    4.032890   93.000733      -5.438000  -3.002908  -0.705069
    12  0.16372186    4.455098  102.737106      -5.183365  -0.526401   4.060054
    13  0.21156603    5.757005  132.759802      -4.983518   2.828548  -0.387190
    14  0.17487117    4.758487  109.733409      -4.468378   0.328821   1.713119
    15  0.16383819    4.458264  102.810103      -4.266999   1.584854   2.684065
    16  0.21781494    5.927046  136.681051      -4.083913  -2.175870   2.244615
    17  0.15390502    4.187969   96.576939      -4.137850  -1.200017   2.941963
*   18  0.25815021    7.024624  161.991837      -3.975020   2.181561  -3.744029
    19  0.20927358    5.694624  131.321263      -3.788542  -1.085191   4.721526
    20  0.19864759    5.405476  124.653352      -3.695013  -1.925683  -3.352930
    21  0.18738399    5.098978  117.585329      -3.641304   2.299371   0.028965
    22  0.18281712    4.974707  114.719570      -3.446749  -0.531135  -0.855643
    23  0.19523566    5.312633  122.512330      -3.314455  -2.283737   0.932183
    24  0.16776882    4.565222  105.276611      -3.355689   5.333128  -0.732659
    25  0.19730627    5.368977  123.811660      -3.246638  -1.435870  -1.825373
    26  0.20069909    5.461300  125.940683      -3.061582   2.979232  -0.711753
    27  0.24345829    6.624837  152.772514      -2.810997  -3.984026   1.414168
    28  0.15705784    4.273761   98.555363      -2.759844  -0.578073   1.827048
    29  0.16728259    4.551991  104.971497      -2.846913  -0.540444   3.469242
    30  0.19781699    5.382874  124.132140      -2.505168   0.866275  -0.293420
    31  0.17898041    4.870305  112.311995      -2.192678   2.891971   1.213001
    32  0.11803097    3.211786   74.065613      -2.244759   3.887269  -0.961104
    33  0.15602229    4.245582   97.905549      -1.973078   1.516736   1.952523
    34  0.19034056    5.179430  119.440604      -1.567582   0.484803  -0.813729
    35  0.23038132    6.268994  144.566581      -1.441093  -1.125627   0.252560
    36  0.20784921    5.655865  130.427458      -1.323984  -3.767981   1.155219
    37  0.20780870    5.654762  130.402040      -1.423811  -0.214220   2.886415
    38  0.23923634    6.509952  150.123195      -1.172722  -2.149396  -0.917890
    39  0.22060247    6.002899  138.430257      -1.069686  -3.788641   2.871910
    40  0.18174520    4.945538  114.046928      -1.188059  -0.737897  -2.294680
    41  0.15528090    4.225408   97.440321      -0.911317   2.082592  -3.432912
    42  0.13762234    3.744894   86.359394      -0.723140   2.828548  -0.041069
    43  0.13965094    3.800095   87.632363      -0.689191   6.888360  -1.774124
    44  0.17337125    4.717672  108.792194      -0.259983   0.314957  -0.016846
    45  0.06906595    1.879380   43.339574      -0.271686   5.209846  -1.975973
    46  0.22201165    6.041244  139.314529       0.004183  -3.513046  -1.754356
    47  0.12734048    3.465111   79.907424       0.296126   1.803838   1.068904
    48  0.13149073    3.578045   82.511749       0.430901   1.539482  -2.105807
    49  0.22603545    6.150737  141.839503       0.544759  -5.061042   0.520306
    50  0.16822811    4.577720  105.564820       0.808181  -4.319654   2.222550
    51  0.20373140    5.543813  127.843493       0.774116  -2.339329  -1.239103
    52  0.22915529    6.235633  143.797238       0.918963  -2.788645  -0.041069
    53  0.20709653    5.635383  129.955141       0.925114  -1.928691   1.025766
    54  0.08902680    2.422542   55.865204       1.090690   3.264864  -1.077374
    55  0.03959567    1.077453   24.846680       1.280692   4.538966   1.882532
    56  0.16355157    4.450465  102.630248       1.372984  -4.787383  -1.836051
    57  0.15621499    4.250826   98.026466       1.458330   0.463660  -0.816449
    58  0.21996231    5.985479  138.028549       1.796166  -2.737750   2.048096
    59  0.22105865    6.015312  138.716512       1.992166  -5.118038  -0.143570
    60  0.10503351    2.858107   65.909575       1.963843   2.031560   0.081262
    61  0.13799986    3.755167   86.596294       2.606828   1.047454   0.029957
    62  0.22647532    6.162707  142.115528       2.785961  -1.537163   0.654259
    63  0.20628874    5.613402  129.448248       2.903378  -3.984136  -2.884925
    64  0.20594204    5.603968  129.230691       2.935555  -0.875692  -0.770821
    65  0.19698353    5.360195  123.609137       3.300261  -3.599446  -1.044997
    66  0.04410357    1.200119   27.675429       3.570585   1.772830  -2.551840
    67  0.17144260    4.665190  107.581944       4.682663  -0.419349   1.341333
    68  0.22557798    6.138289  141.552438       4.765520  -3.638778  -1.224547
    69  0.21997324    5.985776  138.035408       4.861905   3.609819   2.447745
    70  0.14391034    3.915999   90.305177       4.894414   0.318163   0.359012
    71  0.16995098    4.624601  106.645938       5.152381  -1.964016  -1.032537
    72  0.16991925    4.623738  106.626028       5.076870  -1.801752  -1.099424
    73  0.17882010    4.865942  112.211402       5.152381  -0.377573   2.933901
    74  0.18708127    5.090740  117.395366       5.788252  -1.806646  -2.434239
    75  0.12410386    3.377038   77.876415       6.835729  -0.358687   2.812092
    76  0.12402345    3.374850   77.825952       7.175105  -1.750984   0.653800
    77  0.11852324    3.225181   74.374517       7.146388  -0.191262   0.232058
    78  0.16435042    4.472202  103.131534       8.430738  -0.226215   3.345804
    79  0.16454291    4.477440  103.252323       9.121210  -1.653282  -2.120629
    80  0.11470672    3.121329   71.979614       9.170437  -0.572035   1.830346
    81  0.11501507    3.129719   72.173105       9.430090  -1.249284  -0.570246
    82  0.15988872    4.350793  100.331769      10.424028  -0.880768   0.740446
