 Number of surface minima:    74
   #       a.u.         eV      kcal/mol           X/Y/Z coordinate(Angstrom)
     1  0.07871547    2.141957   49.394745      -8.111103  -2.426633   0.689111
     2  0.07472069    2.033254   46.887983      -8.192945  -0.726363  -1.361213
     3  0.07540409    2.051850   47.316820      -7.971860  -1.520129   1.392507
     4  0.07049230    1.918193   44.234626      -8.061671   0.127906  -0.700761
     5  0.08743231    2.379154   54.864646      -7.324584  -2.840521   0.300720
     6  0.08046849    2.189659   50.494781      -7.315980  -1.231897  -1.826893
     7  0.07137926    1.942328   44.791197      -7.087713   0.596580  -0.413539
     8  0.07673009    2.087932   48.148901      -6.924717  -1.109569   1.637227
     9  0.08999839    2.448981   56.474890      -6.389246  -0.838957  -1.559302
    10  0.08252297    2.245564   51.783987      -6.270001   0.068974  -0.894194
    11  0.05290607    1.439647   33.199088      -5.740877   1.741277  -2.216502
    12  0.18308993    4.982130  114.890761      -4.295649  -3.507115  -1.161727
    13  0.16612258    4.520425  104.243581      -4.285639  -2.999348   0.910269
    14  0.17053322    4.640445  107.011303      -3.998816  -2.164105  -1.657058
    15  0.15106428    4.110668   94.794346      -3.910245  -1.792422   0.924446
    16  0.16543608    4.501745  103.812797      -3.911935  -1.131875  -1.857806
    17  0.02102160    0.572027   13.191262      -3.230451   2.712588   0.030576
    18  0.17701190    4.816739  111.076737      -3.073107  -2.974416  -1.554866
    19  0.15777461    4.293266   99.005146      -2.936659  -2.393298   1.011453
    20  0.00601300    0.163622    3.773220      -2.830402   2.374198   2.339297
    21  0.03895408    1.059994   24.444075      -2.339928   2.441121  -1.841078
*   22  0.00352174    0.095832    2.209929      -2.168930   3.694494   1.410589
    23  0.16401169    4.462985  102.918978      -2.036286  -2.042231   0.963908
    24  0.03445529    0.937576   21.621041      -1.476929   1.579034  -1.422736
    25  0.03354872    0.912907   21.052160       0.112660  -0.594069   2.741903
    26  0.02591313    0.705132   16.260749       0.101443   3.492390   2.539070
    27  0.19931873    5.423739  125.074499       0.401100  -3.315811  -0.043355
    28  0.19838975    5.398460  124.491555       0.504408  -2.181600  -2.559409
    29  0.18398206    5.006406  115.450582       0.491231  -1.128181  -1.532256
    30  0.09141990    2.487662   57.366903       0.409559   0.793771  -1.093250
    31  0.18545652    5.046529  116.375821       1.263096  -3.785497  -0.471716
    32  0.18385022    5.002819  115.367851       1.503879  -1.652423  -2.008605
    33  0.08706406    2.369134   54.633569       1.416390   3.911372   1.367515
    34  0.05746271    1.563640   36.058426       1.799899   1.342990   2.780926
    35  0.10735924    2.921394   67.368998       1.899509   0.988761   0.668635
    36  0.18301338    4.980047  114.842726       2.196782  -3.504543   0.103781
    37  0.16276380    4.429028  102.135911       2.154453   0.708357  -1.025853
    38  0.19416238    5.283427  121.838832       2.353863  -4.166015  -1.235760
    39  0.17717442    4.821161  111.178719       2.338597  -2.951835   0.973935
    40  0.04142664    1.127276   25.995629       2.262557   3.440535   3.670223
    41  0.12646199    3.441206   79.356163       2.478308   2.068119  -2.720154
    42  0.18227191    4.959871  114.377444       2.607743  -0.574110  -0.217631
    43  0.06820083    1.855839   42.796704       2.471243   1.118864   2.540866
    44  0.10413526    2.833665   65.345918       2.589772   2.549149   1.203905
    45  0.12153280    3.307076   76.263045       2.571235   3.106967  -2.629200
    46  0.19087200    5.193891  119.774086       2.675915  -2.363939  -2.398840
    47  0.19022637    5.176323  119.368951       2.720571  -1.533079  -1.537770
    48  0.11949080    3.251510   74.981674       3.278973   1.407154  -3.371429
    49  0.11019323    2.998510   69.147351       3.497152   3.763980  -3.152552
    50  0.13518824    3.678659   84.831973       3.891225   1.782533  -0.518030
    51  0.12851452    3.497058   80.644143       3.900053   2.840700  -0.371608
    52  0.11815967    3.215288   74.146375       4.075529   1.938111  -3.794293
    53  0.13464303    3.663823   84.489848       4.114216   4.233841  -0.563656
    54  0.06996440    1.903828   43.903361       4.249103  -1.784717   3.540060
    55  0.11254324    3.062457   70.622005       4.250493   3.110172  -3.734736
    56  0.12204785    3.321091   76.586248       4.493413   4.329920  -3.491817
    57  0.13130098    3.572881   82.392679       4.818081   1.195277  -1.220922
    58  0.10529317    2.865173   66.072520       4.993846  -2.031123   1.117528
    59  0.11560645    3.145812   72.544205       4.949585   3.493343  -0.943938
    60  0.13243857    3.603837   83.106529       5.342974   2.565113  -4.261152
    61  0.14063282    3.826814   88.248502       5.519474   0.344072  -2.046117
    62  0.11038977    3.003858   69.270684       5.622992  -3.510908  -1.842114
    63  0.12596173    3.427593   79.042244       5.550672   1.546786  -1.640792
    64  0.09784417    2.662475   61.398197       5.763460  -3.771347   0.817700
    65  0.11769657    3.202687   73.855776       5.680529   2.868850  -1.510935
    66  0.12534750    3.410879   78.656811       5.747068   4.109549  -1.614008
    67  0.11511220    3.132362   72.234057       5.912608  -1.377952  -1.538999
    68  0.09590745    2.609775   60.182887       6.036930  -1.650693   1.102689
    69  0.10257147    2.791112   64.364623       6.552171  -3.112276  -1.836340
    70  0.09283779    2.526245   58.256642       6.687498  -3.375548   0.814329
    71  0.10528554    2.864965   66.067726       6.702672  -1.909993  -1.676665
    72  0.13655067    3.715733   85.686912       6.567006   2.319389  -2.478617
    73  0.09186224    2.499699   57.644474       6.840574  -2.169570   0.976785
    74  0.11597660    3.155884   72.776477       7.788593  -2.682709  -1.643657
 
 Number of surface maxima:    80
   #       a.u.         eV      kcal/mol           X/Y/Z coordinate(Angstrom)
     1  0.16484685    4.485711  103.443049     -10.312846  -1.079473   0.201996
     2  0.12270187    3.338888   76.996648      -9.344543  -2.055784  -0.647439
     3  0.11747176    3.196569   73.714707      -9.048234  -0.136069   0.887384
     4  0.17460013    4.751111  109.563329      -8.954459  -3.379925  -1.707881
     5  0.16143817    4.392956  101.304068      -8.266185   1.105184   1.825505
     6  0.12826728    3.490330   80.489000      -7.068685  -0.709129  -0.772413
     7  0.13084417    3.560451   82.106024      -6.913895  -1.784717   0.459320
     8  0.11858989    3.226995   74.416341      -6.692334   0.678983   1.437848
     9  0.07739712    2.106083   48.567465      -5.915686   0.451772  -2.624433
    10  0.20668834    5.624276  129.699001      -5.605803  -3.514779  -1.943570
    11  0.15912237    4.329940   99.850877      -5.108025   0.854158   1.472728
    12  0.19568696    5.324913  122.795523      -4.900947  -2.664614  -0.979689
    13  0.21442202    5.834720  134.551959      -4.725857   0.311329  -0.496676
    14  0.24286013    6.608560  152.397160      -4.577307  -4.217865   0.017707
    15  0.05347334    1.455083   33.555053      -4.664789   2.570696   0.423950
    16  0.17152871    4.667534  107.635983      -4.285639   2.137760  -1.819619
    17  0.21377081    5.817000  134.143322      -3.616552   0.077800  -2.212475
    18  0.06455812    1.756716   40.510867      -3.583716   0.372443   2.702351
    19  0.21558876    5.866469  135.284105      -2.928372  -4.024827  -0.212022
    20  0.23165066    6.303535  145.363106      -2.802374  -1.364753   0.334549
    21  0.19606604    5.335228  123.033403      -2.747606   0.993463  -0.413880
    22  0.24947614    6.788591  156.548774      -2.664098  -1.633965  -1.236706
    23  0.07704338    2.096457   48.345491      -2.297214   1.654618  -3.135055
    24  0.12970041    3.529328   81.388302      -2.033617   1.526875   0.432321
    25  0.17907566    4.872897  112.371769      -1.363817  -0.188807   0.718962
    26  0.05379038    1.463711   33.754001      -1.470933   4.697703  -0.327856
    27  0.27273959    7.421622  171.146817      -1.373974  -4.441332  -0.097883
    28  0.10560218    2.873581   66.266421      -1.110261   2.449123   2.017049
    29  0.25477629    6.932815  159.874667      -0.778997  -2.975366  -0.958862
    30  0.14221948    3.869989   89.244147      -0.479920   0.596580   2.350715
    31  0.15706983    4.274088   98.562891      -0.433293   1.805995  -0.599403
*   32  0.27724347    7.544179  173.973051      -0.295116  -3.484248  -2.602204
    33  0.14856507    4.042661   93.226068      -0.037618   1.408167   4.154605
    34  0.19418760    5.284113  121.854660       0.229864  -0.031807   0.025241
    35  0.17520647    4.767610  109.943809       0.594276   2.579358   0.684981
    36  0.15090404    4.106308   94.693796       1.039984   0.755162   1.108389
    37  0.18806551    5.117523  118.012985       1.040890   2.466264  -1.652567
    38  0.22690348    6.174358  142.384204       1.270721  -3.438886  -2.283138
    39  0.25840364    7.031521  162.150866       1.264162  -2.589842   0.293568
    40  0.07881813    2.144750   49.459164       1.270721  -1.255540   4.065423
    41  0.21248908    5.782122  133.339025       1.403016  -1.784717   1.941414
    42  0.08448686    2.299004   53.016349       1.379760   2.437961   3.697303
    43  0.19254372    5.239381  120.823111       1.370234   4.247879  -0.377621
    44  0.25371657    6.903979  159.209685       1.546042  -1.266899  -0.605919
    45  0.22186959    6.037379  139.225386       1.785659  -0.179767   1.367087
    46  0.17890865    4.868352  112.266966       1.850027   1.308180  -1.504902
    47  0.22495217    6.121260  141.159736       2.340561  -2.171029   2.285249
    48  0.18290865    4.977197  114.777005       2.351766   3.816313  -0.716594
    49  0.19685561    5.356714  123.528865       2.479061  -1.906379  -2.087970
    50  0.23631291    6.430401  148.288717       2.427649  -0.466023  -1.578713
    51  0.17439074    4.745413  109.431934       2.456551   2.206536   0.427240
    52  0.17720549    4.822006  111.198214       2.467592   1.133694  -0.621493
    53  0.16980622    4.620662  106.555099       2.571592   5.454964   2.006191
    54  0.25797801    7.019939  161.883781       2.858253  -3.795191  -2.552278
    55  0.20306152    5.525585  127.423131       2.977115   5.173231  -0.917095
    56  0.19996320    5.441275  125.478905       3.036935  -1.076859  -0.893559
    57  0.20937045    5.697260  131.382051       3.133215  -3.615091  -0.617693
    58  0.19998648    5.441909  125.493515       3.387430  -2.446189  -1.614228
    59  0.19274232    5.244785  120.947735       3.357639  -0.473830   3.152050
    60  0.22009603    5.989117  138.112457       3.595255  -5.016545  -0.655941
    61  0.24480564    6.661500  153.617987       3.589640  -1.014148   1.028477
    62  0.11058040    3.009046   69.390304       3.628707   1.338399   1.606800
    63  0.16926730    4.605998  106.216926       3.631441   2.437643  -2.800288
    64  0.18303847    4.980730  114.858469       4.311466   2.852674   2.023084
    65  0.15516890    4.222360   97.370036       4.293743   4.796524  -1.827541
    66  0.20676851    5.626457  129.749305       4.364188   0.464286   0.059971
    67  0.17364989    4.725254  108.967045       4.516368   2.254695  -1.484447
    68  0.09343906    2.542606   58.633943       4.724016  -2.442980   2.554024
    69  0.21299242    5.795819  133.654874       5.150971  -0.540892  -3.259977
    70  0.15846728    4.312114   99.439804       5.640837  -2.443676  -1.153407
    71  0.19486091    5.302435  122.277168       5.658549   5.135153  -2.720708
    72  0.14957867    4.070243   93.862110       5.677429  -2.578483   0.470380
    73  0.16283347    4.430924  102.179631       5.758381   1.035853  -3.398575
    74  0.15502356    4.218405   97.278832       6.010508   3.493693  -3.145736
    75  0.20193615    5.494962  126.716952       6.782451   2.294259  -3.936328
    76  0.18832809    5.124668  118.177762       6.968552  -5.469254  -0.884338
    77  0.14000102    3.809622   87.852042       7.607372  -4.022733  -0.763573
    78  0.19149710    5.210901  120.166346       7.567833   0.146682  -0.125732
    79  0.14157403    3.852425   88.839117       7.954000  -1.531532  -0.405523
    80  0.18330072    4.987866  115.023037       8.915696  -2.850533  -0.647305
