 Number of surface minima:    79
   #       a.u.         eV      kcal/mol           X/Y/Z coordinate(Angstrom)
     1  0.07672437    2.087776   48.145309      -7.006121  -3.379435  -0.674934
     2  0.07510564    2.043728   47.129538      -7.006828  -2.453559   0.131481
     3  0.08330540    2.266855   52.274973      -6.221861  -1.906867   0.238267
     4  0.07009663    1.907426   43.986336      -6.106345  -4.185654   1.960326
     5  0.08447924    2.298797   53.011567      -6.081754  -3.643804  -1.337276
     6  0.07227757    1.966773   45.354900      -6.029902  -4.974900   1.233793
     7  0.09816315    2.671155   61.598360      -5.714021  -1.146588  -2.407560
     8  0.09472299    2.577544   59.439622      -5.420930   0.635620  -0.512584
     9  0.07942087    2.161152   49.837390      -5.162906  -5.213191   0.635872
    10  0.07293913    1.984775   45.770031      -5.156248  -3.514468   2.104674
    11  0.11415287    3.106258   71.632070      -5.200141   6.380405  -0.935416
    12  0.10363440    2.820036   65.031625      -4.861995  -2.716132  -2.361987
    13  0.09729337    2.647487   61.052562      -4.759458   4.947172  -0.734299
    14  0.10320960    2.808476   64.765054      -4.389618  -1.545600  -3.758264
    15  0.09635345    2.621911   60.462756      -4.415712   4.130692  -0.670827
    16  0.09386470    2.554188   58.901037      -4.440305   5.927797   0.122939
    17  0.09829224    2.674668   61.679362      -4.115314   1.748279  -0.152992
    18  0.08360653    2.275049   52.463931      -3.861143   0.437355   0.873015
    19  0.11995452    3.264129   75.272663      -3.784635   2.879227  -0.773533
    20  0.09307971    2.532828   58.408449      -3.770997   5.843331   0.916705
    21  0.10410175    2.832753   65.324891      -3.568809   3.756524   0.183493
    22  0.11530969    3.137736   72.357985      -3.541811   7.083178  -2.263775
    23  0.10297293    2.802036   64.616545      -3.285234   4.561811   0.906155
    24  0.09934996    2.703450   62.343096      -2.865282   5.782995  -2.390653
    25  0.14940529    4.065525   93.753312      -2.498582  -2.973372  -1.593417
    26  0.10454285    2.844756   65.601683      -2.525474   0.034067  -3.983226
    27  0.10924532    2.972716   68.552528      -2.585113   1.168274  -0.538533
    28  0.14011613    3.812754   87.924275      -2.335301  -4.148202   1.366559
    29  0.14537847    3.955949   91.226446      -2.391684  -3.670528  -1.349944
    30  0.09920886    2.699610   62.254554      -2.461316   4.731723  -2.390653
    31  0.09649282    2.625703   60.550212      -2.459389   6.718064  -1.464593
    32  0.15708788    4.274579   98.574218      -2.345074  -4.957301  -0.628122
    33  0.12111843    3.295800   76.003026      -2.265000  -2.875524   1.171514
    34  0.10852997    2.953251   68.103644      -2.228832   1.544605  -3.052125
    35  0.07149798    1.945559   44.865698      -2.089288   1.531285   1.063317
    36  0.06354930    1.729264   39.877819      -1.898076   1.480450  -0.578549
    37  0.09707121    2.641442   60.913158      -1.843635   6.535409  -0.798552
    38  0.11009464    2.995828   69.085491      -1.660507   4.606472  -1.408411
    39  0.15065038    4.099405   94.534622      -1.299084  -4.147708  -1.191694
    40  0.06935669    1.887292   43.522018      -1.435432   0.840248  -0.795259
    41  0.10820247    2.944339   67.898132      -1.322433   5.344997  -0.667036
    42  0.12664996    3.446321   79.474117      -1.215157  -3.177601   1.258766
    43  0.00031854    0.008668    0.199885      -1.070174   0.577848   3.425347
    44  0.12713759    3.459590   79.780108      -0.422159  -2.602402   1.138208
    45  0.04907174    1.335310   30.793010      -0.124492   0.326560  -1.839144
*   46 -0.00408753   -0.111227   -2.564968      -0.226619   1.410059   3.694885
    47  0.12429739    3.382304   77.997853       0.067274   3.820661   0.784410
    48  0.06304381    1.715509   39.560622       0.548411   2.045758  -1.590805
    49  0.01876834    0.510713   11.777321       0.713027  -1.138365   2.420361
    50  0.07704384    2.096469   48.345779       0.808364   3.896628   0.514823
    51  0.15265625    4.153988   95.793322       1.467876  -1.279857  -1.704853
    52  0.02610843    0.710446   16.383298       1.903572   3.011073   2.397371
    53  0.16523677    4.496321  103.687725       2.119846  -3.322631  -0.141650
    54  0.05544122    1.508632   34.789919       2.052089   2.498118   0.716653
    55  0.15002749    4.082456   94.143752       2.356302  -1.450422  -2.258359
    56  0.05667966    1.542332   35.567051       2.463830   3.596209  -1.596887
    57  0.06486089    1.764954   40.700855       2.951839   0.068299   4.137822
    58  0.15397675    4.189920   96.621949       3.178200  -3.439617  -0.723076
    59  0.06270258    1.706224   39.346498       3.310494   1.837344   2.701765
    60  0.14684460    3.995845   92.146455       3.442789  -0.809192  -1.861476
    61  0.15435170    4.200123   96.857237       3.470477  -0.028563  -0.670827
    62  0.15603820    4.246015   97.915534       3.714328  -1.653083  -2.792306
    63  0.08166528    2.222225   51.245781       3.600830  -1.783602   4.111650
    64  0.08256083    2.246594   51.807748       3.686138   2.260881   0.916705
    65  0.14933187    4.063527   93.707241       4.094684  -2.840178  -0.297405
    66  0.15007915    4.083861   94.176169       4.162968  -2.329014   0.446235
    67  0.16362949    4.452585  102.679144       4.296677  -3.387369  -1.669059
    68  0.08296271    2.257530   52.059933       5.252405   2.026455   1.947273
    69  0.09126565    2.483465   57.270109       5.859016  -1.913406   2.924908
    70  0.08333189    2.267576   52.291595       6.065611   0.301926  -2.802187
    71  0.09675354    2.632798   60.713817       6.485558  -1.632162   1.084380
    72  0.08872438    2.414313   55.675435       6.666663  -0.163494   2.156165
    73  0.08563273    2.330185   53.735394       6.817542  -1.831367  -2.720140
    74  0.08671334    2.359590   54.413490       6.871551   0.711235  -0.277036
    75  0.07768514    2.113920   48.748204       7.133788   0.046246  -3.055889
    76  0.08482794    2.308286   53.230379       7.517249  -1.540951  -0.149341
    77  0.07848338    2.135641   49.249105       7.461149  -0.982554  -3.002593
    78  0.07777775    2.116440   48.806317       7.829555   0.466871  -0.508377
    79  0.07829351    2.130475   49.129963       8.272324  -0.709336  -0.471593
 
 Number of surface maxima:    98
   #       a.u.         eV      kcal/mol           X/Y/Z coordinate(Angstrom)
     1  0.16290054    4.432749  102.221716      -8.617889  -4.320702   1.166324
     2  0.11712406    3.187108   73.496521      -7.602849  -3.122780   1.710470
     3  0.11928824    3.245998   74.854564      -7.522735  -4.966006   0.000425
     4  0.16452234    4.476881  103.239414      -7.129150  -1.776395   2.657146
     5  0.16980829    4.620718  106.556398      -6.977098  -6.015884  -1.169710
     6  0.13058579    3.553420   81.943886      -5.746361  -2.990486  -0.202492
     7  0.15336695    4.173327   96.239295      -5.688483  -2.185425  -1.321094
     8  0.12214394    3.323706   76.646546      -5.530587  -1.617621   2.007060
     9  0.12417512    3.378977   77.921130      -5.285921  -4.048840   0.963461
    10  0.15060789    4.098249   94.507954      -5.290053  -0.476140   0.519797
    11  0.11399333    3.101916   71.531954      -5.098586  -2.040104  -3.126664
    12  0.16617600    4.521879  104.277104      -5.058943  -0.071982  -3.457413
    13  0.18374069    4.999839  115.299123      -5.082128   7.328470  -2.147874
    14  0.12736070    3.465661   79.920112      -4.829180  -0.149733  -1.666609
    15  0.16710279    4.547098  104.858670      -4.783741   1.639815  -1.790274
    16  0.18893862    5.141281  118.560870      -4.777505   4.279343  -3.324375
    17  0.10600736    2.884607   66.520677      -4.687247   1.315143   0.062856
    18  0.14092371    3.834729   88.431035      -4.643662   5.738600  -2.535297
    19  0.16293045    4.433563  102.240490      -4.148798  -1.011939   1.964871
    20  0.14289092    3.888260   89.665483      -4.025139   0.316872  -2.317806
    21  0.13753495    3.742516   86.304558      -4.091824   7.473340  -0.802279
    22  0.19364898    5.269457  121.516670      -3.814110  -5.205711  -1.831734
    23  0.17095162    4.651830  107.273848      -3.811948  -1.657275  -0.533689
    24  0.16909625    4.601343  106.109586      -3.710662   0.995997  -3.718891
    25  0.14733456    4.009177   92.453912      -3.726106   3.435439  -2.314855
    26  0.14721442    4.005908   92.378518      -3.622955   5.025321  -0.141650
    27  0.15874721    4.319731   99.615464      -3.462345  -2.466009  -1.477045
    28  0.18090126    4.922574  113.517349      -3.272304   8.296970   0.411187
    29  0.17450712    4.748580  109.504966      -3.286239  -2.739642  -3.196945
    30  0.13427615    3.653840   84.259629      -3.292455   1.102821  -1.865761
    31  0.17132445    4.661975  107.507803      -3.142313  -4.300469  -0.511029
    32  0.13683427    3.723450   85.864872      -2.993417   1.544590   0.544174
    33  0.18880056    5.137524  118.474239      -2.924130   2.142529  -1.873070
    34  0.06828707    1.858186   42.850820      -2.727152  -0.865725   2.530671
    35  0.14830675    4.035632   93.063969      -2.508980   2.831465  -0.134899
    36  0.21644353    5.889728  135.820477      -2.398208  -5.540010   0.640845
    37  0.15080389    4.103583   94.630949      -2.462279   5.392232  -1.200004
    38  0.16786780    4.567915  105.338724      -2.250987   3.224097   1.454247
    39  0.14018157    3.814535   87.965340      -2.341577   6.950093   0.951339
    40  0.16372300    4.455129  102.737820      -2.047681  -0.278708  -0.340347
    41  0.18070354    4.917193  113.393281      -1.864571  -1.827456  -1.918822
    42  0.11603870    3.157574   72.815445      -1.786887   0.846049  -3.519206
    43  0.15276250    4.156879   95.859998      -1.588650   3.190368  -0.820439
    44  0.19237798    5.234871  120.719107      -1.480045  -2.351415   0.502606
    45  0.14251934    3.878148   89.432309      -1.474412   0.706110   0.371934
    46  0.15559233    4.233882   97.635740      -1.481127   1.717466  -1.873491
    47  0.22254038    6.055632  139.646313      -1.316877  -2.725276  -1.067482
    48  0.17544247    4.774032  110.091904      -1.302934  -1.017378  -3.458827
    49  0.16717108    4.548956  104.901524      -1.204326   4.811001   1.172258
    50  0.18965485    5.160771  119.010313      -1.275103   6.157912   1.887468
    51  0.18588475    5.058181  116.644537      -0.892658  -4.935841   0.281524
    52  0.12104691    3.293854   75.958145      -0.922923   1.834918   1.773279
    53  0.15256130    4.151404   95.733740      -0.670789   3.503514  -0.513081
    54  0.13824881    3.761941   86.752509      -0.358977   1.407588  -0.622425
    55  0.17793214    4.841780  111.654198      -0.420905   4.354642   1.911706
    56  0.16684827    4.540172  104.698957      -0.231670  -0.948261   0.652116
    57  0.16359085    4.451533  102.654892       0.178299   2.476449   0.805284
    58  0.12257339    3.335392   76.916027       0.316601   0.184578   2.288524
    59  0.17969080    4.889635  112.757773       0.334266   5.013713  -2.191818
    60  0.24116156    6.562340  151.331290       0.796903  -4.909490   0.255233
    61  0.21616724    5.882210  135.647103       0.916240  -3.437673  -0.694763
*   62  0.24863684    6.765753  156.022106       1.165243  -3.790390  -2.537428
    63  0.18330236    4.987911  115.024063       1.071043  -0.075525  -0.127207
    64  0.04615170    1.255852   28.960652       1.207656   2.985044   3.705333
    65  0.13201933    3.592429   82.843448       1.632536   0.998355   1.223161
    66  0.10408667    2.832342   65.315429       1.727515   0.054659   3.563664
    67  0.11838139    3.221322   74.285508       2.352243   1.364991   1.291877
    68  0.17142782    4.664788  107.572672       2.350741   5.452933   0.228969
    69  0.21669435    5.896553  135.977871       2.484348  -1.069707  -0.935416
    70  0.17077525    4.647031  107.163179       2.496158   0.153306   0.645308
    71  0.20105800    5.471066  126.165907       2.522228   0.457785  -1.191631
    72  0.19518702    5.311309  122.481809       2.800769  -3.244206  -2.484771
    73  0.15788813    4.296354   99.076378       2.936309  -2.694148   2.786875
    74  0.22476849    6.116262  141.044475       2.826345  -2.329014   0.035672
    75  0.08678250    2.361472   54.456886       2.873297  -1.402954   4.183748
    76  0.22582807    6.145094  141.709375       4.301333  -2.990486  -3.052125
    77  0.18783139    5.111152  117.866075       4.247555   1.515771  -1.199164
    78  0.09209669    2.506078   57.791592       4.383640   2.435086   1.717686
    79  0.14138492    3.847279   88.720450       4.573588  -0.504662   4.428801
    80  0.17457166    4.750336  109.545460       4.584379  -0.261364   0.230492
    81  0.12330197    3.355217   77.373217       4.682934   0.073287   2.950616
    82  0.17850106    4.857261  112.011201       4.898026  -2.530855  -1.269551
    83  0.15814266    4.303280   99.236098       4.809129  -1.667543   0.563219
    84  0.13959312    3.798522   87.596081       4.964212   1.608955   3.364188
    85  0.15503574    4.218737   97.286477       5.167513   1.780694   0.247269
    86  0.16674088    4.537250  104.631568       5.438082  -2.843337   1.586670
    87  0.11584792    3.152382   72.695728       5.465270   0.487233   1.860929
    88  0.19573478    5.326214  122.825529       5.987213  -3.741808  -0.781000
    89  0.14991035    4.079268   94.070246       6.058168  -0.488702   3.641216
    90  0.13134769    3.574152   82.421990       6.526763  -0.701954  -2.242911
    91  0.10512725    2.860658   65.968402       6.689961  -1.463139   2.047168
    92  0.14991939    4.079514   94.075914       6.742214  -0.230928   0.667289
    93  0.13416603    3.650843   84.190525       6.899561  -0.473912  -0.666070
    94  0.17115593    4.657390  107.402059       7.260462   2.533407  -2.136350
    95  0.12212469    3.323182   76.634463       8.281390   1.186644  -2.126064
    96  0.17201784    4.680844  107.942916       9.086777  -2.858191  -1.752446
    97  0.12248297    3.332931   76.859287       9.067713  -1.202096  -1.993770
    98  0.16628366    4.524808  104.344658       9.705687   0.349531  -2.367253
