 Number of surface minima:    66
   #       a.u.         eV      kcal/mol           X/Y/Z coordinate(Angstrom)
     1  0.11956212    3.253451   75.026425      -8.039065   1.330197   1.174690
     2  0.11463603    3.119405   71.935253      -7.963802  -0.380078   2.593820
     3  0.09409555    2.560470   59.045900      -7.322907  -1.243151   1.800054
     4  0.10153338    2.762864   63.713211      -7.284818   0.881451   0.212523
     5  0.09281329    2.525578   58.241265      -6.840978  -1.841528   1.034256
     6  0.10197222    2.774805   63.988585      -6.724975   0.278101  -0.581042
     7  0.09615771    2.616584   60.339927      -6.592129  -0.644667   2.658143
     8  0.10587514    2.881009   66.437708      -6.492293   1.472042   1.076009
     9  0.10110015    2.751075   63.441357      -5.507324  -1.912136   1.006289
    10  0.09290764    2.528146   58.300475      -5.520759  -0.650582   2.749989
    11  0.10830217    2.947052   67.960696      -5.529450   1.482202   1.134170
    12  0.11334561    3.084291   71.125506      -5.379331   0.193665  -0.581243
    13  0.09980919    2.715946   62.631267      -4.897405  -1.357412   1.800054
    14  0.11686260    3.179993   73.332453      -4.872303   0.744718   0.212523
    15  0.11208891    3.050094   70.336913      -4.141859  -0.575695   2.593820
    16  0.11781851    3.206005   73.932290      -3.892850   3.721045  -0.792439
    17  0.10201243    2.775899   64.013818      -3.661444  -0.483900  -2.018521
    18  0.10072875    2.740969   63.208299      -3.813020   0.547415  -0.974593
    19  0.11469368    3.120974   71.971429      -3.549360   4.575036   0.669630
    20  0.12154658    3.307451   76.271696      -2.898544   4.669160  -0.828462
    21  0.05989453    1.629813   37.584418      -2.833365   1.355950  -3.491718
    22  0.13363248    3.636325   83.855715      -2.595125   2.453511  -0.922717
    23  0.11040766    3.004345   69.281913      -2.372958   3.564524   3.059480
    24  0.03639891    0.990465   22.840682      -2.204175  -1.021387   1.567174
    25  0.10713453    2.915279   67.227986      -2.162609   1.668144   3.255292
    26  0.12692662    3.453849   79.647724      -1.971178   1.455878  -0.593168
    27  0.04002880    1.089239   25.118475      -1.905532  -0.852960  -2.773951
    28  0.09189789    2.500669   57.666846      -1.538951   1.641331  -1.618258
*   29 -0.00064145   -0.017455   -0.402516      -1.401401  -4.022249  -0.713537
    30  0.01019395    0.277392    6.396807      -1.292868  -2.358014  -3.210915
    31  0.10523624    2.863624   66.036790      -1.261145   1.123210   1.817995
    32  0.00136761    0.037215    0.858191      -1.099678  -3.751346   0.677789
    33  0.10979741    2.987739   68.898971      -0.885834   2.672568   3.261911
    34  0.13274620    3.612208   83.299567      -0.657680   2.655038  -1.409414
    35  0.02423801    0.659550   15.209593      -0.003485  -0.380078   1.875387
    36  0.14779848    4.021801   92.745027       0.259713   3.528144   0.945681
    37  0.14439407    3.929163   90.608725       0.314896   3.076971  -1.866880
    38  0.02694918    0.733325   16.910882       0.798939  -1.979129  -2.181572
    39  0.08172694    2.223903   51.284474       0.949431  -3.554561  -0.053957
    40  0.15359693    4.179585   96.383611       1.145865   4.050558   0.409741
    41  0.14990303    4.079069   94.065650       1.594717   2.393124  -2.041179
    42  0.07309815    1.989102   45.869821       1.660799  -5.753464   0.108309
    43  0.07141095    1.943191   44.811085       1.611455  -3.290270  -3.358710
    44  0.13469201    3.665156   84.520582       2.139295  -0.380078   1.744007
    45  0.10401499    2.830392   65.270444       2.330940  -2.761375   1.197934
    46  0.11636273    3.166391   73.018778       2.332773   4.145165  -3.033652
    47  0.13294409    3.617593   83.423748       2.914807  -0.916752   2.215496
    48  0.12127138    3.299962   76.099002       3.184038   5.173269  -0.718371
    49  0.08457364    2.301366   53.070804       3.391960  -6.006717  -1.048404
    50  0.09139385    2.486953   57.350557       3.412338  -2.546688  -3.359423
    51  0.12508792    3.403815   78.493922       3.334374   3.458039  -3.094382
    52  0.08320353    2.264083   52.211047       3.476913  -4.361637  -3.235998
    53  0.11129915    3.028604   69.841332       3.484180   0.817440   3.377549
    54  0.11721197    3.189500   73.551686       3.522501   2.326071  -2.769983
    55  0.13681698    3.722979   85.854024       3.962311   5.640369  -1.440100
    56  0.13198186    3.591409   82.819935       4.137435  -2.230852  -0.696204
    57  0.13031689    3.546103   81.775152       4.191997   4.318509  -0.777545
    58  0.11791433    3.208612   73.992420       4.316974   0.077774   3.784469
    59  0.12460865    3.390774   78.193175       4.420816   3.213877  -0.403879
    60  0.10645567    2.896806   66.801995       4.539368  -1.035246   3.644451
    61  0.14086321    3.833083   88.393074       4.787415  -1.568584   0.081160
    62  0.12091613    3.290295   75.876084       5.182064   1.604336   1.450571
    63  0.13819996    3.760612   86.721854       5.297513   3.585202  -1.119716
    64  0.13524964    3.680330   84.870504       5.655778   2.114454   2.329232
    65  0.12492669    3.399428   78.392745       5.997442   0.817768   1.923169
    66  0.11378839    3.096340   71.403354       6.237889  -0.380586   1.669566
 
 Number of surface maxima:    91
   #       a.u.         eV      kcal/mol           X/Y/Z coordinate(Angstrom)
     1  0.18289803    4.976908  114.770343      -8.939339  -1.015598  -0.301722
     2  0.18574959    5.054503  116.559725      -8.834464   0.946219   2.330724
     3  0.13985480    3.805643   87.760283      -8.545736  -0.091623   1.026176
     4  0.14284854    3.887106   89.638885      -7.322216  -1.336469  -0.782154
     5  0.14344033    3.903210   90.010239      -7.217745   1.207454   2.726114
     6  0.19294568    5.250319  121.075346      -6.184330  -2.083327  -1.633268
     7  0.14814098    4.031121   92.959943      -6.038900  -0.853499   1.535466
     8  0.15513696    4.221491   97.349996      -6.024238   0.452401   0.609406
     9  0.19083987    5.193017  119.753924      -5.913384   1.761602   3.663588
    10  0.17957963    4.886610  112.688013      -4.937770  -0.048662  -3.386683
    11  0.17209679    4.682992  107.992458      -4.866816  -1.433227  -0.977303
    12  0.14956717    4.069930   93.854893      -4.736786   1.076263   2.726624
    13  0.17831352    4.852158  111.893515      -4.528721   3.297700   0.594521
    14  0.19226347    5.231755  120.647250      -4.347526   2.502013  -1.534559
    15  0.18356504    4.995059  115.188897      -4.134563  -2.155931  -1.639598
    16  0.16620313    4.522617  104.294129      -3.811230  -2.243739   0.490282
    17  0.14214474    3.867955   89.197247      -3.703851  -0.921709   1.346324
    18  0.15815881    4.303720   99.246234      -3.644652   0.161173   0.380898
    19  0.17889449    4.867967  112.258082      -3.599593   2.518856   2.822320
    20  0.12742128    3.467309   79.958127      -3.473311   4.514811  -0.505195
    21  0.19048624    5.183394  119.532019      -3.261567   0.700592   2.476005
    22  0.13976949    3.803321   87.706750      -3.227300   2.323279  -0.259184
    23  0.15075289    4.102195   94.598943      -3.135943   2.406109   1.144194
    24  0.17007470    4.627968  106.723576      -2.899082   0.940451   0.204572
    25  0.13424587    3.653016   84.240627      -2.922324   1.727394  -1.435801
    26  0.17604176    4.790340  110.467964      -2.734059   3.474116  -1.875325
    27  0.14526177    3.952774   91.153214      -2.623299   3.642458   1.456879
    28  0.16088396    4.377875  100.956295      -2.362720  -1.176293  -1.111970
    29  0.18516169    5.038506  116.190811      -1.989886   5.240495   0.541324
    30  0.03994396    1.086931   25.065237      -1.859214  -4.017764  -2.631397
    31  0.11390118    3.099409   71.474129      -1.899364  -2.302029  -0.052066
    32  0.12029016    3.273262   75.483276      -1.850313   2.654832   3.486654
    33  0.14687041    3.996547   92.162648      -1.576330   0.302950  -0.171165
    34  0.13039642    3.548267   81.825059      -1.271338  -0.853680   1.061864
    35  0.17156323    4.668473  107.657640      -1.313912   3.585503  -0.727487
    36  0.16857648    4.587199  105.783427      -1.094516   1.148705  -0.208945
    37  0.18505301    5.035549  116.122616      -1.035768   3.784187   0.407958
    38  0.17718947    4.821571  111.188166      -0.926842   4.204912   2.582945
*   39  0.23169313    6.304691  145.389759      -0.771179   5.141696  -0.732201
    40  0.15854010    4.314096   99.485499      -0.770505   1.205438   2.993587
    41  0.18190439    4.949870  114.146826      -0.396747   1.858587   1.367235
    42  0.13716193    3.732366   86.070484      -0.314545  -1.246387  -1.976729
    43  0.05371056    1.461539   33.703915       0.154881  -3.355550   2.329232
    44  0.11867798    3.229392   74.471618       0.154881  -2.457758  -0.563709
    45  0.17568205    4.780552  110.242245       0.160273   0.284704  -0.835670
    46  0.18353626    4.994276  115.170837       0.173292   0.839827  -2.819207
    47  0.10533396    2.866283   66.098110       0.405419  -3.956567  -0.987777
    48  0.10562702    2.874257   66.282011       0.495965  -3.025964  -0.713537
    49  0.21811951    5.935334  136.872174       0.657416   1.986949  -1.026593
    50  0.19397908    5.278439  121.723813       0.684058   4.837553  -1.080603
    51  0.15238064    4.146488   95.620375       0.749400  -1.108502   0.410159
    52  0.21600753    5.877864  135.546886       1.070324   6.133647  -1.886488
    53  0.14236971    3.874077   89.338416       1.180509  -2.372419  -0.206908
    54  0.22764009    6.194402  142.846431       1.121145   2.570600   0.385021
    55  0.09062386    2.466001   56.867376       1.330666  -4.752413  -0.458661
    56  0.10889224    2.963108   68.330967       1.771765  -4.605241  -1.765141
    57  0.13890912    3.779909   87.166860       2.035405  -6.317820  -1.479870
    58  0.13767847    3.746422   86.394617       2.126367  -4.879858  -3.497215
    59  0.14198633    3.863645   89.097844       2.303419  -4.984680   1.444062
    60  0.14554467    3.960472   91.330735       2.254978  -1.740537  -3.241081
    61  0.20432906    5.560076  128.218526       2.296576   1.253239   1.184368
    62  0.16699244    4.544095  104.789424       2.555479  -1.819245  -1.482758
    63  0.19811242    5.390913  124.317523       2.536178  -1.414787   1.054210
    64  0.18479209    5.028448  115.958882       2.510591   3.139112  -2.089236
    65  0.16430263    4.470902  103.101541       2.702270   5.748881  -2.269153
    66  0.22691805    6.174754  142.393348       2.800767   2.760255   1.649049
    67  0.20580988    5.600372  129.147756       2.945655   0.799669  -0.849950
    68  0.19060771    5.186700  119.608246       2.987241   3.642931  -0.659358
    69  0.09635673    2.622000   60.464813       3.197650  -6.025080   0.080228
    70  0.09642693    2.623910   60.508863       3.197650  -3.318879  -3.678317
    71  0.21332530    5.804877  133.863758       3.067840   1.340959   0.345539
    72  0.11520378    3.134854   72.291524       3.199864  -4.615154  -1.773231
    73  0.21674759    5.898002  136.011278       3.462238  -1.014502  -0.144235
    74  0.16210624    4.411135  101.723289       3.749951  -3.433027  -0.323583
    75  0.17422504    4.740905  109.327958       3.861103  -0.246326   2.601726
    76  0.20365916    5.541848  127.798162       4.263635   5.981845  -2.822940
    77  0.22435188    6.104925  140.783050       4.520593   0.619438  -0.978126
    78  0.16151362    4.395009  101.351409       4.603326  -4.890001  -0.346415
    79  0.15650321    4.258669   98.207331       4.609306  -3.300965  -2.326756
    80  0.21284961    5.791933  133.565262       4.785182  -3.886403   0.939616
    81  0.17911659    4.874010  112.397452       4.917476  -2.555246   1.636227
    82  0.18394192    5.005314  115.425392       4.917476   0.149099   1.476471
    83  0.16268416    4.426861  102.085935       4.839114   4.436449  -2.433363
    84  0.17874298    4.863844  112.163005       5.049770  -2.455182   1.423028
    85  0.16991512    4.623626  106.623439       4.925184   2.004951  -1.638026
    86  0.20453485    5.565676  128.347665       5.295458   2.653404   3.767437
    87  0.15818293    4.304376   99.261368       5.908581   1.177737   3.717220
    88  0.20644324    5.617606  129.545198       5.928377   3.166742  -2.433363
    89  0.20454773    5.566027  128.355748       6.108125  -2.838509   2.593820
    90  0.15610139    4.247735   97.955182       6.285673  -1.306138   3.255940
    91  0.19849890    5.401430  124.560045       6.951109  -0.090786   4.230570
