 Number of surface minima:    62
   #       a.u.         eV      kcal/mol           X/Y/Z coordinate(Angstrom)
     1  0.14426040    3.925525   90.524844      -6.992693  -1.398023  -2.534631
     2  0.13075731    3.558087   82.051518      -6.258311  -1.657161  -1.543736
     3  0.14507237    3.947620   91.034364      -6.258311   0.842149  -2.219489
     4  0.13804673    3.756443   86.625703      -6.226090  -0.380142  -1.748970
     5  0.13234200    3.601209   83.045926      -5.596839   0.414034  -1.301096
     6  0.14121534    3.842665   88.614035      -5.454881  -1.705889  -4.104586
     7  0.13862057    3.772058   86.985795      -4.743171   0.586910  -3.857574
     8  0.12482068    3.396543   78.326224      -4.538485  -1.965965  -3.546996
     9  0.16793964    4.569870  105.383805      -4.594812  -1.091787  -0.285628
    10  0.13068085    3.556007   82.003539      -4.546234  -0.789594  -3.708605
    11  0.13555032    3.688512   85.059183      -4.593587   1.982245   3.524810
    12  0.12038014    3.275710   75.539741      -4.236250   2.001929   2.254991
    13  0.17173678    4.673196  107.766549      -4.009308  -3.706410   0.426484
    14  0.12296000    3.345912   77.158631      -4.052193   3.161324   2.859796
    15  0.12916969    3.514886   81.055272      -3.804226   4.171741   3.623695
    16  0.11891387    3.235811   74.619643      -3.728646   0.139584  -3.199805
    17  0.15985849    4.349971  100.312801      -3.482361  -2.777268   1.043533
    18  0.11549657    3.142821   72.475250      -3.560854   4.098954   2.544123
    19  0.12651830    3.442738   79.391498      -2.894904  -0.105995  -2.402336
    20  0.13212903    3.595414   82.912285      -2.686365   1.129103   4.344673
    21  0.11522120    3.135328   72.302454      -1.972917   1.056185   3.338295
    22  0.12877313    3.504095   80.806426      -1.911470   3.424676   4.564920
    23  0.14449861    3.932007   90.674325      -1.900475   3.843367  -1.083458
    24  0.14499042    3.945390   90.982940      -1.765681  -3.085995  -0.959740
    25  0.12161506    3.309314   76.314665      -1.826676   2.246834   3.920860
    26  0.16277187    4.429248  102.140977      -1.612490   4.770260  -0.403318
    27  0.11560682    3.145822   72.544437      -1.297116   3.172894   3.617212
    28  0.04521539    1.230373   28.373107      -0.865020  -1.721996   2.432472
    29  0.02698982    0.734430   16.936384      -0.717015  -0.327417  -2.298095
*   30 -0.01555481   -0.423268   -9.760799      -0.569656  -5.492158   2.492553
    31  0.00982336    0.267307    6.164255      -0.441162   1.454979  -3.183638
    32  0.07377227    2.007445   46.292835       0.127907  -0.932777  -1.861552
    33  0.14020942    3.815292   87.982814       0.310520   2.893944   0.087890
    34  0.04231563    1.151467   26.553480       0.579932  -3.459142   2.487886
    35  0.11481363    3.124238   72.046701       0.735687   1.047700  -0.318807
    36  0.07394223    2.012071   46.399491       1.303483  -3.405784  -0.673996
    37 -0.00877883   -0.238884   -5.508803       1.282464   4.363542  -3.948107
    38  0.09619895    2.617707   60.365803       1.957182   3.195852   0.915909
    39  0.08980166    2.443627   56.351439       2.249082   0.944734   2.003933
    40  0.15924745    4.333343   99.929367       2.427433  -1.202024  -1.369421
    41  0.12636562    3.438583   79.295689       2.711342   1.268578  -0.867000
    42  0.16696242    4.543278  104.770588       2.869996   0.607066  -0.973784
    43  0.04697226    1.278180   29.475561       3.506677  -1.600989   1.531887
    44  0.12607039    3.430550   79.110429       3.524966   1.192606   0.239568
    45  0.13092482    3.562646   82.156637       4.502794  -1.147552   1.060644
    46  0.12421454    3.380050   77.945867       5.343671   0.730794   0.363766
    47  0.12692196    3.453722   79.644797       5.289449   1.104565  -0.794551
    48  0.11749299    3.197147   73.728024       5.515882  -1.390027  -1.541191
    49  0.11902947    3.238957   74.692184       5.806415  -1.952962   0.926797
    50  0.11367038    3.093128   71.329298       5.656543  -1.710694  -0.542891
    51  0.11123324    3.026810   69.799968       6.203561   1.487177  -1.457724
    52  0.10517800    2.862039   66.000244       6.466417  -1.013409  -2.355221
    53  0.10725774    2.918632   67.305308       6.476764   0.705067   0.929098
    54  0.10014372    2.725049   62.841187       6.806270  -1.784119   0.049132
    55  0.10858055    2.954627   68.135380       7.116853   1.463847  -1.066731
    56  0.11995175    3.264053   75.270924       7.072897   1.668138  -2.282526
    57  0.10908626    2.968388   68.452718       7.219040   1.031093   0.238547
    58  0.10411634    2.833150   65.334045       7.373290  -1.051533  -1.864839
    59  0.10415887    2.834307   65.360736       7.518729  -1.432852  -0.669277
    60  0.11801254    3.211285   74.054051       7.470970   0.467793   1.374984
    61  0.12419485    3.379514   77.933508       8.447558   1.218709  -0.533423
    62  0.12156228    3.307878   76.281544       8.686454  -0.819543  -1.368141
 
 Number of surface maxima:    67
   #       a.u.         eV      kcal/mol           X/Y/Z coordinate(Angstrom)
     1  0.21046597    5.727070  132.069501      -7.022220  -1.693622  -3.973953
     2  0.16923457    4.605107  106.196383      -6.340805  -0.266758  -3.543185
     3  0.17234303    4.689692  108.146976      -6.118204  -2.644658  -2.929589
     4  0.21152042    5.755763  132.731181      -6.065175   1.453068  -3.572659
     5  0.22294287    6.066584  139.898881      -5.570112  -4.058184  -2.243490
     6  0.19706621    5.362444  123.661015      -5.059673  -0.920938  -1.354715
     7  0.17442808    4.746429  109.455365      -4.803074   1.504710  -2.402336
     8  0.20712344    5.636116  129.972033      -4.341383  -3.509308  -1.343982
     9  0.20302932    5.524709  127.402931      -4.190321   1.139761   4.741556
    10  0.24272268    6.604820  152.310910      -3.856928  -4.735398  -0.665184
    11  0.19202502    5.225267  120.497623      -3.992420  -1.054194  -2.511568
    12  0.22849298    6.217610  143.381630      -3.506434  -0.577090   1.953139
    13  0.22944871    6.243617  143.981361      -3.568770   2.158194  -1.587891
    14  0.15847139    4.312226   99.442384      -3.501859   2.637870   4.579569
    15  0.20384257    5.546839  127.913254      -3.347836   0.858027  -0.483786
*   16  0.24668986    6.712772  154.800352      -3.273331  -1.484411   0.243550
    17  0.21472481    5.842959  134.741965      -3.083248   0.233155   0.839795
    18  0.18382678    5.002181  115.353142      -3.138182   2.776011   1.939171
    19  0.19959079    5.431142  125.245217      -3.069982   4.272157   5.023664
    20  0.20567396    5.596673  129.062467      -2.709765  -4.109506   0.374225
    21  0.20988773    5.711336  131.706650      -2.662005   0.791596  -1.296926
    22  0.22121483    6.019562  138.814521      -2.311971  -0.010833   1.133248
    23  0.16142475    4.392591  101.295648      -2.269946   4.667248   3.590024
    24  0.19664275    5.350921  123.395295      -2.126443  -2.191360   1.626305
    25  0.23341348    6.351504  146.469295      -2.273821  -1.719098  -0.922917
    26  0.22853342    6.218711  143.407004      -2.144605   2.521603  -0.283659
    27  0.18353063    4.994122  115.167306      -1.809867   2.232788   2.599518
    28  0.17928176    4.878505  112.501097      -1.517440   2.631895  -2.048821
    29  0.21467584    5.841627  134.711235      -1.430419   5.619488   2.524920
    30  0.19689449    5.357772  123.553264      -1.259258   4.618120   1.276484
    31  0.20422806    5.557328  128.155153      -0.957758  -0.262091  -0.153056
    32  0.19545662    5.318645  122.650987      -0.787787  -2.383467   0.400835
    33  0.03884596    1.057052   24.376230      -0.741056   0.226523  -3.075718
    34  0.21972642    5.979060  137.880529      -0.793570   2.114539   0.391336
    35  0.23586499    6.418213  148.007637      -0.465455   5.419105   0.360095
    36  0.21296058    5.794952  133.634891      -0.258527   1.453068   2.227964
    37  0.20025462    5.449205  125.661778      -0.196256   4.322327  -0.956287
    38  0.22551414    6.136552  141.512377       0.138250  -0.399053  -0.106898
    39  0.17940498    4.881858  112.578418       0.224110   2.032862  -1.293365
    40  0.19482377    5.301424  122.253861       0.351430  -2.384085   0.901695
    41  0.12295573    3.345796   77.155952       0.442871  -2.653892  -2.274826
    42  0.22096592    6.012788  138.658322       0.458202  -0.538584   2.054952
    43  0.15768977    4.290957   98.951909       1.464241   2.008143  -0.633028
    44  0.09427566    2.565371   59.158920       1.838520  -3.002734   3.683201
    45  0.24337137    6.622472  152.717966       1.683648  -0.262964  -0.288223
    46  0.19576313    5.326986  122.843323       1.857937  -2.337172   0.554433
    47  0.18636638    5.071287  116.946767       2.146046  -0.593825   1.831081
    48  0.19293769    5.250102  121.070332       2.621509   3.172894  -1.708255
    49  0.21780974    5.926904  136.677789       2.713026  -0.138027  -2.153299
    50  0.14818609    4.032349   92.988254       3.037391   1.735885   1.337004
    51  0.19362501    5.268804  121.501630       3.673878  -1.712276  -1.070305
    52  0.17498712    4.761642  109.806169       3.570265   0.541464   0.146828
    53  0.20832110    5.668705  130.723571       4.286491   0.388634  -3.216829
    54  0.15934998    4.336134   99.993708       4.464402  -1.442914   0.236843
    55  0.20766883    5.650956  130.314265       4.417111   2.766109   0.884124
    56  0.18738023    5.098875  117.582968       5.193171  -1.250940   2.095670
    57  0.15415326    4.194724   96.732713       5.896210   0.648169  -3.098108
    58  0.16478679    4.484076  103.405356       6.236813   0.586467  -0.490757
    59  0.15903341    4.327519   99.795053       6.473233  -0.887204  -1.054473
    60  0.14524535    3.952327   91.142907       6.728885  -0.906869   1.596820
    61  0.19060148    5.186530  119.604336       7.561658   0.985252  -3.592985
    62  0.12700036    3.455855   79.693994       8.015255   1.319796  -0.556775
    63  0.12372601    3.366756   77.639312       8.323149  -1.025213  -1.325846
    64  0.18739378    5.099244  117.591473       8.374421  -0.690724   1.779146
    65  0.14681257    3.994973   92.126358       8.338084   0.571029  -2.093726
    66  0.14581851    3.967923   91.502572       8.652082  -0.144603   0.222938
    67  0.18983835    5.165764  119.125465       9.568815   0.384428  -1.111635
