 Number of surface minima:    55
   #       a.u.         eV      kcal/mol           X/Y/Z coordinate(Angstrom)
     1  0.14818694    4.032372   92.988784      -6.475173   0.085413   1.213381
     2  0.15186754    4.132526   95.298401      -6.163604  -0.910933   2.997207
     3  0.13681372    3.722891   85.851978      -5.861741   0.955093   4.069467
     4  0.13914830    3.786418   87.316953      -5.557832  -0.567663   1.749488
     5  0.15556472    4.233131   97.618415      -5.539942  -2.808731  -1.153841
     6  0.13930367    3.790646   87.414443      -5.244405  -0.124028   0.873637
     7  0.11652600    3.170834   73.121230      -5.199819   1.742285   3.004538
     8  0.11631942    3.165212   72.991598      -4.901983   2.204285   2.141297
     9  0.14267037    3.882258   89.527085      -4.658668  -1.112191   2.528172
    10  0.14092115    3.834659   88.429429      -4.492488  -3.188687  -1.000373
    11  0.15011132    4.084737   94.196356      -4.491518  -1.599512  -2.983144
    12  0.16060893    4.370391  100.783710      -4.481075   0.252325  -1.940765
    13  0.14525925    3.952705   91.151631      -4.395957  -2.572485  -1.847704
    14  0.14639499    3.983610   91.864323      -4.347431  -1.047531   0.611605
    15  0.15305005    4.164704   96.040438      -4.417073  -0.377530  -0.388046
    16  0.11789052    3.207964   73.977482      -4.351645   1.195112   3.780309
    17  0.15308296    4.165599   96.061091      -4.123339  -1.522614   3.587415
    18  0.14772908    4.019913   92.701476      -4.010791  -0.112670   0.620406
    19  0.14217087    3.868666   89.213646      -3.707441  -1.097732   2.276575
    20  0.12273324    3.339741   77.016334      -3.605398   2.195679   1.868018
    21  0.14064439    3.827128   88.255760      -3.456072  -2.170536  -2.497127
    22  0.15179406    4.130526   95.252288      -3.487791   0.159042  -1.181307
    23  0.14972789    4.074303   93.955749      -3.346221  -0.584647   1.330581
    24  0.11336596    3.084845   71.138277      -3.336106   1.131408   3.709572
    25  0.08921463    2.427654   55.983074      -2.868541  -1.187816  -4.423569
    26  0.12013013    3.268907   75.382861      -2.886836   1.714390   2.551787
    27  0.18632099    5.070052  116.918283      -2.026747  -4.465642   0.935461
    28  0.13067138    3.555749   81.997599      -1.994384   1.006712   3.194668
    29  0.08447340    2.298638   53.007902      -1.848511   1.140342  -3.021025
    30  0.07043906    1.916744   44.201215      -1.792247   2.184064  -2.394001
    31  0.02802618    0.762631   17.586709      -1.566879   4.078080  -3.108948
    32  0.14213252    3.867622   89.189575      -1.468782   0.476532   2.067856
    33  0.16867464    4.589870  105.845022      -1.056612  -4.135247   0.163230
    34  0.16597530    4.516417  104.151158      -0.845412  -2.044819   1.812846
    35  0.01786676    0.486179   11.211572      -0.683816   4.175169  -0.513738
    36  0.16764853    4.561949  105.201130      -0.172509  -1.693072   1.421302
    37  0.04618961    1.256883   28.984444      -0.277255   0.873905   1.739044
    38  0.01285950    0.349925    8.069467       0.590048   3.329127  -2.128640
    39  0.03042091    0.827795   19.089424       0.668782  -0.578238  -2.597042
    40  0.01746219    0.475170   10.957697       1.683228   0.992187   1.721351
*   41 -0.00741803   -0.201855   -4.654887       1.968876   3.787484  -0.372649
    42  0.02208412    0.600939   13.858006       2.477803   2.201566   1.728326
    43 -0.00311072   -0.084647   -1.952009       2.777383   2.743445  -1.690114
    44  0.13814631    3.759152   86.688193       2.901745  -2.180167  -1.816192
    45  0.15811591    4.302553   99.219315       3.293813  -3.566460   0.415842
    46  0.16130025    4.389203  101.217521       4.067685  -2.840173  -2.129632
    47  0.17170807    4.672414  107.748529       4.486657  -3.891521  -0.245828
    48  0.08796666    2.393695   55.199958       4.657892   1.179139   0.192390
    49  0.11383616    3.097640   71.433331       5.140164  -0.443358   2.262321
    50  0.10027929    2.728738   62.926255       5.731379   0.873415  -0.189361
    51  0.09995003    2.719779   62.719641       5.947205  -0.170600  -1.018706
    52  0.12242245    3.331284   76.821311       5.948392   0.479529   2.548664
    53  0.11804808    3.212252   74.076348       6.184218  -0.770203   1.814994
    54  0.11466255    3.120127   71.951897       6.311361  -1.705518   1.144267
    55  0.12756841    3.471313   80.050454       7.392595  -0.975130   1.207347
 
 Number of surface maxima:    67
   #       a.u.         eV      kcal/mol           X/Y/Z coordinate(Angstrom)
     1  0.20862587    5.676999  130.914822      -7.309212   1.265627   1.327819
     2  0.20939434    5.697910  131.397044      -6.729114  -0.303986   4.120083
     3  0.16662510    4.534100  104.558918      -6.680959   0.465281   2.628490
     4  0.22979500    6.253040  144.198659      -6.618475  -1.897523  -0.503965
     5  0.17195267    4.679070  107.902020      -5.820458   1.550449   0.554804
     6  0.18782316    5.110928  117.860910      -5.620777  -1.123784  -1.591832
     7  0.15736221    4.282044   98.746363      -5.598831  -1.042406   2.733439
     8  0.19125609    5.204343  120.015108      -5.370271  -2.498898   0.483182
     9  0.22357756    6.083855  140.297155      -5.328532  -0.331007  -2.952837
    10  0.16861885    4.588352  105.810012      -5.048498  -0.734828   4.142096
    11  0.22104319    6.014891  138.706815      -4.806661   2.196358  -0.577229
    12  0.24388080    6.636334  153.037643      -4.643845  -3.492297   1.663368
    13  0.18607305    5.063305  116.762699      -4.349984  -0.128359   1.795366
    14  0.17146292    4.665743  107.594700      -4.105386   1.281659   2.538892
    15  0.16361107    4.452084  102.667585      -3.827099  -0.960088  -3.124437
    16  0.17180984    4.675184  107.812394      -3.734984   0.044308  -2.505881
    17  0.21225960    5.775877  133.195021      -3.656309  -1.181819   4.913849
    18  0.19786218    5.384104  124.160497      -3.505027   1.377119  -0.165165
    19  0.21836735    5.942078  137.027695      -3.320902  -1.064980  -0.331903
    20  0.17235546    4.690030  108.154772      -3.417729   4.471643  -1.146892
    21  0.22159859    6.030004  139.055333      -3.194898  -3.245618   1.354905
    22  0.21071695    5.733900  132.226990      -3.251781  -2.364822  -1.234863
    23  0.20730660    5.641099  130.086965      -2.991640   2.064063  -0.974722
    24  0.25843561    7.032391  162.170930      -2.527136  -4.153769   2.343318
    25  0.17146524    4.665807  107.596156      -2.604656  -0.659343   3.645680
    26  0.20693287    5.630930  129.852446      -2.298893   0.151238  -0.256043
    27  0.18402792    5.007654  115.479358      -2.036647   2.397427   0.932472
    28  0.15599223    4.244765   97.886687      -1.857366   0.222250  -4.599164
    29  0.16119959    4.386464  101.154357      -1.795395   1.111576   1.871080
    30  0.19769711    5.379612  124.056914      -1.490166  -0.218647  -0.783088
    31  0.20260076    5.513047  127.134003      -1.275700  -1.314801  -2.097749
    32  0.21139752    5.752419  132.654060      -1.250329  -0.449528   3.042141
    33  0.25263969    6.874675  158.533929      -1.099598  -2.753289  -0.564975
    34  0.24349317    6.625786  152.794399      -1.187119  -1.640974   0.546269
    35  0.21488660    5.847362  134.843489      -0.885273  -3.889180   1.925411
    36  0.14115171    3.840933   88.574107      -0.799853   6.166320  -1.958617
    37  0.14510017    3.948376   91.051808      -0.542721   2.268309  -0.140256
    38  0.15117936    4.113800   94.866563      -0.437643   1.346830  -3.608749
    39  0.18114782    4.929283  113.672067       0.003521  -0.311103   0.049431
    40  0.13810859    3.758126   86.664521       0.478519   1.256679   1.017591
    41  0.13995753    3.808438   87.824750       0.650378   0.744858  -2.090151
*   42  0.26075662    7.095548  163.627385       0.797935  -4.001045   2.008129
    43  0.23753792    6.463735  149.057420       1.083676  -3.311183   0.184352
    44  0.09006998    2.450929   56.519816       1.319531   2.608187  -1.161502
    45  0.04052084    1.102628   25.427233       1.345594   4.196251   1.507272
    46  0.25452010    6.925844  159.713910       1.600910  -4.512891  -1.285474
    47  0.16690576    4.541737  104.735032       1.579395  -0.178890  -0.773963
    48  0.11308648    3.077240   70.962895       2.114345   1.417018   0.031158
    49  0.18392367    5.004818  115.413944       2.814973  -0.286816   1.606491
    50  0.15079571    4.103360   94.625819       2.896930   0.529698   0.445442
    51  0.23642029    6.433323  148.356098       3.033598  -2.179875   0.555345
    52  0.21286793    5.792431  133.576753       3.019727  -1.381960  -0.792874
    53  0.13063877    3.554862   81.977136       2.901320   1.928768   3.582657
    54  0.20026341    5.449445  125.667293       3.166871  -4.017038  -1.300705
    55  0.05397142    1.468637   33.867608       3.773173   0.978297  -2.494632
    56  0.17571065    4.781330  110.260192       4.329941  -3.624592   0.095182
    57  0.23814282    6.480196  149.436999       4.881345  -4.079430  -1.591211
    58  0.17431427    4.743333  109.383948       4.908716  -0.184940  -0.190390
    59  0.18374647    4.999996  115.302748       5.028827  -1.115852   1.083964
    60  0.13055680    3.552631   81.925695       4.992368   1.634140   1.731421
    61  0.13379561    3.640764   83.958082       5.127982   0.733511   2.501270
    62  0.19587756    5.330100  122.915131       5.307687  -2.830826  -0.889608
    63  0.18913337    5.146581  118.683079       6.622420   1.679006   2.139003
    64  0.21528969    5.858330  135.096435       6.737399  -2.840585  -1.173775
    65  0.15191499    4.133817   95.328175       7.080874   0.596785   1.178053
    66  0.15838911    4.309987   99.390750       7.249933  -1.358290  -0.379977
    67  0.19666828    5.351616  123.411315       8.270502  -0.196560   0.250993
