 Number of surface minima:    62
   #       a.u.         eV      kcal/mol           X/Y/Z coordinate(Angstrom)
     1  0.11570122    3.148390   72.603675      -6.668317  -3.313307   0.360239
     2  0.10112418    2.751729   63.456434      -6.282403  -2.270068   0.345217
     3  0.16334331    4.444798  102.499561      -5.845633   0.519175  -1.320594
     4  0.10476388    2.850770   65.740385      -5.633533  -2.914438   1.157402
     5  0.09253914    2.518118   58.069233      -4.703962  -3.336987  -1.552042
     6  0.15220350    4.141668   95.509221      -4.820930   1.053083  -0.446613
     7  0.17281325    4.702488  108.442043      -4.791447   2.151516  -1.192468
     8  0.14903702    4.055503   93.522219      -4.632066   2.491238   1.107279
     9  0.14451618    3.932485   90.685351      -4.664147   2.918583  -2.939245
    10  0.09132259    2.485014   57.305835      -4.524554  -2.638420   1.852606
    11  0.14624541    3.979540   91.770456      -4.171470   4.359254   1.147106
    12  0.13854492    3.769999   86.938323      -3.618302   3.055617   2.633995
    13  0.15329075    4.171254   96.191480      -3.547106   3.771377  -1.912365
    14  0.09886852    2.690349   62.040983      -3.381019  -2.498390   2.255903
    15  0.13357262    3.634696   83.818156      -3.248724  -0.090857  -2.244192
    16  0.07316035    1.990794   45.908853      -2.966415  -3.597620  -0.055896
    17  0.14170720    3.856049   88.922686      -2.716708   2.512937  -3.223393
    18  0.14033844    3.818803   88.063773      -2.448062   0.249686  -1.769159
    19  0.07431475    2.022207   46.633249      -2.172398  -3.202603   0.603244
    20  0.16030880    4.362224  100.595374      -1.792560   4.094384  -0.312102
    21  0.02515789    0.684581   15.786828      -1.692164  -1.200651   2.275438
    22  0.17114698    4.657146  107.396439      -1.530090   5.157735   0.476503
    23  0.15398413    4.190121   96.626584      -1.417782   1.842118   1.492621
    24  0.14615440    3.977063   91.713347      -1.132015   2.829716   1.937786
    25  0.16432710    4.471568  103.116898      -0.882630   4.083510   2.308410
    26  0.02794393    0.760393   17.535093      -0.362994  -0.147779  -1.907254
    27 -0.00272803   -0.074233   -1.711865      -0.236235  -3.635732  -0.443511
    28  0.15015053    4.085804   94.220958       0.171844   3.416681   1.769093
    29  0.16312968    4.438984  102.365505       0.196299   3.835798  -1.085705
*   30 -0.01022986   -0.278369   -6.419342       0.256436  -3.913323   0.944940
    31  0.09423494    2.564263   59.133367       1.098906   1.683846   1.666071
    32  0.14889384    4.051607   93.432373       1.035836   2.665256   1.062869
    33 -0.00067594   -0.018393   -0.424157       1.142633  -2.366569   3.140417
    34  0.03415073    0.929289   21.429923       1.513552  -0.803117   2.731946
    35  0.12519653    3.406771   78.562076       1.485867   5.414064  -0.908660
    36  0.15410582    4.193433   96.702945       1.769389  -0.013336  -0.847687
    37  0.00937585    0.255130    5.883442       1.887776  -2.826177   0.207031
    38  0.13833237    3.764215   86.804947       1.818448   1.998795   0.390243
    39  0.12885706    3.506379   80.859092       1.883615   3.561944  -2.094787
    40  0.13430331    3.654579   84.276671       2.054595   4.763336  -1.484847
    41  0.12295856    3.345872   77.157724       2.418440   4.343396   1.360037
    42  0.05911983    1.608732   37.098287       2.572225   1.371937   3.319726
    43  0.13648567    3.713964   85.646122       2.769317   2.371295   0.150464
    44  0.10160614    2.764844   63.758867       2.968680  -2.785310  -0.045282
    45  0.08671834    2.359726   54.416626       3.233697  -0.470955   1.775318
    46  0.09866814    2.684897   61.915243       3.686070  -3.526458  -1.181786
    47  0.15832625    4.308276   99.351304       3.995315   3.160384  -0.338044
    48  0.09835416    2.676353   61.718222       4.183466  -3.164431   0.910856
    49  0.09883072    2.689321   62.017263       4.060983  -2.368715  -1.720484
    50  0.10904789    2.967344   68.428640       4.448022  -1.417113  -1.982916
    51  0.09948918    2.707238   62.430453       4.592152  -1.833055   0.796541
    52  0.08622765    2.346374   54.108710       4.841500  -3.301029  -1.737369
    53  0.10936756    2.976043   68.629237       4.996614  -0.915401   0.525640
    54  0.08670530    2.359371   54.408443       5.509381  -2.766104   0.784555
    55  0.10050703    2.734935   63.069165       5.672213  -1.042141  -2.370707
    56  0.09244299    2.515502   58.008902       5.892458  -3.047239  -2.030215
    57  0.10181745    2.770594   63.891467       6.264805  -0.676219   0.198482
    58  0.09288599    2.527556   58.286889       6.428973  -2.507354   0.511176
    59  0.09671054    2.631628   60.686832       6.338827  -1.833425  -2.365565
    60  0.09750339    2.653202   61.184355       6.913473  -1.342549   0.176094
    61  0.11296048    3.073811   70.883829       7.319017  -2.808100  -2.183562
    62  0.11331238    3.083387   71.104654       7.769581  -2.515598  -0.033919
 
 Number of surface maxima:    70
   #       a.u.         eV      kcal/mol           X/Y/Z coordinate(Angstrom)
     1  0.20621687    5.611446  129.403150      -6.879897  -1.729828  -2.222564
     2  0.18561375    5.050807  116.474482      -6.776862  -4.596494  -0.555141
     3  0.14840681    4.038355   93.126756      -6.566309  -3.056057  -1.244016
     4  0.23051598    6.272659  144.651085      -5.869440   0.405139  -2.813283
     5  0.18666297    5.079358  117.132879      -5.700038  -0.775563  -1.836470
     6  0.13795147    3.753850   86.565924      -5.500112  -4.508670   0.485388
     7  0.16805727    4.573071  105.457617      -4.857337  -1.979539   0.497427
     8  0.21553790    5.865085  135.252189      -4.947554   3.460719  -1.340136
     9  0.19497605    5.305568  122.349419      -4.764023   1.445235  -2.223398
    10  0.15772903    4.292025   98.976543      -4.580271   3.300909   1.680806
    11  0.17534917    4.771493  110.033355      -4.431926  -5.149886   1.550919
    12  0.22055340    6.001563  138.399467      -4.522298   3.455616  -0.261848
    13  0.15917116    4.331268   99.881497      -4.016625  -2.622517  -0.663137
    14  0.22327862    6.075720  140.109567      -3.910196   0.174839   0.005918
    15  0.20546859    5.591085  128.933594      -3.937745   1.513570   1.937786
    16  0.20409417    5.553685  128.071131      -3.939310   1.963650  -3.932079
    17  0.16005845    4.355412  100.438275      -3.645607   3.498290  -2.756168
    18  0.12282331    3.342192   77.072858      -3.460039  -3.714243   1.726472
    19  0.20871927    5.679540  130.973427      -3.282418   4.602856   2.439040
    20  0.16053301    4.368325  100.736067      -3.104156  -0.926006   1.424598
    21  0.20629627    5.613607  129.452971      -3.058620  -0.539179  -1.104983
    22  0.22471110    6.114700  141.008465      -2.992655   2.248061  -0.315125
    23  0.20506926    5.580218  128.683009      -2.851658   1.578881   0.862736
    24  0.14270858    3.883298   89.551060      -2.207024  -2.923483   2.189946
    25  0.14335048    3.900765   89.953858      -2.055961  -1.730302   0.217370
    26  0.20607348    5.607544  129.313167      -2.053668   1.849655  -1.358903
    27  0.21968556    5.977948  137.854888      -1.978736   3.287659  -1.931194
*   28  0.23854263    6.491075  149.687883      -1.408262   5.494128   1.916596
    29  0.16052113    4.368002  100.728616      -1.229131  -0.511291  -0.398265
    30  0.11495584    3.128107   72.135939      -1.152238  -1.998016   0.600372
    31  0.05583821    1.519435   35.039034      -1.101916  -3.026929  -2.281935
    32  0.23652717    6.436232  148.423166      -0.848426   3.032767  -0.532415
    33  0.13399917    3.646303   84.085818      -0.501628  -0.936062   2.008191
    34  0.17846228    4.856206  111.986868      -0.470544   0.622556   0.686330
    35  0.17831691    4.852250  111.895645      -0.455190   0.898933   2.987400
    36  0.22146631    6.026405  138.972322      -0.334115   2.500244   0.885666
    37  0.20142585    5.481076  126.396736      -0.078177   5.149137   1.141512
    38  0.03089035    0.840569   19.384005       0.176455  -3.848249   2.995960
    39  0.19014188    5.174024  119.315928       0.579004   1.829542  -1.513600
    40  0.09704436    2.640711   60.896304       0.723832  -2.530636   0.214860
    41  0.15127177    4.116314   94.924549       0.852399  -0.831875  -0.897626
    42  0.22196452    6.039962  139.284954       0.852399   6.396941   1.465426
    43  0.17547958    4.775042  110.115191       1.151077   1.312941  -0.144834
    44  0.19378017    5.273027  121.598994       1.183624   3.958827  -0.906052
    45  0.18316343    4.984130  114.936882       1.409298  -0.100137   0.105064
    46  0.11331734    3.083522   71.107765       1.540160  -1.318196   1.418021
    47  0.19634275    5.342758  123.207040       1.826895   3.297355   0.398691
    48  0.17041267    4.637165  106.935653       2.197152   5.949501   0.624645
    49  0.13697708    3.727336   85.954486       2.316013  -0.539179   1.012903
    50  0.22482435    6.117782  141.079527       2.309721   1.050055  -2.029953
    51  0.18395129    5.005569  115.431273       2.615591  -0.782193  -1.590794
    52  0.21706312    5.906588  136.209281       2.984464   0.939106  -0.957148
    53  0.14955116    4.069494   93.844846       3.127178  -0.781221   0.915637
    54  0.15837613    4.309634   99.382604       3.228450  -3.979701   0.095818
    55  0.18436611    5.016857  115.691581       3.166865   2.371295  -1.634160
    56  0.15962380    4.343585  100.165532       3.783066   3.041434  -0.160527
    57  0.17365281    4.725333  108.968872       3.824534   4.549664  -0.808182
    58  0.21069478    5.733297  132.213084       3.841523   6.021890   0.059761
    59  0.20243403    5.508510  127.029378       4.066691   2.397306   1.162732
    60  0.22351113    6.082047  140.255467       4.450973   3.442870  -1.751691
    61  0.17426512    4.741995  109.353108       4.622148  -0.010002   3.151886
    62  0.12585925    3.424804   78.977938       4.810615  -4.131026  -0.185236
    63  0.22547578    6.135508  141.488308       4.697194   1.327337  -1.227791
    64  0.14836929    4.037334   93.103215       5.323064  -1.921319  -1.561062
    65  0.14763158    4.017259   92.640290       5.637079  -1.575817  -0.013183
    66  0.17341874    4.718964  108.821994       6.276466  -4.977002  -0.412274
    67  0.13415716    3.650602   84.184959       7.202526  -3.641951  -0.870624
    68  0.14102506    3.837487   88.494637       7.855843  -1.324175  -1.485442
    69  0.19122732    5.203560  119.997056       7.800704   0.323587  -1.766454
    70  0.18187015    4.948938  114.125335       8.567683  -2.885539  -1.209353
