 Number of surface minima:    56
   #       a.u.         eV      kcal/mol           X/Y/Z coordinate(Angstrom)
     1  0.13312047    3.622392   83.534424      -7.097613  -0.308851  -1.458974
     2  0.11238101    3.058043   70.520209      -6.229265  -1.053576  -0.849470
     3  0.13186901    3.588338   82.749123      -6.242416  -0.239431  -3.464707
     4  0.12007013    3.267275   75.345210      -5.847396  -2.223336  -3.334038
     5  0.11025313    3.000140   69.184942      -5.684215  -1.949212  -0.636766
     6  0.12033019    3.274351   75.508399      -5.691521   0.033886  -0.671014
     7  0.11098785    3.020133   69.645987      -5.240704  -1.097828  -3.311094
     8  0.16511188    4.492923  103.609353      -4.991958   3.753390  -0.089373
     9  0.11822308    3.217014   74.186165      -4.901792   0.033494  -3.182975
    10  0.12237633    3.330029   76.792373      -4.843178   0.225759  -0.337475
    11  0.10799686    2.938744   67.769108      -4.708841  -1.985731  -3.113613
    12  0.12068218    3.283929   75.729274      -4.399236  -1.696434  -0.165433
    13  0.16254294    4.423018  101.997321      -4.378749   2.278891   0.656811
    14  0.15573399    4.237737   97.724635      -4.218152   4.977738   1.504030
    15  0.12601585    3.429066   79.076206      -4.112556  -0.791910  -0.062567
    16  0.15411672    4.193729   96.709783      -4.193383   2.961625  -0.216858
    17  0.11909950    3.240862   74.736124      -3.872778   0.287429  -2.815960
    18  0.16197126    4.407462  101.638586      -3.812870   3.896709  -1.045894
    19  0.01014518    0.276064    6.366200      -3.585151  -0.499394   3.977420
    20  0.11902994    3.238969   74.692479      -3.517273  -1.755695  -2.649623
    21  0.16405575    4.464184  102.946626      -3.517439   5.158914  -1.789917
    22  0.14053954    3.824275   88.189968      -3.220310   4.385793   1.790509
    23  0.12451952    3.388349   78.137246      -3.177525  -0.758902  -2.521384
    24  0.09201990    2.503989   57.743407      -2.938797  -1.731621   1.304161
    25  0.15217644    4.140931   95.492237      -2.910264   5.341679   0.930759
    26  0.03769218    1.025656   23.652221      -2.779903  -3.530446   3.193144
    27  0.15996867    4.352969  100.381938      -2.856337   6.313722  -0.070461
    28  0.15263895    4.153517   95.782465      -2.779472   4.134459  -1.722477
    29  0.14771625    4.019564   92.693426      -1.894617   5.576924   0.336559
    30  0.11398192    3.101606   71.524796      -1.857942  -0.894273   0.799073
    31  0.04171882    1.135227   26.178979      -1.455946  -1.690756   2.904714
    32  0.02813474    0.765585   17.654831      -0.937493  -4.007843   1.553772
    33  0.18810628    5.118632  118.038575      -1.057558   2.547012  -1.325527
    34  0.08641605    2.351500   54.226937      -0.667662  -0.492981  -1.194455
    35  0.03192835    0.868815   20.035358      -0.011433  -0.366563   2.841250
    36  0.17560257    4.778389  110.192369      -0.036559   1.477039  -1.106996
    37  0.19339881    5.262649  121.359686       0.700441   2.991197   0.972726
    38  0.21135576    5.751283  132.627854       0.814750   4.042723  -0.116232
    39  0.03075016    0.836754   19.296034       1.168155  -1.695630  -1.731995
    40 -0.00517848   -0.140914   -3.249547       1.644699  -4.335392  -0.028736
    41 -0.00017583   -0.004785   -0.110336       2.397565  -3.620682   1.240151
    42  0.15548143    4.230865   97.566154       2.492238   1.082714   1.301970
    43  0.19096218    5.196345  119.830677       2.521262   2.015921  -1.194813
*   44 -0.02253451   -0.613195  -14.140630       3.697897  -3.933214  -2.645073
    45  0.16318596    4.440516  102.400820       3.924618   1.353263   1.252194
    46  0.13679357    3.722342   85.839334       6.086147   2.823977  -1.165589
    47  0.12902250    3.510881   80.962909       6.197841  -1.269107  -0.288355
    48  0.13634360    3.710098   85.556971       6.183898  -0.374851  -2.285488
    49  0.12940312    3.521238   81.201752       6.228957   1.666597   1.235657
    50  0.12505107    3.402813   78.470800       6.342824   0.695142  -2.110195
    51  0.11759856    3.200020   73.794275       6.525068  -0.366563   0.314932
    52  0.13882027    3.777492   87.111108       6.703179   1.750146  -1.659776
    53  0.13274774    3.612250   83.300537       6.898724   0.691792   0.720929
    54  0.14841410    4.038553   93.131333       7.397048   2.866988  -1.003603
    55  0.13926984    3.789725   87.393219       7.566463   0.722805  -1.941730
    56  0.14461569    3.935193   90.747794       7.486143   2.010860   1.042026
 
 Number of surface maxima:    66
   #       a.u.         eV      kcal/mol           X/Y/Z coordinate(Angstrom)
     1  0.20128352    5.477203  126.307422      -7.507825   0.427203  -2.737534
     2  0.19222725    5.230770  120.624524      -7.058995  -2.888684  -2.538572
     3  0.15277555    4.157234   95.868184      -7.003737  -1.134656  -2.495139
     4  0.16423830    4.469151  103.061176      -6.096971   1.147024  -2.252740
     5  0.15250224    4.149797   95.696679      -5.473150  -3.150695  -2.009704
     6  0.22561626    6.139331  141.576459      -5.537170   4.817856   0.678439
     7  0.22089355    6.010819  138.612912      -5.014418   2.443650  -1.835720
     8  0.16886985    4.595182  105.967520      -4.912312  -0.755348  -0.915424
     9  0.18581737    5.056348  116.602259      -4.666366   3.463677   1.301528
    10  0.16443203    4.474423  103.182745      -4.507259  -1.691021   2.509817
    11  0.16761602    4.561064  105.180727      -4.377145  -0.781533  -2.424773
    12  0.22150983    6.027589  138.999635      -4.480252   2.174754   2.129992
    13  0.20099983    5.469483  126.129403      -4.222654  -4.042378  -1.440170
    14  0.18741313    5.099770  117.603610      -4.297979   5.454387  -0.292855
    15  0.17597961    4.788649  110.428963      -4.116553  -4.468405   1.052548
    16  0.22822027    6.210189  143.210504      -3.565826   6.540655  -1.336218
    17  0.18075560    4.918610  113.425949      -3.253609  -2.947267  -0.929797
    18  0.18060568    4.914530  113.331868      -3.154971  -3.000176  -1.164268
    19  0.22408456    6.097651  140.615304      -3.025731   1.506651   1.334873
    20  0.09841988    2.678141   61.759456      -2.757995  -1.647719   2.137346
    21  0.17484547    4.757787  109.717280      -2.663276  -0.500049  -0.270495
    22  0.22104264    6.014876  138.706465      -2.670870   2.125065   2.067097
    23  0.22113582    6.017412  138.764940      -2.712769   3.312449  -0.456069
    24  0.19104381    5.198566  119.881901      -2.409986  -3.704376  -0.936853
    25  0.17522535    4.768124  109.955657      -2.227762  -0.476410  -1.310494
    26  0.23587082    6.418371  148.011300      -2.225741   1.243846  -0.910745
    27  0.21634908    5.887158  135.761211      -2.157133   4.201807   0.728098
    28  0.19351522    5.265817  121.432736      -2.119493   5.740213  -1.442480
    29  0.18622143    5.067343  116.855809      -1.757194  -1.829886  -1.890297
    30  0.07860094    2.138840   49.322875      -1.462041  -3.271947   3.182159
    31  0.19941692    5.426410  125.136113      -1.348214   0.029402   1.180695
    32  0.16872271    4.591178  105.875188      -1.069066  -2.615390   0.129117
    33  0.14727534    4.007566   92.416750      -1.005589  -1.028034   1.186912
    34  0.26251717    7.143455  164.732150      -0.940216   1.749406  -0.137311
    35  0.20066379    5.460339  125.918535      -0.749081   1.117804   2.433679
    36  0.24810076    6.751165  155.685711      -0.551180   5.447918  -1.979422
    37  0.26488526    7.207895  166.218152      -0.412989   2.543145   1.053036
    38  0.23609883    6.424576  148.154376      -0.128751   4.155163  -1.075510
    39  0.19001714    5.170629  119.237657      -0.142500  -0.101547   0.128640
    40  0.15273490    4.156128   95.842674       0.053290  -1.721002  -0.997368
    41  0.14208224    3.866254   89.158029       0.234533  -3.158096   3.529238
    42  0.04456618    1.212708   27.965726       0.353700  -4.747332  -1.617749
    43  0.13873963    3.775297   87.060506       0.543789  -1.413366   2.117046
    44  0.10698433    2.911192   67.133739       0.721203  -3.205873   1.258077
*   45  0.28082850    7.641732  176.222690       1.235011   3.790355  -1.591268
    46  0.17516964    4.766608  109.920701       1.576845  -0.498232   0.658759
    47  0.25003426    6.803778  156.899000       1.690292   2.776938  -0.145250
    48  0.12357754    3.362716   77.546145       1.759128  -2.086389  -0.136031
    49  0.16989171    4.622989  106.608749       2.442547  -1.484529  -0.400619
    50  0.19323071    5.258075  121.254202       2.474711  -0.512488  -1.908868
    51  0.27576919    7.504061  173.047927       2.668323   3.777540   0.814150
    52  0.25577894    6.960099  160.503845       3.132980   1.026742  -1.062091
    53  0.23898309    6.503060  149.964276       3.267572   0.415031   0.344960
    54  0.05810501    1.581118   36.461473       3.632659  -2.116518   2.185118
    55  0.22555121    6.137561  141.535640       4.008550   3.124243   0.417433
    56  0.20002339    5.442913  125.516680       4.547844  -0.736894  -1.794587
    57  0.19533042    5.315211  122.571793       4.751162  -1.245656  -0.929797
    58  0.23825073    6.483132  149.504718       5.161722   4.142272   0.931519
    59  0.20216166    5.501098  126.858461       5.526941   1.485557  -1.096455
    60  0.19544430    5.318310  122.643250       5.612580   0.824086   0.328504
    61  0.19657395    5.349049  123.352119       6.191592  -1.753690  -1.750638
    62  0.18030482    4.906344  113.143077       6.521315   3.388005   0.416411
    63  0.16264213    4.425717  102.059563       7.132460  -0.564768  -1.392590
    64  0.16935779    4.608460  106.273707       8.076524   1.631107  -0.521044
    65  0.21411934    5.826484  134.362028       8.166681   3.152087   0.248472
    66  0.20591062    5.603113  129.210974       8.669479   0.162614  -1.090463
