 Number of surface minima:    60
   #       a.u.         eV      kcal/mol           X/Y/Z coordinate(Angstrom)
     1  0.12016760    3.269927   75.406370      -7.792542  -0.680936   1.294821
     2  0.11499567    3.129191   72.160935      -7.308326  -2.659215   2.224164
     3  0.10234090    2.784838   64.219939      -6.838079  -0.671493   0.292377
     4  0.09443541    2.569718   59.259167      -6.394983  -3.090858   1.286211
     5  0.10321996    2.808758   64.771559      -6.373003  -0.935187  -0.565162
     6  0.10582259    2.879579   66.404734      -6.311814  -0.142315   1.347819
     7  0.11956870    3.253630   75.030556      -6.108835   0.170424   2.501284
     8  0.09605883    2.613894   60.277874      -5.863804  -2.552808   2.334911
     9  0.09338479    2.541129   58.599892      -5.816484  -3.321764   0.496915
    10  0.10677630    2.905531   67.003198      -5.447363   0.057751   1.418505
    11  0.11395321    3.100825   71.506781      -5.040143  -0.654017  -0.424582
    12  0.09207008    2.505354   57.774898      -4.852612  -2.325745   2.476859
    13  0.11642395    3.168057   73.057191      -4.653597  -0.207057   0.492445
    14  0.10141352    2.759602   63.637997      -4.587675  -3.052790   0.558367
    15  0.09984372    2.716886   62.652935      -4.142283  -2.562226   1.537579
    16  0.11077310    3.014289   69.511230      -3.591127  -1.869893   2.482337
    17  0.09304457    2.531871   58.386395      -3.329580   0.257608  -0.825982
    18  0.12068085    3.283893   75.728439      -2.643260   2.259592  -0.661428
    19  0.05780348    1.572913   36.272263      -2.656868   1.314560  -3.346359
    20  0.12487563    3.398039   78.360705      -2.412374   4.353653   1.416242
    21  0.12720676    3.461472   79.823515      -2.359628   1.217148  -0.147101
    22  0.11582969    3.151886   72.684290      -2.246482   3.086492   1.869132
    23  0.11512813    3.132796   72.244054      -2.295929   4.341064  -1.507994
    24  0.12961086    3.526891   81.332108      -1.974390   2.002472   1.992695
    25  0.11718455    3.188754   73.534474      -1.769738   5.224540   0.964411
    26  0.03313423    0.901628   20.792060      -1.620301  -1.470409   1.533813
    27  0.12073401    3.285339   75.761797      -1.679990   1.772937  -0.698204
    28  0.04367310    1.188405   27.405305      -1.466243  -0.787194  -2.805559
    29  0.08964159    2.439272   56.250996      -1.236227   1.671705  -1.633178
    30  0.01076580    0.292952    6.755649      -0.448592  -2.187601  -3.272667
    31  0.15567539    4.236143   97.687862      -0.430792   3.685597   1.147746
    32  0.14809561    4.029887   92.931479      -0.125953   3.585740  -1.714854
*   33 -0.00346323   -0.094239   -2.173213      -0.023297  -3.901311  -0.830498
    34 -0.00176771   -0.048102   -1.109257       0.339962  -3.637651   0.481915
    35  0.02277824    0.619827   14.293571       0.361909  -0.128823   1.942139
    36  0.16390720    4.460142  102.853405       0.954580   4.381139  -2.101625
    37  0.14586941    3.969308   91.534511       1.197162   3.050481  -1.849463
    38  0.15471590    4.210034   97.085777       1.538017   2.040002  -1.491970
    39  0.16910080    4.601467  106.112442       1.483088   5.200603  -0.117880
    40  0.02740976    0.745857   17.199897       1.712241  -1.178449  -2.278796
    41  0.15863100    4.316569   99.542539       1.728808   4.110161   0.535019
    42  0.07520148    2.046336   47.189681       2.154125  -3.124372  -0.565910
    43  0.13757756    3.743676   86.331292       2.490295   0.254567   1.731030
    44  0.13886230    3.778635   87.137480       2.754884   2.523634   3.182591
    45  0.07314603    1.990405   45.899868       3.036551  -3.568377   0.092079
    46  0.13148860    3.577987   82.510408       3.329582  -0.096794   2.212271
    47  0.09999814    2.721088   62.749830       3.424405  -2.517317  -2.286988
    48  0.15154362    4.123712   95.095138       3.707846   3.730462   2.101779
    49  0.13809940    3.757876   86.658755       3.816433   3.176147  -2.410416
    50  0.14501815    3.946145   91.000342       4.187141   4.558798  -1.024274
    51  0.09149547    2.489718   57.414322       4.391968  -2.606355  -1.971595
    52  0.09172636    2.496001   57.559209       4.739298  -3.317379   1.471315
    53  0.14956049    4.069748   93.850704       4.736103   2.782775  -0.833411
    54  0.14242398    3.875554   89.372474       4.672118   2.833273   3.071150
    55  0.15070362    4.100854   94.568029       4.850062   1.038768   0.366963
    56  0.17046862    4.638687  106.970765       4.749711   2.241406   1.033464
    57  0.10446349    2.842596   65.551886       5.609029  -2.844531  -1.227381
    58  0.16203734    4.409260  101.680050       5.868381   0.589885   1.224645
    59  0.10039875    2.731989   63.001222       6.320478  -2.256671  -0.425612
    60  0.11532410    3.138128   72.367027       6.628972  -3.432464  -0.565910
 
 Number of surface maxima:    73
   #       a.u.         eV      kcal/mol           X/Y/Z coordinate(Angstrom)
     1  0.18628713    5.069131  116.897037      -8.490132  -1.567292   2.276299
     2  0.18389008    5.003903  115.392863      -8.043777  -2.750328  -0.809690
     3  0.14072071    3.829205   88.303653      -7.942250  -2.113286   0.768541
     4  0.14289358    3.888332   89.667150      -7.034895  -1.088460   2.827127
     5  0.14428180    3.926107   90.538273      -6.439361  -2.589551  -1.161025
     6  0.18809485    5.118321  118.031400      -5.959018  -0.382750   3.939198
     7  0.15615314    4.249143   97.987658      -5.579657  -0.882647   0.624739
     8  0.14689466    3.997207   92.177871      -5.314097  -2.391824   1.155682
     9  0.19481779    5.301262  122.250109      -5.021831  -2.735266  -2.100506
    10  0.20861402    5.676676  130.907384      -4.696255   2.891933   0.992333
    11  0.14564212    3.963124   91.391890      -4.549364  -0.553860   2.983490
    12  0.18306588    4.981476  114.875668      -4.545046  -0.334323  -3.139215
    13  0.17329040    4.715472  108.741459      -4.000892  -1.998797  -1.244553
    14  0.19310777    5.254730  121.177056      -4.112975   2.359328  -1.362865
    15  0.16369604    4.454396  102.720901      -3.996124   4.229817   0.361355
    16  0.20396413    5.550146  127.989532      -3.983515   5.807312  -0.165289
    17  0.14687970    3.996800   92.168481      -3.752063   2.970219  -0.496144
    18  0.15785400    4.295426   99.054961      -3.227190  -0.541463   0.613083
    19  0.16306999    4.437360  102.328048      -3.330075   1.974612   1.022247
    20  0.18470232    5.026006  115.902553      -3.145046  -2.338004  -1.967833
    21  0.14330633    3.899563   89.926153      -3.013884  -1.729847   1.206097
    22  0.19008751    5.172544  119.281814      -3.022626  -0.363464   2.652593
    23  0.16516333    4.494323  103.641639      -2.825857  -2.836835   0.081462
    24  0.20066121    5.460269  125.916918      -2.561931   0.720193   1.418505
    25  0.12782082    3.478181   80.208844      -2.558951   1.698972  -1.379113
    26  0.16421556    4.468533  103.046907      -2.272300   5.879264  -0.565910
    27  0.18472761    5.026694  115.918420      -1.779918   3.283779  -0.630120
    28  0.16143628    4.392904  101.302878      -1.677315  -1.364085  -1.161574
    29  0.18683688    5.084090  117.242008      -1.376949   3.765666   0.828480
    30  0.15232486    4.144970   95.585373      -1.312079   0.122273  -0.148105
    31  0.11242065    3.059122   70.545085      -1.054062  -2.353171  -0.143744
    32  0.16949491    4.612191  106.359753      -0.941659   1.183396  -0.167274
    33  0.21774736    5.925207  136.638648      -0.831867   6.442581  -1.239712
    34  0.13073695    3.557533   82.038743      -0.646369  -0.908030   1.069512
    35  0.17378099    4.728821  109.049312      -0.542531   1.849184   1.438963
    36  0.03885268    1.057235   24.380447      -0.448868  -3.892084  -2.827066
    37  0.19747650    5.373609  123.918478       0.077223   5.214386  -0.962793
    38  0.17738937    4.827010  111.313602       0.351943   0.905642  -3.069431
    39  0.13872597    3.774926   87.051936       0.419534  -0.916768  -1.963289
    40  0.17543263    4.773765  110.085731       0.477691   0.651450  -0.748823
    41  0.22308020    6.070321  139.985054       0.487799   2.496304  -0.861360
    42  0.23136622    6.295795  145.184616       0.833195   3.057526   0.555171
    43  0.11640476    3.167535   73.045151       1.088896  -1.994436  -0.644366
    44  0.05193304    1.413170   32.588502       1.211722  -3.052790   2.256641
    45  0.15323279    4.169676   96.155110       1.268344  -0.554252   0.438378
*   46  0.23642755    6.433521  148.360654       1.431941   5.678634  -1.577062
    47  0.14325810    3.898251   89.895892       2.075742  -1.733606  -0.313831
    48  0.14769786    4.019063   92.681884       2.158961  -2.890150  -2.220186
    49  0.20160135    5.485852  126.506865       2.182901   1.962000   1.356953
    50  0.21569647    5.869400  135.351694       2.144743   3.348667   1.866718
    51  0.19457693    5.294708  122.098969       2.409448   4.539432  -0.937015
    52  0.15916226    4.331025   99.875911       3.035159  -0.923508  -1.471575
    53  0.20202987    5.497512  126.775764       3.031028  -0.532689   1.044560
    54  0.20345801    5.536374  127.671933       2.887837   1.708282  -0.839365
    55  0.22412403    6.098725  140.640067       3.043034   2.275539   0.380483
    56  0.20717616    5.637550  130.005112       3.289367   4.748098  -2.273063
    57  0.12407759    3.376323   77.859931       3.387187  -3.722131  -1.768656
    58  0.15757761    4.287905   98.881524       3.790972   3.394637   2.862521
    59  0.22207900    6.043077  139.356794       3.969258   0.135038  -0.048437
    60  0.20102133    5.470068  126.142893       3.947301   1.842694   3.942906
    61  0.15915397    4.330800   99.870705       4.027597  -2.573843   0.624739
    62  0.20787776    5.656641  130.445372       4.210121   1.751919  -1.714444
    63  0.17586270    4.785467  110.355602       4.369756  -5.116039  -1.703098
    64  0.21735570    5.914549  136.392875       4.458189   3.823114   0.484476
    65  0.15746541    4.284852   98.811120       4.675566   3.532693  -1.359676
    66  0.16812356    4.574875  105.499214       4.877838  -1.988749  -0.566984
    67  0.19336610    5.261759  121.339163       4.881842   1.317284   2.214345
    68  0.21304259    5.797184  133.686358       5.191287   3.352442   1.550799
    69  0.13800014    3.755175   86.596467       5.400770  -4.556174  -0.586693
    70  0.18535994    5.043901  116.315217       5.793932  -0.786384   1.680125
    71  0.22876032    6.224885  143.549386       6.002066   0.358591   2.681273
    72  0.18542053    5.045549  116.353236       6.766193  -4.640322   0.379672
    73  0.20547667    5.591305  128.938665       6.942947  -1.742992   2.068877
