 Number of surface minima:    67
   #       a.u.         eV      kcal/mol           X/Y/Z coordinate(Angstrom)
     1  0.10263076    2.792725   64.401828      -8.389574  -0.154448  -0.955380
     2  0.09834456    2.676092   61.712197      -7.740264  -0.683625   1.620558
     3  0.10118747    2.753451   63.496149      -7.616418  -1.291198  -2.356719
     4  0.09577719    2.606230   60.101142      -6.608913  -2.282136   1.834214
     5  0.10366802    2.820950   65.052720      -6.193981  -0.534979   2.381157
     6  0.09002554    2.449720   56.491928      -5.940448  -3.314062  -1.873933
     7  0.08774358    2.387624   55.059972      -5.547006  -3.710448  -0.153999
     8  0.16590780    4.514581  104.108804      -5.683547   1.698266  -0.955368
     9  0.15275518    4.156680   95.855405      -5.146435   1.178154   0.105079
    10  0.15990128    4.351135  100.339650      -4.731109   0.431280  -2.486360
    11  0.15205475    4.137620   95.415878      -4.698979   0.435592   0.957603
    12  0.16044175    4.365842  100.678803      -4.494490   2.088725  -0.301387
    13  0.08295401    2.257293   52.054472      -4.215841  -2.958301  -1.229138
    14  0.13979973    3.804144   87.725730      -3.966075  -0.352092  -1.682201
    15  0.15392448    4.188498   96.589150      -3.830350  -0.541103   1.832523
    16  0.14548924    3.958964   91.295953      -3.421922   0.516315  -2.124968
    17  0.14929042    4.062399   93.681229      -2.353751   0.683164  -1.705299
    18  0.02542201    0.691768   15.952563      -1.841165  -0.674025   2.362480
    19 -0.00101195   -0.027537   -0.635008      -1.163124  -3.544870  -0.029319
    20  0.16632655    4.525976  104.371576      -1.011054   2.794979   1.088310
    21  0.18093552    4.923506  113.538848      -0.950030   3.141830  -1.525977
*   22 -0.01034142   -0.281404   -6.489348      -0.760519  -3.811136   1.438921
    23  0.16137442    4.391221  101.264064      -0.497790   3.706955   1.199493
    24  0.16923165    4.605027  106.194553      -0.426880   4.078970  -1.418126
    25  0.03880907    1.056049   24.353081      -0.371875  -0.278396  -1.746317
    26  0.17603930    4.790273  110.466423       0.115145   4.998342   1.129761
    27  0.17933062    4.879834  112.531755       0.162188   5.269618  -1.034735
    28 -0.00061013   -0.016602   -0.382861       0.640034  -2.409431   3.396786
    29  0.16315117    4.439569  102.378988       0.678470   3.694692   1.180057
    30  0.16122011    4.387022  101.167231       0.833817   1.327822   0.814170
    31  0.16899760    4.598658  106.047683       0.764781   4.078970  -1.415868
    32  0.01295902    0.352633    8.131915       1.201265  -3.188974   0.637136
    33  0.15778091    4.293437   99.009099       1.472330   2.636357   1.048688
    34  0.17066950    4.644153  107.096820       1.399084   3.152910  -1.543464
    35  0.03799565    1.033914   23.842649       1.560636  -1.137892   2.748861
    36  0.13569950    3.692571   85.152793       1.531335   0.080460  -0.352858
    37  0.09866610    2.684841   61.913963       1.690205   1.381543   1.809763
    38  0.15547539    4.230701   97.562363       1.715529   1.450700   0.751233
    39  0.18645534    5.073708  117.002593       1.958509   2.085120  -1.524608
    40  0.11936126    3.247985   74.900382       2.002064   5.007208   2.637805
    41  0.12553871    3.416082   78.776794       2.035810   6.063384  -2.229681
    42  0.10536726    2.867189   66.119011       2.247712  -3.456944   0.235782
    43  0.09991961    2.718951   62.700556       2.579081  -4.457424  -0.628055
    44  0.11604378    3.157712   72.818633       2.874716   6.399486   1.810753
    45  0.11878147    3.232208   74.536560       2.881545   6.938650  -0.967783
    46  0.09910552    2.696798   62.189702       3.150244  -3.658557  -1.549014
    47  0.09086305    2.472509   57.017474       3.084223  -1.293704   1.450159
    48  0.06212724    1.690568   38.985463       3.282868   0.616862   3.129738
    49  0.10407335    2.831980   65.307066       3.596573  -3.840248   1.191891
    50  0.10832481    2.947668   67.974903       3.567977  -2.801976  -2.148484
    51  0.11237808    3.057963   70.518372       3.686459   4.859605   2.439689
    52  0.11736696    3.193717   73.648942       3.650431   5.774507  -2.146028
    53  0.08697369    2.366674   54.576861       3.770398  -4.721345  -1.421153
    54  0.10562911    2.874314   66.283325       4.233943  -2.668716   0.631292
    55  0.09336161    2.540498   58.585341       4.670044  -4.749218  -1.865041
    56  0.09978727    2.715350   62.617510       4.703027  -2.946665  -2.685184
    57  0.11468115    3.120633   71.963568       4.704585  -1.901967   0.042211
    58  0.09130955    2.484659   57.297656       4.832715  -3.791322   0.831813
    59  0.12300682    3.347186   77.188010       4.940156   3.439374   0.806959
    60  0.12464625    3.391797   78.216770       4.917589   3.690487  -1.227722
    61  0.10410178    2.832754   65.324910       5.233260  -4.815140   0.835475
    62  0.09683399    2.634987   60.764298       5.269253  -3.786136  -2.602653
    63  0.09651496    2.626306   60.564102       5.890646  -3.829170   0.302212
    64  0.10480919    2.852003   65.768817       5.878668  -1.982228  -0.503532
    65  0.11365445    3.092695   71.319306       6.098853  -4.900855  -2.271490
    66  0.10017556    2.725916   62.861166       6.379772  -2.774845  -0.415150
    67  0.11540038    3.140204   72.414891       7.025724  -4.116522  -0.421371
 
 Number of surface maxima:    82
   #       a.u.         eV      kcal/mol           X/Y/Z coordinate(Angstrom)
     1  0.16124443    4.387684  101.182495      -8.521703  -1.631467  -1.099111
     2  0.15844177    4.311420   99.423796      -8.026244  -2.131225   1.043841
     3  0.11762581    3.200761   73.811372      -7.923990  -0.009922  -2.140883
     4  0.17721921    4.822380  111.206824      -7.399606   1.311214  -0.813614
     5  0.13457256    3.661906   84.445630      -7.383412  -0.408677   0.108082
     6  0.15428994    4.198443   96.818480      -7.063930  -3.516892  -0.719025
     7  0.13778598    3.749347   86.462083      -7.015072  -1.875854  -0.298131
     8  0.11093022    3.018565   69.609824      -6.908649  -1.091287   2.308343
     9  0.16946850    4.611472  106.343176      -6.904702   0.730541   1.549657
    10  0.13021567    3.543349   81.711637      -6.544839  -1.807152  -1.682023
    11  0.17479545    4.756426  109.685893      -6.346220  -0.285541  -3.070489
    12  0.12551082    3.415323   78.759296      -5.981193  -2.330611   0.632152
    13  0.17553421    4.776529  110.149474      -5.891057   0.698750  -0.823085
    14  0.23150118    6.299467  145.269302      -5.843903   1.561637  -2.431244
    15  0.17329751    4.715665  108.745921      -5.441857  -0.026757  -1.757315
    16  0.09916350    2.698376   62.226086      -5.189979  -3.641805  -1.228898
    17  0.15619062    4.250163   98.011174      -4.892136  -2.271157  -2.617240
    18  0.16850555    4.585269  105.738921      -4.948410  -1.640676   2.031115
    19  0.18111329    4.928343  113.650399      -4.661550  -1.361727   0.626861
    20  0.15127660    4.116446   94.927580      -4.234317  -2.801363   0.498057
    21  0.20106644    5.471296  126.171203      -4.314316   2.251513  -2.113617
    22  0.21217455    5.773563  133.141649      -3.685068  -1.827232   1.605254
    23  0.23020426    6.264176  144.455475      -3.701487   1.146047   0.175538
    24  0.17251500    4.694372  108.254887      -3.343634   0.097358   1.628832
    25  0.21531420    5.858997  135.111814      -3.064115   0.206417  -0.965544
    26  0.25731455    7.001885  161.467455      -3.106398   3.218821  -2.344705
    27  0.26036797    7.084973  163.383505      -2.708732   4.410253  -0.029319
    28  0.15520528    4.223351   97.392868      -2.378544  -1.138685   0.632152
    29  0.23865706    6.494189  149.759690      -2.318148   2.888321  -0.800627
    30  0.05986174    1.628921   37.563844      -2.130767  -2.805560  -1.757633
    31  0.20286740    5.520303  127.301323      -1.973338   1.712395   0.900073
    32  0.17082211    4.648306  107.192581      -1.292350  -0.264653  -0.256859
    33  0.20997040    5.713585  131.758525      -1.187895   4.956757  -0.052883
    34  0.02936240    0.798991   18.425198      -0.722899  -3.525986   3.410332
    35  0.14303167    3.892090   89.753802      -0.559177  -0.563504   2.168644
    36  0.18263002    4.969615  114.602162      -0.013135   0.756449   0.759670
    37  0.24617131    6.698662  154.474960       0.041711   6.114608   0.134154
    38  0.10302691    2.803505   64.650418       0.165108  -2.627891   0.523913
    39  0.17602278    4.789824  110.456058       0.135048   0.986754   3.228591
    40  0.24256847    6.600624  152.214141       0.165797   2.917857  -1.045515
    41  0.23582010    6.416991  147.979474       0.177536   2.646227   0.553230
    42  0.15858582    4.315340   99.514190       0.570075  -1.183699  -0.773730
    43  0.11335489    3.084543   71.131326       1.187296  -1.736488   1.555903
    44  0.19467903    5.297486  122.163035       1.135731   6.063384   1.398972
    45  0.19887857    5.411761  124.798291       1.118712   6.460267  -0.690791
    46  0.20018185    5.447225  125.616110       1.314766   1.412330  -1.404209
    47  0.20297733    5.523294  127.370304       1.335342   5.150820   0.110779
    48  0.18624816    5.068070  116.872582       1.457991  -0.551331   0.169630
    49  0.18835888    5.125506  118.197079       1.457991   0.844940   0.044008
    50  0.17573951    4.782115  110.278298       1.594548   3.549947   1.163317
    51  0.10958945    2.982081   68.768476       1.956645   0.976058   2.821013
    52  0.18160759    4.941794  113.960579       2.052893  -1.773134  -1.683421
    53  0.16145116    4.393309  101.312216       2.384051  -4.520160   0.831841
    54  0.20058692    5.458248  125.870300       2.516345   2.815541  -0.895866
    55  0.23794897    6.474921  149.315359       2.643537   0.109196  -1.215386
    56  0.19690741    5.358123  123.561369       2.569641   2.651727   0.288565
    57  0.17700814    4.816636  111.074375       2.655579   3.568732   2.606347
    58  0.18734083    5.097803  117.558244       2.543479   4.621886  -2.773170
    59  0.13183814    3.587498   82.729750       2.652024   6.458326  -2.007344
    60  0.12716145    3.460239   79.795079       2.753852   5.611306   2.561371
*   61  0.26199199    7.129165  164.402593       2.834796   1.168495  -0.529331
    62  0.14768300    4.018659   92.672559       3.019662  -1.609685   0.703016
    63  0.20072607    5.462034  125.957616       3.728123   2.536584  -1.836294
    64  0.15545082    4.230032   97.546944       3.695839   4.486984  -1.325054
    65  0.12842142    3.494524   80.585724       3.818099  -5.092990   0.353774
    66  0.19480266    5.300850  122.240616       3.996865   1.962261   0.949431
    67  0.15179265    4.130488   95.251403       3.889636   4.103707   1.079382
    68  0.16018186    4.358770  100.515719       3.848406   5.142293   0.108733
    69  0.17576411    4.782785  110.293738       4.313104   6.042165   1.415016
    70  0.17787813    4.840310  111.620303       4.324028   6.452019  -0.849579
    71  0.14888454    4.051354   93.426535       4.445232  -3.485233  -1.672379
    72  0.22072263    6.006168  138.505660       4.503256  -0.160977  -2.132572
    73  0.20835645    5.669667  130.745756       4.578066   1.245801   0.764446
    74  0.17681378    4.811348  110.952414       4.719137  -1.345097   2.702650
    75  0.14237444    3.874206   89.341384       4.893181   2.639013  -0.419001
    76  0.17542371    4.773522  110.080135       5.061068  -6.242707   0.238848
    77  0.15149974    4.122518   95.067602       5.136332  -2.940955  -0.338442
    78  0.18206363    4.954203  114.246750       5.431485   4.610399  -0.027098
    79  0.13588507    3.697621   85.269239       6.088236  -5.304432  -0.691297
    80  0.14194479    3.862514   89.071774       7.025614  -3.454985  -2.011542
    81  0.19083204    5.192804  119.749016       7.195326  -1.957888  -2.807500
    82  0.18306922    4.981567  114.877765       7.406124  -5.046520  -1.609881
