 Number of surface minima:    69
   #       a.u.         eV      kcal/mol           X/Y/Z coordinate(Angstrom)
     1  0.11384102    3.097772   71.436377      -7.560901  -2.664083   1.857771
     2  0.11193257    3.045840   70.238805      -7.456838  -3.893883   0.002248
     3  0.09692679    2.637512   60.822527      -6.469823  -1.781049   1.585905
     4  0.09360177    2.547034   58.736045      -6.349968  -3.130014  -0.689121
     5  0.09314276    2.534543   58.448014      -6.118261  -4.253222   0.000239
     6  0.09520804    2.590743   59.743997      -6.138537  -2.838242   2.248538
     7  0.09032063    2.457749   56.677099      -5.682767  -2.490095  -1.090379
     8  0.09598860    2.611983   60.233807      -5.737589  -1.110668   1.197931
     9  0.09411424    2.560979   59.057625      -5.206055  -4.499514   0.156566
    10  0.09546935    2.597853   59.907969      -5.161599  -3.142675   2.456374
    11  0.10342784    2.814415   64.902002      -4.898784   2.659613   0.197478
    12  0.10122959    2.754597   63.522582      -4.527879  -2.779209  -0.867519
    13  0.10743358    2.923416   67.415648      -4.649999  -1.575308  -1.384793
    14  0.10649577    2.897897   66.827158      -4.507191  -1.434137   1.393896
    15  0.10362563    2.819797   65.026117      -4.235194  -3.670572  -0.320574
    16  0.10672445    2.904120   66.970661      -4.264940  -2.397942   1.992724
    17  0.10231413    2.784109   64.203137      -4.223777   0.709564   0.615451
    18  0.10738088    2.921982   67.382577      -3.924984   4.371271   2.314158
    19  0.09716650    2.644035   60.972949      -3.256341   0.076700   2.578746
    20  0.08248693    2.244583   51.761371      -3.187084   1.728795  -0.999494
    21  0.10364053    2.820202   65.035469      -2.773560   3.466119   3.669449
    22  0.03576377    0.973182   22.442121      -2.686536  -0.523619  -1.046544
    23  0.08705645    2.368926   54.628792      -2.658034  -3.159015  -1.379607
    24  0.09640935    2.623432   60.497833      -2.255603   1.207661   3.787627
    25  0.12019250    3.270604   75.421995      -2.136834   6.939876  -0.276714
    26  0.10917023    2.970673   68.505409      -2.070131   4.834857   2.477149
    27  0.09432533    2.566723   59.190091      -1.849780   4.814619  -2.005089
    28  0.03035834    0.826093   19.050164      -1.748020  -1.967554  -2.716990
*   29  0.00725057    0.197298    4.549805      -1.769589  -0.264547  -3.253654
    30  0.10498479    2.856781   65.879006      -1.710219   6.018690   0.389630
    31  0.07276498    1.980036   45.660756      -1.682151   0.180049   0.755588
    32  0.10571869    2.876752   66.339537      -1.503234   3.701167  -1.436050
    33  0.07646603    2.080747   47.983201      -1.321266  -3.811548  -0.564965
    34  0.03709110    1.009300   23.275036      -1.210774  -4.296531  -3.178580
    35  0.10388061    2.826735   65.186119      -0.978764   5.495497  -2.382565
    36  0.10991213    2.990861   68.970959      -0.830591   6.739367  -0.077562
    37  0.13622215    3.706793   85.480760      -0.192046   4.757184   0.793905
    38  0.02553526    0.694850   16.023630       0.112169  -0.187005   1.784981
    39  0.09837559    2.676936   61.731670       0.125777   5.319883  -2.441139
    40  0.12210935    3.322764   76.624839       0.079453   7.527184  -0.755255
    41  0.04280078    1.164668   26.857915       0.237819  -3.287956  -1.263378
    42  0.02884323    0.784864   18.099414       0.498344  -1.338336   2.126416
    43  0.10491257    2.854816   65.833686       0.406573   6.515746  -0.056482
    44  0.03063502    0.833621   19.223783       0.657942  -3.549087   0.079037
    45  0.01811585    0.492957   11.367877       1.090708   0.667030  -2.263664
    46  0.10949662    2.979555   68.710225       1.148765   2.246797  -1.294043
    47  0.06618057    1.800865   41.528970       1.403852  -1.366012  -1.928251
    48  0.14656328    3.988190   91.969922       1.411064   3.173017   1.217713
    49  0.11357016    3.090401   71.266414       1.856906   0.292686   1.667297
    50  0.08079327    2.198497   50.698584       2.211977  -3.835763  -2.456549
    51  0.07498108    2.040339   47.051379       2.228878  -3.415640  -0.429855
    52  0.15946184    4.339177  100.063901       2.333631   3.910141   0.662380
    53  0.08415862    2.290073   52.810376       2.462451  -1.857506  -4.092639
    54  0.12492938    3.399501   78.394434       2.678164  -0.074332   2.181863
    55  0.10650435    2.898131   66.832546       3.546113  -2.112112   1.523186
    56  0.14459574    3.934650   90.735273       3.563529   1.760557   0.191675
    57  0.09222473    2.509562   57.871939       3.784869  -4.535321  -1.532772
    58  0.08897869    2.421233   55.835017       3.816409  -0.523619  -4.095698
    59  0.09470312    2.577003   59.427156       4.285968  -2.567651   2.386834
    60  0.10008948    2.723573   62.807147       4.254293  -1.011795   3.662512
    61  0.10482337    2.852389   65.777715       4.610175  -1.978856   3.311029
    62  0.13427110    3.653702   84.256456       5.160809   0.016652   0.606124
    63  0.09731228    2.648002   61.064428       5.853758  -1.264450  -3.109909
    64  0.10114485    2.752291   63.469407       6.125548  -2.904916  -2.019543
    65  0.10379244    2.824336   65.130794       6.279282   0.247515   2.432618
    66  0.10248863    2.788857   64.312641       6.426802  -1.588504   1.094818
    67  0.10427740    2.837532   65.435112       6.376114  -1.165341  -1.211675
    68  0.10827120    2.946209   67.941263       6.662590  -0.945469   2.049569
    69  0.12139419    3.303304   76.176068       6.911025  -0.339478   3.267773
 
 Number of surface maxima:    90
   #       a.u.         eV      kcal/mol           X/Y/Z coordinate(Angstrom)
     1  0.18178409    4.946597  114.071333      -8.541761  -3.445775   0.956137
     2  0.13724812    3.734711   86.124565      -7.751045  -2.243444   0.304363
     3  0.18221268    4.958259  114.340277      -7.579036  -0.764326  -0.603417
     4  0.13686747    3.724353   85.885707      -7.197620  -4.244780   1.516325
     5  0.18148496    4.938457  113.883630      -6.302258  -5.482807   2.314158
     6  0.13751250    3.741905   86.290467      -5.841075  -0.702963  -0.596317
     7  0.14655575    3.987985   91.965197      -5.342745  -3.229790   0.004869
     8  0.14841037    4.038451   93.128990      -5.346340  -2.396088   1.363764
     9  0.16553661    4.504480  103.875878      -5.130780   1.747972   1.520392
    10  0.14169366    3.855681   88.914189      -4.780560  -4.885880   1.920313
    11  0.11392130    3.099956   71.486755      -4.674919   1.720050  -0.347636
    12  0.17859466    4.859808  112.069933      -4.511268  -0.108402  -0.981886
    13  0.16713837    4.548066  104.881001      -4.284954   3.163679   3.229019
    14  0.17247871    4.693384  108.232118      -3.836268   3.621746  -0.581246
    15  0.16527155    4.497268  103.709551      -3.730911  -4.230500  -2.323112
    16  0.16042381    4.365354  100.667547      -3.826461   1.344190   3.493033
    17  0.14579966    3.967411   91.490745      -3.626108   0.345319  -0.475101
    18  0.14242622    3.875615   89.373879      -3.665697   2.180937   2.049569
    19  0.20178826    5.490938  126.624153      -3.705760   4.384681  -0.187295
    20  0.14128680    3.844609   88.658882      -3.430018  -1.846562  -0.666019
    21  0.12678039    3.449870   79.555964      -3.563311   1.072735   1.548316
    22  0.19323154    5.258098  121.254722      -3.127939  -4.822080   1.984525
    23  0.11956431    3.253510   75.027801      -3.034018   4.556848   3.028913
    24  0.17384810    4.730647  109.091423      -3.074213   5.186103   1.271606
    25  0.15164760    4.126541   95.160386      -2.997641   5.694214  -0.795652
    26  0.19023354    5.176518  119.373452      -3.001162   7.149451  -1.553409
    27  0.16960022    4.615057  106.425834      -2.823477  -3.434093   1.334536
    28  0.14342220    3.902716   89.998862      -2.779083  -2.625091  -0.834152
    29  0.17885817    4.866978  112.235288      -2.510263  -1.798405   1.568548
    30  0.15626403    4.252160   98.057238      -2.499287  -0.609681   1.674631
    31  0.10736692    2.921602   67.373815      -2.370249   0.199524   3.240218
    32  0.18091567    4.922966  113.526394      -2.363130   3.474003   0.221123
    33  0.04816503    1.310637   30.224036      -2.004540   1.772745  -2.845320
    34  0.10239321    2.786261   64.252764      -1.752066  -1.055604  -1.529223
    35  0.18401942    5.007423  115.474025      -1.669837  -3.698682   1.193624
    36  0.13536054    3.683348   84.940093      -1.550466   0.195044  -0.331728
    37  0.15828673    4.307201   99.326503      -1.579034   1.341233   0.224656
    38  0.16513603    4.493580  103.624508      -1.343069  -5.880428  -0.993200
    39  0.17202374    4.681004  107.946619      -1.222201   3.839344   3.365034
    40  0.14639452    3.983597   91.864026      -1.303018   7.281745  -1.746915
    41  0.15935151    4.336175   99.994668      -0.957742  -2.263797  -0.337548
    42  0.14070705    3.828834   88.295081      -0.810085  -1.049471   0.851076
    43  0.16310484    4.438308  102.349919      -0.730922   1.449531   3.347084
    44  0.15894901    4.325222   99.742093      -0.649259   4.701644  -1.456593
    45  0.16791314    4.569149  105.367172      -0.489268   5.357365  -0.007105
    46  0.18866314    5.133785  118.388010       0.043653   2.651445  -0.664833
    47  0.19112515    5.200780  119.932940       0.082834   8.011206  -2.183849
    48  0.13630748    3.709115   85.534309       0.162101  -0.605980  -2.183849
    49  0.15577196    4.238771   97.748463       0.178657   0.865813  -0.728611
    50  0.21427549    5.830733  134.460012       0.222885   3.172328   0.817673
    51  0.15914789    4.330634   99.866895       0.641346  -1.816435  -3.585953
    52  0.12904765    3.511565   80.978693       0.961404  -1.714267  -0.993200
    53  0.15494053    4.216146   97.226735       1.019132  -0.400840   0.293843
    54  0.15088420    4.105768   94.681343       1.128461   6.734892  -1.659510
    55  0.12209336    3.322329   76.614804       1.256125  -3.312472  -1.551329
    56  0.06160956    1.676481   38.660613       1.296332  -3.146936   1.766916
    57  0.14657894    3.988616   91.979752       1.261956  -1.591006  -3.265581
    58  0.18464030    5.024318  115.863637       2.037704   4.576980  -0.728611
    59  0.15525030    4.224576   97.421116       2.161738  -1.449679  -0.928045
    60  0.19235788    5.234324  120.706496       2.165776   2.323755   1.324997
    61  0.19331187    5.260283  121.305129       2.413732   2.439416   1.014459
    62  0.18839656    5.126531  118.220726       2.641902  -0.350716   0.991215
    63  0.19302178    5.252390  121.123097       2.619328   2.516870   0.457613
    64  0.20621441    5.611379  129.401604       2.566430   5.813397  -1.429376
    65  0.09749768    2.653047   61.180766       2.758055  -0.727851  -4.168263
    66  0.09864954    2.684390   61.903571       2.777556  -4.488054  -1.510822
*   67  0.23455816    6.382652  147.187588       3.016190   2.648849   2.573268
    68  0.23311305    6.343329  146.280770       3.288905   3.714318  -0.591369
    69  0.21320863    5.801702  133.790547       3.621534   0.508316   0.051248
    70  0.15977293    4.347642  100.259111       3.561419   0.668524  -2.975112
    71  0.15178811    4.130365   95.248559       3.816409  -4.179180  -3.061229
    72  0.18547306    5.046979  116.386202       3.919600   1.450383   2.656350
    73  0.16553736    4.504501  103.876347       4.091743  -3.951766  -0.048383
    74  0.13343974    3.631080   83.734772       4.108816  -2.588614  -2.793606
    75  0.15105378    4.110382   94.787755       4.080998  -2.133372  -4.362253
    76  0.17739563    4.827181  111.317532       4.342192  -2.124398  -0.333384
    77  0.15965524    4.344440  100.185262       4.268367  -1.262309   2.369233
    78  0.12447804    3.387220   78.111216       4.610175  -0.920501  -2.914213
    79  0.20720734    5.638398  130.024678       4.642220   1.653613   3.962212
    80  0.15194826    4.134723   95.349055       4.940189  -1.119665  -0.530892
    81  0.19806890    5.389729  124.290215       5.073282  -3.632458   0.131378
    82  0.15922840    4.332825   99.917411       5.547717  -2.736023  -3.491700
    83  0.16725334    4.551195  104.953146       5.452353  -0.607500   1.546909
    84  0.15148481    4.122111   95.058234       5.637467   0.200492   4.096623
    85  0.16727571    4.551804  104.967181       5.733824   0.070853  -2.018746
    86  0.17051012    4.639816  106.996808       6.189118  -2.626284  -0.470106
    87  0.14599977    3.972856   91.616319       6.493749  -2.102847   3.523835
    88  0.11409000    3.104547   71.592617       6.543095  -1.726497  -2.086506
    89  0.18909280    5.145477  118.657624       6.727746  -3.567861   2.712120
    90  0.19132184    5.206132  120.056370       6.758539  -0.901496   4.707819
