 Number of surface minima:    54
   #       a.u.         eV      kcal/mol           X/Y/Z coordinate(Angstrom)
     1  0.17847125    4.856450  111.992492      -6.031614  -0.930350  -1.985696
     2  0.16893317    4.596905  106.007256      -5.554130  -2.554712  -0.828504
     3  0.16296915    4.434616  102.264769      -5.483899  -1.364613  -0.830391
     4  0.17253994    4.695050  108.270536      -5.353604  -0.109144  -1.094980
     5  0.16632020    4.525803  104.367591      -4.944557  -1.923113  -0.036626
     6  0.17641286    4.800438  110.700833      -4.492364  -1.387758  -3.399891
     7  0.12480336    3.396072   78.315356      -3.719086  -4.060874   1.550906
     8  0.16769312    4.563162  105.229111      -3.825487  -3.074691  -2.144625
     9  0.15986199    4.350066  100.315000      -3.563548  -1.896554  -2.551971
    10  0.16592953    4.515172  104.122442      -3.300701  -0.565232  -2.680027
    11  0.17276425    4.701154  108.411296      -3.160858   3.681651  -1.100594
    12  0.16762743    4.561374  105.187888      -3.301563   4.323266   1.556726
    13  0.17698622    4.816040  111.060623      -3.241680   4.985513  -0.505767
    14  0.15257148    4.151681   95.740131      -3.048312   2.863044   1.399819
    15  0.16282955    4.430817  102.177169      -3.019872  -2.415852  -1.758629
    16  0.15270185    4.155229   95.821940      -2.908312   1.834363   1.148350
    17  0.16777205    4.565310  105.278640      -2.640244   0.002240  -2.109424
    18  0.11886600    3.234508   74.589601      -2.363555  -4.416741   0.631037
    19  0.02222284    0.604714   13.945056      -2.232043  -1.092583   2.234982
    20  0.09120138    2.481716   57.229779      -2.131906  -2.828174   1.643276
    21  0.16463114    4.479841  103.307686      -2.091409   4.456336  -0.921948
    22  0.14657156    3.988415   91.975118      -1.940701   3.696864   1.600787
    23  0.16806148    4.573186  105.460261      -1.846478  -1.080120  -0.918384
    24  0.17209929    4.683060  107.994026      -1.324825   5.119170  -0.567488
    25  0.17181550    4.675337  107.815944      -1.161574   4.073906  -1.046230
    26  0.14425774    3.925453   90.523174      -1.028118   3.265687   1.469144
    27  0.06597473    1.795264   41.399806      -0.494065   0.150113  -1.696963
    28  0.07541084    2.052033   47.321059      -0.266144  -0.945752  -2.040728
*   29 -0.01222464   -0.332649   -7.671083       0.293325  -1.714829   3.449694
    30 -0.00364524   -0.099192   -2.287426       0.273186  -0.298643   3.543725
    31  0.12820338    3.488591   80.448905       0.658481   2.077348   1.300220
    32  0.05987907    1.629392   37.574718       0.906926  -3.088279  -2.827809
    33  0.04330011    1.178256   27.171254       0.925559  -2.799654  -0.318735
    34  0.13358844    3.635126   83.828083       1.518959   3.423178   1.212102
    35  0.15160138    4.125283   95.131384       1.721967   3.925199  -0.826080
    36  0.01680620    0.457320   10.546058       2.184616  -1.100024   1.613171
    37  0.09340615    2.541711   58.613296       2.363480  -1.905761  -1.156473
    38  0.10549955    2.870789   66.202021       4.222198  -1.364969  -0.567380
    39  0.11325629    3.081860   71.069454       4.261070  -0.806469  -1.477322
    40  0.10483085    2.852592   65.782404       4.360514  -1.911426   0.753156
    41  0.10529622    2.865256   66.074433       4.361760  -0.060463   1.897083
    42  0.10730472    2.919910   67.334785       4.337638   0.831704   0.880317
    43  0.11760159    3.200102   73.796173       4.333070   1.395588  -0.070784
    44  0.10368823    2.821500   65.065403       5.300169  -0.435482  -2.150931
    45  0.09153144    2.490697   57.436892       5.399382  -1.690527  -0.097951
    46  0.09203256    2.504333   57.751352       5.460556   0.549074   1.347884
    47  0.10559110    2.873280   66.259470       5.417993   1.805345  -0.707822
    48  0.09662309    2.629248   60.631953       6.199579  -1.401233  -0.577247
    49  0.09985025    2.717063   62.657028       6.238220  -0.686507  -1.744154
    50  0.09719199    2.644728   60.988943       6.229225   0.890667   0.762068
    51  0.10518082    2.862116   66.002014       6.329590   0.036674   1.761545
    52  0.10093635    2.746618   63.338567       6.270355   1.592743  -0.386628
    53  0.11583561    3.152047   72.688005       7.432126  -0.804055  -1.195894
    54  0.11619520    3.161832   72.913648       7.531500   1.014248   0.088831
 
 Number of surface maxima:    53
   #       a.u.         eV      kcal/mol           X/Y/Z coordinate(Angstrom)
     1  0.24471497    6.659033  153.561091      -5.899357  -1.076533  -3.428033
     2  0.20063033    5.459429  125.897537      -5.306465  -2.162796  -2.429417
     3  0.25947962    7.060800  162.826057      -5.220702   2.405055  -0.069457
     4  0.24005260    6.532164  150.635409      -5.118883  -3.731064  -1.722587
     5  0.21137135    5.751707  132.637638      -5.008139   0.241352  -2.789082
*    6  0.26418266    7.188776  165.777260      -4.459814   1.810450  -2.649961
     7  0.24236061    6.594968  152.083707      -4.231530  -0.690885  -0.411366
     8  0.20636874    5.615579  129.498446      -4.270438   3.794865   0.206274
     9  0.20274110    5.516866  127.222065      -4.037416  -4.651027  -0.110855
    10  0.23666359    6.439944  148.508770      -4.041063   1.545862  -0.936387
    11  0.18291325    4.977323  114.779893      -3.830893  -2.715930   2.277436
    12  0.23752196    6.463301  149.047407      -3.891660   1.678156  -1.068467
    13  0.24051186    6.544660  150.923594      -3.943315   5.378474   0.637442
    14  0.23934804    6.512991  150.193291      -3.122603  -1.074796  -1.491863
    15  0.13110396    3.567520   82.269044      -2.978709  -4.275088   1.344735
    16  0.19761309    5.377326  124.004190      -2.266536   5.215022   0.617601
    17  0.22885132    6.227361  143.606493      -1.960309   2.620927   0.781146
    18  0.24539146    6.677441  153.985597      -1.959105   2.918005  -0.781191
    19  0.19459921    5.295314  122.112952      -1.974392  -2.023624  -0.168414
    20  0.20374945    5.544305  127.854818      -1.658329  -2.896290  -1.039126
    21  0.19022843    5.176379  119.370240      -1.449595  -0.574673  -0.441038
    22  0.16116953    4.385646  101.135491      -1.327934  -3.471769   0.234229
    23  0.17446653    4.747476  109.479490      -1.263917   0.673185   0.757140
    24  0.11921836    3.244097   74.810714      -0.929447  -0.838317   2.089954
    25  0.24016896    6.535330  150.708424      -0.682448   5.716332   0.694193
    26  0.20891286    5.684808  131.094907      -0.258946   2.406456  -1.160445
    27  0.06458337    1.757403   40.526712       0.037275   2.007091   3.202785
    28  0.20179753    5.491190  126.629970      -0.085955   4.483635  -0.016475
    29  0.18036285    4.907923  113.179490       0.071634   1.810450   0.558543
    30  0.03563254    0.969611   22.359777       0.402525  -3.680578   2.873849
    31  0.19755281    5.375685  123.966366       0.737692  -0.202646  -0.565803
    32  0.15858504    4.315318   99.513698       0.668581   0.752616   0.625695
    33  0.11579422    3.150921   72.662029       1.085001  -1.780971   0.483319
    34  0.10794587    2.937357   67.737115       1.007934  -0.731330   1.891726
    35  0.21437012    5.833308  134.519395       1.255448   4.912376   0.287120
    36  0.22641612    6.161096  142.078380       1.483350   2.510848  -1.717526
    37  0.22975107    6.251844  144.171093       1.701128   1.016684  -1.813947
    38  0.19369508    5.270711  121.545599       2.000237  -0.842223  -3.985680
    39  0.18647885    5.074347  117.017341       1.885174   1.959555   1.048000
    40  0.16221799    4.414176  101.793412       2.160329   3.161255  -0.277153
    41  0.20018578    5.447332  125.618577       2.373761   1.261254   0.086499
    42  0.15121996    4.114904   94.892034       2.551966  -1.189318  -0.673355
    43  0.17548330    4.775144  110.117529       3.332312  -3.210105  -2.273056
    44  0.22001802    5.986995  138.063510       3.387066   1.545862  -2.740740
    45  0.16405588    4.464187  102.946704       3.917244  -1.421841   2.080083
    46  0.15201759    4.136609   95.392557       5.262521  -0.578290  -0.888713
    47  0.15293313    4.161522   95.967067       5.264411   0.818516  -0.102500
    48  0.13034957    3.546992   81.795659       5.402407  -1.232319   1.626735
    49  0.19115927    5.201708  119.954355       6.755352   1.687347  -2.928954
    50  0.17697919    4.815849  111.056208       7.067176  -1.340234   1.847818
    51  0.14307186    3.893183   89.779020       7.348989   0.819256  -1.624157
    52  0.13730388    3.736229   86.159556       7.491989  -0.451448   0.469586
    53  0.18442414    5.018436  115.727994       8.523478   0.129353  -0.665166
