 Number of surface minima:    60
   #       a.u.         eV      kcal/mol           X/Y/Z coordinate(Angstrom)
     1  0.11403874    3.103152   71.560451      -7.616013  -2.343286   1.690291
     2  0.11064396    3.010775   69.430192      -6.777583  -4.298210   2.360432
     3  0.09558779    2.601076   59.982295      -6.806679  -2.216102   0.510505
     4  0.09661612    2.629058   60.627584      -6.405563  -1.620783   1.566666
     5  0.09666036    2.630262   60.655344      -6.226799  -2.316592  -0.371279
     6  0.09031907    2.457707   56.676117      -5.876386  -4.524401   1.434372
     7  0.09102981    2.477047   57.122116      -5.347209  -3.864723   2.492727
     8  0.09468030    2.576382   59.412834      -5.416036  -1.172413   1.587399
     9  0.08935480    2.431468   56.071028      -5.262925  -4.612065   0.592596
    10  0.10741833    2.923001   67.406076      -5.083298  -1.812065  -0.282876
    11  0.10567418    2.875541   66.311605      -4.685737  -1.263582   0.640606
    12  0.08728546    2.375158   54.772502      -4.713981   1.996052   0.356352
    13  0.08697406    2.366684   54.577090      -4.354129  -3.421416   2.559746
    14  0.09756124    2.654776   61.220652      -4.024266  -4.038293   0.640606
    15  0.11413723    3.105832   71.622254      -4.142912  -0.776494   1.839343
    16  0.07890759    2.147185   49.515301      -3.759189   2.665518   2.757026
    17  0.09565673    2.602952   60.025552      -3.708531  -3.553710   1.485519
    18  0.09360871    2.547223   58.740402      -3.604315  -0.622915  -0.917575
    19  0.09244504    2.515557   58.010186      -3.341068   1.887305  -1.183370
    20  0.10531376    2.865733   66.085436      -3.311256  -2.759945   2.544264
    21  0.05970917    1.624769   37.468101      -3.220696   0.832654  -3.203008
    22  0.10248056    2.788638   64.307577      -3.164615  -1.503411  -2.038039
    23  0.13991326    3.807233   87.796970      -2.845403   5.833711  -1.877971
    24  0.11519864    3.134714   72.288297      -2.770718  -1.638691   1.566666
    25  0.14082935    3.832161   88.371824      -2.547651   6.671942   0.150420
    26  0.12424199    3.380796   77.963090      -2.331895   4.771227  -1.787457
    27  0.09592989    2.610385   60.196967      -2.141085   1.266678  -1.418309
    28  0.12586578    3.424982   78.982038      -2.011420   5.727663   0.679206
    29  0.03295844    0.896845   20.681752      -1.574306  -1.600094   1.503035
    30  0.13478088    3.667574   84.576353      -1.551286   5.561375  -2.204995
    31  0.04393175    1.195444   27.567614      -1.409314  -0.966090  -2.857312
    32  0.13661179    3.717396   85.725261      -1.146159   6.563957   0.174729
    33  0.14459739    3.934695   90.736309      -0.613443   6.621641  -2.580651
    34  0.12994714    3.536042   81.543132      -0.332009   5.431005  -2.409080
    35  0.14620907    3.978551   91.747656      -0.303968   7.451323  -0.538146
    36  0.03026973    0.823681   18.994560      -0.159340  -0.114058   2.022223
    37  0.13319731    3.624483   83.582646       0.127523   6.419027   0.029800
*   38 -0.00264964   -0.072100   -1.662674       0.613562  -3.829578  -1.175370
    39  0.00424293    0.115456    2.662479       0.833236  -3.611724   0.233524
    40  0.15779198    4.293738   99.016045       1.106342   2.125426  -1.390228
    41  0.18042278    4.909554  113.217099       1.295508   3.118067   1.094552
    42  0.02177252    0.592460   13.662473       1.554016  -0.996889  -2.358933
    43  0.02030833    0.552618   12.743681       1.788389  -2.365792  -2.541858
    44  0.13879935    3.776922   87.097978       1.932443   0.417825   1.565411
    45  0.19551576    5.320254  122.688094       2.135984   4.061776   0.376018
    46  0.02912200    0.792450   18.274349       2.500898  -3.658507  -0.789771
    47  0.15039379    4.092423   94.373610       3.136020   0.165944   2.238707
    48  0.12947746    3.523261   81.248398       3.283179  -1.541372   0.924402
    49  0.17597687    4.788574  110.427247       3.602188   1.823740  -0.020865
    50  0.19082903    5.192722  119.747124       3.913393   2.531828   1.097916
    51  0.12022886    3.271594   75.444815       4.968134  -2.760126   1.167930
    52  0.11946968    3.250935   74.968421       5.045484  -0.304910   3.551081
    53  0.05565837    1.514541   34.926185       5.243714  -2.368359  -2.935018
    54  0.10807419    2.940848   67.817633       5.285220  -2.181883   2.228138
    55  0.12380065    3.368787   77.686147       6.162396  -1.701590  -0.367705
    56  0.13597970    3.700196   85.328622       6.162396  -0.510941   4.033364
    57  0.12475573    3.394776   78.285466       6.552227   1.072957   1.839879
    58  0.11306613    3.076686   70.950130       6.770615  -0.795302   0.508312
    59  0.12646776    3.441363   79.359785       7.095409  -0.077831   1.421493
    60  0.13863715    3.772509   86.996198       7.511477   0.559649   2.639375
 
 Number of surface maxima:    74
   #       a.u.         eV      kcal/mol           X/Y/Z coordinate(Angstrom)
     1  0.18122438    4.931366  113.720111      -8.103568  -3.543808   2.502068
     2  0.18007199    4.900008  112.996973      -7.617014  -4.536956  -0.474934
     3  0.13597922    3.700183   85.328321      -7.561681  -3.794920   1.057608
     4  0.11580886    3.151319   72.671215      -7.331623  -2.138590   1.544287
     5  0.13653251    3.715238   85.675513      -6.755096  -2.600814   3.021904
     6  0.14014806    3.813623   87.944307      -6.035072  -4.012708  -1.009040
     7  0.18104209    4.926406  113.605719      -5.744092  -1.861914   4.147792
     8  0.14771269    4.019467   92.691191      -5.479503  -2.153297   0.742087
     9  0.18440461    5.017905  115.715737      -5.066007   0.798664  -1.352212
    10  0.14387808    3.915122   90.284933      -4.939324  -3.554957   1.308980
    11  0.19156869    5.212849  120.211268      -4.670703  -3.823136  -2.009428
    12  0.13582121    3.695883   85.229168      -4.451762  -1.636848   3.086646
    13  0.17938336    4.881269  112.564853      -4.451652  -1.492891  -3.470330
    14  0.10967332    2.984363   68.821106      -4.337378   1.978578  -0.863155
    15  0.16928883    4.606583  106.230432      -3.867867  -2.871159  -1.177310
    16  0.21161165    5.758246  132.788426      -3.897915   4.259345   0.256915
    17  0.20571520    5.597795  129.088348      -3.791025   1.732039   1.410837
    18  0.20907172    5.689131  131.194594      -3.420692   7.029834  -0.975147
    19  0.15112975    4.112450   94.835430      -3.230500  -1.105485  -0.417748
    20  0.12373475    3.366994   77.644792      -3.212460   0.720026  -1.186369
    21  0.17014216    4.629804  106.765909      -3.308531   5.496566  -0.388799
    22  0.10129854    2.756473   63.565847      -3.109687   3.797217   2.603555
    23  0.17817628    4.848423  111.807400      -3.004962  -1.178744   2.733829
    24  0.10572519    2.876929   66.343612      -2.965445  -0.248280   1.975123
    25  0.18293440    4.977898  114.793162      -2.914580  -3.105497  -1.953949
    26  0.13912143    3.785687   87.300086      -2.793614  -2.474357   1.209786
    27  0.22920042    6.236861  143.825555      -2.824846   3.323397   0.508837
    28  0.22148361    6.026876  138.983181      -2.554866   3.076679  -0.146760
    29  0.16264016    4.425664  102.058328      -2.288287  -3.402645   0.128077
    30  0.19956167    5.430349  125.226944      -2.287746   3.590168   0.906079
    31  0.22108250    6.015961  138.731483      -2.170525   1.076363   0.111027
    32  0.16974677    4.619044  106.517794      -1.775262   7.233211  -1.343808
    33  0.23377706    6.361397  146.697443      -1.645311   1.895173   1.830105
    34  0.16656435    4.532447  104.520798      -1.594197  -1.652819  -1.295037
    35  0.14677427    3.993931   92.102319      -1.510674  -0.182213  -0.089019
    36  0.19695084    5.359305  123.588624      -0.923960   4.675589  -1.418566
    37  0.13989399    3.806709   87.784877      -0.716908  -1.112204   0.965403
    38  0.11576534    3.150135   72.643908      -0.687687  -2.624006  -0.154334
    39  0.19923050    5.421337  125.019128      -0.654170   5.240452   0.041873
    40  0.04105536    1.117173   25.762652      -0.292421  -3.893729  -3.006770
    41  0.21310542    5.798893  133.725783      -0.397147   8.011066  -1.950107
    42  0.19161192    5.214025  120.238393      -0.174401   1.344146  -2.653054
    43  0.24351527    6.626387  152.808267      -0.085554   2.517675  -0.736752
    44  0.14263948    3.881418   89.507697       0.209152  -0.801422  -2.056969
    45  0.18923051    5.149224  118.744034       0.077603   0.682441  -0.680324
    46  0.24815621    6.752674  155.720504       0.111492   3.083534   0.687983
    47  0.17723818    4.822896  111.218733       0.693907   6.748361  -1.613222
    48  0.12387080    3.370696   77.730165       1.152130  -1.855161  -0.823193
    49  0.16822981    4.577766  105.565889       1.216502  -0.378647   0.325013
    50  0.06305339    1.715770   39.566631       1.695703  -2.883939   1.982238
    51  0.21882018    5.954400  137.311849       1.741677   4.593529  -0.844515
    52  0.23269775    6.332028  146.020163       2.138545   5.945107  -1.623647
    53  0.19313906    5.255581  121.196691       2.419398  -1.709419  -0.971868
    54  0.05803899    1.579321   36.420047       2.431220  -1.583992  -3.524264
    55  0.22996758    6.257736  144.306957       2.433300   2.611920   0.496665
    56  0.22093884    6.012052  138.641332       2.856696  -0.242515   0.915114
    57  0.26231264    7.137890  164.603805       3.010096   2.958891   2.243699
*   58  0.26457536    7.199462  166.023686       3.052676   3.787820  -0.749287
    59  0.24109895    6.560636  151.292002       3.648804   0.679707  -0.074674
    60  0.21410883    5.826198  134.355434       3.762957  -0.681952  -1.872985
    61  0.17282092    4.702696  108.446854       4.058132  -2.879300  -2.264699
    62  0.21213946    5.772608  133.119635       4.048207   1.871220   2.360788
    63  0.22093904    6.012057  138.641457       4.574864  -2.098473  -0.376708
    64  0.18300887    4.979925  114.839894       4.839453  -0.775530   2.135312
    65  0.22769754    6.195965  142.882483       4.993024   2.295155   3.564841
    66  0.16872231    4.591168  105.874939       5.012163  -1.021428  -0.682337
    67  0.19188984    5.221588  120.412794       5.765513  -3.088996  -0.085328
    68  0.18823962    5.122261  118.122246       5.774525   0.024759   1.167393
    69  0.08405629    2.287288   52.746163       6.083750  -1.529683  -2.109570
    70  0.17027752    4.633487  106.850847       6.175939   1.080563   3.552760
    71  0.15505363    4.219224   97.297702       6.618380  -2.436255   1.057878
    72  0.16034127    4.363108  100.615753       7.399478  -1.014533   2.936043
    73  0.20624597    5.612238  129.421409       7.519712   0.164703   4.087334
    74  0.19800088    5.387878  124.247533       7.807056  -2.438227   2.285267
