 Number of surface minima:    74
   #       a.u.         eV      kcal/mol           X/Y/Z coordinate(Angstrom)
     1  0.13469011    3.665104   84.519392      -6.304976  -0.440147  -3.295193
     2  0.12981952    3.532569   81.463048      -6.150513  -0.939518  -1.171302
     3  0.12722184    3.461882   79.832979      -5.806153  -2.526330  -3.833933
     4  0.12132187    3.301336   76.130689      -5.511211  -0.337168  -2.155551
     5  0.07058365    1.920679   44.291947      -5.246622   1.382025   3.532472
     6  0.10835728    2.948551   67.995276      -4.959751  -2.868994  -2.715074
     7  0.12265408    3.337587   76.966660      -4.982033  -0.470791  -1.190120
     8  0.12251831    3.333893   76.881467      -4.954989   0.049701  -3.237553
     9  0.13586415    3.697052   85.256114      -4.585151   0.201547  -4.334163
    10  0.10339498    2.813521   64.881385      -4.428219  -3.013244  -1.802243
    11  0.11058700    3.009225   69.394451      -4.427636  -2.465514  -3.901051
    12  0.06683753    1.818742   41.941217      -4.316602   1.726487   4.268650
    13  0.05370462    1.461377   33.700183      -4.055973  -1.000801   3.398648
    14  0.11536230    3.139168   72.390997      -3.821182  -2.958204  -0.510148
    15  0.13586076    3.696959   85.253984      -3.776098  -0.247474  -1.279948
    16  0.12707293    3.457830   79.739532      -3.923571   0.262466  -3.275716
    17  0.11343706    3.086779   71.182890      -3.409825  -2.273108  -3.949439
    18  0.11569203    3.148140   72.597909      -3.254893  -2.768313  -1.809643
    19  0.04463076    1.214465   28.006248      -3.262207  -0.716927   4.107604
    20  0.14044146    3.821607   88.128422      -3.274668   0.086637  -2.238801
    21  0.07029970    1.912952   44.113764      -3.391698   2.121779   4.003266
    22  0.11860815    3.227492   74.427801      -2.976016  -1.697058   0.050758
    23  0.12162778    3.309660   76.322646      -2.767022  -2.435956  -2.757228
    24  0.15163750    4.126266   95.154046      -2.700498   0.703002  -0.213231
    25  0.16402901    4.463456  102.929842      -2.562273   1.349551  -1.270297
    26  0.03723822    1.013304   23.367358      -2.336147  -0.336611   3.798250
    27  0.13816700    3.759715   86.701171      -2.344825   2.642467  -3.543961
    28  0.14506899    3.947528   91.032242      -2.344875   2.891443   1.168304
    29  0.02322423    0.631964   14.573440      -2.187764  -1.840427   0.954515
    30  0.15307912    4.165495   96.058678      -2.200591   3.438338  -4.466053
    31  0.15932497    4.335453   99.978011      -2.085843   3.568768   0.027023
    32  0.13305848    3.620705   83.495528      -1.936304   4.895814  -2.214782
    33  0.14917739    4.059323   93.610303      -1.956615   5.264063  -3.280776
    34  0.17524156    4.768565  109.965831      -1.301737   1.546372  -1.964971
    35  0.14768951    4.018836   92.676646      -1.079346   2.709850  -4.003422
    36  0.02354793    0.640772   14.776563      -0.837229  -3.927337   0.560726
    37  0.14306467    3.892988   89.774514      -0.630408   4.886714  -2.626955
    38  0.01543859    0.420105    9.687867      -0.484027   0.130106   2.887861
*   39 -0.02343266   -0.637635  -14.704228      -0.034681  -2.487412   3.788253
    40  0.09708369    2.641782   60.920987       0.064600  -2.487956  -1.801825
    41  0.14097321    3.836076   88.462100       0.019135   2.205972  -3.553581
    42  0.15361825    4.180165   96.396988       0.195185   2.950348  -4.440651
    43  0.03990684    1.085920   25.041944       0.309739  -5.115735  -1.266578
    44  0.01692960    0.460678   10.623495       0.430404   0.524214   2.805055
    45  0.13710410    3.730792   86.034194       0.415839   4.492882  -2.228833
    46  0.15089489    4.106059   94.688052       0.550756   4.848846  -3.285620
    47 -0.01543599   -0.420035   -9.686240       1.235799  -1.986603   3.645829
    48  0.04017419    1.093195   25.209705       1.629768  -3.305796  -0.491554
    49  0.04569463    1.243414   28.673834       1.637098  -1.977867  -0.622509
    50  0.13791121    3.752755   86.540666       2.045055   1.731563   1.374602
    51  0.17757127    4.831960  111.427748       2.309459   0.275223  -1.536026
    52  0.06279281    1.708679   39.403115       2.569886  -3.436185  -1.027061
    53  0.11439762    3.112917   71.785648       2.531449   4.083098   1.960418
    54  0.06658077    1.811755   41.780097       2.684129  -2.537522  -0.341511
    55  0.12805089    3.484442   80.353212       2.665706   4.616013  -0.670082
    56  0.14031212    3.818087   88.047259       2.931413   5.818761  -0.149275
    57  0.13644423    3.712836   85.620116       3.151986   2.046293   1.486786
    58  0.06070296    1.651812   38.091714       3.332905  -4.243599  -0.739111
    59  0.05940104    1.616385   37.274749       3.484802  -2.383486   0.637721
    60  0.12080348    3.287230   75.805394       3.619066   4.238882   2.012652
    61  0.11107278    3.022444   69.699278       3.764995   0.011736   1.110441
    62  0.13057063    3.553008   81.934377       3.886639   4.909549  -0.503566
    63  0.05799010    1.577991   36.389370       4.020147  -4.232417   0.030523
    64  0.05542077    1.508076   34.777090       4.091985  -3.330865   0.693021
    65  0.13918771    3.787490   87.341679       4.146273   0.371722  -1.469568
    66  0.14892004    4.052320   93.448813       4.259814   1.702866  -1.203978
    67  0.07638404    2.078515   47.931746       4.479877  -2.446765  -2.614337
    68  0.10973063    2.985922   68.857065       4.643704   3.569758   1.952225
    69  0.11914942    3.242221   74.767454       4.918623   4.171112  -0.629922
    70  0.07012785    1.908276   44.005927       5.087324  -3.294556  -2.507254
    71  0.14662407    3.989844   92.008069       5.005211   0.592161  -1.226222
    72  0.13476748    3.667210   84.567939       5.204628   5.157289  -0.165850
    73  0.06777976    1.844381   42.532478       5.930180  -3.245465  -1.555983
    74  0.07339674    1.997227   46.057190       5.946125  -2.435755  -1.026805
 
 Number of surface maxima:    86
   #       a.u.         eV      kcal/mol           X/Y/Z coordinate(Angstrom)
     1  0.19780523    5.382554  124.124763      -6.950135  -1.445401  -4.058579
     2  0.19346174    5.264362  121.399179      -6.761928  -2.277041  -0.894511
     3  0.17245763    4.692811  108.218888      -6.638156  -0.599957   2.381545
     4  0.15267764    4.154570   95.806746      -6.524933  -1.689087  -2.453843
     5  0.11461866    3.118932   71.924355      -5.835009  -0.291460   3.868084
     6  0.13797799    3.754572   86.582570      -5.896250  -0.241368  -3.133607
     7  0.15573184    4.237679   97.723287      -5.643505  -0.266777   5.514843
     8  0.12871992    3.502647   80.773035      -5.487628  -2.599429  -3.756340
     9  0.15699952    4.272174   98.518767      -5.395789  -1.065711  -4.606942
    10  0.14875937    4.047948   93.347992      -5.246622  -2.017335  -0.419939
    11  0.20161553    5.486238  126.515761      -4.690039   0.422370  -0.054722
    12  0.23592679    6.419894  148.046418      -4.379352   2.643697  -0.129709
    13  0.20449748    5.564659  128.324212      -4.212577  -0.543733  -5.696689
    14  0.17405243    4.736207  109.219640      -4.188268  -0.605622  -2.291710
    15  0.22761258    6.193653  142.829173      -4.222302   3.693172  -2.239105
    16  0.17685553    4.812484  110.978612      -4.082482  -2.133685   0.640734
    17  0.14621978    3.978843   91.754377      -4.063757  -0.533843  -0.504677
    18  0.10603340    2.885316   66.537021      -4.055973   0.417593   5.499618
    19  0.12230979    3.328219   76.750619      -3.923679   1.382560   3.043414
    20  0.16426032    4.469751  103.074995      -3.913425  -2.116701  -2.736368
    21  0.18001527    4.898465  112.961381      -3.533041   1.184948   0.424217
    22  0.10779199    2.933169   67.640554      -3.345388  -0.134483   2.961151
    23  0.20452048    5.565285  128.338648      -3.345087   2.945591  -1.259421
    24  0.17861513    4.860365  112.082780      -3.024269   4.226579  -3.299331
    25  0.15292184    4.161215   95.959986      -2.451324  -2.213832  -0.762217
    26  0.15166221    4.126939   95.169553      -2.576753   0.935973   6.123666
    27  0.21820103    5.937552  136.923325      -2.332750   4.897719  -4.724464
    28  0.02619948    0.712924   16.440435      -2.139098  -2.583320   3.800544
    29  0.17340827    4.718679  108.815422      -2.021258  -4.596301  -2.324881
    30  0.11031838    3.001916   69.225888      -1.961885   1.445411   4.651088
    31  0.15553739    4.232388   97.601268      -1.653648  -2.487349  -1.140965
    32  0.20343355    5.535709  127.656590      -1.611255  -0.467945  -2.482043
    33  0.21663184    5.894852  135.938646      -1.571187   0.084668  -1.170038
    34  0.16055214    4.368846  100.748072      -1.565432   0.078953   0.945203
    35  0.12852238    3.497272   80.649079      -1.282211  -0.758975   1.367734
    36  0.22737717    6.187247  142.681448      -1.336549  -0.424028  -4.069574
    37  0.23447451    6.380376  147.135102      -1.306599   1.256826  -0.561556
    38  0.18595008    5.059959  116.685533      -1.293564   1.712542   2.010227
    39  0.20543103    5.590063  128.910026      -1.157198   2.506149  -2.623743
    40  0.09558792    2.601080   59.982376      -1.105949  -2.476231   0.845790
    41  0.23583170    6.417307  147.986748      -0.979689   2.555193   0.320146
    42  0.20407113    5.553058  128.056675      -0.880751   3.834526  -1.820404
    43  0.17804852    4.844947  111.727226      -0.737985   4.376433  -4.443491
    44  0.16731671    4.552919  104.992910      -0.707605   1.878239   3.625029
    45  0.18446470    5.019540  115.753443      -0.384768  -0.134483   0.098086
    46  0.22956999    6.246917  144.057465      -0.219439  -0.663660  -2.403665
    47  0.18126823    4.932559  113.747627      -0.054191  -1.699080  -0.455033
    48  0.10821045    2.944556   67.903142       0.200219  -0.778744   2.576040
    49  0.23220789    6.318698  145.712773       0.282047   4.223058   0.543328
    50  0.09839057    2.677344   61.741067       0.597658  -2.741926   2.015964
    51  0.07725736    2.102280   48.479765       0.706622  -4.711791  -0.202266
    52  0.21145031    5.753856  132.687185       0.805246   2.757628   0.535215
    53  0.18676513    5.082138  117.196986       0.843881  -3.564889  -3.406162
    54  0.22066270    6.004538  138.468053       0.890727   4.283041  -4.731046
    55  0.22037214    5.996631  138.285719       1.035834   1.717637  -1.423688
    56  0.22491841    6.120341  141.138554       1.104557   2.778185  -0.629149
    57  0.13405537    3.647832   84.121086       1.383509  -4.488981   1.506413
    58  0.15523077    4.224044   97.408862       1.333072  -0.146877   1.026747
    59  0.18530705    5.042461  116.282026       1.325736   3.419508  -3.275809
    60  0.11253213    3.062155   70.615038       1.632682  -1.936076   0.611253
    61  0.19838439    5.398314  124.488186       1.817244  -1.457426  -2.727737
*   62  0.23876334    6.497081  149.826382       2.252919   2.631732  -2.376184
    63  0.14238246    3.874424   89.346416       2.447222  -1.015143   0.428432
    64  0.20774110    5.652923  130.359620       2.461095   6.522532   1.114590
    65  0.19470665    5.298237  122.180368       2.532226  -0.590673  -1.350701
    66  0.20666606    5.623669  129.685017       2.840359   0.938717   0.717379
    67  0.17191168    4.677955  107.876297       2.843590  -4.348814  -3.531146
    68  0.22833335    6.213266  143.281458       2.935926   1.310018  -0.800901
    69  0.04813890    1.309926   30.207640       3.369050  -1.301240   2.962039
    70  0.17912325    4.874191  112.401630       3.391046   3.305169   1.260736
    71  0.19030967    5.178589  119.421219       3.484802   3.569758  -0.292081
    72  0.11377364    3.095938   71.394099       3.662728  -3.131620  -0.497628
    73  0.16181042    4.403085  101.537655       4.032692   5.845263   0.973192
    74  0.11538273    3.139724   72.403815       4.122381  -4.801030  -2.492559
    75  0.12051970    3.279508   75.627320       4.717024  -2.474207  -1.555983
    76  0.16299419    4.435297  102.280483       4.940039  -0.444986  -0.514642
    77  0.16374403    4.455702  102.751015       4.982518  -0.531366  -0.080103
    78  0.15818964    4.304559   99.265579       5.266458  -5.823138  -1.820571
    79  0.18498810    5.033782  116.081885       5.415774   1.837350  -0.005432
    80  0.17431977    4.743482  109.387397       5.614990  -1.188207   1.488775
    81  0.20142539    5.481063  126.396444       5.648650   5.848523   1.116447
    82  0.11028273    3.000946   69.203513       5.746468  -4.772912  -0.627917
    83  0.15985650    4.349917  100.311554       5.899595   4.121639   0.711038
    84  0.21859863    5.948371  137.172829       6.127671   0.526170  -0.102620
    85  0.15778416    4.293525   99.011138       6.589732  -4.235606   0.800599
    86  0.20865369    5.677756  130.932279       6.655414   2.651798   0.429926
