 Number of surface minima:    66
   #       a.u.         eV      kcal/mol           X/Y/Z coordinate(Angstrom)
     1  0.13933261    3.791433   87.432606      -6.775292  -0.816478  -2.203250
     2  0.12901560    3.510693   80.958581      -6.431197  -2.515092  -0.960623
     3  0.12206969    3.321685   76.599950      -5.981526  -1.369206  -1.168446
     4  0.13310076    3.621856   83.522058      -5.870736  -1.842572  -3.899023
     5  0.12656232    3.443936   79.419124      -5.730303   2.142667  -0.970142
     6  0.12294875    3.345606   77.151571      -5.575139  -3.530512  -2.806851
     7  0.12286449    3.343313   77.098695      -5.654725   0.885244   1.218298
     8  0.12169304    3.311436   76.363597      -5.452349  -2.037276  -0.513574
     9  0.13046178    3.550046   81.866070      -5.558967  -0.249754  -1.628420
    10  0.12556368    3.416761   78.792462      -5.320055   4.075392  -1.092918
    11  0.11891080    3.235727   74.617713      -5.171045   1.753074   2.767901
    12  0.11259934    3.063984   70.657212      -4.935132  -2.636977  -3.255560
    13  0.13612321    3.704101   85.418674      -4.658583  -0.046180  -1.300657
    14  0.11090225    3.017804   69.592272      -4.364669  -3.228843  -2.631201
    15  0.13830720    3.763530   86.789150      -4.393995  -1.640259  -0.248851
    16  0.11753969    3.198418   73.757330      -4.393995  -1.452297  -3.677383
    17  0.13852388    3.769426   86.925120      -4.426204   2.840364  -2.084397
    18  0.11967366    3.256486   75.096421      -4.475850   5.371477   1.185515
    19  0.12937954    3.520596   81.186952      -4.344758   0.475385   2.263677
    20  0.11548943    3.142627   72.470773      -4.389733   4.395650   2.752794
    21  0.14458199    3.934276   90.726646      -3.997112  -0.692568  -0.624103
    22  0.11645755    3.168971   73.078278      -3.467934  -1.119044  -3.431876
    23  0.12036799    3.275380   75.532116      -3.184816  -2.849534  -2.251891
    24  0.16446256    4.475254  103.201903      -3.101630   0.365783  -1.020989
    25  0.12389075    3.371239   77.742684      -3.041469   5.097233   2.101532
    26  0.12332551    3.355858   77.387989      -2.806463  -1.892433  -2.617733
    27  0.04470708    1.216542   28.054141      -2.268424  -2.753670   3.818486
    28  0.10746577    2.924292   67.435843      -2.251602  -0.896794   1.737087
    29  0.16934419    4.608090  106.265174      -2.343071   1.021835  -0.232643
    30  0.17592887    4.787268  110.397128      -2.222991   2.067975  -1.038623
    31  0.18463190    5.024090  115.858365      -2.126172   3.352196  -1.726887
    32  0.17092926    4.651222  107.259817      -2.108914   0.042677   0.793022
    33  0.16563426    4.507137  103.937152      -1.735318   2.562513   1.825743
    34  0.18165461    4.943073  113.990085      -1.594878   4.570732   0.008896
    35  0.16907088    4.600653  106.093670      -1.540906   3.543826   1.023791
    36  0.06568979    1.787510   41.221002      -1.417385  -3.476545   1.980705
    37  0.17129540    4.661185  107.489578      -1.196913   2.326583  -1.573781
    38  0.12441728    3.385566   78.073089      -1.000092  -3.145797  -0.325195
    39  0.16929127    4.606650  106.231967      -0.572618   3.863137   0.489575
    40  0.07041261    1.916025   44.184616      -0.519938  -0.726978  -1.357506
    41  0.03572353    0.972087   22.416869      -0.226868  -1.624557   3.405089
    42  0.17312450    4.710957  108.637354      -0.187028   1.692230  -1.414368
    43  0.18488976    5.031106  116.020174      -0.177263   2.791179  -2.027896
    44  0.06591092    1.793527   41.359760      -0.028283  -3.613983   1.481666
    45  0.18078802    4.919492  113.446293       0.256430   3.246857   0.669436
    46  0.02678552    0.728871   16.808179       0.787662   0.316615   2.651134
    47  0.02539524    0.691040   15.935767       1.575312  -1.672950  -1.478639
*   48 -0.00163779   -0.044566   -1.027728       2.021486  -4.071858   0.559968
    49  0.15083386    4.104398   94.649758       2.553558   1.817341   1.092040
    50  0.00205298    0.055864    1.288267       2.750238  -3.143530   1.833919
    51  0.15469475    4.209458   97.072501       3.327399  -0.875013  -1.838359
    52  0.16152472    4.395311  101.358375       3.466035   2.542858  -1.567429
    53  0.14630749    3.981229   91.809413       3.664449   2.007659   1.004593
    54  0.15361841    4.180170   96.397089       4.004882   0.558443  -1.954642
    55  0.15429548    4.198594   96.821956       4.191379   1.742350  -1.777610
    56  0.14053221    3.824076   88.185365       4.367900   1.246976   0.799564
    57  0.16003327    4.354727  100.422480       4.880671   2.555332   0.779828
    58  0.16724572    4.550987  104.948360       4.783480   2.988908  -1.357506
    59  0.10563777    2.874550   66.288759       5.370433  -0.559691  -3.401701
    60  0.08213214    2.234929   51.538742       5.528078  -1.161383   1.332158
    61  0.08791004    2.392154   55.164427       6.718727  -1.999216   0.207735
    62  0.09716753    2.644063   60.973597       6.588092  -1.544091  -2.541090
    63  0.09980928    2.715949   62.631324       6.965255   0.153972  -3.326398
    64  0.08910310    2.424619   55.913084       7.338897  -0.770753   1.268022
    65  0.10329705    2.810856   64.819930       7.919317   2.021475  -1.751322
    66  0.10074971    2.741539   63.221452       8.108556   1.717738   0.164617
 
 Number of surface maxima:    90
   #       a.u.         eV      kcal/mol           X/Y/Z coordinate(Angstrom)
     1  0.20318252    5.528878  127.499065      -7.092531  -0.908569  -3.627888
     2  0.19669003    5.352208  123.424961      -6.827539  -3.727222  -1.912567
     3  0.15683116    4.267593   98.413123      -6.653201  -2.223374  -2.688201
     4  0.18132747    4.934171  113.784803      -6.300750   2.145975   1.657534
     5  0.18300459    4.979808  114.837210      -6.353707   3.356651  -0.281805
     6  0.16487826    4.486566  103.462757      -5.697544  -0.092373  -3.456737
     7  0.17824650    4.850334  111.851460      -5.690508   4.415344   1.702469
     8  0.15813616    4.303104   99.232025      -5.248129  -3.735343  -1.092918
     9  0.13467955    3.664817   84.512766      -5.044026   0.711742   2.201930
    10  0.14262306    3.880971   89.497397      -5.143652   2.962597  -1.842575
    11  0.16211634    4.411410  101.729623      -5.123257   3.136538   0.891497
    12  0.15754436    4.287000   98.860663      -5.014324   1.790234   0.116984
    13  0.17954190    4.885584  112.664340      -4.658583  -1.186368  -1.292048
    14  0.21547631    5.863408  135.213537      -4.684284   1.219915  -3.663078
    15  0.15191881    4.133921   95.330573      -4.526289   2.991589   2.133994
    16  0.15646221    4.257553   98.181603      -4.393995   4.193374   0.097731
    17  0.19446146    5.291565  122.026511      -4.320995  -2.014444   2.190432
    18  0.19462817    5.296102  122.131121      -4.286649  -0.006867   0.615046
    19  0.19565737    5.324108  122.776959      -4.328685   1.352209  -1.754389
    20  0.20638022    5.615891  129.505649      -4.104846  -4.288626  -0.166858
    21  0.16921214    4.604496  106.182308      -3.976542  -1.931741  -2.543042
    22  0.13098720    3.564343   82.195776      -3.903427   5.261860   2.072089
    23  0.17823217    4.849944  111.842468      -3.462604   0.694072  -2.546599
    24  0.18814278    5.119625  118.061473      -3.490184   1.480712   3.122932
    25  0.20609902    5.608240  129.329198      -3.529889   4.200729  -1.622095
    26  0.18842701    5.127360  118.239834      -3.071052  -3.145797  -0.238131
    27  0.19009861    5.172846  119.288781      -3.173485  -2.851348  -0.034563
    28  0.18349257    4.993087  115.143425      -2.912873  -0.186091   4.380380
    29  0.19298476    5.251382  121.099869      -3.054964   1.098036   0.768382
    30  0.18784847    5.111617  117.876791      -2.968211   1.871401  -0.617471
    31  0.20689232    5.629826  129.826999      -2.947155   3.741689  -0.171449
    32  0.19774051    5.380793  124.084148      -2.938757   5.321038   0.305847
    33  0.19393733    5.277303  121.697612      -2.806463   1.856169   1.761667
    34  0.19428760    5.286834  121.917413      -2.905948   3.088100  -0.927815
    35  0.18311112    4.982707  114.904059      -2.871816   3.865801   3.075147
    36  0.20064505    5.459830  125.906778      -2.674169  -1.711652   0.577813
    37  0.21889879    5.956539  137.361178      -2.666888   0.425708   2.224788
    38  0.13139381    3.575408   82.450933      -2.565675  -0.281934   2.346734
    39  0.25076244    6.823593  157.355940      -2.277286   4.709659  -1.357506
    40  0.19637032    5.343508  123.224341      -2.173083  -3.737870   0.362320
    41  0.18035667    4.907755  113.175613      -2.214812   3.399097   1.350853
    42  0.17075886    4.646585  107.152890      -1.892662  -1.169541  -1.610335
    43  0.22864551    6.221761  143.477344      -1.994128   0.698825  -2.007245
    44  0.18224008    4.959005  114.357473      -1.546532  -2.679632  -1.420518
    45  0.08554122    2.327695   53.677972      -1.282949  -3.209815   3.208777
    46  0.18737082    5.098619  117.577064      -1.231885   0.006442   0.885737
    47  0.18267726    4.970901  114.631809      -0.989810   1.403724   2.150809
    48  0.24150678    6.571734  151.547918      -1.043038   1.613509  -0.426615
    49  0.15633296    4.254036   98.100493      -0.790574  -2.574359   0.390205
    50  0.16778956    4.565786  105.289629      -0.903601  -0.978347   1.156085
    51  0.24069553    6.549658  151.038850      -0.665710   2.591026   0.807371
    52  0.21419193    5.828459  134.407579      -0.677798   4.123587  -1.332346
    53  0.18261989    4.969340  114.595805      -0.123816  -0.072892   0.015709
    54  0.14071980    3.829181   88.303084       0.236306  -4.023665   2.875911
    55  0.14390921    3.915969   90.304467       0.359153  -1.693233  -0.831524
    56  0.12678892    3.450102   79.561314       0.686595  -1.004742   2.267846
*   57  0.26366100    7.174581  165.449916       0.839994   4.072606  -1.754389
    58  0.04226764    1.150161   26.523364       1.020195  -4.736754  -1.101611
    59  0.11255737    3.062842   70.630878       1.092967  -2.881209   1.483569
    60  0.20358410    5.539805  127.751061       1.056894   0.980868  -1.213621
    61  0.24009821    6.533404  150.664026       1.337470   2.982550  -0.671426
    62  0.16719007    4.549473  104.913441       1.721687  -0.225877   0.761950
    63  0.11849729    3.224475   74.358236       2.018398  -1.822854   0.097731
    64  0.25833507    7.029655  162.107842       2.229712   4.285697   0.106453
    65  0.15352942    4.177748   96.341243       2.619800  -1.019665  -0.026818
    66  0.23098869    6.285522  144.947715       3.038805   1.373171  -1.193540
    67  0.21802648    5.932802  136.813799       3.168182   1.091670   0.368345
    68  0.20194326    5.495156  126.721418       3.713085   3.638339  -0.148509
    69  0.05251466    1.428997   32.953473       3.825934  -1.402075   2.498972
    70  0.21339966    5.806900  133.910420       3.982506  -1.772234  -1.078200
    71  0.16994644    4.624478  106.643088       4.779953  -1.550443  -2.131587
    72  0.18222477    4.958588  114.347865       4.790962  -0.632206  -1.036268
    73  0.15328756    4.171167   96.189479       4.995881  -1.823716  -0.168736
    74  0.17662400    4.806184  110.833329       5.395784   2.013680  -1.159239
    75  0.23163623    6.303142  145.354050       5.323009   3.660731  -0.269621
    76  0.17134346    4.662493  107.519732       5.526978   1.096840  -3.480402
    77  0.17314314    4.711464  108.649052       5.514324   1.878005   0.089658
    78  0.11261373    3.064376   70.666244       6.210424  -0.724332  -3.434047
    79  0.15482123    4.212900   97.151868       6.160882   0.274070   1.932631
    80  0.12635373    3.438260   79.288231       6.322979  -1.160501  -1.092166
    81  0.17861305    4.860308  112.081478       6.493857   2.935769  -2.009133
    82  0.09842172    2.678191   61.760614       6.718727  -1.489498   1.156085
    83  0.17379456    4.729191  109.057825       6.749534   2.467601   0.948534
    84  0.13530530    3.681845   84.905431       6.851021   1.087620  -2.083989
    85  0.13815358    3.759350   86.692753       7.310217   0.029266  -1.092918
    86  0.12980072    3.532057   81.451249       7.255068   0.563172   0.233237
    87  0.11759258    3.199857   73.790521       7.758919   2.671604  -0.707585
    88  0.15919140    4.331818   99.894192       7.909178  -0.763996  -2.415729
    89  0.15427090    4.197925   96.806534       8.124684  -1.161383  -0.061930
    90  0.16149161    4.394410  101.337597       8.703141   0.877193  -1.038756
