 Number of surface minima:    67
   #       a.u.         eV      kcal/mol           X/Y/Z coordinate(Angstrom)
     1  0.11008318    2.995516   69.078297      -8.147584  -0.408751  -1.325333
     2  0.10470396    2.849140   65.702783      -7.735390  -0.673339   1.293029
     3  0.11016224    2.997667   69.127908      -7.304413  -1.609750  -2.600610
     4  0.10387627    2.826617   65.183398      -6.643111  -2.128576   1.898485
     5  0.10956820    2.981502   68.755138      -6.235107  -0.424452   2.207397
     6  0.10517182    2.861871   65.996366      -5.576257  -3.631468  -1.665100
     7  0.17333983    4.716817  108.772478      -5.553463   1.513699  -1.282528
     8  0.10444360    2.842055   65.539403      -5.400256  -3.805370   0.102380
     9  0.16063598    4.371127  100.800682      -5.024285   1.102271  -0.106424
    10  0.15961313    4.343294  100.158837      -4.627403   0.450374   0.829211
    11  0.17200080    4.680380  107.932224      -4.520074   0.237070  -2.691955
    12  0.16608560    4.519419  104.220376      -4.471816   1.961514  -0.566222
    13  0.11027313    3.000684   69.197489      -4.105777  -3.433617  -0.949317
    14  0.15800930    4.299652   99.152414      -3.813229  -0.551658  -1.756244
    15  0.17743292    4.828195  111.340932      -3.436754   2.214189  -0.093159
    16  0.15544378    4.229840   97.542527      -3.440459  -1.206598  -0.833708
    17  0.16052078    4.367993  100.728396      -3.172165   0.362077  -2.215816
    18  0.16875276    4.591996  105.894046      -3.104432  -1.731694   0.234675
    19  0.15800301    4.299480   99.148467      -1.985830  -0.704581  -0.314729
    20  0.16449898    4.476245  103.224755      -2.117729   0.645525  -1.757329
    21  0.01440932    0.392097    9.041989      -1.815403   0.016304   2.658249
    22  0.15139793    4.119747   95.003716      -1.011873   2.935137   0.954376
    23  0.05700494    1.551183   35.771167      -0.935244  -3.718862  -2.155836
    24  0.07534898    2.050350   47.282236      -0.987814  -1.202516  -1.417509
    25  0.14928611    4.062282   93.678526      -0.552326   3.946621   0.987275
    26  0.16640850    4.528205  104.422996      -0.409313   4.082878  -1.642005
    27  0.06319986    1.719756   39.658545      -0.155157  -0.285184  -1.531294
    28  0.04335074    1.179634   27.203026      -0.072994  -3.319225   0.158782
    29  0.16366570    4.453570  102.701861       0.032071   5.205457   0.821699
    30  0.17187929    4.677073  107.855972       0.136284   5.289204  -1.359676
*   31 -0.01790617   -0.487252  -11.236299       0.467327  -1.531853   3.874167
    32  0.14636494    3.982793   91.845463       0.664757   3.954420   1.031639
    33  0.16223017    4.414507  101.801052       0.814241   4.104075  -1.594395
    34 -0.00813202   -0.221283   -5.102922       0.898308  -0.276456   3.619960
    35  0.09777718    2.660652   61.356157       0.948183  -1.725427  -1.870407
    36  0.10134857    2.757835   63.597240       1.262257  -3.054637  -1.151853
    37  0.13892768    3.780415   87.178511       1.332757   2.772019   1.037658
    38  0.16746321    4.556906  105.084838       1.480980   3.181903  -1.587871
    39  0.11833073    3.219943   74.253719       1.647255   0.148347  -0.253408
    40  0.01235511    0.336200    7.752953       1.830393  -2.393165   1.771715
    41  0.18291133    4.977270  114.778691       2.257789   2.238796  -1.344544
    42  0.10466656    2.848122   65.679313       2.720507  -2.850620   1.160735
    43  0.10735197    2.921196   67.364435       2.882870   6.980795   0.871509
    44  0.10319151    2.807984   64.753701       2.993270  -4.429977   0.738209
    45  0.09458395    2.573760   59.352375       3.053710   3.184303   2.211070
    46  0.11048905    3.006560   69.332986       2.986463   7.072821  -1.015178
    47  0.10469750    2.848964   65.698729       3.064217  -3.970518  -0.550404
    48  0.11260194    3.064055   70.658846       3.230296  -3.399185  -1.595521
    49  0.12447940    3.387257   78.112069       3.594695   3.464709  -2.638875
    50  0.09006268    2.450730   56.515232       3.772021  -4.841874  -0.191990
    51  0.09853634    2.681310   61.832538       3.817298   4.832334   2.300696
    52  0.11263475    3.064947   70.679434       4.104021   5.080773  -2.345754
    53  0.10219672    2.780914   64.129462       4.220976  -3.719429  -2.420043
    54  0.10119091    2.753545   63.498307       4.144761  -2.887594   1.708858
    55  0.10316828    2.807352   64.739128       4.539023  -5.530110   0.252840
    56  0.09506020    2.586720   59.651227       4.610428  -5.095064  -0.879692
    57  0.10201162    2.775877   64.013309       4.604807  -2.186093   0.620259
    58  0.10275339    2.796062   64.478779       4.650322   3.570646   1.585417
    59  0.09826778    2.674002   61.664013       4.822569  -4.452798  -2.089547
    60  0.11197633    3.047031   70.266264       4.816981  -1.710589  -0.375309
    61  0.11561410    3.146020   72.549007       4.887183   3.573284  -1.350443
    62  0.08819282    2.399849   55.341879       5.302823  -3.051725   1.029949
    63  0.10163173    2.765540   63.774928       5.786395  -2.004299  -1.107386
    64  0.11415830    3.106405   71.635477       5.878665  -5.381116  -1.562628
    65  0.09412195    2.561188   59.062464       6.147826  -3.259835   0.260174
    66  0.09773240    2.659434   61.328058       6.416443  -2.726630  -0.852666
    67  0.11376067    3.095585   71.385956       7.132612  -3.853298  -0.567959
 
 Number of surface maxima:    81
   #       a.u.         eV      kcal/mol           X/Y/Z coordinate(Angstrom)
     1  0.16944645    4.610872  106.329340      -8.229090  -2.002974  -1.373524
     2  0.16604650    4.518355  104.195836      -7.885499  -2.248448   0.929131
     3  0.12542141    3.412890   78.703189      -7.602642  -0.408751  -2.475977
     4  0.14268979    3.882787   89.539267      -7.280680  -0.663367  -0.162263
     5  0.18419672    5.012248  115.585285      -7.301737   1.004967  -1.229250
     6  0.11707983    3.185904   73.468763      -7.001794  -0.936446   2.097270
     7  0.17513139    4.765567  109.896697      -6.900860   0.746054   1.152304
     8  0.16644719    4.529258  104.447276      -6.779886  -3.725757  -0.714887
     9  0.14862978    4.044422   93.266673      -6.810470  -2.062641  -0.426797
    10  0.14275922    3.884676   89.582838      -6.200562  -2.108242  -1.739262
    11  0.13864389    3.772692   87.000426      -5.810806  -2.396350   0.644186
    12  0.18477331    5.027938  115.947101      -5.874307  -0.832930  -3.204977
    13  0.18512417    5.037485  116.167270      -5.737664   0.517310  -1.116962
    14  0.23965412    6.521320  150.385360      -5.615518   1.178781  -2.737855
    15  0.18480909    5.028911  115.969555      -5.180921  -0.292949  -1.901129
    16  0.17821825    4.849565  111.833732      -4.936940  -1.478130   2.056645
    17  0.11781081    3.205795   73.927461      -4.875932  -3.852359  -0.945831
    18  0.19737357    5.370808  123.853887      -4.557913  -1.397616   0.568752
    19  0.17460550    4.751257  109.566699      -4.372219  -2.652511  -2.396566
    20  0.20855296    5.675015  130.869069      -4.174761   1.972547  -2.355452
    21  0.17825692    4.850617  111.857998      -3.937547  -2.904026   0.644556
    22  0.22910444    6.234249  143.765328      -3.698615  -1.729446   1.691702
    23  0.23436195    6.377313  147.064470      -3.671627   1.046487   0.122858
    24  0.23187081    6.309526  145.501252      -2.908624   0.112357  -0.961945
*   25  0.26159861    7.118460  164.155742      -2.905311   3.034131  -2.541037
    26  0.25731514    7.001901  161.467825      -2.771891   4.355684  -0.426505
    27  0.19111550    5.200517  119.926887      -2.563704  -2.536158   0.329329
    28  0.23787275    6.472847  149.267529      -2.378399   2.836873  -0.823680
    29  0.18386724    5.003282  115.378532      -2.243328  -1.071590   0.636913
    30  0.23927697    6.511058  150.148693      -2.246105   2.795077  -1.088268
    31  0.17984624    4.893865  112.855316      -1.201597  -0.302793  -0.086404
    32  0.20364868    5.541563  127.791586      -1.248691   5.015316  -0.325183
    33  0.20744667    5.644911  130.174859      -0.814378   1.292274  -1.383210
    34  0.02954876    0.804063   18.542140      -0.712418  -3.186931   3.806621
    35  0.11909579    3.240761   74.733800      -0.526279  -0.306687   2.414737
    36  0.16853867    4.586170  105.759700      -0.194432   0.981451   0.831110
    37  0.23546252    6.407261  147.755085      -0.114330   6.225248  -0.282296
    38  0.24001859    6.531238  150.614068       0.135192   2.898607  -1.138490
    39  0.22421872    6.101302  140.699490       0.114194   2.891287   0.465871
    40  0.10522794    2.863398   66.031583       0.399781  -2.431691   1.008586
    41  0.18944381    5.155028  118.877884       0.323145  -2.128576  -3.943084
    42  0.19673250    5.353364  123.451613       0.721873  -1.145013  -0.369293
    43  0.10551187    2.871124   66.209754       1.168712  -1.343435   2.072594
    44  0.18417773    5.011731  115.573366       1.193547   5.147610  -0.876958
    45  0.17917783    4.875677  112.435881       1.096500   5.177301   0.383691
    46  0.17901934    4.871364  112.336423       1.318436   6.475618   1.308071
    47  0.17780596    4.838346  111.575018       1.458135  -4.582771  -2.249389
    48  0.15476500    4.211370   97.116584       1.456401  -0.144776   0.513129
    49  0.20074458    5.462538  125.969234       1.345081   1.330167  -1.216309
    50  0.18505659    5.035646  116.124862       1.491573   6.488301  -1.716302
    51  0.17644773    4.801387  110.722718       1.694251   3.943251  -1.539740
    52  0.15659942    4.261287   98.267704       1.753553  -2.634205  -0.803842
    53  0.06267772    1.705547   39.330893       2.015849   1.729906   2.766661
    54  0.22461697    6.112139  140.949394       2.255163  -0.411901  -1.742403
    55  0.16215218    4.412385  101.752115       2.251901   4.599339   2.569558
    56  0.12382658    3.369492   77.702415       2.219347   7.335593  -0.162208
    57  0.18340660    4.990747  115.089476       2.626336   4.604214  -2.986010
    58  0.20186842    5.493119  126.674450       2.706815   2.898607  -0.266215
    59  0.25175366    6.850566  157.977941       2.913373   1.365207  -0.372665
    60  0.16113794    4.384786  101.115669       3.045667  -3.798674   2.004230
    61  0.19310632    5.254690  121.176149       3.118135  -0.600872  -0.056721
    62  0.13870074    3.774239   87.036100       3.073743   5.561480   1.066066
    63  0.14589808    3.970089   91.552502       3.206846   5.569475  -1.332936
    64  0.17622785    4.795404  110.584738       3.596173   2.265719   0.779227
    65  0.19829490    5.395879  124.432035       3.717204   2.250558  -1.344256
    66  0.21516647    5.854977  135.019113       3.839433  -1.019461  -2.940389
    67  0.14963440    4.071759   93.897085       3.901153   5.209331  -0.100488
    68  0.11018308    2.998234   69.140982       4.008384   3.701524   2.232739
    69  0.14316009    3.895584   89.834386       4.127922   3.705464  -0.152333
    70  0.16960130    4.615086  106.426514       4.179515   6.856778  -0.065607
    71  0.12794357    3.481521   80.285867       4.304734  -4.441455   1.425323
    72  0.15039257    4.092390   94.372842       4.240567  -3.846875  -1.087537
    73  0.12979332    3.531856   81.446603       4.312782   3.824667  -2.411211
    74  0.16534680    4.499315  103.756768       5.049037   5.026797   1.174030
    75  0.14959087    4.070575   93.869767       5.195864  -2.763376  -0.407518
    76  0.17197334    4.679633  107.914990       5.210302   5.063242  -1.197631
    77  0.17487344    4.758548  109.734831       5.565619  -5.576903   1.444555
    78  0.13508751    3.675918   84.768761       6.197772  -5.163412  -0.042978
    79  0.14099419    3.836647   88.475264       6.617613  -3.940068  -2.238289
    80  0.18942230    5.154443  118.864388       6.510232  -2.910864  -3.476747
    81  0.18265410    4.970271  114.617276       7.343784  -5.171345  -1.288158
