 Number of surface minima:    59
   #       a.u.         eV      kcal/mol           X/Y/Z coordinate(Angstrom)
     1  0.12786719    3.479443   80.237942      -7.187552   0.048312  -0.021842
     2  0.13475145    3.666774   84.557886      -7.081862   0.192486  -2.245598
     3  0.10892843    2.964093   68.353676      -6.247677  -0.731104   0.206897
     4  0.12077833    3.286545   75.789610      -6.075302  -0.564611  -2.446833
     5  0.11163798    3.037824   70.053949      -5.956586   0.613955   0.310968
     6  0.12513976    3.405226   78.526453      -5.788715   0.756657  -2.306727
     7  0.13084260    3.560408   82.105041      -5.601366   2.032505  -2.010327
     8  0.10543949    2.869154   66.164333      -4.893355   1.014761   0.450223
     9  0.12636098    3.438457   79.292778      -4.760046   1.281246  -2.195128
    10  0.16666106    4.535078  104.581479      -4.375482  -3.501394  -0.130243
    11  0.17679922    4.810951  110.943279      -4.198403  -3.312131  -2.303946
    12  0.16342875    4.447122  102.553175      -3.967305  -0.570591  -2.193995
    13  0.11080652    3.015199   69.532198      -3.758440   0.317913   0.503083
    14  0.14465531    3.936271   90.772652      -3.216857  -2.852568   0.258605
    15  0.16513521    4.493558  103.623998      -3.088872  -2.721947  -2.394314
    16  0.04919100    1.338555   30.867847      -2.960825   2.437158   0.402756
    17 -0.01413326   -0.384586   -8.868761      -2.030470   0.717383   3.687763
    18  0.04331956    1.178785   27.183456      -2.144460   2.053992  -0.515236
    19  0.03870987    1.053349   24.290828      -1.822176   1.709982  -0.721485
    20  0.04589935    1.248985   28.802299      -1.505174   2.962574  -0.426014
*   21 -0.02241428   -0.609924  -14.065184      -0.732901   1.101651   4.113616
    22  0.03737285    1.016967   23.451835      -0.559389   5.086701   0.145486
    23  0.00326336    0.088801    2.047792       0.093401  -1.132228   2.642852
    24  0.01680973    0.457416   10.548272      -0.009135   3.380337   1.871914
    25  0.17288524    4.704447  108.487218       1.015021  -3.796892  -1.318200
    26  0.17692191    4.814290  111.020267       1.302320  -1.366962  -2.355743
    27  0.00784842    0.213567    4.924965       1.173882  -0.473710   3.188768
    28  0.07708606    2.097618   48.372272       1.351247   3.370019   0.335229
    29  0.03759845    1.023106   23.593405       1.811213   1.247770   1.463158
    30  0.18967260    5.161254  119.021452       2.192993  -3.947200  -2.114403
    31  0.14155606    3.851936   88.827840       2.206947  -0.486075   1.065747
    32  0.19286739    5.248189  121.026214       2.417823  -1.921753  -2.831613
    33  0.14841550    4.038591   93.132208       2.911313   0.387220  -2.308835
    34  0.12264959    3.337465   76.963847       3.032091   2.867614  -1.427291
    35  0.13269680    3.610864   83.268568       3.145219  -3.112402   2.195173
    36  0.13495019    3.672181   84.682594       3.384190  -0.509336   1.854146
    37  0.14612941    3.976384   91.697667       3.420239   0.073375  -1.301138
    38  0.11782887    3.206287   73.938792       3.416705   2.576764  -0.516133
    39  0.13312527    3.622523   83.537439       3.660533   0.568920  -3.299706
    40  0.12342500    3.358565   77.450423       3.698004   1.968732   0.708753
    41  0.11548085    3.142394   72.465388       3.814394   3.113124  -2.493419
    42  0.13680391    3.722624   85.845823       3.932286  -2.849450   2.925879
    43  0.13557938    3.689303   85.077419       4.103676  -3.333828   1.762031
    44  0.13867178    3.773451   87.017930       4.060277  -0.747909   2.649263
    45  0.13352181    3.633313   83.786268       4.180801  -3.680213   0.529844
    46  0.13991565    3.807298   87.798470       4.340509   0.994192  -4.217366
    47  0.14383616    3.913981   90.258631       4.439511  -0.792255   1.187259
    48  0.13250567    3.605663   83.148636       4.438347  -0.118309  -1.056224
    49  0.13893770    3.780687   87.184793       4.587890  -1.150909  -0.259580
    50  0.13082828    3.560019   82.096054       4.622629   0.459945  -3.162086
    51  0.10928275    2.973735   68.576022       4.632385   2.451749  -0.353725
    52  0.11458507    3.118018   71.903276       4.871807   2.979739  -2.361825
    53  0.13381762    3.641363   83.971894       5.148291   0.088140  -1.957583
    54  0.14810798    4.030223   92.939239       5.283317  -3.468119   1.082385
    55  0.11424522    3.108770   71.690017       5.287137   2.610629  -1.158349
    56  0.15753331    4.286699   98.853729       5.598245  -1.320847   0.541669
    57  0.14505091    3.947036   91.020894       5.646317  -0.088149  -0.785663
    58  0.14435085    3.927986   90.581599       6.034647   0.562322  -3.039114
    59  0.13311523    3.622250   83.531138       6.160546   2.658132  -2.381481
 
 Number of surface maxima:    69
   #       a.u.         eV      kcal/mol           X/Y/Z coordinate(Angstrom)
     1  0.20312049    5.527190  127.460136      -8.155682   0.311962  -1.198636
     2  0.16480738    4.484637  103.418279      -7.178988  -1.130992  -1.314832
     3  0.21964739    5.976909  137.830935      -6.803783  -2.767706  -1.323426
     4  0.15981611    4.348817  100.286206      -6.873224   1.385605  -1.161555
     5  0.20170465    5.488663  126.571684      -6.239294   2.855541  -0.906743
     6  0.20140975    5.480638  126.386635      -5.300904  -2.704757  -1.298178
     7  0.24251729    6.599231  152.182025      -4.934781  -4.172372  -1.318627
     8  0.18751722    5.102603  117.668932      -4.924734  -0.234394  -0.190593
     9  0.19826027    5.394936  124.410303      -4.811385  -0.078283  -1.737285
    10  0.14596564    3.971927   91.594897      -4.761056   2.192522  -0.223451
    11  0.14609545    3.975459   91.676354      -4.756803   2.357982  -0.496679
    12  0.15256920    4.151619   95.738698      -4.557340   2.179370  -1.502651
    13  0.18118271    4.930232  113.693962      -4.166796  -2.742072  -2.373104
    14  0.05120095    1.393249   32.129109      -3.943808   0.117527   2.526084
    15  0.20580600    5.600266  129.145326      -3.186470  -4.035502  -1.306910
    16  0.22772916    6.196826  142.902325      -2.987729  -1.572280  -0.119802
    17  0.24488897    6.663768  153.670280      -2.789250  -1.376846  -1.680309
    18  0.06566909    1.786947   41.208010      -2.873965   3.171785  -0.781274
    19  0.17600154    4.789245  110.442725      -2.778479   0.748832  -0.105691
    20  0.19652400    5.347690  123.320778      -2.642923   0.624646  -1.442745
    21  0.14040992    3.820748   88.108627      -2.515942   3.490731   1.616635
    22  0.12468293    3.392795   78.239786      -1.998722   1.394021   0.683424
    23  0.25956605    7.063152  162.880295      -1.617376  -4.525549  -1.158022
    24  0.16094641    4.379574  100.995480      -1.601923  -0.455757   0.676176
    25  0.07803887    2.123546   48.970174      -1.352788   4.219437   0.597322
    26  0.09860823    2.683266   61.877649      -1.235512   1.888630   2.330407
    27  0.24494912    6.665405  153.708025      -0.940464  -2.923015  -1.585643
    28  0.11188964    3.044672   70.211866      -0.759346  -0.137663   2.458054
*   29  0.26958481    7.335776  169.167167      -0.446037  -2.987077  -3.303276
    30  0.18879110    5.137267  118.468305      -0.167834   1.400296  -0.264183
    31  0.19219456    5.229880  120.604011       0.112749  -0.185779   0.034997
    32  0.22466193    6.113362  140.977610       0.206420   1.772140  -2.147235
    33  0.18384487    5.002673  115.364494       0.387696   4.445966  -2.340334
    34  0.11208210    3.049909   70.332638       0.591153   2.038285   1.312188
    35  0.13277486    3.612988   83.317553       0.877050   0.189419   1.552502
    36  0.25210222    6.860050  158.196664       1.047945  -2.820912  -0.235721
    37  0.19238529    5.235070  120.723695       1.028510  -2.186342   1.664541
    38  0.22107551    6.015770  138.727090       1.146369  -3.007015  -2.959819
    39  0.25167667    6.848471  157.929629       1.307280  -1.369082  -0.794167
    40  0.22355657    6.083284  140.283984       1.212606   0.246758  -1.258649
    41  0.18003438    4.898985  112.973374       1.355675  -0.800822   1.398012
    42  0.02904813    0.790440   18.227993       1.356517   1.618385   4.309328
    43  0.20520851    5.584008  128.770394       1.442562   1.402129  -2.232084
    44  0.22500704    6.122753  141.194170       1.456692   2.196066  -3.660449
    45  0.15642749    4.256609   98.159817       1.821860   2.443909  -0.119969
    46  0.16378112    4.456711  102.774291       2.093358   5.225900   0.278976
    47  0.15855248    4.314432   99.493265       2.516071   1.668063   0.186404
    48  0.26085064    7.098107  163.686388       2.875365  -3.287010  -3.178887
    49  0.20743383    5.644562  130.166803       2.998296  -2.873824   0.806258
    50  0.15389087    4.187584   96.568061       3.113384  -2.255534   3.055261
    51  0.21206888    5.770688  133.075340       3.297686  -1.355834   0.430586
    52  0.15421131    4.196303   96.769137       3.252088  -1.048997   2.869662
    53  0.22043530    5.998350  138.325356       3.343828  -2.847813  -1.905608
    54  0.19705126    5.362037  123.651636       3.672689   0.592633   1.336577
    55  0.18265338    4.970251  114.616824       3.952822   0.735412  -1.962850
    56  0.16855195    4.586532  105.768034       4.031178   2.306087  -1.596650
    57  0.20569199    5.597164  129.073783       4.574357   2.300228  -4.921237
    58  0.21054702    5.729276  132.120361       4.790390  -1.761237   3.509784
    59  0.23948704    6.516774  150.280513       4.876356  -3.103671  -1.978412
    60  0.16300418    4.435569  102.286750       4.986478   0.748599   0.402792
    61  0.18517574    5.038888  116.199630       5.394222  -2.661555  -0.462721
    62  0.17604439    4.790412  110.469616       5.331008  -2.084964   1.996907
    63  0.15989252    4.350897  100.334156       5.262699  -1.127815   0.674513
    64  0.14856079    4.042545   93.223380       5.642243   0.303606  -2.645514
    65  0.16200602    4.408408  101.660395       5.596317   1.886869  -3.691748
    66  0.22193805    6.039242  139.268347       6.473924  -2.566474   0.819747
    67  0.20778641    5.654156  130.388050       6.584536   0.725328   0.144586
    68  0.16327403    4.442912  102.456090       6.496035   1.143798  -1.542920
    69  0.20487832    5.575023  128.563197       7.064615   1.492025  -3.030277
