 Number of surface minima:    65
   #       a.u.         eV      kcal/mol           X/Y/Z coordinate(Angstrom)
     1  0.11827471    3.218419   74.218565      -8.262117  -0.336436   1.952479
     2  0.12537914    3.411740   78.676663      -7.702899   1.778921   1.842305
     3  0.09758058    2.655303   61.232792      -7.207027  -0.862433   1.023383
     4  0.09907678    2.696016   62.171669      -6.971534  -0.927103   2.273099
     5  0.11640506    3.167543   73.045340      -6.935725   1.589131  -0.272785
     6  0.09091367    2.473887   57.049236      -6.538408  -1.061241   0.187931
     7  0.11119251    3.025702   69.774411      -6.584079   1.709354   0.945643
     8  0.12372451    3.366715   77.638366      -6.351082   1.437605   3.480542
     9  0.11332493    3.083728   71.112528      -6.373667   1.653343   2.373796
    10  0.09920361    2.699467   62.251256      -6.042813  -1.189031   2.606170
    11  0.10716370    2.916072   67.246290      -5.879021   1.513916   0.122131
    12  0.10375749    2.823385   65.108864      -5.430312  -1.098284  -0.787240
    13  0.10021540    2.727000   62.886168      -5.307378  -1.375508   0.529562
    14  0.11821345    3.216752   74.180123      -5.351009   1.385162   2.749639
    15  0.10599619    2.884303   66.513672      -5.081926  -1.442186   1.697551
    16  0.11302587    3.075590   70.924861      -4.664222   0.858458  -0.796830
    17  0.12239603    3.330565   76.804734      -4.548895   1.116286   0.386413
    18  0.13334101    3.628393   83.672817      -4.516622   1.133527   1.717620
    19  0.04931267    1.341866   30.944194      -3.466840   0.726103  -1.593743
    20  0.01871992    0.509395   11.746935      -3.358154  -1.134902  -1.378281
    21  0.08764123    2.384839   54.995749      -2.561205   1.867870  -0.190316
    22  0.03839380    1.044748   24.092495      -2.274615   2.314578  -3.487284
    23 -0.00813843   -0.221458   -5.106946      -2.034437  -1.521957  -3.637071
    24  0.01865220    0.507552   11.704442      -2.039098  -0.075769  -3.104577
    25  0.09690806    2.637002   60.810777      -1.870478   1.793500   1.986536
*   26 -0.01498112   -0.407657   -9.400800      -1.718082  -3.714580  -1.595728
    27  0.09714797    2.643531   60.961325      -1.768855   2.301261   2.197997
    28  0.13357829    3.634850   83.821712      -1.744029  -0.198115   1.183342
    29  0.09165204    2.493979   57.512573      -1.651191   1.376201  -0.861063
    30  0.09747277    2.652369   61.165139      -1.681103   2.908090   2.172846
    31 -0.00570912   -0.155353   -3.582530      -1.285229  -3.707634  -0.341754
    32  0.08200428    2.231450   51.458503      -0.991863   2.043368  -1.750825
    33  0.13670031    3.719805   85.780811      -0.326487   2.762220  -1.131097
    34  0.03592130    0.977468   22.540978      -0.256515  -1.899088   1.888475
    35  0.03826071    1.041127   24.008977      -0.043085  -0.728191   1.540196
    36  0.16682199    4.539457  104.682466       0.343278   4.375687   0.994558
    37  0.15609167    4.247470   97.949085       0.408214   3.263608   1.363805
    38  0.02088138    0.568211   13.103277       0.581643  -3.374077  -2.149387
    39  0.00555831    0.151249    3.487896       0.738587  -1.980753  -2.451408
    40  0.15019480    4.087008   94.248739       0.834148   3.306632  -1.529735
    41  0.16334046    4.444720  102.497772       1.658657   3.889371   0.856041
    42  0.15540343    4.228743   97.517209       1.840658   2.590991  -1.707901
    43  0.14671990    3.992451   92.068201       1.941669  -0.867553   1.602773
    44  0.14511297    3.948725   91.059842       2.626960  -1.649798   1.975981
    45  0.12332919    3.355958   77.390297       2.950720   4.270675  -2.389494
    46  0.12386352    3.370498   77.725600       3.267243  -0.072876   3.448856
    47  0.13778484    3.749316   86.461365       3.694868  -2.704195  -1.204048
    48  0.13226387    3.599083   82.996901       3.833206   3.391960  -2.489169
    49  0.13045893    3.549968   81.864285       3.708240   4.724321   0.133996
    50  0.12464837    3.391855   78.218097       3.865379   2.207418  -2.335038
    51  0.12980088    3.532061   81.451348       4.009813  -0.887321   3.828338
    52  0.14029302    3.817567   88.035275       4.006667   4.828170  -2.590633
    53  0.14934130    4.063784   93.713161       4.208456  -3.374764  -0.674576
    54  0.11841517    3.222241   74.306703       4.253598  -2.137636   3.563750
    55  0.14000747    3.809797   87.856086       4.587595   3.895032  -0.038217
    56  0.15135438    4.118562   94.976388       4.655156  -2.160597  -0.008197
    57  0.14445647    3.930861   90.647881       4.639086   5.245407  -0.491566
    58  0.13573222    3.693462   85.173326       4.763583   2.725591   0.131558
    59  0.14133089    3.845809   88.686546       4.979201   2.704199  -2.556624
    60  0.13341342    3.630364   83.718256       5.141138   0.731176   1.711096
    61  0.14645091    3.985132   91.899413       5.706134   1.034726   2.795164
    62  0.14746453    4.012714   92.535464       5.713431   3.132467  -0.486986
    63  0.13647137    3.713575   85.637148       5.927632  -0.199014   2.186222
    64  0.12464097    3.391653   78.213453       6.134738  -1.415595   1.843924
    65  0.14040206    3.820534   88.103697       6.634974  -1.222223   2.804518
 
 Number of surface maxima:    70
   #       a.u.         eV      kcal/mol           X/Y/Z coordinate(Angstrom)
     1  0.18879817    5.137460  118.472743      -8.889330   1.050304   2.167181
     2  0.14331058    3.899679   89.928820      -8.132432   0.846827   0.767293
     3  0.11970981    3.257470   75.119102      -7.941308  -0.561786   1.865151
     4  0.18352255    4.993902  115.162234      -7.984809   0.712783  -0.980717
     5  0.14634573    3.982270   91.833410      -7.546788   0.718959   3.147359
     6  0.12892745    3.508294   80.903262      -7.152788   1.807814   1.857571
     7  0.19149664    5.210889  120.166057      -6.772621   0.435878   4.565560
     8  0.13728648    3.735755   86.148638      -6.403038   0.330164  -0.992903
     9  0.15221673    4.142028   95.517521      -6.002223  -0.654046   1.435083
    10  0.16385759    4.458792  102.822277      -5.555103   0.894862   1.470870
    11  0.15365707    4.181221   96.421345      -5.170322   0.077430   3.848081
    12  0.17111563    4.656293  107.376769      -5.045951  -0.068614  -1.728938
    13  0.12553896    3.416089   78.776950      -4.853938   1.190492  -0.073928
    14  0.15903379    4.327529   99.795293      -4.646428   1.528789  -3.577876
*   15  0.26189406    7.126500  164.341141      -4.391324   2.897126   1.632706
    16  0.13812160    3.758480   86.672684      -4.238665  -0.962813  -0.126635
    17  0.20538746    5.588877  128.882686      -3.698272  -0.441820   3.841043
    18  0.16849215    4.584905  105.730509      -3.454433  -1.771476   1.060002
    19  0.17786012    4.839820  111.609003      -3.596701   3.506075  -1.330712
    20  0.18239412    4.963196  114.454135      -3.400303  -0.266348   2.305767
    21  0.17921186    4.876603  112.457236      -2.767756   0.605892   1.085055
    22  0.11212539    3.051087   70.359803      -2.284514  -0.731075  -1.733908
    23  0.19885625    5.411154  124.784288      -2.218163  -0.700006   2.429553
    24  0.11474327    3.122323   72.002550      -2.218580   2.370613  -1.407399
    25  0.02761346    0.751400   17.327720      -2.046301  -3.384560  -3.511527
    26  0.10445814    2.842451   65.548530      -2.069194  -2.110302  -0.567872
    27  0.14868733    4.045988   93.302788      -1.613143   0.368071  -0.367172
    28  0.17033890    4.635157  106.889361      -1.499153  -0.866957   0.625947
    29  0.17231601    4.688957  108.130017      -1.009197   1.330993  -0.198016
    30  0.19073358    5.190125  119.687227      -0.819378   3.846851   0.365298
    31  0.05722681    1.557221   35.910396      -0.447872  -3.638666   1.654775
    32  0.13173684    3.584742   82.666184      -0.249101  -0.960299  -2.336989
    33  0.18847116    5.128561  118.267536      -0.288984   1.668761   1.437877
    34  0.10475257    2.850462   65.733283      -0.157906  -2.361755  -1.219477
    35  0.23905541    6.505029  150.009662      -0.148583   5.248226  -0.130020
    36  0.17391839    4.732560  109.135526       0.236209   0.330248  -0.925603
    37  0.15438755    4.201099   96.879735       0.477888  -1.257368   0.062960
    38  0.16720428    4.549860  104.922356       0.445477   0.966344  -3.050966
    39  0.22965945    6.249351  144.113600       0.897961   2.048654  -0.806266
    40  0.14240851    3.875133   89.362761       0.973870  -2.506889  -0.699349
    41  0.21681491    5.899834  136.053527       1.062202  -5.738859  -3.419778
    42  0.20241253    5.507925  127.015887       1.144526   4.795147  -0.547483
    43  0.24180958    6.579973  151.737930       1.323043   2.339194   0.662442
    44  0.22220367    6.046469  139.435026       1.814470   6.171885  -0.926430
    45  0.21536248    5.860311  135.142109       2.306675  -1.806701   0.785569
    46  0.21533406    5.859538  135.124278       2.338975   0.841229   1.293808
    47  0.16447245    4.475523  103.208104       2.561488  -1.845331  -1.728023
    48  0.23771598    6.468581  149.169154       2.884863   2.096595   2.000046
    49  0.21390404    5.820625  134.226922       3.017157   0.493120  -0.739299
    50  0.19229965    5.232740  120.669953       3.003293   3.102598  -1.621166
    51  0.16486404    4.486179  103.453831       3.178364  -3.980675  -0.614795
    52  0.22509167    6.125056  141.247272       3.171783   0.887143   0.413339
    53  0.23149964    6.299425  145.268336       3.319460  -1.351948  -0.272785
    54  0.17142187    4.664626  107.568936       3.343559   5.683749  -1.331140
    55  0.20018320    5.447262  125.616959       3.454269   3.276085  -0.124565
    56  0.18845137    5.128023  118.255118       3.678629  -1.125074   2.569629
    57  0.18006259    4.899752  112.991073       4.050080   1.518415   2.893104
    58  0.22204576    6.042172  139.335932       4.209568  -4.561612   0.390220
    59  0.19045184    5.182458  119.510434       4.624384  -3.253724   1.176566
    60  0.23281417    6.335196  146.093217       4.604689   0.232674  -0.783930
    61  0.19596096    5.332369  122.967465       4.800626  -0.664548   1.579335
    62  0.21052721    5.728737  132.107928       5.015752   5.790115  -1.845275
    63  0.21453801    5.837876  134.624744       5.244914   1.473312   4.177721
    64  0.17838539    4.854113  111.938616       5.191798   1.653107  -1.198845
    65  0.17014977    4.630011  106.770685       5.357368   4.158920  -1.758449
    66  0.21351244    5.809969  133.981189       5.663043  -3.847556   2.269408
    67  0.16873256    4.591447  105.881372       5.747732  -0.080338   3.950824
    68  0.16590475    4.514498  104.106891       5.968445  -2.448017   3.075386
    69  0.21343848    5.807956  133.934781       6.337149   2.851239  -1.859057
    70  0.20764108    5.650201  130.296853       6.584507  -1.497622   4.355107
