 Number of surface minima:    70
   #       a.u.         eV      kcal/mol           X/Y/Z coordinate(Angstrom)
     1  0.13163144    3.581874   82.600047      -6.707898   1.048042   1.156004
     2  0.14041727    3.820948   88.113240      -6.572737  -0.374097   2.614108
     3  0.11757388    3.199348   73.778786      -6.077359  -1.344543   0.435119
     4  0.12430161    3.382419   78.000505      -6.056364   0.142277   1.542950
     5  0.11518680    3.134392   72.280869      -5.899265  -0.758979  -1.475015
     6  0.13116559    3.569197   82.307720      -5.959279   1.034688   4.149370
     7  0.12116483    3.297063   76.032144      -5.675843  -3.858060   0.828981
     8  0.12288203    3.343790   77.109700      -5.662271   0.782260   0.757760
     9  0.11063535    3.010541   69.424786      -5.325289   1.949361   3.346348
    10  0.13499861    3.673499   84.712975      -5.237127  -0.825979   2.229892
    11  0.11814955    3.215013   74.140024      -5.046952  -4.927997  -0.619376
    12  0.10971370    2.985461   68.846441      -5.031337  -2.269634  -3.376696
    13  0.12344001    3.358973   77.459841      -4.922092   0.035726   0.018131
    14  0.10972013    2.985636   68.850477      -4.938644   2.546186   2.623916
    15  0.11020115    2.998726   69.152325      -4.679861  -4.065108  -3.008998
    16  0.14661709    3.989654   92.003692      -4.614508  -1.476187   2.983406
    17  0.13469619    3.665270   84.523205      -4.369106   0.643698   0.450086
    18  0.11374181    3.095072   71.374124      -4.469764   1.078540   3.902742
    19  0.13855664    3.770318   86.945676      -3.991286  -0.959118   1.895028
    20  0.11279925    3.069424   70.782658      -3.925705  -0.505245  -2.676518
    21  0.14086198    3.833049   88.392303      -3.693589  -0.020466   0.860666
    22  0.11726323    3.190895   73.583849      -3.605265   2.438183   2.251324
    23  0.11317496    3.079647   71.018421      -3.452673  -2.968264  -3.582220
    24  0.11052891    3.007645   69.357997      -3.396114   0.950406   3.674022
    25  0.11663988    3.173933   73.192693      -3.034282   1.733552   2.737342
    26  0.17646598    4.801883  110.734164      -2.658907  -2.759356   1.419498
    27  0.16068165    4.372370  100.829344      -2.506275  -1.715543   0.875779
    28  0.16435597    4.472353  103.135015      -2.537178  -0.845319   0.127491
    29  0.17545938    4.774493  110.102515      -2.025128  -4.189355  -0.142796
    30  0.16368596    4.454121  102.714575      -2.008184  -2.301869  -1.994225
    31  0.12986717    3.533865   81.492948      -2.125125   0.763402   3.089147
    32  0.07631952    2.076760   47.891262      -2.066895   2.676508  -2.008356
    33  0.16183382    4.403722  101.552339      -1.865141  -3.398140  -1.071407
    34  0.13780218    3.749788   86.472245      -1.786058   3.089639   0.152141
    35  0.03010211    0.819120   18.889378      -1.706468   4.620689  -3.092866
    36  0.16616478    4.521574  104.270062      -1.441347  -1.834490   1.286010
    37  0.07702804    2.096040   48.335866      -1.426165   0.671352  -2.709399
    38  0.01118959    0.304484    7.021581      -0.698396   4.801362  -0.544974
    39  0.04969051    1.352148   31.181293      -0.559463   0.881014   1.596466
    40  0.15871909    4.318966   99.597817      -0.291536  -1.115904   1.038442
    41  0.18153225    4.939744  113.913300      -0.126586  -3.037424  -0.842985
    42  0.15584629    4.240793   97.795106       0.017666  -4.885239   2.060253
    43  0.01106254    0.301027    6.941855       0.406736   3.818077  -2.189193
    44  0.15069134    4.100520   94.560321       0.559716  -3.180973   2.881077
    45  0.02485010    0.676206   15.593687       0.777607   0.101910  -2.617948
    46  0.15887173    4.323120   99.693597       1.274829  -4.800095  -1.167331
    47  0.16059499    4.370012  100.774965       1.515236  -4.265631   1.739789
    48  0.00749461    0.203939    4.702942       1.547055   1.495958   1.705982
    49  0.00774555    0.210767    4.860413       1.638212   2.677375   1.829045
*   50 -0.00861706   -0.234482   -5.407292       1.661916   4.288611  -0.086777
    51  0.14219874    3.869425   89.231133       1.751372  -3.713904  -2.555802
    52  0.13629164    3.708684   85.524368       2.080332  -1.222862  -1.453953
    53 -0.00812463   -0.221082   -5.098288       2.471226   3.491237  -1.553568
    54  0.02606313    0.709214   16.354877       2.517803   2.222697   1.376823
    55  0.17771423    4.835850  111.517455       2.784377  -3.857640   0.184120
    56  0.14724841    4.006833   92.399849       2.965786  -4.858770  -1.473682
    57  0.13510951    3.676517   84.782567       3.314680  -1.487450  -1.500663
    58  0.14646694    3.985568   91.909472       3.937706  -0.836594   1.733974
    59  0.14498313    3.945192   90.978366       4.110200  -2.148922   1.147823
    60  0.12500253    3.401492   78.440337       4.087063  -0.825181  -1.145517
    61  0.16022579    4.359965  100.543283       4.660715  -2.942688   0.485835
    62  0.07800830    2.122714   48.950989       5.181994   1.582694   1.523691
    63  0.09596075    2.611225   60.216333       5.543340  -0.593700   3.291546
    64  0.07131446    1.940565   44.750534       5.543340   1.480555  -1.012837
    65  0.08824067    2.401151   55.371903       6.832838   0.491455   2.673965
    66  0.07953774    2.164332   49.910728       6.979629   1.784160   0.169675
    67  0.09353325    2.545169   58.693048       7.076827  -1.355156   2.901947
    68  0.08125287    2.211003   50.986985       7.319639   0.818026  -1.277426
    69  0.09995358    2.719875   62.721869       7.739834  -2.678099   0.654480
    70  0.09630621    2.620625   60.433108       7.792343  -1.775747  -1.058140
 
 Number of surface maxima:    96
   #       a.u.         eV      kcal/mol           X/Y/Z coordinate(Angstrom)
     1  0.19858919    5.403887  124.616701      -7.423510   2.220791   1.897707
     2  0.20287171    5.520420  127.304024      -6.937001  -0.186256   4.000493
     3  0.15736158    4.282026   98.745967      -6.839675   0.935032   2.858979
     4  0.17567012    4.780227  110.234755      -6.750266  -1.876619  -0.873935
     5  0.17860137    4.859990  112.074144      -6.318220  -3.979476  -0.571027
     6  0.17232773    4.689276  108.137373      -6.032408  -3.273419  -2.631877
     7  0.16067390    4.372159  100.824478      -5.917991   2.529652   1.019851
     8  0.13086068    3.560900   82.116383      -5.761904  -0.296801  -0.219071
     9  0.15518945    4.222920   97.382930      -5.418092  -2.785496  -1.123652
    10  0.16313544    4.439141  102.369123      -5.315453  -0.698190   3.890276
    11  0.15071946    4.101285   94.577966      -5.280911  -2.537166   0.306725
    12  0.14231177    3.872500   89.302059      -5.102450  -1.752039  -1.868849
    13  0.21219585    5.774143  133.155018      -4.916386   3.166980  -0.105299
    14  0.13477077    3.667299   84.570009      -4.860330  -4.747227   0.706989
    15  0.17997479    4.897363  112.935980      -4.761716  -0.946868   1.387558
    16  0.17852203    4.857832  112.024362      -4.657551   0.326249  -1.424421
    17  0.17867027    4.861865  112.117380      -4.675079   0.348835   1.606691
    18  0.14755713    4.015234   92.593577      -4.541495  -4.017240  -1.436217
    19  0.12207625    3.321864   76.604065      -4.355062  -3.188645  -3.625881
    20  0.19642754    5.345065  123.260247      -4.335965  -3.313271   1.821886
    21  0.16562453    4.506873  103.931047      -4.238278   1.450632   2.701249
    22  0.21109724    5.744248  132.465631      -3.969337  -1.595720   4.269016
    23  0.16955655    4.613868  106.398428      -3.746889  -1.422404  -3.526429
*   24  0.25650193    6.979773  160.957527      -3.778117   1.819907  -3.984168
    25  0.19043275    5.181939  119.498456      -3.654703   2.349085   0.108075
    26  0.19208408    5.226874  120.534684      -3.370187  -5.191691  -0.379642
    27  0.18776669    5.109392  117.825479      -3.320378  -2.797200   0.603249
    28  0.19446394    5.291633  122.028068      -3.434843  -1.214638  -1.531378
    29  0.16826920    4.578838  105.590607      -3.408442   5.282290  -1.012837
    30  0.18043765    4.909958  113.226432      -3.064011  -4.380577  -2.593192
    31  0.20195766    5.495547  126.730451      -3.055790   3.058225  -0.615954
    32  0.17055872    4.641139  107.027302      -2.994627  -0.897110   3.149449
    33  0.18589991    5.058594  116.654050      -2.820224  -3.668383  -0.415590
    34  0.19932866    5.424009  125.080727      -2.684547   0.969285  -0.408222
    35  0.24258494    6.601072  152.224479      -2.527753  -4.268935   1.374965
    36  0.11901908    3.238674   74.685662      -2.273297   3.668346  -1.137503
    37  0.17890255    4.868186  112.263141      -2.119292   2.760266   1.244791
    38  0.15695402    4.270936   98.490219      -2.007936   1.155833   1.890087
    39  0.21522627    5.856605  135.056634      -1.526747  -0.561390   2.532152
    40  0.18622830    5.067530  116.860120      -1.438130   0.289657  -0.955556
    41  0.23063913    6.276010  144.728359      -1.315949  -1.328107   0.215416
    42  0.14621672    3.978759   91.752454      -1.356502   2.604358  -0.090078
    43  0.20800496    5.660103  130.525193      -1.062131  -3.999746   1.112485
    44  0.23626904    6.429208  148.261187      -0.946749  -2.283985  -1.019592
    45  0.17866692    4.861774  112.115279      -1.070804  -0.960584  -2.336375
    46  0.15313256    4.166949   96.092213      -1.033312   1.185248  -0.992254
    47  0.22051162    6.000426  138.373249      -0.883940  -3.945901   2.955992
    48  0.15609357    4.247522   97.950276      -0.912394   1.835039  -3.491476
    49  0.14360861    3.907789   90.115837      -0.931959   2.602775  -0.080615
    50  0.13975880    3.803030   87.700045      -0.716603   6.698516  -2.076451
    51  0.17187888    4.677062  107.855714      -0.173783   0.220247   0.006019
    52  0.13044012    3.549456   81.852479       0.219159   1.677053   1.056847
    53  0.22130123    6.021913  138.868734       0.334495  -3.617274  -1.702152
    54  0.13293532    3.617354   83.418243       0.493887   1.415010  -2.104231
    55  0.22592353    6.147692  141.769277       0.800217  -5.156730   0.609655
    56  0.20632488    5.614385  129.470923       0.922735  -2.008337   1.117716
    57  0.04179958    1.137424   26.229652       0.885958   4.542025   1.841575
    58  0.16824243    4.578109  105.573809       0.948816  -4.376824   2.326197
    59  0.22758426    6.192883  142.811401       1.045333  -2.875317   0.045517
    60  0.20237109    5.506797  126.989882       1.030801  -2.422958  -1.154324
    61  0.09000775    2.449235   56.480761       0.977826   3.207637  -1.012837
    62  0.15549857    4.231331   97.576909       1.468207   0.360482  -0.757848
    63  0.16318168    4.440399  102.398135       1.806647  -4.850815  -1.685186
    64  0.21931616    5.967896  137.623085       1.899499  -2.749993   2.090332
    65  0.10641859    2.895797   66.778728       1.898560   1.979545   0.104978
    66  0.22092888    6.011781  138.635081       2.342381  -5.059396   0.123179
    67  0.13702982    3.728771   85.987582       2.512329   1.048685   0.055086
    68  0.16264611    4.425826  102.062062       2.513725  -0.024141   1.758911
    69  0.22271626    6.060418  139.756678       2.882092  -1.502269   0.793466
    70  0.20273046    5.516576  127.215392       3.027533  -0.814018  -0.620273
    71  0.20512168    5.581645  128.715904       3.294337  -4.021539  -2.645925
    72  0.19568200    5.324778  122.792412       3.558925  -3.553352  -0.722581
    73  0.04627608    1.259236   29.038704       3.636238   1.819907  -2.390762
    74  0.22168969    6.032483  139.112496       4.276379   3.728010   2.879680
    75  0.16091900    4.378829  100.978283       4.593883  -0.094327   1.570935
    76  0.16316213    4.439867  102.385868       4.868296   0.228899   1.228588
    77  0.16308042    4.437644  102.334594       4.900280   0.386679   0.991247
    78  0.22387786    6.092026  140.485595       5.021287  -3.462144  -1.008869
    79  0.16755830    4.559493  105.144510       5.160630  -2.284405   0.452259
    80  0.16097207    4.380273  101.011582       5.278751  -1.752039  -0.813401
    81  0.14629194    3.980806   91.799655       5.411045   0.830829   2.932997
    82  0.16559573    4.506089  103.912978       5.591796  -2.232759   2.853164
    83  0.13176721    3.585568   82.685245       5.647040   2.176038   0.435220
    84  0.14452083    3.932612   90.688266       6.043546   0.161211  -2.071192
    85  0.17567675    4.780408  110.238919       6.175835  -3.542344   0.706989
    86  0.16859108    4.587597  105.792591       6.267630  -2.181290  -1.876078
    87  0.10456220    2.845282   65.613827       6.441591  -0.573360   3.304715
    88  0.11477419    3.123165   72.021952       6.637854   0.509821   1.270922
    89  0.12824983    3.489855   80.478054       6.866283  -1.825891   1.368460
    90  0.08978253    2.443107   56.339437       6.793362   1.614692  -0.880543
    91  0.12154958    3.307532   76.273579       6.998577  -0.693684  -0.803009
    92  0.13081381    3.559625   82.086972       7.294333  -0.539631   0.725239
    93  0.11443016    3.113803   71.806068       7.412525  -2.954119  -0.495315
    94  0.15258834    4.152140   95.750712       8.084536  -0.408899   2.179073
    95  0.14736209    4.009926   92.471183       8.225528   0.656376   0.066755
    96  0.15738635    4.282700   98.761510       8.566714  -1.494827   0.295372
