 Number of surface minima:    59
   #       a.u.         eV      kcal/mol           X/Y/Z coordinate(Angstrom)
     1  0.18582030    5.056427  116.604094      -5.895297  -0.377201  -1.211887
     2  0.06759973    1.839482   42.419507      -5.639026  -3.439751   0.236784
     3  0.19959832    5.431346  125.249941      -5.622882   1.526377  -2.366521
     4  0.18945239    5.155262  118.883269      -5.358294   0.867551  -1.173226
     5  0.18501594    5.034540  116.099351      -5.079320   0.121339  -0.322184
     6  0.19836724    5.397847  124.477428      -4.755740   1.857522  -1.241610
     7  0.18622205    5.067360  116.856196      -4.546325  -1.418206  -2.400629
     8  0.19807588    5.389919  124.294592      -4.167645   0.733487  -3.688588
     9  0.21684315    5.900602  136.071248      -4.169145   2.924197  -1.760635
    10  0.18811378    5.118836  118.043277      -3.770762  -0.278399  -2.879754
    11  0.04151458    1.129669   26.050816      -3.390488  -1.726422   2.291594
    12  0.18146788    4.937992  113.872906      -3.373879  -1.149456  -1.867291
    13  0.19370501    5.270981  121.551833      -2.976996   0.865187  -2.895416
    14  0.21178254    5.762896  132.895664      -2.642963   4.572853  -0.447844
    15  0.02724670    0.741420   17.097576      -2.457701  -0.682710   1.949182
    16  0.20917415    5.691918  131.258869      -2.521921   2.048009  -2.903243
    17  0.03289636    0.895155   20.642793      -2.346353  -3.041470   0.984219
    18  0.19754556    5.375488  123.961816      -2.050936   1.125673  -2.105753
    19  0.16879141    4.593048  105.918299      -1.732053   2.440994   1.271982
    20  0.16946277    4.611316  106.339581      -1.499886   3.577348   1.712649
    21  0.19395926    5.277900  121.711376      -1.362494   4.661454  -0.677209
    22  0.18218289    4.957449  114.321587      -1.278971   4.891698   2.032126
    23  0.05264460    1.432532   33.035011      -1.254805  -2.770560  -0.446489
    24  0.19296488    5.250842  121.087395      -1.124551   5.826171   0.081933
    25  0.05791072    1.575831   36.339557      -0.349394  -3.439281  -2.837021
    26  0.16623799    4.523566  104.316002      -0.318758   3.855622   1.827966
*   27 -0.00380484   -0.103535   -2.387578      -0.270449  -1.918352   3.317057
    28  0.18622668    5.067486  116.859102      -0.226455   5.032585  -0.502827
    29  0.00619238    0.168503    3.885780       0.085321  -0.614270   3.388691
    30  0.09672961    2.632147   60.698797       0.462680  -1.449909  -2.167339
    31  0.04220392    1.148427   26.483384       0.628226  -3.668512  -0.269369
    32  0.15701667    4.272641   98.529528       0.598667   3.048589   1.537428
    33  0.18749760    5.102069  117.656621       0.602757   4.246628  -0.829839
    34  0.08084968    2.200032   50.733982       0.727244   0.823801  -1.720128
    35  0.17560751    4.778523  110.195468       0.979916   4.364808   1.779281
    36  0.18631138    5.069791  116.912255       0.991833   5.164880  -0.251393
    37  0.15778121    4.293445   99.009287       1.521010   0.050912  -0.954688
    38  0.10237729    2.785828   64.242776       1.629713   1.401392  -1.830035
    39  0.02158648    0.587398   13.545735       1.946256  -1.449264   1.805555
    40  0.06312702    1.717774   39.612836       2.050524   1.202313   1.554208
    41  0.11486271    3.125573   72.077501       3.067703  -1.461299   1.378127
    42  0.09191913    2.501247   57.680171       3.387419   2.522519  -2.024656
    43  0.10751867    2.925732   67.469043       3.930640  -2.731965   1.431188
    44  0.10666852    2.902598   66.935560       3.931958  -2.725370  -0.034618
    45  0.11516961    3.133925   72.270084       4.010373  -2.547250  -1.118110
    46  0.08407094    2.287687   52.755356       4.084817   3.746946   0.374236
    47  0.11121929    3.026431   69.791218       4.417306  -0.662231   1.788704
    48  0.11036941    3.003304   69.257906       4.393071  -0.191231   0.463783
    49  0.11772408    3.203435   73.873037       4.449764   0.008386  -0.708724
    50  0.09360772    2.547195   58.739778       5.078749  -3.061650   0.604660
    51  0.10487140    2.853696   65.807852       5.118166  -2.634134  -1.878676
    52  0.09662942    2.629420   60.635928       5.530230  -0.470123   1.032454
    53  0.10663582    2.901708   66.915041       5.587849  -0.051645  -1.386602
    54  0.09977293    2.714959   62.608511       5.865608  -3.073257  -0.058830
    55  0.10215709    2.779836   64.104595       5.930511  -2.861283  -1.353205
    56  0.10218968    2.780723   64.125048       6.315578  -0.520279   0.486457
    57  0.10418004    2.834883   65.374019       6.391316  -0.300314  -0.853819
    58  0.11920274    3.243671   74.800909       7.241743  -2.978702  -0.653768
    59  0.12068604    3.284034   75.731694       7.586132  -0.827724  -0.324932
 
 Number of surface maxima:    62
   #       a.u.         eV      kcal/mol           X/Y/Z coordinate(Angstrom)
     1  0.25325359    6.891381  158.919162      -5.910296  -1.247637  -2.362354
     2  0.26560165    7.227389  166.667693      -5.347713   1.604937  -3.736026
     3  0.22240813    6.052033  139.563323      -5.350748   0.143740  -2.827523
     4  0.23302893    6.341040  146.227983      -5.093705  -0.986382   0.185512
     5  0.07549483    2.054319   47.373759      -4.696957  -1.053717   2.462349
     6  0.18687234    5.085055  117.264259      -4.436840  -2.908342   0.887148
     7  0.23645565    6.434286  148.378287      -4.048251  -1.993515  -1.126043
     8  0.26845730    7.305095  168.459641      -4.035351   0.912831  -0.643722
     9  0.23546479    6.407323  147.756509      -4.056603   2.386699  -2.883958
    10  0.27900861    7.592210  175.080694      -3.804674   3.964610   0.324984
    11  0.21335448    5.805671  133.882067      -3.729001  -0.369355   0.794857
    12  0.20540170    5.589264  128.891620      -3.604198   0.689822  -3.358319
    13  0.27053383    7.361600  169.762687      -2.971391   0.266798  -1.639703
*   14  0.28758684    7.825636  180.463621      -3.007690   3.510426  -2.564553
    15  0.26314082    7.160426  165.123495      -2.844702   2.962698  -0.844727
    16  0.21825208    5.938941  136.955364      -2.670895  -1.317541  -0.163692
    17  0.06952680    1.891920   43.628763      -2.447819  -3.616703  -0.335950
    18  0.22519213    6.127790  141.310315      -2.460019   4.926227   0.626917
    19  0.22300462    6.068264  139.937632      -1.654053  -0.587441  -2.167670
    20  0.25597803    6.965516  160.628771      -1.666876   6.177770   1.383021
    21  0.14160041    3.853143   88.855674      -1.476489  -1.669154   0.500205
    22  0.21111823    5.744819  132.478802      -1.389465  -0.022014  -0.502471
    23  0.13613020    3.704291   85.423060      -1.126099  -0.654628   1.936341
    24  0.20610193    5.608319  129.331021      -1.055186   1.063756   0.478216
    25  0.10216240    2.779980   64.107926      -0.862063  -3.831865  -1.238345
    26  0.04385618    1.193387   27.520190      -0.680334  -3.783474   2.642584
    27  0.24897100    6.774845  156.231793      -0.595699   2.944264   0.930638
    28  0.26702135    7.266020  167.558565      -0.549150   3.491602  -0.580138
    29  0.16338483    4.445927  102.525616      -0.314249  -5.525313  -1.357128
    30  0.21448056    5.836313  134.588697      -0.035271   5.571611   1.037234
    31  0.07693656    2.093550   48.278460       0.455695   1.724579   3.254393
    32  0.15379135    4.184876   96.505611       0.490810  -2.115943   0.231591
    33  0.19396794    5.278136  121.716825       0.565415   4.829410  -0.580138
    34  0.22758955    6.193027  142.814718       0.838011   2.380410  -1.140982
    35  0.11635103    3.166073   73.011438       0.866330  -1.178923   1.802536
    36  0.19334606    5.261214  121.326583       0.894417  -0.488897  -0.580138
    37  0.15695165    4.270872   98.488729       1.037384   0.315541   0.632787
    38  0.21766433    5.922947  136.586541       1.124127   1.670815   0.345922
    39  0.13537202    3.683660   84.947298       1.219182  -2.524789  -1.912711
    40  0.20999949    5.714377  131.776783       1.555964   1.510050  -0.418607
    41  0.25038900    6.813431  157.121604       1.541581   5.570426   1.018564
    42  0.21829590    5.940133  136.982857       1.814988  -0.494501  -2.125860
    43  0.24434965    6.649092  153.331852       1.785599   3.633022  -0.977021
    44  0.23664978    6.439568  148.500102       1.939798   3.197411   1.037569
    45  0.18401920    5.007417  115.473886       2.156095  -2.168592  -0.902012
    46  0.18389238    5.003966  115.394307       2.213916  -3.948600  -2.547569
    47  0.11644730    3.168692   73.071844       2.432799   1.829695  -2.498641
    48  0.19198925    5.224293  120.475173       2.553250   0.226504  -0.458856
    49  0.21336932    5.806075  133.891385       3.420870   2.424606  -0.414946
    50  0.17108212    4.655381  107.355742       3.637719  -1.742488   2.408823
    51  0.21340557    5.807061  133.914128       3.544618  -0.767048  -3.186831
    52  0.15524598    4.224458   97.418408       5.063892  -2.294665  -0.592130
    53  0.15586214    4.241224   97.805049       5.132879  -1.019207  -2.912572
    54  0.13521257    3.679321   84.847238       5.225250  -1.979013   1.994415
    55  0.15664973    4.262656   98.299275       5.290270  -0.723344  -0.382825
    56  0.18079203    4.919601  113.448806       6.786044  -2.247753   2.311983
    57  0.19216139    5.228977  120.583196       6.812782  -1.291277  -3.308347
    58  0.12131393    3.301120   76.125702       6.811849  -3.037861  -0.721751
    59  0.14114775    3.840826   88.571624       7.298264  -2.125314   0.720195
    60  0.14554367    3.960445   91.330110       7.341959  -1.657857  -1.714220
    61  0.12300618    3.347168   77.187606       7.242987  -0.643792  -0.283302
    62  0.18759815    5.104805  117.719715       8.406841  -2.108707  -0.580893
