 Number of surface minima:    58
   #       a.u.         eV      kcal/mol           X/Y/Z coordinate(Angstrom)
     1  0.13152679    3.579026   82.534374      -7.830693  -1.757303  -0.951541
     2  0.12012043    3.268643   75.376773      -7.021390  -2.221909   0.059793
     3  0.11683625    3.179276   73.315915      -6.904633  -1.030614  -0.444623
     4  0.12915453    3.514474   81.045760      -6.742080  -2.597979  -2.700482
     5  0.11066491    3.011345   69.443340      -6.243161  -2.813635   0.902602
     6  0.11578325    3.150622   72.655146      -5.581690  -3.296934  -1.852354
     7  0.11190746    3.045157   70.223049      -5.591765  -2.106646  -2.510179
     8  0.10458569    2.845921   65.628568      -4.925615  -3.851043  -1.171420
     9  0.15975267    4.347091  100.246400      -3.940139   0.687973   0.567674
    10  0.14209234    3.866529   89.164366      -3.597275  -0.979430  -1.761200
    11  0.12669131    3.447446   79.500062      -2.998195  -2.549482  -0.553071
    12  0.13264787    3.609532   83.237867      -2.538921  -0.305352  -1.484005
    13  0.16425926    4.469722  103.074325      -2.295954   2.265079  -1.322123
    14  0.11777830    3.204911   73.907061      -1.938917  -2.751679   0.506207
    15  0.14537673    3.955902   91.225352      -1.711623   1.908196   1.275679
    16  0.12468965    3.392978   78.244003      -1.814174   5.979745  -1.088876
    17  0.13911177    3.785424   87.294024      -1.637795   7.165552  -0.772674
    18  0.15475705    4.211154   97.111599      -1.508917   3.320403   1.312588
    19  0.01968953    0.535779   12.355379      -1.064673  -1.398558   2.546865
    20  0.12159640    3.308806   76.302957      -1.208516   5.720416   1.494378
    21  0.13741494    3.739251   86.229251      -1.086491   6.902802   1.360267
    22  0.15931968    4.335309   99.974691      -0.955033   4.006855  -1.418353
    23  0.12992858    3.535536   81.531483      -0.576390   6.233981  -1.323015
    24  0.15377172    4.184341   96.493292      -0.307005   3.723136   1.067642
    25  0.02036908    0.554271   12.781800      -0.186578  -0.568159  -1.813623
    26  0.12738515    3.466326   79.935455      -0.030283   6.004911   1.227192
    27  0.12310852    3.349953   77.251826       0.410262   5.617488  -1.628224
    28 -0.00311466   -0.084754   -1.954482       0.439195  -3.810034   0.238433
    29  0.15125450    4.115844   94.913712       0.525934   3.083298   0.836574
    30  0.13700314    3.728045   85.970843       0.665835   6.773511  -1.359366
    31  0.00695738    0.189320    4.365828       0.752905  -1.841306   3.723391
*   32 -0.00762286   -0.207429   -4.783423       0.773700  -3.809436   1.626474
    33  0.12065293    3.283133   75.710919       0.914807   5.330898   0.984484
    34  0.17333006    4.716551  108.766345       1.006840   1.871090  -1.721401
    35  0.09352507    2.544947   58.687917       1.033025   1.939181   1.655949
    36  0.13576290    3.694296   85.192575       1.154991   6.506557   0.827671
    37  0.12226797    3.327081   76.724372       1.530249   0.938672   0.383157
    38  0.02609120    0.709978   16.372491       1.798613  -1.625249  -1.348665
    39  0.04937896    1.343670   30.985789       2.163316  -0.105793   2.756320
    40  0.05806700    1.580083   36.437623       2.872518   2.118974   2.757552
    41  0.13309481    3.621694   83.518322       2.899208  -0.641441   1.621834
    42  0.08742856    2.379052   54.862298       3.270849   0.811875   0.296778
    43  0.10545695    2.869629   66.175289       3.708154  -2.181033  -2.321843
    44  0.09604708    2.613574   60.270504       4.498205  -2.584753  -1.263956
    45  0.10989766    2.990467   68.961881       4.714791   0.025472  -1.032202
    46  0.09853580    2.681295   61.832199       5.008155  -2.743199  -0.353394
    47  0.08796069    2.393532   55.196214       5.107081  -2.531744  -2.353321
    48  0.11103939    3.021535   69.678327       5.250367  -0.133425  -0.100683
    49  0.09881021    2.688762   62.004393       5.372102   0.115453  -2.088294
    50  0.09292440    2.528601   58.310989       6.067787  -2.609079  -2.336471
    51  0.09101522    2.476650   57.112960       6.314447  -2.885545  -0.274121
    52  0.10054380    2.735936   63.092237       6.432459  -0.013643  -1.954901
    53  0.10018625    2.726206   62.867872       6.581886  -0.250343   0.035717
    54  0.09185232    2.499429   57.638252       6.824587  -2.813146  -1.213618
    55  0.09885303    2.689928   62.031262       7.022594  -0.189133  -0.857843
    56  0.11245534    3.060065   70.566851       7.617292  -2.531028  -2.351259
    57  0.11119016    3.025638   69.772939       7.757414  -0.544400   0.029177
    58  0.11687729    3.180393   73.341671       7.808022  -0.328980  -2.052619
 
 Number of surface maxima:    68
   #       a.u.         eV      kcal/mol           X/Y/Z coordinate(Angstrom)
     1  0.19961260    5.431735  125.258904      -8.189250  -2.330285  -2.326266
     2  0.15461936    4.207407   97.025195      -7.414302  -3.390850  -1.264879
     3  0.19441924    5.290417  122.000019      -7.224986  -4.791858  -0.387513
     4  0.16251858    4.422355  101.982034      -7.039236  -1.021773  -2.211933
     5  0.21888286    5.956106  137.351185      -6.318156   0.423384  -2.550089
     6  0.15329452    4.171356   96.193845      -5.739202  -4.390690   0.288088
     7  0.18153004    4.939683  113.911913      -5.713984  -1.720814  -0.023721
     8  0.20147446    5.482399  126.427239      -5.052513   0.344897  -1.549035
     9  0.17590136    4.786519  110.379864      -4.898792  -2.347748  -1.240910
    10  0.20141585    5.480804  126.390459      -4.392601  -4.589755   1.236887
    11  0.25086568    6.826402  157.420722      -4.258747   1.679015  -1.880935
*   12  0.25301502    6.884889  158.769453      -4.044576   2.916647   0.552035
    13  0.19001020    5.170440  119.233301      -3.701024  -3.086432   1.096851
    14  0.22681172    6.171861  142.326623      -3.729570  -0.560050   0.642594
    15  0.22326903    6.075459  140.103552      -3.680008   5.356088   0.735313
    16  0.21963824    5.976660  137.825192      -3.335940   1.621320  -0.355013
    17  0.21994726    5.985069  138.019107      -3.200392   1.667940  -0.622974
    18  0.21305502    5.797522  133.694158      -2.935804  -1.191587  -0.552301
    19  0.20722933    5.638997  130.038474      -2.945390   4.024268   0.315006
    20  0.21490791    5.847941  134.856860      -2.538921  -3.229542   1.941932
    21  0.16925531    4.605671  106.209400      -2.452289   6.508922   0.409392
    22  0.18918980    5.148116  118.718491      -2.303908   0.678359   1.181230
    23  0.18701847    5.089031  117.355961      -1.582634   0.975126  -1.375605
    24  0.20636357    5.615438  129.495204      -1.612861   8.032755   0.405678
    25  0.14868764    4.045996   93.302979      -1.604384  -2.096514   0.966812
    26  0.15567805    4.236215   97.689533      -1.099234  -0.903684  -0.115711
    27  0.23466917    6.385673  147.257251      -1.075835   2.546411  -1.010505
    28  0.05227592    1.422500   32.803661      -0.842926  -3.682179  -1.428448
    29  0.22866125    6.222189  143.487220      -0.710937   2.399638   0.527523
    30  0.19136903    5.207416  120.085977      -0.694338   4.933085  -0.897440
    31  0.11150529    3.034213   69.970685      -0.496041  -2.164037   1.155316
    32  0.17653800    4.803843  110.779359      -0.260106   0.610093   0.754383
    33  0.18869257    5.134586  118.406473      -0.319480   4.908976   0.652586
    34  0.16418486    4.467697  103.027644      -0.148900   7.436071   0.041192
    35  0.14157021    3.852321   88.836723       0.106965  -0.708393   2.214077
    36  0.16982587    4.621197  106.567434       0.107811   0.966620   3.231618
    37  0.18257977    4.968248  114.570629       0.230995   2.272208  -1.827290
    38  0.12974597    3.530567   81.416896       0.825956  -1.031853  -0.887563
    39  0.17620077    4.794667  110.567743       1.033025   1.138171  -0.172776
    40  0.03270064    0.889830   20.519978       1.421899  -3.387500   3.459481
    41  0.10925707    2.973036   68.559901       1.440920  -2.332592   0.444788
    42  0.15277216    4.157142   95.866056       1.443331   0.162508   0.052284
    43  0.10491243    2.854812   65.833598       1.568993   1.777324   2.566818
    44  0.21389628    5.820414  134.222056       1.447375   3.345455  -0.743761
    45  0.20616589    5.610059  129.371160       1.459288   7.578041  -0.339613
    46  0.16982728    4.621235  106.568316       1.800880   5.841129  -0.508755
    47  0.15609288    4.247503   97.949844       2.154474  -1.101053   1.292240
    48  0.24695640    6.720025  154.967610       2.175693   2.118338  -1.019857
    49  0.22664381    6.167292  142.221258       2.620557   4.438828  -0.840948
    50  0.18046872    4.910804  113.245926       3.037868  -0.883853  -2.860974
    51  0.16177818    4.402208  101.517425       3.308033  -2.584068   0.325141
    52  0.13763973    3.745367   86.370306       3.280852  -1.693651  -1.152782
    53  0.14968937    4.073255   93.931574       3.414323  -0.425448  -0.755269
    54  0.20566052    5.596307  129.054036       3.551651   3.198541   0.313018
    55  0.18324779    4.986426  114.989821       3.785496  -1.441359   2.106871
    56  0.17163286    4.670368  107.701334       4.541364  -1.360050   1.229146
    57  0.17168488    4.671783  107.733977       4.528510  -1.140003   1.152685
    58  0.13873832    3.775262   87.059684       4.589583  -0.902487  -3.280905
    59  0.18457554    5.022556  115.822996       5.068858   1.019565   2.222209
    60  0.14499834    3.945605   90.987906       5.699840  -2.172974  -1.253093
    61  0.19275058    5.245010  120.952919       5.775164  -1.702020   2.121928
    62  0.18335627    4.989378  115.057890       5.828526  -1.031853  -4.395067
    63  0.15185581    4.132207   95.291042       5.819855  -0.601082  -0.998481
    64  0.14226110    3.871121   89.270260       6.961987  -1.706021   1.032305
    65  0.13901762    3.782862   87.234948       7.008894  -1.153748  -3.275659
    66  0.13814792    3.759196   86.689204       8.252434  -1.561030  -1.179036
    67  0.18350859    4.993523  115.153477       8.573800  -1.461630  -2.807515
    68  0.18200705    4.952664  114.211244       8.608815  -1.799178   0.453615
