 Number of surface minima:    79
   #       a.u.         eV      kcal/mol           X/Y/Z coordinate(Angstrom)
     1  0.10226133    2.782672   64.170006      -8.089994   0.579502   0.257575
     2  0.10486746    2.853589   65.805383      -7.907787   0.641977  -2.362664
     3  0.10315391    2.806961   64.730109      -7.643199  -1.008030   1.153041
     4  0.10139867    2.759198   63.628677      -7.004025  -0.792299  -3.337582
     5  0.10949711    2.979568   68.710534      -6.853184   0.576838   1.471626
     6  0.09863182    2.683908   61.892454      -6.568175  -3.233552  -0.628986
     7  0.09493948    2.583435   59.575471      -6.180055  -2.847339  -2.357316
     8  0.15778292    4.293492   99.010363      -5.261901   1.978743  -1.360306
     9  0.14391118    3.916022   90.305707      -4.836918   1.421023  -0.198200
    10  0.09975495    2.714470   62.597230      -4.872850  -3.141076  -1.171959
    11  0.14756471    4.015440   92.598328      -4.665005   0.647221   0.615530
    12  0.09442091    2.569323   59.250062      -4.594289  -0.610303   3.863617
    13  0.14894560    4.053016   93.464852      -4.214081   0.691797  -2.809342
    14  0.14947018    4.067290   93.794030      -4.200133   2.195351  -0.498082
    15  0.08409793    2.288421   52.772293      -3.647945  -4.146009   0.701774
    16  0.12689110    3.452882   79.625433      -3.674370  -0.235076  -1.895121
    17  0.12527853    3.409002   78.613527      -3.512713  -0.958815  -1.122801
    18  0.08559022    2.329028   53.708720      -3.133829  -1.656457   3.873663
    19  0.08927709    2.429353   56.022267      -2.947756   0.115467   3.391133
    20  0.13113380    3.568332   82.287773      -2.880604   0.638386  -2.171485
    21  0.07681169    2.090153   48.200107      -2.432023  -3.653916   1.922452
    22  0.06237224    1.697235   39.139203      -2.219132  -2.972409   0.062039
    23  0.09476162    2.578595   59.463862      -2.162854  -1.745517   1.397854
    24  0.13062904    3.554597   81.971028      -1.954544   0.820307  -1.768812
    25  0.05721782    1.556976   35.904752      -1.761609  -1.211978   2.003048
    26  0.03081112    0.838413   19.334289      -1.126820  -3.344614  -0.617398
    27  0.02561734    0.697083   16.075135      -1.093494   0.382197   2.267636
    28  0.12680345    3.450497   79.570435      -0.777825   2.423658   1.449648
    29  0.04724710    1.285659   29.648026      -0.726795  -3.354974   0.831512
    30  0.15127881    4.116506   94.928967      -0.623135   4.288555  -0.758686
    31  0.03213911    0.874550   20.167616      -0.375259  -1.008981  -2.358906
    32  0.12798284    3.482590   80.310513      -0.261037   3.357682   1.680220
    33  0.15908204    4.328843   99.825573      -0.125450   5.474391  -0.162877
    34  0.03218965    0.875925   20.199330       0.085065  -0.026776  -1.778293
    35  0.14758900    4.016101   92.613576       0.171106   4.688255   1.883092
    36  0.14621652    3.978754   91.752330       0.447776   4.548331  -0.861091
    37  0.03822252    1.040088   23.985015       0.505674  -4.765644   2.664519
    38  0.07598199    2.067575   47.679460       0.795181  -4.065497   0.100071
    39  0.12455393    3.389285   78.158839       0.928186   3.558699   1.542593
    40  0.15072939    4.101555   94.584199       1.121698   3.786586  -1.257582
    41  0.03153099    0.858002   19.786009       1.325074  -2.469143   2.514504
    42  0.09498433    2.584655   59.603617       1.285279   0.945105  -2.827082
*   43  0.00727150    0.197868    4.562942       1.539664  -0.875736   3.248252
    44  0.12319462    3.352296   77.305854       1.591283   2.828505   1.153222
    45  0.06228528    1.694869   39.084634       1.716502   0.040099  -1.056916
    46  0.08482845    2.308300   53.230702       2.020761  -0.462693  -0.631986
    47  0.08841386    2.405864   55.480583       2.086635  -3.581566   1.045611
    48  0.10594243    2.882840   66.479932       2.115584   7.591100   0.487598
    49  0.10381945    2.825071   65.147741       2.276806   0.445772  -0.379643
    50  0.11305218    3.076306   70.941376       2.434010   5.361381  -2.595690
    51  0.03923881    1.067742   24.622743       2.477077  -1.170166   1.142896
    52  0.10138053    2.758705   63.617298       2.647926   6.732119   2.202421
    53  0.10486109    2.853415   65.801385       2.783971   6.749385  -1.833487
    54  0.10213245    2.779165   64.089134       2.838551   2.040584  -3.689920
    55  0.06640936    1.807090   41.672535       2.941294   0.580475   1.078250
    56  0.09731141    2.647978   61.063883       3.199339   0.285662  -2.920755
    57  0.10428841    2.837832   65.442020       3.609254  -4.451475  -0.100824
    58  0.10217673    2.780370   64.116920       3.864671  -3.653496   0.681182
    59  0.09672528    2.632029   60.696083       4.107767  -0.113155  -0.652412
    60  0.10701764    2.912098   67.154640       4.176224  -2.682626  -1.965781
    61  0.10649052    2.897754   66.823865       4.263288  -2.463267   1.543778
    62  0.10222134    2.781584   64.144914       4.163523   3.225388   1.638694
    63  0.09577689    2.606222   60.100953       4.241496   4.936839   2.228354
    64  0.10701204    2.911946   67.151124       4.147783   5.481998  -1.842036
    65  0.09434664    2.567303   59.203459       4.538192  -5.236118  -0.511929
    66  0.10608749    2.886788   66.570964       4.564494  -1.925179  -1.175672
    67  0.11510604    3.132195   72.230193       4.824097  -1.099173  -0.089659
    68  0.09525158    2.591927   59.771320       4.923288   1.371449   0.546876
    69  0.09029728    2.457114   56.662444       5.057054  -3.521622   1.159855
    70  0.09549588    2.598575   59.924617       5.064309  -3.516898  -2.492255
    71  0.10184042    2.771219   63.905882       5.124058   4.515734   0.547810
    72  0.09309470    2.533236   58.417853       5.422593  -5.109153  -0.167011
    73  0.09521665    2.590977   59.749397       5.593625  -1.779748  -0.785384
    74  0.09326497    2.537869   58.524704       5.766322  -4.267591   0.680105
    75  0.09505017    2.586447   59.644931       6.003970  -3.371151  -2.082531
    76  0.09644247    2.624333   60.518616       6.253337  -2.594165  -1.307249
    77  0.11152565    3.034767   69.983462       6.797116  -4.976859   0.063079
    78  0.10915748    2.970326   68.497410       6.707498  -1.871178  -0.315338
    79  0.11323271    3.081219   71.054656       7.296158  -3.527197  -1.562269
 
 Number of surface maxima:   109
   #       a.u.         eV      kcal/mol           X/Y/Z coordinate(Angstrom)
     1  0.16197448    4.407550  101.640608      -8.552447  -0.987555  -0.095075
     2  0.16359194    4.451563  102.655577      -8.238087  -0.941446  -2.394473
     3  0.11644830    3.168719   73.072471      -7.654335   0.196925   1.233256
     4  0.15887220    4.323132   99.693894      -7.628467  -2.573803  -1.682199
     5  0.13458472    3.662236   84.453258      -7.352264   0.438106  -1.026997
     6  0.14036030    3.819398   88.077495      -7.230969  -1.129168  -1.160592
     7  0.11789992    3.208220   73.983378      -7.198956   0.579502  -3.241364
     8  0.17260231    4.696748  108.309678      -6.882941   1.714939   0.268652
     9  0.17802010    4.844173  111.709390      -6.733802   1.900084  -1.983948
    10  0.13047920    3.550520   81.877002      -6.336729  -1.419784  -2.373162
    11  0.17416438    4.739254  109.289892      -6.163179  -0.850089   1.907675
    12  0.10870812    2.958098   68.215434      -5.799072  -3.401653  -1.314726
    13  0.17773424    4.836395  111.530013      -5.758003  -1.911807   1.229928
    14  0.17005248    4.627363  106.709629      -5.631527   0.976385  -1.157529
    15  0.16556390    4.505223  103.893005      -5.362149  -2.967781   0.456488
    16  0.17032675    4.634827  106.881738      -5.447687  -0.243631  -3.685607
    17  0.16943015    4.610429  106.319115      -5.135159  -0.474511   0.559105
    18  0.22091563    6.011420  138.626765      -5.206334   1.902445  -2.836274
    19  0.15968972    4.345378  100.206894      -4.997313   0.157738  -2.240897
    20  0.15771370    4.291608   98.966925      -4.694034  -2.440861  -2.627253
    21  0.15398986    4.190277   96.630176      -4.643802  -2.216165   3.849420
    22  0.16705014    4.545665  104.825631      -4.615530  -1.407047  -0.121451
    23  0.13496964    3.672711   84.694801      -4.571702  -2.305964   2.151828
    24  0.16624788    4.523835  104.322208      -4.531064   0.781162   2.898336
    25  0.14747955    4.013123   92.544892      -4.071352  -3.918457   2.401927
    26  0.18852738    5.130091  118.302819      -3.813276   2.439417  -2.235013
    27  0.14525807    3.952673   91.150895      -3.697170  -3.397784  -0.682461
    28  0.10199105    2.775318   64.000403      -3.667407  -0.466402   3.990551
    29  0.21576518    5.871269  135.394809      -3.542075   1.147754   0.057708
    30  0.11645370    3.168866   73.075861      -3.277487  -2.284895   2.532225
    31  0.16985240    4.621919  106.584082      -3.082149   0.113368   1.536914
    32  0.09038715    2.459560   56.718844      -2.816581  -4.050799   0.944693
    33  0.20149170    5.482868  126.438058      -2.867635   0.197095  -1.036488
    34  0.23969333    6.522387  150.409962      -2.784621   4.007715   0.788085
    35  0.15636486    4.254904   98.120514      -2.492435  -1.251520   0.424770
*   36  0.24104323    6.559120  151.257037      -2.471610   3.375106  -2.219312
    37  0.20288320    5.520733  127.311235      -2.357846   2.695249   0.284395
    38  0.20602208    5.606146  129.280912      -2.138680   2.960799  -0.530766
    39  0.14081721    3.831831   88.364205      -1.929404  -0.989029   3.339811
    40  0.20405427    5.552599  128.046094      -1.820967   2.836158  -1.036399
    41  0.06358988    1.730369   39.903286      -1.522914  -2.564728  -2.346642
    42  0.11394914    3.100714   71.504227      -1.515397  -2.156415   1.099948
    43  0.12768043    3.474361   80.120746      -1.218940  -1.727664   0.650554
    44  0.18760337    5.104947  117.722990      -1.286539   4.822983   0.822281
    45  0.15962723    4.343678  100.167680      -1.028484  -2.085052   3.283623
    46  0.17443863    4.746717  109.461986      -0.985523   0.085136  -0.320771
    47  0.13769647    3.746911   86.405910      -0.367012  -0.826268   2.052515
    48  0.17444462    4.746880  109.465745      -0.388216   0.835965   0.645655
    49  0.22069124    6.005314  138.485960      -0.381096   5.984622   1.201571
    50  0.21734114    5.914153  136.383736       0.097875   3.161098  -0.707128
    51  0.16544060    4.501868  103.815628       0.398567  -6.101104   0.349626
    52  0.19938640    5.425580  125.116961       0.314690   2.699450   0.817547
    53  0.17893148    4.868973  112.281295       0.499959   6.915901   0.125816
    54  0.15759109    4.288272   98.889986       0.717543  -2.426222   0.040314
    55  0.14630000    3.981025   91.804712       0.801488  -1.014730  -0.942495
    56  0.17533419    4.771086  110.023954       0.976003   2.715211  -1.539778
    57  0.17185753    4.676481  107.842321       0.883275   5.342097  -0.054023
    58  0.17425045    4.741596  109.343897       1.132259   1.795063  -1.512199
    59  0.15922297    4.332677   99.914004       1.136309   4.834948   1.389660
    60  0.17500772    4.762202  109.819095       1.219845   6.137576  -1.966526
    61  0.18610852    5.064270  116.784958       1.275873  -3.632710  -1.778133
    62  0.17203931    4.681428  107.956387       1.352814   2.630051  -3.288724
    63  0.10253339    2.790075   64.340728       1.499477  -1.397691   1.495190
    64  0.16913526    4.602404  106.134066       1.372230   5.746619   2.701527
    65  0.13624196    3.707332   85.493192       1.583346  -0.091432   0.394389
    66  0.15829758    4.307496   99.333314       1.705673   1.240973   0.106904
    67  0.11817901    3.215814   74.158513       1.657633   7.326511   1.606165
    68  0.04860712    1.322667   30.501453       1.867369   1.202942   3.178786
    69  0.15330668    4.171687   96.201477       2.021934  -0.335758  -2.355980
    70  0.11260811    3.064223   70.662716       2.275597   0.048419   0.167523
    71  0.14124689    3.843523   88.633835       2.338589  -3.065023   0.607526
    72  0.18004877    4.899376  112.982402       2.418467  -1.940824  -1.686214
    73  0.17257540    4.696016  108.292792       2.391469   3.754565  -0.939818
    74  0.13663744    3.718094   85.741363       2.437113   6.584134  -0.378250
    75  0.17125424    4.660065  107.463749       2.435585  -3.773840  -1.546838
    76  0.17130271    4.661384  107.494162       2.521306  -3.529244  -1.738552
    77  0.11080909    3.015269   69.533811       2.474356   1.039573  -3.622419
    78  0.19389089    5.276039  121.668469       2.653563  -4.904207  -2.554601
    79  0.17028896    4.633798  106.858024       2.747675   3.197692   0.150927
    80  0.16676105    4.537799  104.644225       2.983963  -5.075151   1.895258
    81  0.14179977    3.858568   88.980774       3.097085  -2.427587   0.596671
    82  0.11984613    3.261179   75.204643       3.072640   5.871274  -2.443933
    83  0.15639847    4.255819   98.141605       3.138677   3.820603   2.664519
    84  0.13126928    3.572019   82.372786       3.073930   5.474696   1.738539
    85  0.12971471    3.529717   81.397277       3.435277  -0.659801   0.007638
    86  0.17941775    4.882205  112.586433       3.454907   3.956436  -2.256078
    87  0.12733380    3.464929   79.903235       3.622711   0.831551  -1.574287
    88  0.14256226    3.879316   89.459244       3.534060   5.935811   0.215465
    89  0.16474865    4.483039  103.381422       3.538877   7.395865   1.045679
    90  0.14904808    4.055805   93.529163       3.971868   2.026522   1.560898
    91  0.18296315    4.978680  114.811206       3.930761   3.554332  -1.304310
    92  0.14297039    3.890422   89.715352       4.013018   2.043469  -1.565428
    93  0.14174492    3.857075   88.946356       4.236954  -5.163870  -2.417381
    94  0.17460921    4.751358  109.569023       4.228424  -1.021970   1.313277
    95  0.16476644    4.483523  103.392587       4.210072   6.744118  -1.065468
    96  0.16335969    4.445243  102.509837       4.306884   1.526642  -3.156430
    97  0.10874455    2.959090   68.238294       4.446027   0.314913   0.551718
    98  0.17029470    4.633954  106.861627       4.556657   3.093094  -0.113661
    99  0.14638552    3.983353   91.858377       4.807517  -4.047075  -0.113710
   100  0.11122799    3.026668   69.796678       4.805610   4.035112   1.614851
   101  0.16065915    4.371758  100.815224       4.869940   5.948748   1.182859
   102  0.14788582    4.024178   92.799829       5.059689  -2.988615  -1.291184
   103  0.16039328    4.364523  100.648385       5.321643   0.945224  -0.974953
   104  0.18128822    4.933103  113.760174       5.718526  -5.982993  -2.707327
   105  0.13569412    3.692425   85.149419       5.628586  -1.767692   0.967086
   106  0.13660314    3.717161   85.719839       6.644586  -5.062337  -1.654376
   107  0.18051856    4.912160  113.277199       7.268685  -2.093637   1.154530
   108  0.13658052    3.716545   85.705641       7.331407  -3.371067   0.032826
   109  0.18148005    4.938323  113.880546       8.043799  -4.579976  -0.803688
