 Number of surface minima:    65
   #       a.u.         eV      kcal/mol           X/Y/Z coordinate(Angstrom)
     1  0.13657773    3.716469   85.703891      -6.308933  -1.871867  -3.065624
     2  0.15119901    4.114334   94.878890      -6.276049   0.322301  -2.811958
     3  0.14479562    3.940089   90.860700      -5.847518  -0.088007  -0.474336
     4  0.15259336    4.152276   95.753858      -5.511378   3.635832   0.339028
     5  0.11668593    3.175186   73.221585      -5.365558  -2.288782  -2.126590
     6  0.13741261    3.739187   86.227786      -5.284787   0.314630  -1.659230
     7  0.11858530    3.226870   74.413464      -4.939834  -2.113840  -3.301220
     8  0.11052755    3.007608   69.357145      -4.795215  -2.493872  -1.174176
     9  0.13806308    3.756887   86.635960      -4.844829   0.511301  -2.940304
    10  0.16716683    4.548841  104.898859      -4.810351   2.646926  -2.774788
    11  0.13311295    3.622188   83.529709      -4.669026   0.143621  -0.783029
    12  0.15591980    4.242793   97.841231      -4.760583   0.910900   0.584800
    13  0.15677800    4.266146   98.379762      -4.659282   1.764548  -1.532255
    14  0.14899015    4.054228   93.492808      -4.576619   0.482727  -4.114800
    15  0.14268132    3.882556   89.533954      -4.660117   1.212504  -0.517725
    16  0.16136923    4.391080  101.260807      -4.580023   4.578626  -1.732282
    17  0.13570286    3.692663   85.154900      -4.400100   3.589431   0.673727
    18  0.14622789    3.979063   91.759461      -4.319382   2.707806   1.792300
    19  0.14973092    4.074386   93.957650      -4.399850   4.094147  -0.378881
    20  0.12319811    3.352391   77.308046      -3.997028  -2.488865  -0.110011
    21  0.14570741    3.964900   91.432856      -4.155018  -0.412659   0.390784
    22  0.12026872    3.272678   75.469826      -3.909588  -2.155949  -3.449845
    23  0.14087171    3.833314   88.398405      -3.782947   0.480527  -3.054796
    24  0.15294066    4.161727   95.971796      -3.734136   2.005631  -2.370657
    25  0.12163642    3.309895   76.328073      -3.489092  -2.516981  -1.320407
    26  0.14760665    4.016581   92.624651      -3.338936   4.359657  -1.170257
    27  0.12760295    3.472253   80.072130      -3.086714  -2.376822  -2.374597
    28  0.15446524    4.203213   96.928481      -3.112778   0.231522  -1.992976
    29  0.06757579    1.838831   42.404485      -3.086276   2.113236   4.380679
    30  0.13204236    3.593055   82.857899      -2.904351  -1.470397   0.324323
    31  0.04527212    1.231917   28.408706      -2.836397  -1.160068   2.905869
    32  0.03850426    1.047754   24.161807      -2.041169  -1.867589   1.058219
    33  0.08991916    2.446825   56.425173      -1.598653  -3.454812  -0.798372
    34  0.02197947    0.598092   13.792338      -1.051087  -0.544337   3.632824
    35  0.02491248    0.677903   15.632831      -0.580979  -4.115817   0.653578
    36  0.11415334    3.106270   71.632361      -0.400339  -2.738579  -1.989020
    37  0.18451324    5.020861  115.783902      -0.414811   0.808773  -1.306798
    38  0.20949366    5.700612  131.459368      -0.263956   3.615636  -1.167562
    39  0.19311810    5.255011  121.183538      -0.155069   3.041080   0.170100
    40  0.04180242    1.137502   26.231435       0.074078  -5.226579  -1.485685
    41  0.01246722    0.339250    7.823306       0.102921  -0.015160   2.964375
*   42 -0.01638198   -0.445776  -10.279854       0.369507  -2.642837   3.717556
    43  0.04996750    1.359685   31.355107       1.412274  -3.315119  -1.056007
    44  0.04726244    1.286076   29.657652       1.555384  -1.949930  -1.145610
    45 -0.00706215   -0.192171   -4.431572       1.793904  -2.264163   3.379351
    46  0.15066746    4.099870   94.545339       1.992280   1.704666   1.119831
    47  0.18818897    5.120882  118.090459       2.024432   2.219741  -1.513988
    48  0.20161460    5.486212  126.515175       2.195098   3.562895  -1.054824
    49  0.13262204    3.608829   83.221659       2.508952  -0.412043   0.710442
    50  0.05362761    1.459282   33.651862       2.984552  -3.190223  -0.338939
    51  0.14177183    3.857808   88.963241       4.032567   0.243902   0.638689
    52  0.04374735    1.190426   27.451901       4.439790  -2.264163   0.854737
    53  0.06690034    1.820451   41.980630       4.968967  -2.201363  -2.852281
    54  0.17746424    4.829048  111.360585       4.968967  -0.147454  -1.565040
    55  0.13234060    3.601171   83.045049       5.167089   3.821375  -1.526310
    56  0.12456104    3.389478   78.163296       5.385145   3.309236   1.080070
    57  0.13346904    3.631877   83.753160       6.050283   0.531700  -1.959497
    58  0.12153462    3.307125   76.264189       6.037584   1.713587  -1.975413
    59  0.12607048    3.430552   79.110487       6.153493   0.132365   0.247990
    60  0.13403833    3.647368   84.110391       6.141156   2.886025  -1.755344
    61  0.11397193    3.101334   71.518525       6.269496   1.163000   0.616813
    62  0.12768835    3.474577   80.125716       6.305836   2.378408   0.807760
    63  0.14446161    3.931000   90.651106       6.337248   4.263596  -1.327549
    64  0.14030959    3.818018   88.045668       6.488955   3.921833   0.853910
    65  0.13601572    3.701176   85.351223       7.182431   1.958218  -1.775467
 
 Number of surface maxima:    72
   #       a.u.         eV      kcal/mol           X/Y/Z coordinate(Angstrom)
     1  0.20918962    5.692339  131.268577      -7.207432  -0.520588  -3.315772
     2  0.20401567    5.551549  128.021874      -6.791068  -1.200084  -0.143489
     3  0.22462418    6.112335  140.953917      -6.689497   2.890909  -0.279873
     4  0.16535885    4.499643  103.764329      -6.663755  -0.803559  -1.856085
     5  0.13793894    3.753510   86.558066      -5.989715  -1.967904  -3.162294
     6  0.15526880    4.225079   97.432726      -5.843362   0.427003  -2.622578
     7  0.16813239    4.575115  105.504756      -5.705125  -0.521545  -4.063983
     8  0.18735925    5.098305  117.569804      -5.676385   3.292198  -1.521651
     9  0.18288449    4.976540  114.761844      -5.526532   2.079128   0.643118
    10  0.23097368    6.285113  144.938291      -5.280909   4.022749  -2.978295
    11  0.15904919    4.327949   99.804957      -5.216608  -1.205265   0.127250
    12  0.21846845    5.944829  137.091137      -5.039089   1.486388   1.979809
    13  0.21279939    5.790566  133.533743      -4.581238  -0.412043  -5.348663
    14  0.17322861    4.713790  108.702683      -4.221243  -1.796889  -2.282732
    15  0.18622890    5.067546  116.860496      -4.090795  -0.211203  -2.052769
    16  0.18745742    5.100976  117.631406      -3.996565  -1.597027   1.052035
    17  0.09937935    2.704250   62.361536      -3.762457   2.938701   3.191386
    18  0.21469908    5.842259  134.725820      -3.528170   1.902441  -0.997480
    19  0.19595103    5.332099  122.961231      -3.600087   3.692421  -2.907101
    20  0.24729374    6.729205  155.179292      -3.423080   1.278666   1.790008
    21  0.21293574    5.794276  133.619304      -3.263276   3.284333  -0.296563
    22  0.18780351    5.110393  117.848579      -2.961338   0.651042   3.827898
    23  0.16132984    4.390008  101.236088      -2.687793  -1.967254  -0.411868
    24  0.17176044    4.673839  107.781393      -2.531943  -5.002478  -1.704021
    25  0.16056740    4.369261  100.757646      -2.014356  -2.488298  -0.903801
    26  0.25152040    6.844218  157.831568      -1.900633   3.703781  -3.307437
    27  0.03354618    0.912838   21.050563      -1.707850  -3.031415   3.699635
    28  0.21018572    5.719444  131.893642      -1.611623   0.025526   2.004922
    29  0.23360209    6.356636  146.587645      -1.587310  -0.781443  -4.105729
    30  0.21275857    5.789455  133.508130      -1.595648  -0.758826  -2.518198
    31  0.25529738    6.946995  160.201662      -1.493772   1.084453  -0.227936
    32  0.22683245    6.172425  142.339631      -1.574452   1.908257   2.745453
    33  0.22881589    6.226397  143.584262      -1.394533  -0.015760  -1.071254
    34  0.23689720    6.446301  148.655360      -1.337501   3.071268  -2.121315
    35  0.26076497    7.095776  163.632626      -1.102107   2.386229   0.535405
    36  0.11287363    3.071448   70.829331      -0.929789  -2.606558   0.816210
    37  0.06055845    1.647879   38.001030      -0.737373   0.635958   4.455345
    38  0.18635712    5.071035  116.940959      -0.430500  -3.704959  -3.660051
    39  0.23380456    6.362146  146.714700      -0.331168  -1.060892  -2.495430
    40  0.20420118    5.556597  128.138281      -0.162261  -0.140216   0.129489
    41  0.19244842    5.236788  120.763306       0.052827  -1.742571  -0.569882
*   42  0.28281070    7.695671  177.466544       0.183024   3.019266  -2.500477
    43  0.11165421    3.038266   70.064135       0.576929  -1.095390   2.493842
    44  0.08162931    2.221246   51.223209       0.739695  -4.772444  -0.530732
    45  0.24380212    6.634193  152.988266       0.830264   2.617221  -0.937285
    46  0.10962090    2.982936   68.788209       0.911035  -2.925635   1.758411
    47  0.16819835    4.576910  105.546148       1.540258  -0.255261   0.794824
    48  0.27114917    7.378344  170.148814       1.502848   4.184316   0.120971
    49  0.12540414    3.412420   78.692353       1.793904  -2.048149   0.343702
    50  0.14144130    3.848813   88.755828       1.913605  -4.495854   0.783868
    51  0.07379683    2.008114   46.308248       2.431090  -3.238147  -1.602341
    52  0.25266910    6.875476  158.552388       2.737671   1.325567  -1.162678
    53  0.19769232    5.379482  124.053909       2.765731  -1.160041  -0.136900
    54  0.23403256    6.368350  146.857769       2.960443   1.163709   0.353433
    55  0.22033970    5.995748  138.265365       3.000903   3.843626  -0.122887
    56  0.23047423    6.271523  144.624885       2.997807  -0.932250  -1.851155
    57  0.05309475    1.444782   33.317488       3.723102  -1.483837   2.477963
    58  0.23376991    6.361203  146.692959       3.644017   5.134456   0.129775
    59  0.18523616    5.040532  116.237544       4.572084  -2.438025  -1.478046
    60  0.19489265    5.303299  122.297086       4.817511  -0.015160  -1.492055
    61  0.20199205    5.496483  126.752031       4.893395  -0.355321  -0.344767
    62  0.19716964    5.365259  123.725921       4.963451   2.363320  -1.203708
    63  0.09417719    2.562692   59.097128       5.101261  -0.838877  -3.228993
    64  0.18683197    5.083957  117.238931       4.997473  -0.134256  -1.460103
    65  0.19020405    5.175715  119.354944       5.076354   2.089703   0.346154
    66  0.21408437    5.825532  134.340084       5.126016  -0.544337  -1.062960
    67  0.17597296    4.788468  110.424794       5.298825   4.747435  -0.071631
    68  0.19943054    5.426781  125.144656       6.556499  -0.586085  -1.081508
    69  0.16134853    4.390517  101.247818       7.085676   0.850706  -0.990860
    70  0.21060168    5.730763  132.154662       7.068130   4.876476  -0.147876
    71  0.16548802    4.503158  103.845386       7.355975   3.298033  -0.526239
    72  0.20315260    5.528063  127.480286       8.337138   2.015531  -0.758961
