 Number of surface minima:    67
   #       a.u.         eV      kcal/mol           X/Y/Z coordinate(Angstrom)
     1  0.14030168    3.817803   88.040707      -6.755557  -0.032467   2.516990
     2  0.12963215    3.527470   81.345469      -6.702827   1.599684   1.207619
     3  0.12307817    3.349127   77.232784      -6.087127   0.534716   1.465595
     4  0.12261370    3.336488   76.941323      -5.995181   2.763985   3.033391
     5  0.12165505    3.310402   76.339759      -5.995787  -1.102163   0.075108
     6  0.13240514    3.602927   83.085546      -5.898802   1.124321   4.173090
     7  0.12638992    3.439245   79.310938      -5.665106  -3.805857   0.564673
     8  0.11637398    3.166697   73.025838      -5.610032  -0.567635  -1.748438
     9  0.12150906    3.306430   76.248148      -5.715103   1.299008   0.758515
    10  0.13460492    3.662786   84.465936      -5.435341  -0.533323   1.985087
    11  0.11160593    3.036952   70.033840      -5.249441   1.992244   3.521118
    12  0.12320678    3.352627   77.313484      -5.059956  -4.909566  -0.825231
    13  0.11202829    3.048445   70.298871      -4.816951  -2.159869  -3.605237
    14  0.12857237    3.498632   80.680445      -4.841596   0.052845  -0.193823
    15  0.11011753    2.996450   69.099852      -4.850042   2.705694   2.840182
    16  0.11459818    3.118375   71.911505      -4.537083  -3.972428  -3.306138
    17  0.11636515    3.166457   73.020293      -4.451643   0.998569   3.909033
    18  0.13639785    3.711574   85.591016      -4.492999   1.070490   0.413836
    19  0.14479570    3.940091   90.860748      -4.365028  -0.785953   1.668998
    20  0.14412921    3.921955   90.442518      -3.955371   0.285175   0.742938
    21  0.11459530    3.118297   71.909699      -3.523731   0.856061   3.636494
    22  0.11786699    3.207324   73.962718      -3.531449   2.525569   2.398093
    23  0.11843795    3.222861   74.320999      -3.234164  -2.962371  -3.762116
    24  0.12047347    3.278250   75.598309      -2.934650   1.697212   2.744260
    25  0.18775764    5.109145  117.819797      -2.576366  -2.905391   1.332845
    26  0.17112964    4.656674  107.385557      -2.444072  -1.710593   0.675523
    27  0.06828465    1.858120   42.849302      -2.209246   2.716483  -2.053254
    28  0.18496643    5.033192  116.068282      -2.014173  -4.248056  -0.299815
    29  0.17023468    4.632321  106.823966      -1.762665  -3.458792  -1.204971
    30  0.17910673    4.873742  112.391262      -1.786110  -2.600670  -1.919008
    31  0.02602152    0.708082   16.328766      -1.860487   4.468463  -3.303778
    32  0.13001749    3.537956   81.587277      -1.595956   3.173768   0.532700
    33  0.17653801    4.803843  110.779365      -1.397838  -1.929738   1.209180
    34  0.08701114    2.367694   54.600363      -1.467774   0.391475  -2.696714
    35  0.17950787    4.884657  112.642981      -0.851530  -3.631580  -0.716377
    36  0.06540353    1.779721   41.041372      -0.612471   0.605826   1.348867
    37  0.01195090    0.325200    7.499308      -0.682386   4.835625  -0.839099
    38  0.16621102    4.522832  104.299076      -0.327363  -1.306051   1.080064
    39  0.16141970    4.392453  101.292477      -0.051249  -4.926184   2.078378
    40  0.18716495    5.093017  117.447877       0.043662  -3.115006  -0.861577
    41  0.01341488    0.365037    8.417969       0.307079   3.642293  -2.451695
    42  0.15731701    4.280813   98.717996       0.591916  -3.232346   2.858100
    43  0.02931490    0.797699   18.395392       0.875675   0.080150  -2.681263
    44  0.01417772    0.385796    8.896664       1.372028   1.620768   1.625586
    45  0.16727877    4.551887  104.969099       1.431637  -4.421358   1.817278
    46  0.16451572    4.476700  103.235261       1.632609  -4.879700  -0.906053
*   47 -0.00954734   -0.259796   -5.991053       1.698160   4.218880  -0.050828
    48  0.14782114    4.022418   92.759244       2.155694  -3.773484  -2.352971
    49  0.14526518    3.952867   91.155353       2.253760  -1.311057  -1.373771
    50  0.18069955    4.917085  113.390776       2.424169  -2.304649   1.083908
    51 -0.00586514   -0.159599   -3.680435       2.454983   3.521046  -1.497471
    52  0.03573540    0.972410   22.424318       2.724628   2.203449   1.147577
    53  0.15288027    4.160084   95.933896       3.244583  -4.887021  -1.009481
    54  0.14663678    3.990190   92.016043       3.520889  -1.496309  -1.347805
    55  0.13497632    3.672892   84.698989       4.017527   0.196346  -0.612449
    56  0.15512571    4.221185   97.342934       4.173664  -1.892440   1.393622
    57  0.13569342    3.692406   85.148978       4.304653  -0.708360  -0.982191
    58  0.17092432    4.651087  107.256720       4.723311  -2.821545   0.770116
    59  0.11339167    3.085544   71.154408       4.755674   1.563689   0.610644
    60  0.10227342    2.783001   64.177594       5.340321   0.069630   3.492286
    61  0.07649315    2.081484   48.000213       5.430413   1.796474  -0.907767
    62  0.09170130    2.495319   57.543485       6.534066   1.132632   2.850745
    63  0.08219824    2.236728   51.580220       6.705254   2.224327   0.231893
    64  0.09899486    2.693787   62.120267       6.925331  -0.731233   3.199410
    65  0.08615646    2.344436   54.064037       7.192440   1.259000  -1.087034
    66  0.10572222    2.876848   66.341753       7.808238  -2.172355   1.162870
    67  0.10239087    2.786197   64.251297       7.941375  -1.276497  -0.580005
 
 Number of surface maxima:    95
   #       a.u.         eV      kcal/mol           X/Y/Z coordinate(Angstrom)
     1  0.19714597    5.364615  123.711067      -7.294792   2.722535   2.087418
     2  0.20355230    5.538940  127.731102      -7.034212  -0.025324   3.941849
     3  0.15712138    4.275490   98.595238      -6.869754   1.267297   2.859647
     4  0.17904707    4.872119  112.353828      -6.571993  -1.786329  -1.257517
     5  0.18345695    4.992118  115.121074      -6.293455  -3.895647  -0.855325
     6  0.17596804    4.788334  110.421704      -5.861554  -3.214974  -2.948327
     7  0.15828833    4.307244   99.327509      -5.751891   2.987538   1.271895
     8  0.16507533    4.491928  103.586418      -5.562873  -0.660855   3.653413
     9  0.13443453    3.658149   84.359010      -5.499312  -0.169462  -0.444082
    10  0.16140049    4.391931  101.280424      -5.288272  -2.732355  -1.439790
    11  0.15718652    4.277263   98.636114      -5.222252  -2.466418   0.016996
    12  0.14041104    3.820779   88.109331      -4.846455  -4.728732   0.464754
    13  0.14715651    4.004332   92.342183      -4.823833  -1.640990  -2.164531
    14  0.18637567    5.071540  116.952597      -4.685571  -1.107455   1.150004
    15  0.18014490    4.901992  113.042724      -4.714536   0.601340   1.526308
    16  0.20785692    5.656075  130.432299      -4.723624   3.722670   0.346055
    17  0.15421468    4.196395   96.771252      -4.458338  -3.957739  -1.703918
    18  0.20390618    5.548569  127.953167      -4.269733  -3.341357   1.573940
    19  0.21542577    5.862033  135.181826      -4.283579  -1.649253   4.074449
    20  0.12610746    3.431559   79.133694      -4.131012  -3.204870  -3.842140
    21  0.18265459    4.970284  114.617582      -4.181982   0.296929  -1.638359
    22  0.16908536    4.601047  106.102756      -4.235423   1.460361   2.788122
    23  0.19030355    5.178423  119.417381      -3.553043   2.428773   0.163144
    24  0.19830499    5.396153  124.438365      -3.376957  -5.200923  -0.574789
    25  0.17570229    4.781102  110.254944      -3.459970  -1.336133  -3.622774
    26  0.16590871    4.514606  104.109374      -3.363571   5.370520  -1.239286
    27  0.19871859    5.407408  124.697900      -3.187706  -2.808130   0.478350
    28  0.20543972    5.590299  128.915477      -3.171811  -1.378589  -1.836922
    29  0.17704533    4.817648  111.097713      -3.174527  -0.981706   2.881550
    30  0.21229142    5.776743  133.214991      -2.973249  -0.677597  -0.962860
    31  0.18642999    5.073018  116.986685      -2.843768  -4.281655  -2.825598
    32  0.19660613    5.349925  123.372311      -2.817292  -3.708039  -0.528157
    33  0.11536539    3.139252   72.392933      -2.953657   0.353034  -2.811079
    34  0.20559430    5.594505  129.012481      -2.844491   1.398503  -0.449121
    35  0.19643474    5.345261  123.264764      -2.840955   3.466577  -0.183122
*   36  0.25226559    6.864496  158.299182      -2.543665  -4.388657   1.139821
    37  0.20924132    5.693746  131.301023      -2.445168  -1.775758  -2.300256
    38  0.21243508    5.780652  133.305136      -2.294435  -0.159828  -0.699675
    39  0.11445106    3.114372   71.819182      -2.307428   3.781812  -1.238210
    40  0.16741476    4.555587  105.054435      -2.032545   1.014432   1.812267
    41  0.22598730    6.149427  141.809293      -1.792269  -0.818521   2.213641
    42  0.17900600    4.871001  112.328053      -1.851591   2.521250   1.536704
    43  0.21299857    5.795986  133.658732      -1.487855   0.136010  -1.049821
    44  0.21663906    5.895049  135.943176      -1.290055  -1.387892  -2.481721
    45  0.24443898    6.651523  153.387904      -1.253423  -1.438697   0.153653
    46  0.21708848    5.907278  136.225192      -1.184089  -3.955141   1.209155
    47  0.15691570    4.269893   98.466174      -1.113899   1.559386  -3.480652
    48  0.22632380    6.158584  142.020449      -1.000595  -3.891872   2.854155
    49  0.25204676    6.858541  158.161860      -0.829327  -2.384488  -1.056727
    50  0.15432804    4.199479   96.842386      -0.947075   2.590240  -0.159024
    51  0.13914071    3.786211   87.312184      -0.663750   6.487270  -2.636218
    52  0.06994555    1.903315   43.891534      -0.364245   4.819646  -2.577027
    53  0.18001307    4.898405  112.960002      -0.193554   0.209378  -0.051264
    54  0.13839005    3.765785   86.841140       0.042477   1.655058   0.966338
    55  0.22965391    6.249201  144.110128       0.623572  -5.293378   0.646568
    56  0.22759481    6.193170  142.818020       0.641503  -3.743950  -1.613546
    57  0.13496651    3.672625   84.692833       0.597519   1.399649  -2.164076
    58  0.04057495    1.104101   25.461187       0.619237   4.584750   1.706199
    59  0.09643371    2.624095   60.513120       0.838692   3.193808  -1.109182
    60  0.17429858    4.742905  109.374099       0.903683  -4.421358   2.370867
    61  0.21418512    5.828274  134.403305       0.958832  -2.067455   1.137034
    62  0.21008750    5.716772  131.832006       1.157668  -2.509761  -1.049706
    63  0.23595963    6.420788  148.067030       1.232442  -2.878925   0.067858
    64  0.16119993    4.386473  101.154566       1.524757   0.447787  -0.776071
    65  0.22773805    6.197067  142.907903       1.914961  -2.835993   2.061180
    66  0.11150040    3.034080   69.967617       1.819503   1.957468   0.099410
    67  0.16875613    4.592088  105.896156       2.120850  -4.883620  -1.439150
    68  0.22541676    6.133902  141.451269       2.450821  -4.950533   0.478343
    69  0.16619141    4.522298  104.286771       2.560579   1.135003   0.157516
    70  0.20033478    5.451387  125.712080       2.817907   0.066753   1.891976
    71  0.23897112    6.502735  149.956768       2.904040  -1.378589   0.931572
    72  0.21803492    5.933032  136.819094       3.079457  -0.717117  -0.513079
    73  0.20419949    5.556551  128.137225       3.773760  -3.458077  -0.427508
    74  0.05261649    1.431768   33.017376       3.672482   1.943119  -2.284138
    75  0.21090131    5.738917  132.342683       3.798421  -4.011017  -2.176190
    76  0.17325597    4.714535  108.719851       4.513773   0.816661   0.346055
    77  0.17446670    4.747480  109.479601       4.753195   0.659201   1.031020
    78  0.15287956    4.160064   95.933451       4.964409   1.363377   2.844686
    79  0.23444725    6.379634  147.117991       5.228998  -3.327921  -0.564976
    80  0.17847735    4.856616  111.996319       5.223274  -2.033526   0.740242
    81  0.13607532    3.702798   85.388624       5.228998   2.419076   0.462065
    82  0.17299421    4.707412  108.555596       5.361292  -1.510883  -0.521410
    83  0.17288527    4.704447  108.487237       5.466749  -1.681126   3.113104
    84  0.15179330    4.130506   95.251812       5.994486   0.406206  -1.902948
    85  0.10994908    2.991867   68.994146       6.173191   0.091409   3.546244
    86  0.18285325    4.975690  114.742243       6.320516  -3.065251   1.272115
    87  0.12029329    3.273347   75.485244       6.500525   0.997117   1.390989
    88  0.17583300    4.784659  110.336967       6.575835  -1.899371  -1.504371
    89  0.09403648    2.558863   59.008830       6.684235   1.928769  -0.771874
    90  0.12885963    3.506449   80.860707       7.073537  -0.319958  -0.441706
    91  0.13764506    3.745513   86.373655       7.222574  -0.049452   1.013430
    92  0.12081101    3.287435   75.810115       7.610295  -2.507330   0.011080
    93  0.15725006    4.278992   98.675986       7.869872   0.308397   2.589262
    94  0.15182830    4.131458   95.273775       8.073679   1.201504   0.280262
    95  0.16295039    4.434106  102.252997       8.557804  -0.823411   0.765942
