 Number of surface minima:    75
   #       a.u.         eV      kcal/mol           X/Y/Z coordinate(Angstrom)
     1  0.11999163    3.265138   75.295949      -7.338918  -3.246642   1.422642
     2  0.11534692    3.138749   72.381348      -6.791544  -5.050981   0.268276
     3  0.11244684    3.059834   70.561519      -6.803319  -1.969379  -0.351124
     4  0.10332530    2.811624   64.837656      -6.410110  -2.312800   0.765555
     5  0.10367746    2.821207   65.058644      -6.009553  -2.893697   1.899621
     6  0.11743417    3.195546   73.691114      -5.755149  -3.627196   2.859433
     7  0.10049485    2.734604   63.061524      -5.724564  -1.731330   0.138706
     8  0.09534286    2.594411   59.828600      -5.739732  -4.522751  -0.528905
     9  0.09689441    2.636631   60.802210      -5.378531  -5.121043   0.598335
    10  0.10575928    2.877856   66.365006      -5.309515   1.315035   0.147946
    11  0.08925809    2.428836   56.010342      -5.096358  -3.935064  -1.221294
    12  0.10676101    2.905115   66.993604      -5.099853  -2.838954   2.234439
    13  0.11618231    3.161482   72.905563      -4.964803  -1.247368  -0.804739
    14  0.11224127    3.054240   70.432518      -4.818905   3.072700   2.344133
    15  0.11421997    3.108083   71.674171      -4.554316  -1.701727   0.578000
    16  0.09833135    2.675732   61.703906      -4.422022  -5.010844   0.840829
    17  0.10373521    2.822779   65.094882      -4.500129  -0.248012   0.047300
    18  0.10323571    2.809187   64.781441      -4.279477  -3.056986  -1.846148
    19  0.11891100    3.235733   74.617844      -4.289727  -2.215467   1.519497
    20  0.09996603    2.720214   62.729681      -3.892845  -3.801875  -0.860677
    21  0.10649420    2.897855   66.826178      -3.639261  -4.324909   0.104013
    22  0.11107455    3.022492   69.700389      -3.608471   2.624085   3.723286
    23  0.08507459    2.314997   53.385154      -3.493052   1.025999  -1.057963
    24  0.12051941    3.279500   75.627138      -3.492424   6.183709   0.130823
    25  0.11648949    3.169840   73.098323      -3.309494  -0.777202   2.268698
    26  0.11339883    3.085739   71.158897      -3.133066   4.006863   2.626737
    27  0.10540774    2.868291   66.144413      -2.807868   5.438342   0.706470
    28  0.09371434    2.550097   58.806683      -2.715093   4.317036  -1.733515
    29  0.11302980    3.075697   70.927330      -2.529057   0.524785   3.752580
    30  0.01222482    0.332654    7.671197      -2.503842  -1.426788  -1.925242
    31  0.10554230    2.871952   66.228849      -2.144890   3.326186  -1.273391
    32  0.10987889    2.989957   68.950105      -2.153709   6.211120   0.397977
    33  0.10260895    2.792132   64.388142      -1.934047   5.247266  -2.030303
    34  0.08590297    2.337539   53.904975      -1.758970  -0.157664   0.400176
    35  0.12181896    3.314862   76.442615      -1.409383   7.310300  -0.199751
    36 -0.01156030   -0.314572   -7.254203      -1.225418  -0.259757  -3.536391
    37  0.13797032    3.754363   86.577758      -1.086247   4.384788   1.108154
*   38 -0.01773959   -0.482719  -11.131771      -0.858111  -1.347941  -3.849563
    39  0.09681249    2.634402   60.750803      -0.820114   5.313956  -2.063802
    40  0.10496709    2.856300   65.867901      -0.828431   6.328250   0.419366
    41  0.16068284    4.372402  100.830086      -0.384913   1.651046   1.781220
    42  0.04983137    1.355981   31.269683       0.085740  -0.426017   1.594023
    43  0.09396705    2.556973   58.965263       0.130615  -3.290337   0.919174
    44  0.10626543    2.891629   66.682620       0.756788   2.359081  -1.171305
    45  0.07013968    1.908598   44.013350       0.869750  -0.792471   1.996423
    46  0.15066451    4.099790   94.543485       0.851827   3.131300   1.419811
    47  0.00969216    0.263737    6.081925       1.266633   0.826333  -2.520478
    48  0.16136370    4.390930  101.257334       1.450573   4.115159   0.970819
    49  0.05966998    1.623703   37.443510       1.679969  -3.456266   1.990648
    50  0.07492436    2.038796   47.015788       1.588693  -1.303082  -3.152578
    51  0.12651952    3.442771   79.392266       1.688953   0.381408   1.725931
    52  0.07978077    2.170945   50.063228       2.125828  -2.353478  -0.006886
    53  0.08960417    2.438253   56.227513       2.833188  -3.534730  -0.932946
    54  0.05978160    1.626740   37.513550       2.775412  -1.307011  -4.186763
    55  0.07052573    1.919103   44.255598       2.909260  -3.188355  -2.862265
    56  0.13525781    3.680552   84.875626       3.118753  -1.492847   0.699903
    57  0.14123517    3.843205   88.626485       3.018720  -0.799115   1.731324
    58  0.14706339    4.001798   92.283750       3.202951   2.163296   0.389997
    59  0.12968455    3.528896   81.378352       3.698833  -1.838827   1.344079
    60  0.07658131    2.083883   48.055539       3.780225   0.226979  -4.184060
    61  0.11858874    3.226964   74.415619       4.169157  -0.703520   3.841215
    62  0.09290664    2.528118   58.299845       4.309402  -3.955618  -1.832756
    63  0.14696612    3.999152   92.222711       4.231779   1.736887   1.183762
    64  0.11314099    3.078723   70.997103       4.522313  -2.338291   2.212151
    65  0.12310354    3.349818   77.248702       4.718889  -1.753093   3.309525
    66  0.13237087    3.601995   83.064047       5.087494  -0.969460   4.496190
    67  0.14087359    3.833365   88.399589       5.011348   0.664336   0.809323
    68  0.09380459    2.552553   58.863318       6.020869  -0.191648  -3.031211
    69  0.11197683    3.047045   70.266584       5.965933   0.863090   2.624073
    70  0.10998755    2.992913   69.018287       6.463173  -0.794314   1.205928
    71  0.10507760    2.859307   65.937247       6.491984  -0.104031  -1.131662
    72  0.10054681    2.736018   63.094127       6.628547  -1.757436  -2.023874
    73  0.11650895    3.170370   73.110531       6.608228  -0.252376   2.271277
    74  0.12936498    3.520200   81.177820       6.642532   0.311106   3.540518
    75  0.12588916    3.425618   78.996706       7.099642  -1.491092   1.982968
 
 Number of surface maxima:    93
   #       a.u.         eV      kcal/mol           X/Y/Z coordinate(Angstrom)
     1  0.18573899    5.054215  116.553074      -7.992847  -4.534472   1.052972
     2  0.13991310    3.807229   87.796868      -7.352409  -3.615222  -0.154950
     3  0.18106654    4.927071  113.621063      -7.350884  -2.689805  -1.604939
     4  0.12208511    3.322105   76.609628      -6.936396  -2.957840   1.447015
     5  0.14276519    3.884838   89.586582      -6.606197  -4.603083   1.977528
     6  0.11678530    3.177890   73.283943      -6.427224  -5.071636   0.238271
     7  0.13518585    3.678594   84.830473      -5.717345  -2.265625  -1.557880
     8  0.18889014    5.139962  118.530449      -5.623153  -5.221149   3.188175
     9  0.17073123    4.645833  107.135555      -5.279021   0.296040   1.448351
    10  0.15513404    4.221412   97.348164      -5.073709  -2.665204   0.935980
    11  0.14869660    4.046240   93.308605      -4.818905  -4.082876   0.181266
    12  0.11453685    3.116706   71.873017      -4.893668   0.549099  -0.381414
    13  0.17403084    4.735620  109.206094      -4.768334   1.732787   3.300471
    14  0.17051415    4.639926  106.999336      -4.407371  -1.596173  -2.130482
    15  0.17487215    4.758513  109.734024      -4.502911   2.608276  -0.519855
    16  0.20430620    5.559454  128.204181      -4.479551   3.508726  -0.020461
    17  0.13942631    3.793983   87.491402      -4.319123   2.200013   1.172322
    18  0.18993696    5.168447  119.187340      -4.268309   6.430881  -1.184309
    19  0.17870795    4.862891  112.141027      -4.199476   4.063513   1.274014
    20  0.17462979    4.751918  109.581937      -4.025139   0.124607   3.352732
    21  0.15110946    4.111897   94.822697      -3.968508   1.077376   2.109822
    22  0.12477914    3.395413   78.300161      -3.896078   3.510559   3.153600
    23  0.14223247    3.870342   89.252298      -3.484211  -0.550982  -0.527392
    24  0.13807875    3.757314   86.645794      -3.568010   0.022636   1.508597
    25  0.13816866    3.759760   86.702216      -3.069382  -2.754822  -1.004272
    26  0.18506869    5.035975  116.132456      -2.988158   2.733150   0.378938
    27  0.14243902    3.875963   89.381907      -2.679464   1.597427   3.083388
    28  0.14565263    3.963409   91.398479      -2.702196   6.885849  -1.171935
    29  0.20783920    5.655592  130.421174      -2.635458  -4.018667   2.748448
    30  0.19067228    5.188457  119.648764      -2.463090  -1.395488   1.043224
    31  0.15971004    4.345931  100.219646      -2.411870   3.319153   1.365462
    32  0.18699836    5.088484  117.343343      -2.268099  -1.313359   1.335681
    33  0.12919198    3.515493   81.069261      -2.192216  -0.560975   3.166678
    34  0.05538773    1.507177   34.756356      -2.037691   1.808301  -2.778391
    35  0.17929568    4.878884  112.509832      -2.023288   3.156378   3.447574
    36  0.17864559    4.861194  112.101896      -1.898071  -3.485714  -0.274040
    37  0.16302732    4.436199  102.301274      -1.866462   0.811357   0.282203
    38  0.13450495    3.660066   84.403199      -1.567198  -0.169904  -0.567621
    39  0.15831758    4.308040   99.345865      -1.492795   4.475191  -1.172529
    40  0.16930680    4.607072  106.241708      -1.483909   5.041232   0.309361
    41  0.19038285    5.180581  119.467143      -1.369958   7.904485  -1.592074
    42  0.20609830    5.608220  129.328747      -1.307035  -2.948085   1.652863
    43  0.09168543    2.494888   57.533527      -1.377101  -1.226347  -2.123057
    44  0.18352524    4.993976  115.163921      -1.254862   2.340348   1.842965
    45  0.17127416    4.660607  107.476247      -0.955998  -1.337842   0.291218
    46  0.18101004    4.925534  113.585612      -0.936803   0.923123   3.320324
    47  0.13166098    3.582677   82.618579      -0.600370  -2.445250  -1.071688
    48  0.18599896    5.061289  116.716209      -0.470873   2.602580  -0.565132
    49  0.21915597    5.963537  137.522561      -0.350239   2.864370   1.002089
    50  0.15021821    4.087645   94.263427      -0.122873   6.775130  -1.197535
    51  0.15656201    4.260269   98.244228       0.089316   0.901536  -0.776566
    52  0.03147025    0.856349   19.747897       0.230088  -3.185884  -3.962524
    53  0.13191674    3.589637   82.779072       0.143096  -2.351796   2.176934
    54  0.11649182    3.169904   73.099782       0.340573  -0.302199  -2.449112
    55  0.19012148    5.173469  119.303131       0.483169  -2.277361   3.973322
    56  0.16146432    4.393668  101.320475       0.754865  -3.983202  -0.655465
    57  0.17359639    4.723798  108.933468       1.044651  -0.410572   0.035720
    58  0.18430450    5.015181  115.652920       1.161387   4.765919  -0.377101
    59  0.12802249    3.483669   80.335391       1.261308  -1.486038  -1.454850
    60  0.20516272    5.582761  128.741658       1.424171   6.197487  -0.916966
    61  0.19759802    5.376916  123.994736       1.663516   2.395694   1.500358
    62  0.08833408    2.403693   55.430521       1.675460  -0.955681  -3.704022
    63  0.12588737    3.425569   78.995582       1.858926  -3.149558  -1.594418
    64  0.19782966    5.383219  124.140091       1.938813   2.621853   1.061975
    65  0.13344301    3.631169   83.736820       2.424282  -1.633770   1.291746
    66  0.15944303    4.338665  100.052094       2.326650  -1.095466  -1.064901
*   67  0.24179524    6.579583  151.728928       2.333035   2.737727   2.765223
    68  0.23321524    6.346109  146.344897       2.534294   4.173276  -0.150601
    69  0.20283649    5.519462  127.281925       2.594565  -0.159103   0.923549
    70  0.08019713    2.182275   50.324501       3.127063  -0.023759  -4.242014
    71  0.09975076    2.714356   62.594601       3.528716  -3.988218  -1.715592
    72  0.19227914    5.232181  120.657081       3.407716  -1.607842   2.785556
    73  0.21943733    5.971193  137.699117       3.515636   0.888450   0.195032
    74  0.14965437    4.072303   93.909616       3.536434   1.313924  -2.900576
    75  0.19435995    5.288803  121.962812       3.533259   1.710612   2.784146
    76  0.17663601    4.806510  110.840864       4.151275  -0.867704   2.363008
    77  0.21662788    5.894744  135.936161       4.078650   1.846920   4.239041
    78  0.17226881    4.687673  108.100402       4.450623  -3.338706  -0.127150
    79  0.18286747    4.976077  114.751163       4.384282  -1.625142  -0.328889
    80  0.14700892    4.000316   92.249570       4.573991  -3.413578  -3.250560
    81  0.12716949    3.460458   79.800124       4.573991  -1.836342  -2.863973
    82  0.13931080    3.790840   87.418922       4.623152  -1.228259  -4.372598
    83  0.15492710    4.215781   97.218303       4.976429  -0.299031  -0.532555
    84  0.16132983    4.390008  101.236082       5.205460   0.559845   4.294809
    85  0.20384957    5.547029  127.917643       5.514339  -2.925943   0.003950
    86  0.17539394    4.772712  110.061450       5.373915  -0.032078   1.715347
    87  0.16547760    4.502874  103.838848       5.760721   1.020585  -1.861363
    88  0.15498436    4.217339   97.254233       6.015523  -1.650371  -3.505359
    89  0.17263028    4.697509  108.327229       6.512608  -1.630769  -0.423231
    90  0.15532193    4.226525   97.466066       6.464652  -1.492847   3.603601
    91  0.20026486    5.449484  125.668202       6.452682  -0.418904   4.896934
    92  0.11312463    3.078278   70.986837       6.769082  -0.578100  -2.027145
    93  0.19700691    5.360831  123.623808       6.969244  -2.822049   2.775807
