 Number of surface minima:    54
   #       a.u.         eV      kcal/mol           X/Y/Z coordinate(Angstrom)
     1  0.14060326    3.826009   88.229954      -6.582918   1.590932  -0.269382
     2  0.13057348    3.553085   81.936161      -6.468514  -0.375153   0.155908
     3  0.13569499    3.692448   85.149962      -6.348532   1.281570  -2.402464
     4  0.12546054    3.413955   78.727740      -6.204299  -0.772401  -2.099941
     5  0.12351293    3.360958   77.505600      -5.887516   0.581855   0.223679
     6  0.11582971    3.151887   72.684299      -5.550664   0.150888  -2.373695
     7  0.12359990    3.363324   77.560171      -5.401212  -0.372497   0.431117
     8  0.11426862    3.109407   71.704702      -5.113181  -0.755144  -2.182034
     9  0.13180692    3.586649   82.710159      -5.104796   1.765071   0.077814
    10  0.12187376    3.316354   76.477006      -4.881551   1.212459  -2.493917
    11  0.14042020    3.821028   88.115078      -4.100107  -0.295283   0.518689
    12  0.13720675    3.733585   86.098606      -4.181569   1.625731   0.176746
    13  0.12507676    3.403512   78.486916      -3.793475  -0.757345  -2.053953
    14  0.12166186    3.310587   76.344032      -3.771722   1.243315  -2.422047
    15  0.14661177    3.989509   92.000350      -3.540149   0.663853   0.388891
    16  0.12924386    3.516904   81.101817      -3.248202   0.181792  -2.164417
    17  0.19237767    5.234863  120.718911      -2.389251   2.661899   1.095026
    18  0.04935295    1.342962   30.969472      -1.852374  -2.949567   3.355177
    19  0.11462662    3.119149   71.929351      -1.807017  -0.644126   1.796460
    20  0.18402871    5.007676  115.479853      -1.633333   1.802134   0.631692
    21  0.06894713    1.876147   43.265011      -1.489272  -3.213282   1.135306
    22  0.12884911    3.506163   80.854108      -1.423440  -2.302219  -0.959069
    23  0.18373245    4.999614  115.293947      -1.445567   0.503811   1.317783
    24  0.19123230    5.203696  120.000183      -1.487030   3.040516   0.116524
    25  0.14513392    3.949295   91.072986      -1.143016  -0.225016   0.862235
    26  0.18566158    5.052108  116.504497      -1.269012   3.356179   2.832229
    27  0.19806235    5.389551  124.286108      -1.114084   4.283996  -0.304296
    28  0.07034964    1.914311   44.145101      -0.458632  -3.523215   0.494944
    29  0.08025043    2.183725   50.357949      -0.405919   0.251368  -1.275124
    30  0.17748946    4.829734  111.376412      -0.303207   2.603083   2.755584
    31  0.18794097    5.114134  117.934840      -0.318828   3.224197  -0.699689
    32  0.18014724    4.902056  113.044197      -0.125838   3.721721   2.248611
    33  0.19235188    5.234161  120.702726      -0.074845   4.929088   1.506082
    34  0.04262970    1.160013   26.750561       0.278517  -2.225955   2.816550
    35  0.18611598    5.064473  116.789640       0.360728   2.305740  -0.813898
    36  0.19782074    5.382976  124.134494       0.666786   3.537805  -1.204583
    37  0.18534495    5.043493  116.305810       0.927166   3.990652   1.487966
    38  0.03363856    0.915352   21.108536       1.197984  -0.951011  -2.253747
*   39  0.00361715    0.098428    2.269800       1.298740  -4.073511  -1.066535
    40  0.19561671    5.323001  122.751441       1.584415   3.195600   1.355410
    41  0.03538947    0.962997   22.207249       1.633991  -0.355004   2.432323
    42  0.00669772    0.182254    4.202889       2.514028  -3.687046   0.150473
    43  0.16569120    4.508687  103.972886       3.450271   1.218261   0.925473
    44  0.12854680    3.497936   80.664400       3.601505  -1.437140  -0.876782
    45  0.16349124    4.448823  102.592385       4.128438   0.706547  -2.605811
    46  0.17713655    4.820131  111.154960       4.050542   2.673499  -1.489796
    47  0.13933964    3.791624   87.437016       4.507899  -0.633859  -0.401842
    48  0.16171250    4.400421  101.476214       4.537828   1.364316   0.735085
    49  0.16657208    4.532657  104.525647       4.662098   1.678487  -2.201184
    50  0.15292854    4.161397   95.964186       5.041775   0.292201   0.010457
    51  0.16778372    4.565627  105.285965       5.323569   0.689084  -2.659829
    52  0.15697903    4.271617   98.505908       5.588746  -0.501565  -0.833202
    53  0.18008430    4.900343  113.004696       5.588158   2.541204  -1.606551
    54  0.17290522    4.704990  108.499753       5.928626   1.615144   0.255993
 
 Number of surface maxima:    56
   #       a.u.         eV      kcal/mol           X/Y/Z coordinate(Angstrom)
     1  0.19824807    5.394604  124.402647      -7.324795  -1.111147  -0.984742
     2  0.20496463    5.577371  128.617357      -7.195288   2.193423  -1.490611
     3  0.15873879    4.319502   99.610181      -6.939631   0.586843  -1.117718
     4  0.16073650    4.373862  100.863759      -5.740176  -1.643237  -0.720727
     5  0.16746834    4.557045  105.088059      -5.581331   2.673499  -1.302392
     6  0.20905447    5.688662  131.183773      -4.573650  -2.717468  -0.325882
     7  0.18155335    4.940318  113.926540      -4.445108   0.584743  -0.179071
     8  0.17393854    4.733108  109.148174      -4.308661   0.313815  -1.768864
     9  0.21974945    5.979686  137.894974      -4.219915   3.700159  -1.548970
    10  0.19784380    5.383604  124.148966      -3.896129  -1.396869   2.318215
    11  0.19363774    5.269151  121.509616      -3.289158  -1.699111  -0.067254
    12  0.18466212    5.024912  115.877327      -3.106392   2.578079  -1.124195
    13  0.25988886    7.071935  163.082857      -2.683009   3.467264   2.296822
    14  0.20061662    5.459056  125.888932      -2.507736  -2.812932  -0.279133
    15  0.13928113    3.790032   87.400304      -2.416469  -1.759182   1.568382
    16  0.20168821    5.488215  126.561371      -2.316636  -0.872655   0.751442
    17  0.18809201    5.118244  118.029616      -2.175611   0.324498   0.070275
    18  0.18963778    5.160306  118.999604      -1.966873  -1.299649  -1.693395
    19  0.17891102    4.868416  112.268453      -1.973127   0.282154  -1.264720
    20  0.22308191    6.070367  139.986127      -1.820323   1.946404   2.363494
    21  0.18845530    5.128130  118.257585      -1.722715  -0.645003   4.617599
    22  0.14115121    3.840920   88.573794      -1.719438  -0.173474   2.693705
    23  0.23796546    6.475370  149.325708      -1.696271   0.688828   2.840871
    24  0.23952324    6.517759  150.303227      -1.621823   2.119567  -1.023036
    25  0.21989201    5.983566  137.984434      -1.556192   4.260174   1.370767
    26  0.09044493    2.461132   56.755100      -1.137614  -3.382822   2.449735
    27  0.20415514    5.555344  128.109391      -1.181599   3.719827  -0.263575
    28  0.16369116    4.454263  102.717842      -0.919731  -2.002898  -0.228230
    29  0.26116017    7.106530  163.880619      -0.894263   5.537000   0.418404
    30  0.20087002    5.465951  126.047946      -0.635169   0.291542   1.235244
    31  0.17706748    4.818251  111.111613      -0.497380  -0.792158   1.039625
    32  0.25932401    7.056565  162.728410      -0.278918   2.140503   0.293560
    33  0.04790731    1.303624   30.062314      -0.050709  -3.891428  -2.548278
    34  0.14529229    3.953604   91.172367       0.098693  -4.338099   1.569952
    35  0.15346898    4.176103   96.303321       0.149292  -1.038531  -1.302486
    36  0.19405656    5.280547  121.772430       0.403854   0.365148  -0.011528
    37  0.22631984    6.158476  142.017961       0.446643   4.696280  -0.084475
    38  0.25751508    7.007342  161.593291       0.488979   2.601504   1.635351
    39  0.11913899    3.241937   74.760910       0.948089  -3.029883   0.308088
    40  0.13422159    3.652355   84.225390       1.242590  -1.408099   1.664580
    41  0.21879930    5.953832  137.298751       1.594865   1.602544  -1.208086
*   42  0.27596291    7.509333  173.169486       1.858530   4.490669  -0.884702
    43  0.12533516    3.410543   78.649063       1.908133  -1.822322  -0.850718
    44  0.17670648    4.808428  110.885085       2.123146  -0.382500   0.253720
    45  0.25505266    6.940336  160.048095       2.375547   3.067650   0.022292
    46  0.16557418    4.505503  103.899453       2.710547  -1.116432  -0.979177
    47  0.24638391    6.704447  154.608370       3.485511   1.341185  -1.508726
    48  0.22345952    6.080643  140.223085       3.612540  -1.681888  -2.459263
    49  0.27053986    7.361764  169.766467       3.586577   3.838909   0.833065
    50  0.23562142    6.411585  147.854798       3.736037   0.634316  -0.084475
    51  0.05713925    1.554838   35.855450       4.124704  -2.487952   0.964972
    52  0.19749550    5.374126  123.930403       4.794392  -0.702017  -2.093429
    53  0.21438516    5.833717  134.528834       4.859378   3.070382  -0.019489
    54  0.19875949    5.408521  124.723568       6.088384   1.343736  -1.295869
    55  0.23525113    6.401509  147.622434       6.381924  -0.171857  -2.136065
    56  0.24500814    6.667011  153.745061       6.451091   2.742666  -0.512002
