 Number of surface minima:    60
   #       a.u.         eV      kcal/mol           X/Y/Z coordinate(Angstrom)
     1  0.13457923    3.662087   84.449810      -7.278061  -2.004397  -1.989679
     2  0.12342555    3.358580   77.450770      -6.693788  -2.392085  -0.744878
     3  0.11963171    3.255344   75.070092      -6.484296  -1.323318  -1.263642
     4  0.11584282    3.152243   72.692526      -6.086446  -2.835552   0.273097
     5  0.13376315    3.639880   83.937713      -5.826482  -3.014886  -3.327155
     6  0.12989311    3.534571   81.509223      -5.357462  -4.696185  -1.593741
     7  0.12215045    3.323883   76.650630      -4.961795  -3.570567  -2.320243
     8  0.11764587    3.201307   73.823962      -4.746581  -2.551469  -2.891664
     9  0.11446529    3.114759   71.828114      -4.367587  -4.052683  -1.380600
    10  0.15791169    4.296996   99.091167      -3.848418   0.606093   0.137352
    11  0.14531200    3.954141   91.184733      -3.309232  -2.395056  -1.409320
    12  0.17445450    4.747148  109.471944      -3.247991   2.976884  -1.003322
    13  0.14951592    4.068535   93.822738      -2.986842  -1.124239  -1.990623
    14  0.10403738    2.831001   65.284499      -2.485986  -2.392232   3.223805
    15  0.13213045    3.595453   82.913181      -2.230018   7.099708  -0.901135
    16  0.16072194    4.373466  100.854622      -2.079551   2.349132  -1.409728
    17  0.11744339    3.195797   73.696905      -2.245610   5.892094  -1.196435
    18  0.13858583    3.771112   86.963994      -1.986289  -0.396532  -1.527505
    19  0.12324903    3.353777   77.339998      -1.814088   1.952697   1.238813
    20  0.10985313    2.989256   68.933940      -1.860876   5.752257   1.437803
    21  0.12788094    3.479817   80.246568      -1.866033   6.941815   1.298067
    22  0.13616163    3.705146   85.442786      -1.791403   3.141100   1.247031
    23  0.00786237    0.213946    4.933719      -1.294657  -0.271733   2.830711
    24  0.09753776    2.654138   61.205922      -1.284791  -3.505536   2.261419
    25  0.14447651    3.931406   90.660456      -1.320213  -1.512972  -0.131458
    26  0.12185518    3.315848   76.465345      -1.051337   6.424450  -1.316824
    27  0.11526041    3.136395   72.327062      -0.694068   6.137178   1.264664
    28  0.06517092    1.773391   40.895403      -0.192482  -1.653416  -1.387465
    29  0.05227400    1.422448   32.802459      -0.002495  -0.462862  -1.461644
    30  0.11595231    3.155223   72.761233       0.028978   5.887359  -1.530325
    31  0.12991102    3.535059   81.520467       0.130420   7.009884  -1.264982
    32  0.10721726    2.917530   67.279905       0.363518   5.655198   1.115872
    33  0.05277044    1.435957   33.113979       0.691075  -4.020455  -1.958335
    34  0.03676298    1.000372   23.069138       1.307874  -3.223047   0.380090
*   35 -0.02271194   -0.618023  -14.251972       1.346126  -1.202309   3.884550
    36 -0.01380977   -0.375783   -8.665770       1.338215   0.066410   3.602944
    37  0.10243338    2.787354   64.277973       1.724458  -1.518182  -1.989810
    38  0.10826133    2.945941   67.935070       1.640952   0.635768  -0.375310
    39  0.11941278    3.249387   74.932711       1.850246   1.786236   0.844484
    40  0.14731921    4.008760   92.444277       2.450208   2.915375  -1.990623
    41  0.09480454    2.579763   59.490794       2.563513  -2.537817  -1.045088
    42  0.13120421    3.570248   82.331955       2.704577   3.037451   0.318946
    43  0.00663234    0.180475    4.161857       2.962778  -1.256533   1.767796
    44  0.10211177    2.778603   64.076155       3.964815  -1.367408   1.187491
    45  0.10870142    2.957916   68.211229       4.452572  -2.051923  -1.599418
    46  0.10023689    2.727584   62.899649       4.646486  -2.421534  -0.520981
    47  0.09933632    2.703079   62.334533       4.745299  -2.607329   0.780036
    48  0.11259079    3.063751   70.651847       5.088413   0.394102  -0.869165
    49  0.10038104    2.731507   62.990107       5.279972  -0.600111   1.440734
    50  0.10232866    2.784504   64.212257       5.262800   0.020255   0.248291
    51  0.09958159    2.709753   62.488443       5.462675  -1.995895  -2.494056
    52  0.08700002    2.367391   54.593385       5.788348  -2.778584  -0.205317
    53  0.10170582    2.767556   63.821416       6.113865   0.473093  -1.697442
    54  0.09608516    2.614610   60.294396       6.364961  -2.291072  -2.109271
    55  0.08783026    2.389983   55.114364       6.272014  -0.274416   0.579025
    56  0.09251690    2.517513   58.055281       6.510607  -2.701430  -0.903769
    57  0.09728391    2.647230   61.046628       6.938603   0.198704  -1.400272
    58  0.09347878    2.543687   58.658869       7.121126  -0.234101  -0.146223
    59  0.11242116    3.059135   70.545403       7.766184  -2.502338  -1.604954
    60  0.11313171    3.078470   70.991279       8.204301  -0.461518  -0.931379
 
 Number of surface maxima:    69
   #       a.u.         eV      kcal/mol           X/Y/Z coordinate(Angstrom)
     1  0.20295870    5.522787  127.358616      -7.333912  -2.737711  -3.313566
     2  0.19993684    5.440558  125.462364      -6.771896  -5.023303  -0.994799
     3  0.15882829    4.321938   99.666339      -6.801934  -3.690881  -2.013990
     4  0.16552479    4.504159  103.868463      -6.242536  -1.393082  -3.068994
     5  0.16158321    4.396903  101.395078      -5.488276  -4.493932  -0.006209
     6  0.18395074    5.005554  115.430931      -5.425941  -1.939193  -0.595887
     7  0.22105129    6.015111  138.711893      -5.423403   0.061947  -3.312598
     8  0.18206287    4.954183  114.246272      -4.367587  -2.647816  -1.529786
     9  0.20262859    5.513804  127.151464      -4.431563   0.066410  -2.186894
    10  0.21308198    5.798256  133.711073      -4.338317  -4.545217   1.208824
    11  0.19644085    5.345427  123.268599      -4.200057  -3.082826   2.798068
    12  0.24444788    6.651765  153.393491      -4.185028   2.617143   0.158091
    13  0.21616911    5.882261  135.648280      -4.165186   5.063630   0.390674
    14  0.18768751    5.107237  117.775791      -3.970704  -2.976359   1.229406
*   15  0.24975415    6.796156  156.723227      -3.770773   1.389353  -2.387506
    16  0.17808481    4.845934  111.749999      -3.573821  -1.274021   1.666644
    17  0.22458545    6.111281  140.929618      -3.631759  -0.653000   0.332736
    18  0.18755131    5.103531  117.690324      -3.309232  -3.394918   0.512660
    19  0.19678687    5.354843  123.485726      -3.216744   3.890727   0.101013
    20  0.21013690    5.718116  131.863005      -3.108875   1.521647  -0.825478
    21  0.16078898    4.375291  100.896692      -3.122221   6.284242   0.313097
    22  0.22148736    6.026978  138.985535      -2.632913  -1.266821  -0.673492
    23  0.12870571    3.502261   80.764123      -2.538438  -3.902419   2.722158
    24  0.19919811    5.420456  124.998809      -2.515466   7.944907   0.363911
    25  0.19528824    5.314063  122.545325      -2.412319  -4.574266   1.025927
    26  0.13308522    3.621433   83.512304      -1.387795  -2.377865   3.168854
    27  0.17720179    4.821906  111.195893      -1.431317  -2.033476   0.922239
    28  0.19072142    5.189794  119.679600      -1.349876   0.985438  -1.366414
    29  0.18897884    5.142376  118.586111      -1.233448  -3.381645   0.362951
    30  0.22684429    6.172747  142.347061      -1.032867   2.580002  -1.005225
    31  0.18242072    4.963920  114.470825      -1.029484   5.093593  -0.865857
    32  0.15553383    4.232291   97.599032      -0.957721   7.603120  -0.007257
    33  0.17148950    4.666467  107.611379      -0.771464  -0.806300   0.047142
    34  0.21151455    5.755604  132.727497      -0.775356   2.595525   0.549800
    35  0.17487303    4.758537  109.734578      -0.770108   4.980899   0.689926
    36  0.15791432    4.297067   99.092814      -0.265062   0.728410   0.918612
    37  0.10768562    2.930275   67.573803      -0.000085  -0.592016   2.513295
    38  0.19187614    5.221215  120.404195       0.554971   1.840361  -1.539616
    39  0.19842060    5.399299  124.510909       0.728511   7.940688  -0.170707
    40  0.02525717    0.687282   15.849125       1.064225  -3.247324   3.847263
    41  0.16452885    4.477058  103.243501       1.130122   1.462995   0.199728
    42  0.19058104    5.185974  119.591507       1.188774   3.902945  -0.999325
    43  0.18960516    5.159419  118.979135       1.340122  -0.844617  -0.378218
    44  0.16192971    4.406331  101.612512       1.246820   6.342289  -0.372815
    45  0.18625021    5.068126  116.873870       1.429208  -2.314888  -3.895037
    46  0.05526428    1.503817   34.678888       1.461720   2.325113   2.780596
    47  0.18743179    5.100278  117.615320       1.373611   3.791975  -0.085961
    48  0.14540480    3.956666   91.242967       1.635352   0.380694   0.522968
    49  0.09868855    2.685452   61.928051       1.718122  -2.050344   0.920004
    50  0.09632768    2.621210   60.446584       1.906375  -0.698606   2.034335
    51  0.21926086    5.966391  137.588380       2.144096   1.312077  -2.200193
    52  0.22037117    5.996604  138.285113       2.236827   0.082012  -1.997045
    53  0.21884610    5.955105  137.328115       2.326672   5.079246  -0.557616
    54  0.21548470    5.863637  135.218805       2.565944   4.221760  -1.035781
    55  0.15187183    4.132643   95.301094       2.882912  -1.960613  -0.677663
    56  0.17978974    4.892328  112.819861       3.022236   1.648404   0.476199
    57  0.19142288    5.208882  120.119774       3.162292   0.577417  -0.407332
    58  0.15786589    4.295749   99.062425       3.139975   2.306401  -1.087291
    59  0.17293291    4.705744  108.517128       3.296437  -4.028019  -1.989513
    60  0.21406947    5.825126  134.330731       3.747164   0.066410  -3.268768
    61  0.15844824    4.311596   99.427857       4.789115  -1.771223   2.032952
    62  0.14673128    3.992761   92.075345       5.578417  -1.868284  -1.185463
    63  0.14872659    4.047056   93.327420       5.923357  -0.334007  -0.812388
    64  0.12592286    3.426535   79.017853       6.223885  -1.911979   1.336000
    65  0.18840090    5.126649  118.223447       6.960262  -0.379934  -3.975038
    66  0.13965264    3.800142   87.633427       7.664629  -0.989977  -2.649455
    67  0.17340170    4.718500  108.811302       7.795574  -2.294407   1.310688
    68  0.13406399    3.648067   84.126495       8.071315  -1.779524  -0.266147
    69  0.18146585    4.937937  113.871636       8.975115  -1.526219  -1.606412
