 Number of surface minima:    67
   #       a.u.         eV      kcal/mol           X/Y/Z coordinate(Angstrom)
     1  0.13050757    3.551292   81.894807      -6.492990   2.388093  -0.603513
     2  0.14166666    3.854946   88.897246      -6.456513   1.610240  -2.566026
     3  0.11345652    3.087309   71.195103      -6.186162  -1.429568   0.852105
     4  0.12416315    3.378651   77.913617      -5.972654   1.590158  -1.370352
     5  0.11092324    3.018375   69.605440      -5.806221  -4.079930   0.576262
     6  0.12130597    3.300903   76.120711      -5.830056  -0.073203  -0.440887
     7  0.13212455    3.595292   82.909475      -5.576059  -2.905838  -2.990024
     8  0.12184002    3.315436   76.455831      -5.565468   1.859142  -0.264807
     9  0.12595908    3.427521   79.040581      -5.547436   4.264811  -1.512418
    10  0.11890976    3.235699   74.617062      -5.458695  -4.802849  -1.009683
    11  0.13457656    3.662014   84.448138      -5.455215   3.400553  -3.381312
    12  0.13429845    3.654447   84.273620      -5.351248  -0.919038  -2.637915
    13  0.13300102    3.619142   83.459472      -5.193404   0.871045  -2.190664
    14  0.11533354    3.138385   72.372952      -4.833017   3.782241  -2.322958
    15  0.11646894    3.169281   73.085425      -4.673986  -0.266182   1.056221
    16  0.11934327    3.247496   74.889097      -4.374819  -4.969433   0.190634
    17  0.13927875    3.789968   87.398811      -4.434970   0.608342  -1.926075
    18  0.13883554    3.777907   87.120692      -4.398224   1.410937   0.044377
    19  0.11485060    3.125244   72.069900      -4.442716   4.040249  -1.264603
    20  0.14598718    3.972513   91.608415      -4.212763  -1.952302  -3.607742
    21  0.11960595    3.254644   75.053932      -4.071766   3.088256  -3.095010
    22  0.07360245    2.002825   46.186275      -3.845642  -2.771158   3.286563
    23  0.15139680    4.119716   95.003005      -3.792971   0.721164  -0.838197
    24  0.12483435    3.396915   78.334801      -3.207219   3.529315  -1.013819
    25  0.11919792    3.243540   74.797888      -3.121323   2.715756  -2.921582
    26  0.16796065    4.570442  105.396989      -2.814156   0.217400  -1.529192
    27  0.17613822    4.792965  110.528494      -2.551315  -0.704527  -0.338543
    28  0.12720106    3.461317   79.819938      -2.607354   2.965136  -1.661486
    29  0.19238262    5.234997  120.722017      -2.406175  -3.989746  -1.802088
    30  0.18713691    5.092254  117.430280      -2.361565  -1.260142  -1.661486
    31  0.17692787    4.814452  111.024010      -2.278293  -3.207693   0.455223
    32  0.04890700    1.330827   30.689634      -2.385136   0.273604   2.969720
    33  0.18099290    4.925067  113.574856      -2.206640  -3.564924  -0.419368
    34  0.12971899    3.529833   81.399966      -1.596639   0.668494   1.301094
    35  0.18690889    5.086050  117.287198      -1.321533  -1.453411  -2.301447
    36  0.18326671    4.986941  115.001694      -1.230905  -3.755211  -1.000015
    37  0.10042793    2.732783   63.019531      -0.971825   3.294178  -0.765695
    38  0.03310507    0.900835   20.773760      -0.880162  -1.014088   3.261916
    39  0.07912013    2.152968   49.648675      -0.627607   1.088477  -1.000015
    40  0.20071289    5.461675  125.949344      -0.270462  -1.847083  -2.846015
    41  0.18719503    5.093836  117.466754      -0.397097  -1.035939  -1.780153
    42  0.01978182    0.538291   12.413292      -0.112570  -1.051332   2.629297
    43  0.03318248    0.902941   20.822336       0.148495   3.596641   1.942215
    44  0.04776342    1.299709   29.972025       0.411915   5.308927   0.204721
*   45 -0.00411027   -0.111846   -2.579238       0.633183   1.456873   4.014882
    46  0.05206728    1.416823   32.672741       1.049247   3.161023  -0.647317
    47  0.04187234    1.139404   26.275309       1.342574   1.783020  -1.132309
    48  0.00131339    0.035739    0.824168       1.901479   0.933082   3.630286
    49  0.15905029    4.327979   99.805650       2.101897  -2.112151   0.577899
    50  0.06195867    1.685981   38.879682       2.792209   3.345205  -0.982873
    51  0.15554027    4.232466   97.603075       3.140422  -2.516503   0.547380
    52  0.17140951    4.664290  107.561181       3.281142  -2.513342  -2.085720
    53  0.14971037    4.073826   93.944752       3.957870  -1.846048   0.588745
    54  0.16216254    4.412667  101.758618       4.112979  -1.695425  -2.030703
    55  0.16269672    4.427203  102.093818       4.121058  -0.630456  -2.021464
    56  0.16814046    4.575335  105.509818       4.245393  -3.147532   0.352274
    57  0.05925643    1.612449   37.184000       4.197355   2.249292   0.814664
    58  0.17342015    4.719002  108.822876       4.636437  -2.900634  -1.771401
    59  0.06667668    1.814365   41.840283       4.751261   2.251904  -2.971355
    60  0.08127041    2.211480   50.997995       4.885782  -0.146987   1.994598
    61  0.09233881    2.512667   57.943527       6.208654   0.803087  -2.325300
    62  0.09099586    2.476123   57.100812       6.491675  -1.033282   2.334463
    63  0.08588904    2.337160   53.896234       6.547157   0.610043   1.719715
    64  0.10748848    2.924910   67.450093       7.275916  -2.896604   0.732041
    65  0.09208421    2.505739   57.783763       7.642231   0.887806  -0.877752
    66  0.10726672    2.918876   67.310943       7.681302  -2.764848  -1.266971
    67  0.09638280    2.622709   60.481170       7.798633  -0.399300  -2.194099
 
 Number of surface maxima:    85
   #       a.u.         eV      kcal/mol           X/Y/Z coordinate(Angstrom)
     1  0.19868176    5.406406  124.674792      -6.974132   3.843557  -0.840991
     2  0.18180144    4.947069  114.082224      -6.779009  -1.321623  -0.752023
     3  0.20488579    5.575226  128.567885      -6.644110   2.383105  -3.789926
     4  0.17812467    4.847019  111.775010      -6.608515  -3.685679  -0.859221
     5  0.15868616    4.318070   99.577155      -6.494402   3.058617  -2.192810
     6  0.19040853    5.181280  119.483256      -6.474992  -1.832084  -2.312451
     7  0.12985534    3.533543   81.485522      -5.697762  -0.191081   0.521708
     8  0.16371613    4.454942  102.733507      -5.654805  -2.474735  -1.105086
     9  0.14526441    3.952846   91.154871      -5.570135  -2.507178   0.190156
    10  0.15951294    4.340568  100.095963      -5.501042   3.578968   0.058340
    11  0.12839012    3.493673   80.566086      -5.191736  -4.931437  -0.087410
    12  0.16696473    4.543341  104.772036      -5.202412   1.587923  -3.794130
    13  0.15791680    4.297135   99.094373      -5.038149  -3.433029  -1.794745
    14  0.16861211    4.588169  105.805783      -5.053054  -1.322587   1.883898
    15  0.14990886    4.079227   94.069306      -4.791671  -1.855178  -3.549005
    16  0.17153378    4.667671  107.639162      -4.530603  -4.106409   1.473361
    17  0.18057216    4.913618  113.310834      -4.528687   1.540875  -1.276375
    18  0.20738328    5.643186  130.135079      -4.517531   3.566854   1.367956
    19  0.18453397    5.021425  115.796911      -4.374819   0.536199  -0.547493
    20  0.21723517    5.911269  136.317239      -3.876950   0.741696  -4.498758
    21  0.17101969    4.653682  107.316566      -3.843993   2.920205  -1.794932
    22  0.19488407    5.303065  122.291703      -3.713347  -4.830178  -1.471503
    23  0.20949426    5.700629  131.459744      -3.661877  -0.602979  -2.984429
    24  0.24369126    6.631176  152.918705      -3.461275  -1.452670   0.975907
    25  0.18857036    5.131260  118.329784      -3.314651   2.791879   0.855336
    26  0.21180087    5.763395  132.907167      -3.267361  -3.251232  -1.638078
    27  0.18885789    5.139084  118.510212      -3.051876  -1.480957   3.166360
    28  0.19868541    5.406505  124.677083      -3.029042  -1.142932  -1.264603
    29  0.17992155    4.895914  112.902574      -2.933038   0.777886  -3.174267
    30  0.19725338    5.367537  123.778468      -2.853397   0.999267   0.785995
    31  0.19786711    5.384238  124.163589      -2.629701   2.961148   1.821817
    32  0.26094520    7.100680  163.745725      -2.646321  -3.562637  -3.115828
    33  0.20036276    5.452148  125.729633      -2.243981  -1.690217  -2.461450
    34  0.22626421    6.156962  141.983056      -2.125816  -2.816705   1.755875
    35  0.17930365    4.879100  112.514832      -2.125816   5.542838   0.926543
    36  0.17396841    4.733921  109.166920      -1.803120   1.754916  -1.132309
    37  0.21788252    5.928885  136.723463      -1.682760  -0.608276   1.402871
    38  0.22843871    6.216133  143.347577      -1.596639   0.453319  -2.405839
    39  0.04844798    1.318337   30.401590      -1.582386   1.860548   4.175050
    40  0.25486246    6.935160  159.928744      -1.343398  -1.312973  -0.870475
    41  0.22851959    6.218334  143.398328      -1.096434  -3.229064  -2.780863
    42  0.25583261    6.961559  160.537518      -1.060710  -2.752845  -0.198843
    43  0.18248718    4.965729  114.512530      -1.150069   4.794849  -2.008683
    44  0.15049609    4.095207   94.437800      -1.044992   0.414483   1.521819
    45  0.07106069    1.933660   44.591293      -0.900031  -2.506570   3.533127
    46  0.17096867    4.652294  107.284553      -0.817082   2.195875   1.223217
    47  0.19269019    5.243367  120.915021      -0.217366  -0.125272  -0.017626
    48  0.15431394    4.199096   96.833540       0.226476   1.726848  -0.270441
*   49  0.27748701    7.550806  174.125873       0.441795  -3.168041  -3.116724
    50  0.12518203    3.406376   78.552976       0.534880   0.128513   2.462711
    51  0.25366477    6.902569  159.177178       0.937913  -2.879616  -1.386768
    52  0.10731365    2.920153   67.340386       1.077234   2.007180   2.332443
    53  0.08836293    2.404478   55.448622       1.226746   4.417938   0.477797
    54  0.17489024    4.759005  109.745373       1.386196  -0.317501   0.659877
    55  0.26894340    7.318322  168.764671       1.690676  -4.395998  -0.877090
    56  0.14175247    3.857281   88.951091       1.874181   1.484982   0.604402
    57  0.07910608    2.152586   49.639857       1.977179   2.917421  -1.792611
    58  0.15449109    4.203916   96.944706       2.624078   3.439063   1.107794
    59  0.24595126    6.692674  154.336873       2.777967  -1.317231  -1.535234
    60  0.22695108    6.175653  142.414075       2.906538  -1.311160   0.065163
    61  0.22968977    6.250176  144.132626       2.869148   0.793748  -1.943561
    62  0.20468825    5.569851  128.443925       3.033662   1.434719  -0.134150
    63  0.21242755    5.780448  133.300412       3.219190  -3.829513  -1.000015
    64  0.06605895    1.797555   41.452652       3.776896   0.256299   2.422575
    65  0.18491873    5.031895  116.038355       4.232770   2.531071  -1.523421
    66  0.23849475    6.489772  149.657840       4.753488  -4.024028  -0.766394
    67  0.17795794    4.842482  111.670385       4.861818  -2.378138   0.173101
    68  0.23413313    6.371087  146.920883       4.834944   0.536199  -1.023993
    69  0.09335852    2.540415   58.583408       5.018077   0.903573  -3.317425
    70  0.18148511    4.938461  113.883722       5.085226  -2.241981  -1.396898
    71  0.15839686    4.310198   99.395616       5.128678  -1.891735   2.161376
    72  0.13953830    3.797030   87.561676       5.283661   1.197245   1.380977
    73  0.18197368    4.951756  114.190303       5.629830  -3.614642   0.719811
    74  0.18256336    4.967802  114.560331       6.172453  -3.180932  -2.122565
    75  0.09911772    2.697130   62.197358       6.117218  -0.233458   2.360670
    76  0.16503061    4.490711  103.558357       6.352834  -0.630526  -3.110685
    77  0.14958761    4.070486   93.867721       6.354013   1.743649  -1.121968
    78  0.13232530    3.600755   83.035449       6.657521  -1.845098   0.904018
    79  0.12187303    3.316334   76.476546       6.897843   0.155044   0.083696
    80  0.12438756    3.384758   78.054436       7.134785  -3.598641  -0.487433
    81  0.13962654    3.799431   87.617049       7.252256  -1.056830   0.048718
    82  0.10616221    2.888821   66.617851       7.477615   0.614440  -2.058369
    83  0.15515597    4.222009   97.361924       7.831717  -0.495682   1.402799
    84  0.16612453    4.520478  104.244804       8.375068  -2.092957  -0.042426
    85  0.15775351    4.292691   98.991905       8.493291  -0.494087  -0.847704
