 Number of surface minima:    63
   #       a.u.         eV      kcal/mol           X/Y/Z coordinate(Angstrom)
     1  0.13654902    3.715688   85.685873      -7.333128  -0.640900  -1.121171
     2  0.12950732    3.524073   81.267137      -6.671235  -1.432600   0.890514
     3  0.12571219    3.420803   78.885655      -6.395728  -0.893146  -1.746894
     4  0.13152067    3.578859   82.530533      -6.295492   0.026495  -1.399463
     5  0.13010704    3.540393   81.643468      -5.745413   0.812444   1.277524
     6  0.11723425    3.190106   73.565661      -5.593371  -0.629754   1.038910
     7  0.11209244    3.050190   70.339127      -5.505207  -1.830304   0.589771
     8  0.12842380    3.494589   80.587216      -5.353899   0.937715  -1.378890
     9  0.04963238    1.350566   31.144817      -4.977542   4.091301  -0.077376
    10  0.10613881    2.888184   66.603163      -4.521612   0.138096   1.040189
    11  0.17410781    4.737714  109.254391      -4.059134  -2.774714  -3.121161
    12  0.14060606    3.826086   88.231711      -3.603124  -2.507790  -0.290326
    13  0.04669791    1.270715   29.303408      -3.203735   3.635233   1.281910
    14  0.16008855    4.356231  100.457164      -3.071395  -1.846319  -3.198250
    15  0.06100833    1.660121   38.283338      -2.821038   3.619003  -1.363062
    16  0.13889299    3.779470   87.156740      -2.302296  -3.036968  -0.949789
    17  0.04195676    1.141701   26.328284      -2.184042   2.657833   1.126454
    18  0.05805659    1.579800   36.431090      -1.903241   2.139001  -0.848769
    19  0.03884089    1.056914   24.373049      -1.545120   1.830012  -0.339230
    20 -0.00459045   -0.124913   -2.880555      -1.368398  -1.826431   3.410403
    21  0.04310799    1.173028   27.050694      -1.470079   2.651687   1.313541
    22  0.04163358    1.132907   26.125486      -0.813969   3.974631   3.108065
    23  0.02733921    0.743938   17.155628      -0.167096   1.601386   3.516916
    24  0.01716308    0.467031   10.770004       0.038734  -2.686314   0.991356
*   25 -0.00642105   -0.174726   -4.029270      -0.009179  -1.386176   3.901830
    26  0.16996192    4.624899  106.652804       0.178430   0.472163  -1.813262
    27  0.07209512    1.961808   45.240408       0.142122   1.461039  -0.381615
    28  0.09481247    2.579978   59.495771       0.492046   3.075662   1.037461
    29  0.04443256    1.209071   27.881873       0.582727  -3.947333   0.886997
    30  0.14014473    3.813532   87.942221       1.183453   3.445453  -1.125353
    31  0.01232059    0.335260    7.731294       1.435530  -2.322765   2.499324
    32  0.17351184    4.721497  108.880413       1.390239  -1.442370  -3.634511
    33  0.13582232    3.695913   85.229862       1.515093  -0.081255   1.123650
    34  0.19753327    5.375154  123.954103       1.780037   1.196363  -3.242104
    35  0.12646126    3.441186   79.355705       2.048341   3.703694  -0.069177
    36  0.19272013    5.244181  120.933809       2.299014  -0.673956  -4.217043
    37  0.17740717    4.827495  111.324772       2.308859   0.074685  -0.659586
    38  0.17792087    4.841473  111.647125       2.340576   0.727568  -1.726530
    39  0.11925698    3.245147   74.834948       2.308859   4.304486  -1.152328
    40  0.12461936    3.391065   78.199892       2.727585   3.748907   0.755714
    41  0.12081062    3.287424   75.809872       3.234919   4.837636  -1.283342
    42  0.15047527    4.094640   94.424736       3.357198   1.611856  -0.982616
    43  0.04609044    1.254185   28.922215       3.527960  -5.153676   1.575662
    44  0.13075565    3.558042   82.050478       3.488479  -1.206679   1.065495
    45  0.14789977    4.024557   92.808586       3.646274   2.146012  -1.899737
    46  0.14083955    3.832439   88.378226       3.886175  -2.923826  -0.917856
    47  0.11630801    3.164902   72.984437       3.882918   4.460027   0.573154
    48  0.14464642    3.936029   90.767074       4.028685   1.637674  -0.154952
    49  0.11690822    3.181235   73.361079       4.030361   4.889465  -0.334567
    50  0.14848646    4.040522   93.176736       4.415270   0.483605  -0.748430
    51  0.14764468    4.017616   92.648514       4.527821  -1.723220   1.342681
    52  0.15068219    4.100271   94.554580       4.533660  -0.438589   0.414671
    53  0.14339354    3.901937   89.980878       4.427302   2.655064  -2.182392
    54  0.13649440    3.714202   85.651601       4.522722   5.377092  -1.533530
    55  0.14758828    4.016081   92.613120       4.813106  -2.261290  -1.447535
    56  0.14352258    3.905448   90.061854       4.822450  -1.781720  -2.119109
    57  0.14878785    4.048723   93.365866       4.963069   1.987279   0.995357
    58  0.13184878    3.587788   82.736428       5.160110   2.254805  -0.199293
    59  0.13365327    3.636891   83.868765       5.353675   2.781311  -1.254923
    60  0.15980688    4.348566  100.280415       5.593751   0.089771  -0.247618
    61  0.14828450    4.035027   93.050009       5.614667   3.578729  -2.182466
    62  0.15466977    4.208778   97.056827       5.946090  -1.648739  -1.589245
    63  0.13912246    3.785715   87.300737       6.085142   3.048570  -0.331587
 
 Number of surface maxima:    70
   #       a.u.         eV      kcal/mol           X/Y/Z coordinate(Angstrom)
     1  0.20482312    5.573520  128.528555      -8.057328  -1.194887   0.034046
     2  0.16323544    4.441862  102.431869      -7.084037   0.186671   0.246166
     3  0.16797789    4.570911  105.407806      -6.883793  -2.136156  -0.741205
     4  0.20035785    5.452014  125.726553      -6.806868   1.718029   0.585966
     5  0.22339527    6.078894  140.182767      -6.182018  -3.476385  -1.530938
     6  0.07409605    2.016256   46.496012      -6.022710   3.447468  -0.595230
     7  0.19144686    5.209534  120.134816      -4.946490  -0.368290  -1.385456
     8  0.20000418    5.442390  125.504622      -4.835034   1.828376   0.666821
     9  0.20243580    5.508558  127.030491      -4.795979  -2.997913  -1.768054
    10  0.18623487    5.067708  116.864242      -4.683975  -0.920259   0.105710
    11  0.19329696    5.259878  121.295775      -4.460348   1.852346  -1.398420
    12  0.24056240    6.546036  150.955310      -4.200095  -4.099431  -2.595055
    13  0.16855659    4.586658  105.770946      -3.542773   3.377875  -0.266872
    14  0.05838530    1.588745   36.637358      -3.308039  -2.039150   2.282692
    15  0.06693268    1.821331   42.000923      -2.982941   2.519370   2.049702
    16  0.24380298    6.634216  152.988808      -2.854688  -0.904638  -2.054164
    17  0.20685251    5.628743  129.802016      -2.919330   0.995445  -0.728470
    18  0.20107566    5.471547  126.176989      -2.615658  -3.494421  -2.773456
    19  0.21638292    5.888079  135.782444      -2.575245  -1.719212  -0.709450
    20  0.14797748    4.026672   92.857351      -2.645763   1.563693   3.108065
    21  0.09438309    2.568294   59.226331      -2.321442   2.411556  -2.135248
    22  0.12619433    3.433922   79.188206      -1.924559   0.458455   1.444009
    23  0.08178520    2.225488   51.321031      -1.479102   2.916276   2.975770
    24  0.16758113    4.560114  105.158836      -1.274814  -0.949984   0.186733
    25  0.25429196    6.919636  159.570746      -0.991501  -3.439427  -3.245635
    26  0.10486002    2.853386   65.800710      -0.890039  -0.002141   2.941736
    27  0.24003229    6.531611  150.622662      -0.826437  -1.189562  -2.974658
    28  0.26531751    7.219657  166.489393      -0.625621   0.000724  -4.321624
    29  0.14682749    3.995379   92.135719      -0.469322   1.380974   0.594473
    30  0.12249614    3.333290   76.867554      -0.141467  -1.518464   1.848388
    31  0.19452700    5.293349  122.067639       0.084702  -0.129279  -0.323827
    32  0.17738610    4.826921  111.311549       0.299515   5.118688   0.991356
    33  0.16422171    4.468700  103.050766       0.766388   1.103333   1.937601
    34  0.22333731    6.077317  140.146398       0.853309   2.122398  -2.051592
    35  0.22089800    6.010940  138.615703       1.090192   0.270390  -4.097165
    36  0.15346499    4.175995   96.300816       1.192674  -0.391081   1.095167
    37  0.23839249    6.486989  149.593670       1.260109  -0.115641  -1.512474
    38  0.17306502    4.709339  108.600028       1.320159   2.324459  -0.228132
    39  0.25539745    6.949718  160.264452       1.412889  -1.570054  -2.153207
    40  0.20918000    5.692077  131.262544       1.535275  -2.366613   0.077636
    41  0.18270823    4.971744  114.651244       1.617155  -0.719269   0.266285
    42  0.17501133    4.762300  109.821360       1.853009   4.078836   3.578275
    43  0.05029933    1.368714   31.563331       2.133632  -0.685887   4.022062
    44  0.18170411    4.944420  114.021145       2.111280   2.850991  -2.645875
    45  0.16213082    4.411804  101.738713       2.245511  -4.423258   1.388239
    46  0.04172536    1.135405   26.183081       2.292661  -3.043070   3.214641
    47  0.20923174    5.693485  131.295010       2.705742   0.631325   0.578653
*   48  0.26588775    7.235174  166.847224       2.657917   0.751743  -4.432711
    49  0.21918001    5.964191  137.537650       2.679765   3.839673  -3.785392
    50  0.19948639    5.428301  125.179707       2.774723   1.564616   2.578887
    51  0.19725510    5.367584  123.779545       2.952063  -3.582769  -0.486563
    52  0.17413516    4.738459  109.271556       3.258136   3.882132  -0.433818
    53  0.22751390    6.190968  142.767250       3.293398   0.328869  -3.109768
    54  0.19357165    5.267352  121.468145       3.361918   1.732945   1.385614
    55  0.21640566    5.888698  135.796718       3.400470  -0.506339  -0.553736
    56  0.20767482    5.651119  130.318028       3.653855  -1.803582  -1.479499
    57  0.20849466    5.673428  130.832485       3.715443  -2.786621   1.244489
    58  0.18599352    5.061141  116.712794       3.901021   2.514753  -0.995019
    59  0.17059033    4.641999  107.047141       4.160979   4.239219  -2.911479
    60  0.21212834    5.772306  133.112654       4.446893   2.407930   2.344322
    61  0.24897136    6.774855  156.232018       4.821784   0.671362  -3.366946
    62  0.16294849    4.434054  102.251808       5.224950   0.013795  -0.062866
    63  0.16492660    4.487881  103.493091       5.257025   3.331470   1.161342
    64  0.19298005    5.251254  121.096908       5.500829   0.017270  -2.040982
    65  0.20815343    5.664143  130.618356       5.610179   5.029795  -2.572723
    66  0.21377228    5.817039  134.144242       5.662132  -2.613415   1.037271
    67  0.18236667    4.962449  114.436907       5.823204  -1.479632   0.007695
    68  0.16313421    4.439108  102.368350       5.779202   4.392316  -1.106282
    69  0.20320652    5.529531  127.514123       6.515507   4.230715   0.444195
    70  0.22711466    6.180104  142.516721       6.776319  -0.529922  -1.012651
