 Number of surface minima:    77
   #       a.u.         eV      kcal/mol           X/Y/Z coordinate(Angstrom)
     1  0.07016248    1.909218   44.027660      -8.283509  -0.858314  -1.103800
     2  0.06745000    1.835408   42.325547      -8.168941   0.129808  -0.348430
     3  0.06838116    1.860746   42.909863      -8.011808  -2.445846   1.027033
     4  0.06546047    1.781270   41.077101      -7.795715  -1.519785   1.718319
     5  0.07770992    2.114595   48.763755      -7.486363  -1.387491  -1.627055
     6  0.07580494    2.062757   47.568360      -7.227620  -2.842729   0.611391
     7  0.07403341    2.014552   46.456705      -7.109388   0.474414  -0.229955
     8  0.06747568    1.836107   42.341661      -6.702443  -1.104758   1.896858
     9  0.08364812    2.276181   52.490031      -6.327963   1.005462  -2.726987
    10  0.09334304    2.539993   58.573694      -6.074781  -0.786367  -2.657780
    11  0.06984283    1.900520   43.827075      -5.524854   2.848365  -1.005478
    12  0.09123534    2.482640   57.251088      -5.107152   0.082643  -4.027004
    13  0.15740500    4.283208   98.773210      -4.325968  -3.501943  -0.744483
    14  0.05679260    1.545405   35.637924      -4.185407   2.196349   0.464241
    15  0.14063764    3.826945   88.251528      -4.195539  -2.708359   1.249654
    16  0.14272398    3.883717   89.560724      -3.968979  -2.323946  -1.460217
    17  0.14446518    3.931097   90.653344      -3.911009  -1.501254  -1.770176
    18  0.12056566    3.280758   75.656156      -3.774141  -1.459390   1.034908
    19  0.05311562    1.445349   33.330581      -3.568481   3.302992  -1.009901
    20  0.14986195    4.077951   94.039870      -2.980207  -3.085170  -1.234657
    21  0.09017368    2.453751   56.584885      -2.877169   0.925682  -4.253089
    22  0.13006554    3.539263   81.617424      -2.869994  -2.180724   1.239262
    23  0.07140638    1.943066   44.808217      -2.586524   2.615855  -2.971302
    24  0.00278035    0.075657    1.744699      -2.586735   2.615260   2.448399
    25  0.13344691    3.631275   83.739269      -1.925241  -1.866643   1.156833
    26  0.04735259    1.288529   29.714223      -1.818815   1.725006  -1.009901
*   27  0.00093722    0.025503    0.588115      -1.745557   4.109833   0.915477
    28  0.03396784    0.924312   21.315158      -0.829566  -0.623144   2.297456
    29  0.04466592    1.215421   28.028309      -0.760460   0.993806  -1.867614
    30  0.01831490    0.498374   11.492780      -0.760460   3.179799   2.670470
    31  0.09368001    2.549163   58.785144       0.264697  -1.526203   3.598315
    32  0.17230938    4.688777  108.125859       0.402072  -3.298295   0.048453
    33  0.02482542    0.675534   15.578196       0.392540   4.560292   1.354950
    34  0.15749439    4.285640   98.829303       0.562483  -1.122903  -1.476317
    35  0.06727145    1.830549   42.213510       0.535882   0.798157  -1.337845
    36  0.07406731    2.015474   46.477979       0.848821   0.341314   2.433389
    37  0.09204879    2.504775   57.761538       1.237788  -0.425297   4.563898
    38  0.13438913    3.656914   84.330525       1.109903   3.256628  -0.081293
    39  0.03163041    0.860707   19.848398       1.227933   4.034574   3.892242
    40  0.16093115    4.379159  100.985903       1.283017  -3.709725  -0.348430
    41  0.16177444    4.402106  101.515081       1.412580  -1.595748  -1.935962
    42  0.09899133    2.693691   62.118049       1.760551  -2.299131   4.542060
    43  0.07895043    2.148351   49.542187       1.787807   2.468756   2.861309
    44  0.15872589    4.319151   99.602086       2.299962  -3.466492   0.180747
    45  0.15980858    4.348613  100.281481       2.305167  -2.949441   0.988448
    46  0.17192702    4.678372  107.885924       2.488338  -4.033377  -1.068460
    47  0.16033805    4.363020  100.613729       2.547742  -1.265926  -1.267297
    48  0.16253444    4.422787  101.991986       2.547675  -0.599132  -0.211808
    49  0.09843410    2.678528   61.768383       2.679191   1.449924   3.282751
    50  0.12209007    3.322240   76.612738       2.645751   2.458390  -2.604522
    51  0.17115140    4.657266  107.399215       2.784342  -2.187765  -2.192905
    52  0.11398755    3.101759   71.528327       3.199261   1.798068  -3.662286
    53  0.12101070    3.292869   75.935427       3.136491   3.242809  -2.140133
    54  0.15606749    4.246812   97.933911       3.575572   0.596923  -0.946745
    55  0.10399005    2.829713   65.254799       3.872145  -2.971399   3.755485
    56  0.14773714    4.020132   92.706531       4.268148   1.661195  -0.341577
    57  0.11610935    3.159496   72.859780       4.175133   2.184455  -3.879672
    58  0.12962508    3.527278   81.341031       4.381214   0.067746  -1.982474
    59  0.11288828    3.071846   70.838528       4.336201   3.639692  -2.527956
    60  0.10877293    2.959862   68.256101       4.568876   0.755858   2.848455
    61  0.10839634    2.949614   68.019786       4.795900  -2.929241   2.078650
    62  0.11360553    3.091364   71.288603       4.803008   3.230381  -3.229045
    63  0.13827591    3.762679   86.769514       4.797730  -0.331846  -2.993990
    64  0.10369016    2.821553   65.066610       5.235547  -1.619293   3.242217
    65  0.12853025    3.497486   80.654018       5.318192   0.352996  -2.353669
    66  0.09933493    2.703041   62.333661       5.604076  -3.491885  -1.651514
    67  0.12990995    3.535030   81.519794       5.500995   2.072746  -0.715938
    68  0.13316916    3.623717   83.564980       5.597344   2.463982  -4.165679
    69  0.10448612    2.843212   65.566083       5.704877  -1.261823  -1.700028
    70  0.09622641    2.618454   60.383033       5.885434  -3.477748   1.016947
    71  0.12999162    3.537252   81.571042       5.936519   1.472954  -1.589108
    72  0.09327048    2.538019   58.528156       6.546696  -2.948804  -1.761096
    73  0.14213675    3.867738   89.192235       6.442946   0.861512  -2.934802
    74  0.13650785    3.714567   85.660038       6.488166   2.577237  -1.163820
    75  0.09652450    2.626565   60.570090       6.676526  -1.783348  -1.802016
    76  0.09068741    2.467730   56.907257       6.820706  -2.946932   0.897337
    77  0.09264680    2.521048   58.136795       6.925708  -1.773373   0.860140
 
 Number of surface maxima:   100
   #       a.u.         eV      kcal/mol           X/Y/Z coordinate(Angstrom)
     1  0.15813703    4.303127   99.232569     -10.211463  -1.021104   0.709924
     2  0.11488126    3.126078   72.089142      -9.293005  -2.114671  -0.281844
     3  0.16586670    4.513463  104.083014      -9.077094  -3.364454  -1.270129
     4  0.11076925    3.014185   69.508812      -8.954048  -0.193392   1.240811
     5  0.15674305    4.265195   98.357830      -8.168941   1.072538   2.111600
     6  0.12277807    3.340961   77.044469      -6.999090  -0.726020  -0.535736
     7  0.11931879    3.246829   74.873731      -6.836768  -1.794822   0.722918
     8  0.14228128    3.871670   89.282923      -6.673324   0.087414  -1.539079
     9  0.11299021    3.074620   70.902488      -6.618584   0.710667   1.604250
    10  0.10259164    2.791661   64.377283      -6.036424  -0.185107  -3.387436
    11  0.13374251    3.639319   83.924761      -5.866705   1.708511   0.101686
    12  0.19097443    5.196678  119.838362      -5.772872  -3.613030  -1.793946
    13  0.14876214    4.048024   93.349732      -5.390761   1.580779  -3.920376
    14  0.10751082    2.925518   67.464114      -5.361910   1.544913  -1.931428
    15  0.17003677    4.626936  106.699772      -4.875823  -2.745982  -0.629317
    16  0.15032546    4.090564   94.330730      -4.954182   0.893993   1.527465
    17  0.15973835    4.346702  100.237415      -4.729290   0.000341  -0.548129
    18  0.13267728    3.610332   83.256321      -4.793577   3.242809  -2.397132
    19  0.07565587    2.058701   47.474816      -4.853351   3.133300  -0.471267
    20  0.14941006    4.065655   93.756309      -4.606113  -0.994554  -1.675213
    21  0.21723903    5.911374  136.319661      -4.539669  -4.108345   0.577630
    22  0.16629998    4.525253  104.354903      -4.587647  -1.393052  -3.393030
    23  0.12033492    3.274480   75.511367      -4.375939   1.744039  -2.729727
    24  0.14491915    3.943451   90.938218      -3.806521   2.056011  -4.186311
    25  0.05947112    1.618292   37.318725      -3.798512   0.732554   2.299442
    26  0.18814860    5.119784  118.065129      -2.901488  -3.945498   0.299704
    27  0.22030210    5.994725  138.241773      -2.711015  -1.758764  -1.096432
    28  0.19434049    5.288274  121.950604      -2.768299  -1.275776   0.433458
    29  0.09432218    2.566637   59.188113      -2.802692   2.171104   0.024378
    30  0.14994478    4.080205   94.091846      -2.709752   0.774035  -0.329401
    31  0.16909899    4.601417  106.111304      -2.055443  -0.427182  -3.505338
    32  0.12054704    3.280252   75.644473      -2.002287   1.642215   0.157887
    33  0.09901291    2.694278   62.131590      -1.935826   1.395039  -3.795462
    34  0.24589050    6.691021  154.298747      -1.289638  -4.352286   0.445336
    35  0.16751142    4.558218  105.115090      -1.325257  -0.082895   0.709924
    36  0.11852158    3.225136   74.373478      -1.297007   2.181927  -2.337628
    37  0.09558491    2.600998   59.980488      -1.289638   2.634106   1.556458
    38  0.04758259    1.294788   29.858548      -1.278818   4.585237  -1.017295
    39  0.21964737    5.976909  137.830921      -0.739574  -2.971506  -0.742084
    40  0.14116673    3.841342   88.583535      -0.628166   0.729218   2.226428
*   41  0.25209408    6.859829  158.191557      -0.298467  -3.439090  -2.465139
    42  0.14196766    3.863136   89.086125      -0.257595   1.775429  -0.788243
    43  0.07536838    2.050878   47.294412      -0.100718   4.446000   2.960233
    44  0.14521936    3.951620   91.126599       0.184527   6.141240   3.086075
    45  0.18118592    4.930320  113.695978       0.268540   0.054087   0.003020
    46  0.14778298    4.021379   92.735295       0.420809   0.084719   3.625716
    47  0.16176501    4.401850  101.509164       0.562483   1.057203   3.752693
    48  0.16361972    4.452319  102.673008       0.674857   2.543503   0.567897
    49  0.10762273    2.928563   67.534339       0.892382  -1.652080   4.479476
    50  0.17326018    4.714649  108.722498       1.009556  -3.057126   3.246814
    51  0.15279214    4.157686   95.878595       1.062766   0.986307   1.090187
    52  0.23117330    6.290545  145.063559       1.254627  -2.515298   0.445336
    53  0.20230919    5.505113  126.951041       1.329805  -3.423145  -2.119495
    54  0.22387579    6.091970  140.484297       1.519212  -1.255197  -0.562409
    55  0.18275066    4.972898  114.677867       1.478573   2.989050  -1.149741
    56  0.18536787    5.044116  116.320190       1.741148  -0.066733   1.056512
    57  0.21879079    5.953600  137.293411       1.773281  -0.187882  -2.452907
    58  0.16882913    4.594074  105.941968       1.816358   1.586210  -1.740441
    59  0.15913402    4.330257   99.858186       2.130255   1.522983   1.454984
    60  0.17559759    4.778253  110.189244       2.384505  -1.854349  -2.068256
    61  0.12805613    3.484585   80.356504       2.285247   0.070204   3.492786
    62  0.20116295    5.473922  126.231761       2.414075   3.639605   0.709673
    63  0.16032728    4.362727  100.606973       2.742489  -1.155811   5.075636
    64  0.20524506    5.585002  128.793329       2.753605   1.655278   0.519750
    65  0.23625146    6.428729  148.250155       2.952354  -3.629548  -2.452552
    66  0.16997096    4.625145  106.658478       3.209770  -2.566501   1.234310
    67  0.16994406    4.624413  106.641595       3.147693  -0.064548  -3.187286
    68  0.17460512    4.751247  109.566457       3.083403   4.965166   2.162991
    69  0.18877348    5.136788  118.457250       3.340663  -3.423837  -0.637429
    70  0.19520838    5.311890  122.495211       3.245006   2.879595   0.066285
    71  0.17853899    4.858293  112.035000       3.365997  -3.733650   2.314634
    72  0.14362768    3.908308   90.127805       3.353496  -0.720615   3.621624
    73  0.19075555    5.190723  119.701018       3.523418  -1.072442   0.865993
    74  0.12455983    3.389445   78.162542       3.711413   1.652883   2.280849
    75  0.20598996    5.605272  129.260763       3.826786  -4.966384  -0.112656
    76  0.16360200    4.451837  102.661888       3.897657   0.756134   4.158789
    77  0.16979923    4.620472  106.550717       3.949872   2.449044  -2.649696
    78  0.21313775    5.799773  133.746071       4.157104   4.197804   0.195072
    79  0.16436931    4.472716  103.143387       4.269761  -1.627080   4.550882
    80  0.20870406    5.679126  130.963884       4.171167  -0.443737  -4.414828
    81  0.20702135    5.633337  129.907969       4.189891   0.652386  -0.160673
    82  0.13606353    3.702477   85.381223       4.283424  -0.584443   2.836200
    83  0.18648598    5.074542  117.021818       4.531312   0.729218   1.048723
    84  0.18257579    4.968140  114.568137       4.574780   1.390689  -1.627905
    85  0.11752007    3.197884   73.745019       4.939045  -2.711499   3.098586
    86  0.14656622    3.988270   91.971768       5.457372  -4.759619  -0.248713
    87  0.16202327    4.408877  101.671223       5.451341   0.688852  -3.942412
    88  0.16285330    4.431464  102.192073       5.340989   3.779256  -0.869181
    89  0.16402113    4.463242  102.924901       5.535037  -1.544157   1.768279
    90  0.14831777    4.035932   93.070882       5.605606  -2.299821  -1.139968
    91  0.14783855    4.022892   92.770168       5.750563  -2.294051   0.484888
    92  0.14608556    3.975190   91.670152       6.257963   0.981894  -2.425867
    93  0.16012535    4.357232  100.480258       6.543365   2.600535  -2.843521
    94  0.20356163    5.539194  127.736958       6.870880   1.499326  -4.052670
    95  0.20115079    5.473591  126.224132       6.852638   3.894535  -1.841031
    96  0.18190203    4.949806  114.145342       7.114004  -5.224026  -0.379181
    97  0.19335276    5.261396  121.330787       7.441786   0.464629  -0.681665
    98  0.13425159    3.653172   84.244216       7.751277  -3.636494  -0.588751
    99  0.13874325    3.775396   87.062779       7.870134  -1.100808  -0.592943
   100  0.17917558    4.875615  112.434467       8.935127  -2.417139  -0.720148
