 Number of surface minima:    58
   #       a.u.         eV      kcal/mol           X/Y/Z coordinate(Angstrom)
     1  0.10040341    2.732116   63.004144      -6.771666  -1.019516  -0.456063
     2  0.10466051    2.847957   65.675514      -6.522864  -1.522096   0.481896
     3  0.11287837    3.071577   70.832308      -6.245374  -2.205469   1.518591
     4  0.10138429    2.758807   63.619655      -5.724766  -1.197785   1.238998
     5  0.15908925    4.329039   99.830092      -5.592471   1.439803  -2.109225
     6  0.08865165    2.412334   55.629794      -5.056718  -2.602547  -1.779580
     7  0.14505865    3.947247   91.025754      -4.783577   1.884543  -1.130522
     8  0.08997520    2.448350   56.460337      -4.734734  -3.130498  -0.593987
     9  0.08923613    2.428239   55.996566      -4.269528  -1.362186   3.555622
    10  0.15070127    4.100790   94.566554      -4.149309   0.288431  -3.288611
    11  0.08010094    2.179657   50.264138      -3.882648  -2.844048   0.212099
    12  0.16050194    4.367480  100.716573      -3.475763   0.809985   1.052145
    13  0.08911238    2.424871   55.918909      -3.328437  -2.084204  -0.073948
    14  0.07353561    2.001006   46.144328      -3.208016  -2.991311   2.851489
    15  0.12689012    3.452856   79.624820      -2.928902   0.602067  -2.552488
    16  0.03824000    1.040563   23.995985      -2.020465  -0.737007   2.170641
    17  0.15225069    4.142952   95.538832      -1.356633   4.552650  -0.603185
    18  0.14427519    3.925927   90.534122      -1.241281   3.342994   1.762800
    19  0.00297975    0.081083    1.869824      -0.986965  -3.312074  -0.461693
    20  0.16756468    4.559667  105.148512      -0.954397   5.614454   0.195771
    21  0.16377752    4.456613  102.772030      -0.801216   4.542572   2.109016
*   22  0.00006315    0.001718    0.039628      -0.662687  -3.640761   0.894094
    23  0.02890975    0.786674   18.141157      -0.329197   0.115001  -1.978789
    24  0.01684490    0.458373   10.570340       0.064349  -2.008291   3.306399
    25  0.09294892    2.529269   58.326377       1.184425   1.802442   1.679899
    26  0.03435126    0.934745   21.555762       1.258587  -1.685850  -1.436686
    27  0.05131165    1.396261   32.198572       1.290314  -0.610643   2.843830
    28  0.12712473    3.459240   79.772042       1.809769   1.920778   0.582234
    29  0.11579154    3.150848   72.660350       2.212181   5.469448  -0.594523
    30  0.11977935    3.259362   75.162737       2.461418   3.735216  -1.683479
    31  0.11249288    3.061087   70.590407       2.539298   4.145689   1.716832
    32  0.06021988    1.638666   37.788578       2.615077   1.366481   3.241809
    33  0.12237414    3.329970   76.790995       2.768834   4.717074  -1.123165
    34  0.12664565    3.446203   79.471413       2.901899   0.995148  -0.289549
    35  0.11306382    3.076623   70.948677       2.783432   1.541165  -3.107579
    36  0.12595726    3.427471   79.039443       2.859198   2.293569   0.564166
    37  0.11085902    3.016627   69.565144       3.044280  -2.704041  -2.290364
    38  0.09207608    2.505518   57.778662       3.009804   0.180607   0.729443
    39  0.12537823    3.411715   78.676095       3.138953   3.406708   1.125839
    40  0.10154232    2.763107   63.718823       3.508278  -3.311229  -1.134174
    41  0.13339325    3.629815   83.705596       3.668013   3.888105  -1.659077
    42  0.10346867    2.815526   64.927627       3.827006  -3.621944  -0.175394
    43  0.11651139    3.170436   73.112061       3.746781   0.573743  -1.411907
    44  0.09311234    2.533716   58.428924       4.233963  -3.382738  -2.146264
    45  0.14179016    3.858306   88.974741       4.262491   2.690452   0.132668
    46  0.11633415    3.165613   73.000845       4.442235  -0.918314  -0.602558
    47  0.11604822    3.157833   72.821418       4.778244  -1.226617   0.356824
    48  0.09543798    2.597000   59.888289       5.097609  -4.116383   0.007659
    49  0.09748275    2.652641   61.171403       5.175936  -3.739400  -1.891350
    50  0.10553622    2.871787   66.225032       5.187511  -0.949645  -1.588198
    51  0.09633140    2.621311   60.448915       5.623919  -4.123424  -0.793148
    52  0.11876810    3.231844   74.528169       5.763156  -1.152552  -2.712645
    53  0.10482572    2.852453   65.779185       5.943015  -1.631788   0.489202
    54  0.10602287    2.885029   66.530411       6.062409  -1.275729  -1.517380
    55  0.10376072    2.823473   65.110890       6.547351  -1.678739  -0.346727
    56  0.11656243    3.171825   73.144089       6.713777  -4.054466  -1.781662
    57  0.11553778    3.143943   72.501115       7.045291  -2.266928   0.666465
    58  0.12133347    3.301652   76.137966       7.419748  -2.024765  -1.364845
 
 Number of surface maxima:    71
   #       a.u.         eV      kcal/mol           X/Y/Z coordinate(Angstrom)
     1  0.18486403    5.030406  116.004026      -7.438862  -3.392321  -1.121001
     2  0.14552910    3.960048   91.320967      -6.789113  -2.074793  -1.920158
     3  0.20261465    5.513425  127.142717      -6.670931  -0.888250  -3.116229
     4  0.13896161    3.781338   87.199798      -6.505049  -3.237163   0.217434
     5  0.17855398    4.858701  112.044409      -5.943504  -3.746118   1.655016
     6  0.18219964    4.957904  114.332099      -5.498710   0.033999  -2.589909
     7  0.16231231    4.416743  101.852597      -5.473117   1.378573  -1.644932
     8  0.16362059    4.452343  102.673556      -5.358147  -0.756037   0.049140
     9  0.22649946    6.163364  142.130675      -5.353087   1.089637  -3.567688
    10  0.15216927    4.140737   95.487741      -4.987424  -2.757898   3.227854
    11  0.15802068    4.299961   99.159559      -4.383237  -1.812271  -0.730829
    12  0.18834850    5.125223  118.190566      -4.163441   2.028980  -2.774112
    13  0.22351611    6.082183  140.258591      -4.004940   0.881464  -0.310948
    14  0.16033466    4.362928  100.611603      -3.620955  -0.016966   3.084750
    15  0.17626674    4.796462  110.609142      -3.450757  -0.200561   1.291494
*   16  0.24506594    6.668583  153.781331      -3.507716   4.002930   0.707699
    17  0.09471927    2.577443   59.437292      -3.408226  -1.807555   3.574673
    18  0.20269275    5.515550  127.191730      -3.078880   0.107904  -1.324415
    19  0.24249974    6.598754  152.171013      -3.062222   3.255722  -2.578402
    20  0.14320965    3.896933   89.865486      -2.681997  -1.227457   0.464367
    21  0.22089467    6.010850  138.613614      -2.761419   2.822746  -0.673410
    22  0.09982743    2.716442   62.642708      -2.282944  -2.858028   2.582527
    23  0.19532498    5.315063  122.568380      -2.133227   4.708445   1.018687
    24  0.05912938    1.608992   37.104279      -1.728814  -2.577436  -2.301212
    25  0.11678664    3.177926   73.284787      -1.460193  -1.659016   0.615715
    26  0.16290465    4.432861  102.224294      -1.381952  -0.099481  -0.505222
    27  0.23554506    6.409507  147.806883      -0.987852   5.960161   1.641842
    28  0.15038712    4.092242   94.369419      -0.688606  -0.614507   1.933637
    29  0.18157425    4.940886  113.939655      -0.536958   0.889958   0.648288
    30  0.17904622    4.872095  112.353293      -0.432994   1.184671   3.059710
    31  0.23336622    6.350218  146.439636      -0.463417   3.351923  -0.661808
    32  0.04284692    1.165924   26.886873      -0.294059  -3.662878   2.857718
    33  0.22295759    6.066984  139.908115      -0.367040   2.756406   0.794910
    34  0.11039364    3.003964   69.273116       0.398078  -2.288547   0.095656
    35  0.19515409    5.310413  122.461143       0.296914   5.404774   1.194274
    36  0.14258647    3.879975   89.474433       0.477769  -0.754607  -1.013253
    37  0.18828699    5.123549  118.151966       0.860484   1.971031  -1.445702
    38  0.16996745    4.625049  106.656274       1.154472   1.379571  -0.070437
    39  0.15505031    4.219134   97.295622       1.212038   0.102066   0.199778
    40  0.21572161    5.870084  135.367467       1.250054   6.474940   1.646784
    41  0.16013980    4.357626  100.489326       1.305776  -1.260528   1.260312
    42  0.17213675    4.684079  108.017533       1.318324   1.254609  -3.094119
    43  0.18215215    4.956612  114.302298       1.683752   4.013480  -0.726318
    44  0.18503728    5.035120  116.112744       2.016562   3.287887   0.664919
    45  0.16568942    4.508638  103.971769       2.186944  -3.058324   0.271952
    46  0.14444510    3.930551   90.640746       2.557956  -2.204438  -1.042690
    47  0.18930829    5.151340  118.792844       2.642911  -2.174332   2.230968
    48  0.18731051    5.096978  117.539216       2.731286  -1.252340  -2.719122
    49  0.16182891    4.403589  101.549262       2.712377   5.811306   1.115182
    50  0.16232931    4.417205  101.863268       2.989370  -0.648557   0.190863
    51  0.17060732    4.642461  107.057800       2.884017  -0.229105  -0.716620
    52  0.13062100    3.554378   81.965985       3.002991   0.413540  -2.465538
    53  0.17663712    4.806541  110.841562       3.577566  -2.184928   1.432158
    54  0.14500033    3.945660   90.989155       3.834551   2.708201   0.493873
    55  0.14464422    3.935969   90.765695       4.212929  -1.667260  -2.960083
    56  0.19225146    5.231428  120.639713       4.110622   2.206884   1.154432
    57  0.18718657    5.093606  117.461444       4.336772  -0.465063   2.983868
    58  0.18143184    4.937011  113.850294       4.327964   1.763755  -2.309823
    59  0.16199729    4.408170  101.654918       4.327264   4.276638  -0.066495
    60  0.20267145    5.514971  127.178363       4.412231   5.721848   0.695780
    61  0.19818916    5.393001  124.365681       4.462098  -2.865271   2.452210
    62  0.14920525    4.060081   93.627786       4.739462  -3.257731  -0.826616
    63  0.20571311    5.597738  129.087033       4.913644   3.117766  -1.123165
    64  0.15696003    4.271100   98.493991       5.283323  -1.768138  -0.573412
    65  0.18770193    5.107629  117.784839       5.622212  -2.083747  -3.945550
    66  0.14679143    3.994398   92.113089       5.775486  -3.236391   1.515694
    67  0.14350730    3.905032   90.052265       6.570400  -2.593915  -2.693474
    68  0.12382687    3.369500   77.702599       7.038531  -1.744511  -1.356165
    69  0.14220661    3.869639   89.236068       7.371813  -3.260102  -0.460597
    70  0.18570971    5.053418  116.534698       7.423277  -3.631247   1.176745
    71  0.18741383    5.099790  117.604052       7.929180  -3.252828  -2.041817
