 Number of surface minima:    60
   #       a.u.         eV      kcal/mol           X/Y/Z coordinate(Angstrom)
     1  0.11318882    3.080024   71.027114      -8.335103   0.010997   2.070969
     2  0.11514822    3.133342   72.256660      -7.808212   2.148707   2.206813
     3  0.09372523    2.550393   58.813518      -7.528857  -0.344032   0.887620
     4  0.09353834    2.545308   58.696242      -6.970067  -0.563172   2.099146
     5  0.09444693    2.570032   59.266395      -7.085868  -0.408990  -0.008912
     6  0.09652451    2.626566   60.570096      -6.939498   2.237358   1.048296
     7  0.09683902    2.635124   60.767453      -6.487589   2.185446   0.213422
     8  0.09758514    2.655427   61.235648      -6.354145   2.009094   2.203355
     9  0.08802296    2.395226   55.235286      -5.919985  -0.839843   2.091955
    10  0.10176711    2.769224   63.859877      -5.803702  -0.723008   0.093006
    11  0.09463312    2.575098   59.383227      -5.295115   1.745001   2.336295
    12  0.09665475    2.630110   60.651823      -5.212042  -0.930075   1.052680
    13  0.10750850    2.925455   67.462658      -5.239209   1.838633   0.247210
    14  0.10642466    2.895962   66.782536      -4.747679   1.645658   1.285913
    15  0.10358343    2.818649   64.999641      -4.586570  -0.959604   2.233475
    16  0.11359145    3.090981   71.279772      -4.151247   1.189074   2.539280
    17  0.03038006    0.826683   19.063792      -3.694746  -3.377034  -2.820458
    18  0.04601380    1.252099   28.874117      -3.676052  -2.438790  -0.298072
    19  0.11156625    3.035872   70.008939      -3.462685  -0.061082   1.640311
    20  0.04044654    1.100606   25.380605      -2.743748  -1.129349  -2.791688
    21  0.02410719    0.655990   15.127504      -2.431882  -0.590259   1.480465
    22  0.02399233    0.652864   15.055425      -1.961751  -3.185786  -1.092173
    23  0.08715285    2.371550   54.689286      -1.993472   2.578632  -0.312994
*   24  0.00882573    0.240160    5.538234      -1.848393  -3.372253   0.483434
    25  0.07769421    2.114167   48.753891      -1.557970   1.540366   1.290229
    26  0.01793232    0.487963   11.252710      -1.287547   0.356471  -3.466975
    27  0.02464979    0.670755   15.467989      -0.374219  -0.061082   1.893948
    28  0.06456355    1.756864   40.514275      -0.120548  -3.760852  -0.953163
    29  0.12387294    3.370754   77.731510       0.066351   2.871021  -1.048486
    30  0.02901193    0.789455   18.205276       0.818202  -0.576446  -2.556341
    31  0.15337326    4.173499   96.243254       1.063500   3.371708   1.390911
    32  0.16427085    4.470037  103.081600       1.095377   4.461007   1.031581
    33  0.11949240    3.251554   74.982679       1.628819  -3.231004   0.750913
    34  0.14551538    3.959675   91.312354       1.986322  -0.864062   1.576373
    35  0.14638055    3.983217   91.855260       1.941617   1.362982  -1.554517
    36  0.09781318    2.661632   61.378750       2.271667  -4.893320  -1.955582
    37  0.14749058    4.013423   92.551814       2.151945   2.327091  -1.750167
    38  0.16169369    4.399909  101.464408       2.248072   3.765733   0.848698
    39  0.09728863    2.647358   61.049587       2.341294  -4.489461  -2.415116
    40  0.14597124    3.972080   91.598416       2.605648  -1.675790   1.950596
    41  0.14888183    4.051281   93.424839       3.462315  -2.863681  -1.140085
    42  0.12218222    3.324747   76.670562       3.575367  -0.334082   3.293999
    43  0.12080616    3.287303   75.807073       3.478548   4.049203  -2.543467
    44  0.15946394    4.339234  100.065215       3.859579  -3.765098  -0.697714
    45  0.12225960    3.326853   76.719123       4.057272   1.895441  -2.547410
    46  0.13083830    3.560291   82.102341       4.153330   2.997849  -2.670139
    47  0.11922532    3.244286   74.815081       4.272767  -2.436806   3.399016
    48  0.12996605    3.536556   81.554999       4.268052  -1.247587   3.664909
    49  0.15787008    4.295863   99.065053       4.397666  -2.570554  -0.169940
    50  0.13939459    3.793120   87.471497       4.535853   4.451291  -2.790621
    51  0.12935772    3.520003   81.173262       4.492096   4.369075  -0.101668
    52  0.13476886    3.667247   84.568807       5.116590   2.155853  -0.099370
    53  0.13975850    3.803022   87.699857       5.288184   3.366735  -0.347559
    54  0.13361396    3.635821   83.844098       5.441265   0.221149   1.447608
    55  0.14412000    3.921705   90.436739       5.369578   4.756656  -0.772442
    56  0.13804517    3.756400   86.624725       6.045525  -0.750023   1.818302
    57  0.14665894    3.990793   92.029954       6.107857   0.471009   2.482698
    58  0.12716233    3.460263   79.795636       6.120921  -2.040131   1.547862
    59  0.14717775    4.004910   92.355509       6.131531   2.335560  -0.817540
    60  0.14240255    3.874970   89.359024       6.729935  -1.801202   2.479773
 
 Number of surface maxima:    68
   #       a.u.         eV      kcal/mol           X/Y/Z coordinate(Angstrom)
     1  0.18283987    4.975326  114.733849      -8.932531   1.261861   2.652885
     2  0.18237391    4.962646  114.441453      -8.795315   1.419019  -0.649550
     3  0.13809444    3.757741   86.655641      -8.526776   1.301620   1.055015
     4  0.11466626    3.120228   71.954227      -8.024385  -0.186722   1.965507
     5  0.13756113    3.743229   86.320985      -7.385817   0.845283   3.231389
     6  0.11708511    3.186048   73.472080      -7.401943   2.162301   2.209964
     7  0.14288551    3.888112   89.662084      -7.142837   1.117728  -1.150930
     8  0.18065257    4.915806  113.361294      -6.300858   0.490225   4.366481
     9  0.14637160    3.982974   91.849643      -6.266898  -0.132811   1.053565
    10  0.19451603    5.293050  122.060755      -5.940922   0.860724  -2.166573
    11  0.14923639    4.060929   93.647328      -5.912803   1.419303   1.172845
    12  0.16968607    4.617393  106.479708      -5.804049  -1.774781  -2.148338
    13  0.13489989    3.670813   84.651032      -4.984930   0.221280   3.276585
    14  0.15175944    4.129584   95.230566      -4.727570  -4.397996  -0.679246
    15  0.17205950    4.681977  107.969057      -4.801506   0.468096  -1.286042
    16  0.18710346    5.091344  117.409295      -4.054561   0.225161  -2.115711
    17  0.13718270    3.732931   86.083514      -3.946165  -0.537273   1.024536
    18  0.17356342    4.722901  108.912784      -3.505398  -0.038061   2.920541
    19  0.17482643    4.757269  109.705335      -3.444569   1.345442  -0.311387
    20  0.13326475    3.626318   83.624964      -3.175797  -1.165233  -0.695290
    21  0.15702208    4.272788   98.532927      -2.523598  -0.204681  -1.272491
    22  0.17915023    4.874926  112.418564      -2.550137   3.378570   1.421419
    23  0.13237628    3.602142   83.067442      -2.303043  -1.593022  -0.166113
    24  0.13914280    3.786268   87.313495      -1.447628   0.810817  -0.192460
    25  0.13185808    3.588041   82.742263      -1.337100  -0.469727   0.972118
    26  0.05701241    1.551387   35.775856      -1.298456   2.329403  -2.804205
    27  0.15274523    4.156409   95.849158      -0.843619  -2.382601  -3.341176
    28  0.17064606    4.643516  107.082111      -0.716325   1.713522  -0.111335
    29  0.13827348    3.762613   86.767994      -0.625646  -0.850825  -2.128498
    30  0.05081839    1.382839   31.889047      -0.497071  -3.366178   1.956732
    31  0.12781217    3.477946   80.203417      -0.368637  -2.158911  -0.818330
    32  0.18598271    5.060847  116.706012       0.048913   4.093863   0.796542
    33  0.18921958    5.148927  118.737180       0.132366   1.911160   1.509493
    34  0.16514891    4.493930  103.632593       0.287915   0.468096  -0.827774
    35  0.16028326    4.361529  100.579350       0.423811  -1.115398   0.237130
    36  0.16428183    4.470336  103.088491       0.661274  -4.744795  -2.468529
    37  0.16555791    4.505060  103.889241       0.649055  -2.449903  -0.586244
    38  0.23807207    6.478271  149.392607       0.684135   5.419176  -0.006354
    39  0.22145752    6.026166  138.966809       1.248733   2.221761  -0.815087
*   40  0.24171673    6.577447  151.679665       1.763331   2.331328   0.634639
    41  0.18551329    5.048073  116.411446       1.978161  -2.177790  -1.808995
    42  0.20161617    5.486255  126.516160       1.980161   4.791256  -0.440917
    43  0.22100089    6.013740  138.680271       2.143647  -1.904583   0.755752
    44  0.21525381    5.857354  135.073919       2.568661   0.663656   1.220097
    45  0.17965320    4.888612  112.734181       2.797370  -4.052489  -0.845445
    46  0.21971116    5.978645  137.870949       2.670745   6.022776  -0.959960
    47  0.21454871    5.838167  134.631463       3.065433   0.311425  -0.886472
    48  0.23838435    6.486768  149.588566       3.121081  -1.592965  -0.430701
    49  0.22452091    6.109525  140.889114       3.389337   0.626144   0.290086
    50  0.19037098    5.180258  119.459694       3.345324   2.854465  -1.752333
    51  0.23625650    6.428866  148.253316       3.462656   1.924560   1.818644
    52  0.23286424    6.336558  146.124639       3.656895  -4.893686   0.293055
    53  0.18875571    5.136304  118.446095       3.726904  -1.384025   2.407158
    54  0.20022191    5.448315  125.641251       3.953147   2.973844  -0.315638
    55  0.19789033    5.384870  124.178159       4.256081  -3.670415   1.005243
    56  0.17005699    4.627486  106.712461       4.226007   5.311275  -1.503756
    57  0.23515571    6.398912  147.562558       4.622072  -0.237106  -1.102247
    58  0.17941887    4.882236  112.587137       4.558142   1.179495   2.634524
    59  0.19852516    5.402144  124.576523       4.822539  -1.082156   1.289125
    60  0.21703251    5.905755  136.190073       5.314436  -4.372525   1.977310
    61  0.17876675    4.864491  112.177923       5.396191   1.129567  -1.489056
    62  0.16782675    4.566798  105.312966       5.787331  -3.103851   2.820374
    63  0.21405716    5.824792  134.323011       5.751525   1.028916   3.825176
    64  0.20987859    5.711087  131.700913       5.717371   5.232388  -2.144444
    65  0.17006702    4.627759  106.718753       5.886885   3.554137  -1.992612
    66  0.16915904    4.603052  106.148990       6.012337  -0.688664   3.687832
    67  0.20864456    5.677507  130.926551       6.766546  -2.168395   3.933121
    68  0.21371072    5.815364  134.105613       6.648078   2.061760  -2.147724
