 Number of surface minima:    71
   #       a.u.         eV      kcal/mol           X/Y/Z coordinate(Angstrom)
     1  0.10505325    2.858644   65.921967      -6.687236  -5.834677  -0.552255
     2  0.08526999    2.320315   53.507774      -6.318609  -3.582485   1.038466
     3  0.08282952    2.253906   51.976354      -6.443502  -3.107582   0.056556
     4  0.10696842    2.910759   67.123752      -5.915880   5.223957  -2.592370
     5  0.08401271    2.286102   52.718816      -5.667681  -2.494552  -0.495270
     6  0.08566890    2.331169   53.758092      -5.715866   4.236281  -1.594019
     7  0.09061761    2.465831   56.863455      -5.503394  -5.864676  -0.066415
     8  0.08987927    2.445739   56.400142      -5.653183  -5.354580  -1.134147
     9  0.08392206    2.283635   52.661933      -5.544185   3.630134  -0.752313
    10  0.08919675    2.427167   55.971851      -5.341935  -3.510354   1.639773
    11  0.09486970    2.581536   59.531688      -4.863372  -4.784791  -1.619078
    12  0.00628677    0.171072    3.945011      -4.731077   0.898591  -1.375470
    13  0.08572277    2.332635   53.791896      -4.820062   4.206025  -2.550335
    14  0.10689947    2.908882   67.080485      -4.751794   6.904434  -1.675771
    15  0.09851713    2.680787   61.820482      -4.580363  -5.727560   0.348628
    16  0.10015944    2.725477   62.851051      -4.583211  -2.957079   1.123426
    17  0.08809288    2.397129   55.279161      -4.394667   2.911594  -0.801997
    18  0.08720502    2.372969   54.722024      -4.358820   6.230976  -0.486619
    19  0.08768481    2.386025   55.023098      -4.172143   5.641398   0.335091
    20  0.08016228    2.181327   50.302633      -3.948579   3.631525  -2.599889
    21  0.08590414    2.337571   53.905708      -3.697793   2.912115  -1.595242
    22  0.08684414    2.363149   54.495565      -3.476827   6.210731  -1.471689
    23  0.09557189    2.600643   59.972317      -3.086543   4.881190   0.373833
    24  0.09817869    2.671578   61.608107      -2.716758   3.107976  -2.591479
    25  0.08186656    2.227702   51.372082      -2.577725   5.646684  -1.512656
    26  0.09194398    2.501923   57.695765      -2.379793   4.898047  -0.488542
    27  0.17818669    4.848706  111.813931      -2.114751  -2.725903  -1.449482
    28  0.15842831    4.311054   99.415350      -1.931308  -2.939472   1.416889
    29  0.17398120    4.734269  109.174944      -1.800920  -4.000412  -0.966994
    30  0.08172699    2.223904   51.284504      -1.829969   3.366991   2.162454
    31  0.18211871    4.955702  114.281312      -1.768639  -4.944990  -0.292677
    32  0.10044448    2.733233   63.029918      -1.688308   3.165681  -1.402996
    33  0.18145511    4.937645  113.864897      -1.587512  -4.183177   1.725400
    34  0.09736736    2.649501   61.098994      -1.572335   4.687574  -1.546437
    35  0.07169379    1.950887   44.988570      -1.187619   4.234559   0.917851
    36  0.16211845    4.411467  101.730947      -0.894543  -3.049349   1.571602
    37  0.01918180    0.521963   12.036772      -1.003567   0.994006   3.361981
    38  0.02174569    0.591730   13.645635      -0.819260   2.575184  -1.327713
    39  0.03592480    0.977563   22.543170      -0.472447   0.458475  -1.881431
    40  0.02478929    0.674551   15.555525      -0.373926   2.418712   3.111559
    41  0.03591112    0.977191   22.534588      -0.100777   0.398128  -1.860226
    42  0.16146243    4.393616  101.319291       0.025833  -2.195134   1.368029
    43  0.02745779    0.747165   17.230040       0.154483   4.821114   3.090127
    44  0.19859133    5.403945  124.618042       0.578183  -4.691493  -0.471428
    45  0.19870899    5.407147  124.691879       0.849728  -4.546549  -0.574534
    46  0.02065551    0.562065   12.961537       0.807608   3.760529   0.983693
    47  0.16369671    4.454414  102.721323       1.222187  -5.755830   1.245007
    48  0.17288930    4.704557  108.489765       1.318781  -4.442665  -2.217482
    49  0.03393683    0.923468   21.295698       1.386909   0.088367   2.609686
    50  0.15632930    4.253937   98.098202       1.642552  -2.975658  -3.379271
    51  0.15973388    4.346580  100.234607       1.765992  -0.839473  -1.409756
    52  0.00604669    0.164539    3.794360       1.660621   3.423199  -0.320757
    53  0.15713293    4.275805   98.602488       1.763121  -4.164319   2.170512
    54  0.17251470    4.694364  108.254699       2.412815  -4.924939   0.599733
    55  0.16320642    4.441073  102.413663       2.937049  -4.330588  -2.752613
    56  0.15778108    4.293442   99.009206       2.941992  -0.907791  -1.932173
    57  0.15293309    4.161521   95.967044       3.735290  -0.193008  -1.540849
    58  0.17618081    4.794124  110.555220       4.152801  -1.220438  -2.461350
    59  0.17101711    4.653612  107.314946       4.253452  -1.116790   1.103289
*   60 -0.01589699   -0.432579   -9.975522       4.227368   2.953517   2.797587
    61  0.16866364    4.589571  105.838124       4.662327  -2.048954   0.053997
    62  0.17671474    4.808652  110.890264       4.969543  -2.584294  -0.962976
    63  0.09107923    2.478392   57.153130       5.867727   1.139583  -0.994083
    64  0.08101422    2.204509   50.837231       6.778527   1.433211  -1.643921
    65  0.07353276    2.000928   46.142540       6.841506   1.447514   0.744314
    66  0.08823267    2.400933   55.366884       7.704587  -1.083178   0.603621
    67  0.07698578    2.094889   48.309344       7.704587   1.704990  -1.110497
    68  0.07339908    1.997291   46.058657       7.704587   1.702733   0.079375
    69  0.08484983    2.308881   53.244117       8.527573  -0.828553  -1.115998
    70  0.08345347    2.270885   52.367890       8.524241  -0.832709   0.072416
    71  0.09914777    2.697948   62.216218       9.546044  -0.311332  -0.598675
 
 Number of surface maxima:    79
   #       a.u.         eV      kcal/mol           X/Y/Z coordinate(Angstrom)
     1  0.17476297    4.755542  109.665514      -8.030097  -5.356769  -0.074111
     2  0.13041594    3.548798   81.837307      -7.180957  -4.372703  -1.206990
     3  0.17732005    4.825124  111.270106      -6.955606  -3.492849  -2.585217
     4  0.13222243    3.597955   82.970899      -6.780288  -5.427271   1.110596
     5  0.17660525    4.805673  110.821562      -6.836305   5.622213   0.320286
     6  0.18124258    4.931861  113.731531      -6.054020  -5.891652   2.511107
     7  0.13141427    3.575964   82.463766      -6.100631   6.014835  -1.161452
     8  0.17661147    4.805842  110.825463      -5.917183   6.821782  -2.595221
     9  0.13547342    3.686419   85.010924      -5.633395   4.572369   0.839162
    10  0.14026854    3.816901   88.019913      -5.217111  -3.378060   0.316830
    11  0.18770453    5.107700  117.786473      -4.881160   3.491540   1.878684
    12  0.14621790    3.978791   91.753193      -4.731077  -4.763809  -0.368710
    13  0.13023810    3.543959   81.725709      -4.573923   6.014835  -3.069848
    14  0.13614158    3.704601   85.430202      -4.484067   4.022029  -1.419685
    15  0.10812790    2.942310   67.851337      -4.481568   6.781422  -1.541451
    16  0.19767186    5.378925  124.041072      -3.805017  -2.403191  -2.544836
    17  0.13856819    3.770632   86.952924      -3.677483   5.219978  -0.744232
    18  0.16353998    4.450149  102.622970      -3.663061   3.118311   1.098420
    19  0.19163264    5.214589  120.251400      -3.498469  -1.890210  -0.054674
    20  0.20814937    5.664032  130.615811      -3.210788  -2.216620  -1.073355
    21  0.18245345    4.964811  114.491363      -3.257748   2.318870   1.899005
    22  0.17334538    4.716968  108.775957      -3.135659   5.766085  -4.013203
    23  0.15760282    4.288591   98.897344      -3.083240   1.709429  -0.052835
    24  0.21034036    5.723652  131.990682      -2.912286  -4.705442   2.406274
    25  0.19818401    5.392861  124.362447      -2.542011  -4.039532   1.182953
    26  0.12987567    3.534097   81.498279      -2.494142   2.685237  -1.196858
    27  0.06707681    1.825253   42.091369      -2.460923  -0.580164   2.841736
    28  0.16229117    4.416167  101.839331      -2.468394   4.565056   3.618153
    29  0.12563527    3.418710   78.837388      -2.449384   4.708653  -3.000960
    30  0.17889629    4.868016  112.259210      -1.781505  -0.306883   0.073201
    31  0.13174126    3.584862   82.668959      -1.767676   3.686465  -0.579718
    32  0.25023077    6.809126  157.022313      -1.551854  -5.619155   0.979782
    33  0.13353970    3.633800   83.797499      -1.656643   3.789376   0.340239
    34  0.20010968    5.445261  125.570825      -1.556654  -1.125755  -1.530759
    35  0.14624491    3.979526   91.770143      -1.541612   0.741317   0.200903
    36  0.16432087    4.471398  103.112987      -1.263728   2.090380   1.287264
    37  0.16290716    4.432929  102.225869      -1.299626   3.642694  -2.569247
    38  0.15741375    4.283446   98.778700      -1.127598   6.207918   1.242890
*   39  0.25582669    6.961398  160.533809      -0.917986  -2.733314  -0.770817
    40  0.23276250    6.333790  146.060794      -0.986781  -2.307381   0.761730
    41  0.13938689    3.792910   87.466666      -0.394713   1.384535  -0.937322
    42  0.21973520    5.979299  137.886033      -0.204400  -4.927254   0.605246
    43  0.17911993    4.874101  112.399546      -0.100777  -0.599880   0.750123
    44  0.11121646    3.026354   69.789439       0.013502   2.790996   0.169357
    45  0.23467846    6.385926  147.263078       0.287244  -3.248032  -2.334417
    46  0.13614499    3.704694   85.432344       0.398131   0.855358   2.106355
    47  0.22327212    6.075543  140.105491       0.489799  -5.210463   2.433539
    48  0.22347426    6.081044  140.232331       0.956491  -2.320008  -1.403430
    49  0.06878656    1.871778   43.164257       0.882864   3.691119   2.852443
    50  0.17256376    4.695699  108.285483       1.089872   0.179461  -0.240843
    51  0.23766308    6.467141  149.135960       1.381502  -5.707209  -0.424788
    52  0.24830190    6.756638  155.811923       1.355294  -3.113671  -0.476539
    53  0.22211469    6.044048  139.379188       1.457234  -2.723200   0.831587
    54  0.13438117    3.656697   84.325525       1.522318   1.542799   0.863043
    55  0.17817109    4.848282  111.804142       1.759663  -4.292111  -2.851437
    56  0.17791802    4.841396  111.645338       2.078142  -5.230180   1.214214
    57  0.13398732    3.645980   84.078385       2.075673   2.342817   2.757869
    58  0.16942965    4.610415  106.318797       2.300254   0.888340   0.588766
    59  0.23943487    6.515354  150.247777       2.470026  -4.965592  -1.213490
    60  0.05537231    1.506757   34.746678       2.470810   2.236296  -1.932173
    61  0.22927525    6.238897  143.872511       2.702342  -0.599880  -0.826120
    62  0.23489478    6.391812  147.398825       2.756859  -3.387191   1.077937
    63  0.19277822    5.245762  120.970261       2.877800  -0.267189   1.772067
    64  0.22320683    6.073767  140.064517       3.201089  -3.104553  -3.636154
    65  0.25015308    6.807012  156.973561       3.206581  -1.593127   0.316830
    66  0.21444179    5.835258  134.564371       3.603464  -3.070930  -1.889632
    67  0.18161903    4.942105  113.967757       4.688941   0.734452   0.334753
    68  0.19230869    5.232986  120.675628       4.926407  -0.864468  -1.840136
    69  0.19953443    5.429608  125.209848       4.814405  -0.057208   0.988164
    70  0.24599917    6.693978  154.366939       5.058701  -2.538659  -2.415715
    71  0.20489971    5.575605  128.576619       5.366627  -0.447748  -3.211779
    72  0.18851884    5.129858  118.297456       5.592961  -0.464618   2.320525
    73  0.13094006    3.563060   82.166199       6.910821   0.922234  -0.508701
    74  0.13972849    3.802205   87.681023       7.307704  -0.643975  -0.498718
    75  0.17630811    4.797588  110.635101       8.498353   0.564057  -3.437286
    76  0.16918102    4.603650  106.162780       8.838664   0.563329   2.244673
    77  0.12598698    3.428280   79.058089       9.085907   0.649146  -1.932173
    78  0.12304854    3.348321   77.214192       9.219372   0.782611   0.640966
    79  0.16867983    4.590012  105.848283      10.255212   1.014031  -0.717809
