 Number of surface minima:    66
   #       a.u.         eV      kcal/mol           X/Y/Z coordinate(Angstrom)
     1  0.13188851    3.588869   82.761360      -5.584973   2.340434   0.314174
     2  0.08059909    2.193213   50.576732      -5.587939  -2.572724  -1.014034
     3  0.13383460    3.641825   83.982549      -5.560379   3.675200   2.016724
     4  0.07583055    2.063454   47.584429      -4.947173  -3.516959  -1.496859
     5  0.12187541    3.316399   76.478039      -5.012578   2.635469   1.422142
     6  0.12737362    3.466012   79.928220      -4.789206   5.266315   0.693781
     7  0.12553508    3.415983   78.774520      -4.549637   1.905041   0.832112
     8  0.08947736    2.434803   56.147938      -4.344910  -4.237639  -2.084399
     9  0.12150504    3.306320   76.245627      -4.408394   3.106736   2.418936
    10  0.07920578    2.155299   49.702418      -4.043454  -3.841130  -1.026045
    11  0.06873964    1.870501   43.134810      -4.096493  -0.946453  -2.481282
    12  0.10933106    2.975050   68.606335      -3.909597   4.499829  -0.099985
    13  0.16683172    4.539722  104.688574      -3.515943  -2.634699   2.270292
    14  0.17915025    4.874926  112.418571      -3.556569  -0.406529   2.281313
    15  0.12625611    3.435604   79.226974      -3.489502   2.831905   2.684888
    16  0.14058901    3.825622   88.221012      -3.423859   1.578302   1.090664
    17  0.10532023    2.865909   66.089496      -3.471079   3.778257  -0.749517
    18  0.11124908    3.027241   69.809911      -3.376786   5.076767   0.971534
    19  0.14261951    3.880874   89.495167      -2.944227   2.092612   2.016724
    20  0.11754369    3.198527   73.759844      -2.962758   2.568579  -1.494287
    21  0.16346673    4.448156  102.577009      -2.720507  -2.856945   1.737590
    22  0.04705247    1.280363   29.525897      -2.610986  -2.106832  -2.481282
    23  0.17499522    4.761862  109.811249      -2.565876  -0.281220   1.487547
    24  0.16380431    4.457342  102.788841      -2.463310  -2.784999   2.942784
    25  0.18187131    4.948970  114.126068      -2.525164  -2.417893   4.156664
    26  0.18687129    5.085026  117.263600      -2.433581  -0.292718   4.023704
    27  0.17297857    4.706986  108.545780      -2.395373  -0.159225   2.709979
    28  0.11814475    3.214882   74.137011      -2.299989   3.359062  -0.483405
    29  0.11455812    3.117285   71.886367      -2.421936   4.695889   1.098340
    30  0.03161151    0.860193   19.836542      -1.794371   0.573416  -1.467403
    31  0.12424454    3.380866   77.964692      -1.798111   3.829397   0.429193
    32  0.17494404    4.760470  109.779137      -1.272872  -2.772341   3.458565
    33  0.18134256    4.934582  113.794273      -1.072975  -0.159279   3.239333
    34  0.02731941    0.743399   17.143203      -0.654063  -2.398912  -1.363236
    35  0.18257029    4.967990  114.564685      -0.456546  -2.867768   2.807363
    36  0.18457730    5.022604  115.824099      -0.199681  -0.234270   2.539415
    37  0.19261174    5.241232  120.865794      -0.070700  -0.347386   3.849781
    38  0.02845359    0.774261   17.854910       0.025691   2.010855  -2.667896
    39  0.02512957    0.683810   15.769059       0.212305  -2.787760  -0.958317
*   40 -0.01732708   -0.471494  -10.872918       0.209117  -1.383094  -3.792142
    41  0.11041546    3.004558   69.286807       0.714766   2.700874   0.108184
    42 -0.00933242   -0.253948   -5.856185       1.394191  -1.801397  -3.278520
    43  0.04667408    1.270066   29.288452       1.485822   3.842096  -2.216694
    44  0.14563470    3.962922   91.387229       1.822469  -2.942257   1.003894
    45  0.05852897    1.592654   36.727515       2.022589   1.097291  -0.237440
    46  0.18698557    5.088136  117.335314       2.435349   0.000929   2.094960
    47  0.05094818    1.386371   31.970495       2.373688   1.929118  -1.245959
    48  0.14479463    3.940062   90.860077       2.729951  -3.378401   1.225247
    49  0.16747011    4.557093  105.089167       3.119747  -2.062029   3.471489
    50  0.07826957    2.129823   49.114936       3.237350   1.108628  -0.769382
    51  0.07299443    1.986279   45.804733       3.359927   2.158233  -0.948621
    52  0.13612311    3.704098   85.418612       3.803539  -2.814946   0.734322
    53  0.13157647    3.580378   82.565550       3.755472  -1.854988   0.106749
    54  0.15968169    4.345160  100.201860       4.074475  -3.866626   1.667056
    55  0.07143502    1.943846   44.826190       3.929075   0.194938  -1.285556
    56  0.07076023    1.925484   44.402752       4.156835   2.424261  -1.605577
    57  0.15461952    4.207411   97.025294       4.219781  -1.510760   2.993057
    58  0.15756410    4.287537   98.873047       4.190306  -0.472442   2.282150
    59  0.16944021    4.610703  106.325428       4.336372  -2.701373   3.481306
    60  0.06584686    1.791784   41.319566       4.704226   0.582626  -1.955339
    61  0.06823901    1.856878   42.820661       4.885843   1.663953  -2.173456
    62  0.15679722    4.266669   98.391821       5.151408  -0.966722   2.303865
    63  0.08600215    2.340237   53.967208       5.163471   2.333015   1.014646
    64  0.07939520    2.160453   49.821282       5.871385   2.693373   0.413736
    65  0.08243639    2.243208   51.729657       6.465885   0.869968   0.046095
    66  0.07685434    2.091313   48.226864       6.629751   1.875533  -0.164959
 
 Number of surface maxima:    75
   #       a.u.         eV      kcal/mol           X/Y/Z coordinate(Angstrom)
     1  0.18302086    4.980251  114.847419      -6.534705   0.002077  -1.450703
     2  0.16417523    4.467435  103.021597      -6.102752  -2.424641  -3.655619
     3  0.12492419    3.399360   78.391177      -6.038217  -1.272205  -2.376856
     4  0.19527455    5.313691  122.536734      -6.018154   3.094428  -0.902330
     5  0.19724387    5.367279  123.772498      -5.958228   5.082171   1.619841
     6  0.15345531    4.175731   96.294745      -5.680534   3.891522   0.489598
     7  0.13702976    3.728769   85.987547      -5.259713   3.314394   2.016724
     8  0.11400755    3.102303   71.540876      -4.656173  -3.227837  -3.263706
     9  0.15161240    4.125583   95.138298      -4.568815   2.166722  -0.902136
    10  0.15581544    4.239954   97.775745      -4.530934   4.855351   2.438937
    11  0.24156309    6.573266  151.583256      -4.540912  -1.395283   2.544072
    12  0.21333486    5.805137  133.869758      -4.421254   0.287254   1.072775
    13  0.13405304    3.647769   84.119624      -4.356443  -2.529346  -0.761456
    14  0.15747950    4.285235   98.819962      -3.461930  -4.403347  -3.389114
    15  0.12149055    3.305926   76.236533      -3.566431  -1.474745  -1.687516
    16  0.18005663    4.899590  112.987337      -3.525668   1.223763  -1.580713
    17  0.15122320    4.114992   94.894068      -3.564613   1.172959   0.429193
    18  0.17467750    4.753216  109.611877      -3.554315   2.638494   1.487547
    19  0.20670674    5.624776  129.710548      -3.320265  -1.379698   3.604256
    20  0.19741514    5.371939  123.879974      -3.358471  -0.736426   1.091801
    21  0.20237892    5.507010  126.994794      -3.258265   5.283233   3.540729
    22  0.16409809    4.465336  102.973192      -3.067172   3.800604   0.449256
    23  0.11665919    3.174458   73.204809      -2.569914  -3.937939  -1.974974
    24  0.25162375    6.847030  157.896417      -2.675928  -1.263487   5.093638
    25  0.03291361    0.895625   20.653618      -1.849829  -0.845057  -4.014238
    26  0.15631274    4.253486   98.087808      -1.799030   2.024840  -0.684621
    27  0.19619674    5.338785  123.115418      -1.632982  -2.716389   0.301293
    28  0.17425392    4.741690  109.346076      -1.489905  -0.871072  -0.059643
    29  0.17171086    4.672490  107.750282      -1.326891  -3.913841  -0.872386
    30  0.24367052    6.630612  152.905685      -1.267211  -2.390355   2.084973
    31  0.24910458    6.778480  156.315616      -1.268217  -0.775951   2.008391
    32  0.22570535    6.141755  141.632362      -1.310518   0.781168   1.355253
    33  0.13573644    3.693576   85.175976      -1.110994  -0.606644  -1.026293
    34  0.21695573    5.903666  136.141891      -1.059602  -1.375558   4.581352
    35  0.20849812    5.673522  130.834657      -1.052188   2.200186   1.810586
    36  0.15840579    4.310441   99.401217      -0.949328   2.436285  -0.574237
    37  0.17668367    4.807807  110.870770      -0.846050   4.731307  -1.422928
    38  0.10393494    2.828213   65.220212      -0.607259   0.856360  -1.826526
    39  0.22873220    6.224120  143.531741      -0.660624   3.388717   2.863621
    40  0.19448335    5.292161  122.040245      -0.214350  -0.402824   0.500559
    41  0.11670764    3.175776   73.235214       0.246785  -1.753927  -1.670456
    42  0.23695862    6.447972  148.693902       0.325571   1.897232   1.711431
    43  0.19357876    5.267546  121.472610       0.455478   1.076808  -0.239764
*   44  0.26702000    7.265984  167.557717       0.697170  -1.415383   4.653468
    45  0.23770323    6.468234  149.161152       0.851855  -2.194016   3.153255
    46  0.10310494    2.805628   64.699380       1.006071  -0.181155  -2.690920
    47  0.22083511    6.009229  138.576238       1.073386  -0.406874   2.084039
    48  0.25600904    6.966360  160.648233       1.276951  -3.915094   3.482052
    49  0.16776786    4.565196  105.276013       1.394224  -1.281470  -0.102764
    50  0.19371778    5.271329  121.559845       1.733094   4.390637   0.494745
    51  0.08418180    2.290703   52.824918       1.842611   2.743649  -2.481282
    52  0.12425431    3.381132   77.970823       2.054047   0.051027  -1.032801
    53  0.20876830    5.680874  131.004194       2.345841   2.164168   1.601901
    54  0.14040339    3.820570   88.104529       2.325438   1.242624  -3.412250
    55  0.15422130    4.196575   96.775407       2.596362  -0.463263  -0.234881
    56  0.21884980    5.955206  137.330439       2.755350  -2.135915   1.016471
    57  0.20087551    5.466101  126.051389       2.869981  -3.656917   3.227718
    58  0.23760752    6.465629  149.101095       2.842448  -1.141162   2.277198
    59  0.20598008    5.605003  129.254561       2.858191   0.505820   1.276908
    60  0.05411278    1.472484   33.956313       3.380307  -2.299016  -2.071285
    61  0.17976643    4.891693  112.805230       3.899484   4.529604   0.160022
    62  0.12498167    3.400924   78.427249       4.336191   1.391958  -1.016409
    63  0.16106536    4.382811  101.070125       4.559765  -0.883300   2.531642
    64  0.23409816    6.370135  146.898934       4.640020  -4.046136   3.097477
    65  0.17582947    4.784563  110.334751       4.850660  -1.142500   0.292212
    66  0.18834772    5.125202  118.190079       5.040576  -2.723193   2.214695
    67  0.12352628    3.361321   77.513975       5.114359   3.899254  -0.757522
    68  0.17452469    4.749058  109.515990       5.148268  -0.829998   0.717773
    69  0.13293156    3.617252   83.415882       5.348672   1.448399   0.235073
    70  0.18385388    5.002918  115.370147       5.770610  -1.665222  -0.756737
    71  0.22491493    6.120246  141.136365       6.072897  -1.766642   1.512200
    72  0.12680806    3.450623   79.573325       6.349161  -0.290577  -1.371610
    73  0.16558587    4.505821  103.906787       6.504734   3.871862  -1.831523
    74  0.11854380    3.225741   74.387420       6.694726   2.171696  -1.884103
    75  0.16503291    4.490774  103.559801       7.373752   0.721906  -2.341719
