 Number of surface minima:    60
   #       a.u.         eV      kcal/mol           X/Y/Z coordinate(Angstrom)
     1  0.11542583    3.140897   72.430865      -8.351252   0.161217   2.139994
     2  0.11758310    3.199599   73.784574      -7.718195   2.274872   2.296119
     3  0.09617340    2.617011   60.349772      -7.549851  -0.228030   0.952420
     4  0.09697950    2.638946   60.855604      -7.095827  -0.312231   0.122023
     5  0.09937869    2.704232   62.361125      -6.969119   2.353753   1.175073
     6  0.09640164    2.623222   60.492995      -6.845901  -0.470194   2.100990
     7  0.09975990    2.714605   62.600337      -6.398822   2.256155   0.279692
     8  0.10080170    2.742954   63.254076      -6.277053   2.108405   2.255123
     9  0.09116879    2.480829   57.209327      -5.921526  -0.737421   2.231495
    10  0.10542439    2.868743   66.154856      -5.836971  -0.631860   0.155213
    11  0.11258758    3.063664   70.649835      -5.830694   1.755715   3.364494
    12  0.10053828    2.735786   63.088774      -5.241018  -0.836850   1.049105
    13  0.11172224    3.040117   70.106822      -5.248149   1.929324   0.252825
    14  0.09903944    2.695000   62.148241      -5.216129   1.829617   2.383878
    15  0.11156219    3.035762   70.006390      -4.677301   1.728389   1.206630
    16  0.10772422    2.931325   67.598027      -4.470169  -0.870592   2.230751
    17  0.03304595    0.899226   20.736666      -3.797906  -3.075730  -3.082034
    18  0.04061372    1.105156   25.485517      -3.631341  -2.529111  -0.384412
    19  0.11749347    3.197160   73.728330      -3.511454  -0.112540   1.628534
    20  0.04959838    1.349641   31.123481      -2.988301  -0.932423  -2.799154
    21  0.11720904    3.189420   73.549844      -2.863152   0.760537  -1.435446
    22  0.02846556    0.774587   17.862421      -2.471702  -0.687639   1.409700
*   23  0.01307218    0.355712    8.202927      -2.311141  -3.062826   0.663109
    24  0.03758517    1.022745   23.585071      -1.923922  -2.991551  -1.250478
    25  0.11918209    3.243110   74.787953      -1.865994   3.678073   0.317597
    26  0.11427602    3.109609   71.709344      -1.225554   2.382212  -0.355382
    27  0.12510826    3.404369   78.506685      -1.272902   3.394141   2.462015
    28  0.01617536    0.440154   10.150200      -1.130156  -1.677740   2.180042
    29  0.01905553    0.518527   11.957535      -0.991896   0.765259  -3.445457
    30  0.02312425    0.629243   14.510695      -0.181050  -0.423051   1.760232
    31  0.10245578    2.787964   64.292027       0.192787  -3.494396  -0.591128
    32  0.10219675    2.780915   64.129484       0.329760  -4.649667  -1.323831
    33  0.11522103    3.135324   72.302349       0.305338   3.139063  -0.835302
    34  0.02760204    0.751090   17.320557       0.733203  -0.168028  -2.495497
    35  0.14235476    3.873670   89.329034       1.309948   3.178088   1.641417
    36  0.11069426    3.012144   69.461756       1.506560  -3.332581   0.408071
    37  0.11475779    3.122718   72.011662       1.528818  -4.245446  -3.044052
    38  0.13547895    3.686570   85.014398       1.985026  -1.110411   1.450317
    39  0.13608707    3.703118   85.395998       2.031326   1.422828  -1.485232
    40  0.13560680    3.690049   85.094620       2.202360   2.510220  -1.555386
    41  0.14872411    4.046989   93.325865       2.423075   3.537446   1.151082
    42  0.13434356    3.655674   84.301929       2.576212  -2.008633   1.715633
    43  0.13776890    3.748883   86.451365       3.361917  -2.793524  -1.441416
    44  0.11136476    3.030389   69.882503       3.624860  -0.820316   3.177388
    45  0.10950535    2.979792   68.715701       3.560515   4.105729  -2.193554
    46  0.14863091    4.044453   93.267379       3.764733  -3.749084  -1.104164
    47  0.11136851    3.030491   69.884855       4.139316   1.948387  -2.426257
    48  0.10807012    2.940738   67.815084       4.197378  -2.900880   3.037848
    49  0.14494717    3.944213   90.955796       4.286830  -2.656225  -0.506636
    50  0.11873957    3.231068   74.510265       4.228334  -1.641200   3.434731
    51  0.11931881    3.246830   74.873747       4.267528   3.135734  -2.451750
    52  0.11751580    3.197768   73.742340       4.587873   4.235759   0.269993
    53  0.12214836    3.323826   76.649318       5.255235   1.980481   0.005763
    54  0.12740239    3.466795   79.946271       5.322473   3.134887  -0.059593
    55  0.12115792    3.296875   76.027805       5.424167  -0.086560   1.318023
    56  0.13361872    3.635950   83.847086       5.410575   4.662443  -0.343493
    57  0.11526151    3.136425   72.327748       6.022276  -2.265538   1.189586
    58  0.12581717    3.423659   78.951530       6.005194  -1.087947   1.595830
    59  0.13545482    3.685913   84.999255       6.106350   0.088691   2.365836
    60  0.13586601    3.697102   85.257277       6.178341   2.239803  -0.634081
 
 Number of surface maxima:    72
   #       a.u.         eV      kcal/mol           X/Y/Z coordinate(Angstrom)
     1  0.18477727    5.028045  115.949584      -8.875335   1.429069   2.773260
     2  0.18408891    5.009314  115.517629      -8.805103   1.568447  -0.535338
     3  0.13998555    3.809200   87.842331      -8.507420   1.454227   1.203917
     4  0.11969843    3.257160   75.111960      -7.321161   2.277342   2.298589
     5  0.14032228    3.818363   88.053633      -7.345993   1.030878   3.299201
     6  0.14521194    3.951418   91.121946      -7.198872   1.179909  -1.058018
     7  0.14971057    4.073832   93.944882      -6.289870  -0.026125   1.053183
     8  0.18375701    5.000282  115.309361      -6.186337   0.635304   4.435544
     9  0.19656795    5.348886  123.348353      -6.017164   0.906518  -2.111281
    10  0.15310746    4.166266   96.076463      -5.914773   1.522626   1.176841
    11  0.17045259    4.638251  106.960704      -5.852428  -1.878288  -1.970690
    12  0.13946187    3.794950   87.513718      -4.945909   0.390875   3.334128
    13  0.17504937    4.763336  109.845231      -4.839177   0.654612  -1.205535
    14  0.15276163    4.156855   95.859450      -4.418299  -4.615995  -1.063275
    15  0.11233607    3.056820   70.492005      -4.172147  -1.355264  -1.856238
    16  0.18923610    5.149376  118.747543      -4.126703   0.395422  -2.075407
    17  0.14144218    3.848838   88.756385      -3.892697  -0.425969   1.062923
    18  0.18046641    4.910741  113.244475      -3.474887  -0.009600   2.929293
    19  0.18235117    4.962028  114.427183      -3.396392   1.398353  -0.277680
    20  0.08507274    2.314947   53.383996      -3.114571  -3.664593  -1.460158
    21  0.15552117    4.231946   97.591091      -2.546418   0.008937  -1.274220
    22  0.17675810    4.809832  110.917474      -2.491127   2.344278   0.104070
    23  0.13738289    3.738379   86.209140      -2.423179  -1.451485  -0.385184
    24  0.13784913    3.751066   86.501708      -2.188511   3.125045   1.654526
    25  0.14180042    3.858586   88.981185      -1.559118   0.850412  -0.146980
    26  0.13155130    3.579693   82.549757      -1.385457  -0.553630   0.919716
    27  0.18336815    4.989701  115.065345      -1.252209   1.969540   2.791855
    28  0.05552394    1.510883   34.841827      -1.281629   2.582538  -2.650807
    29  0.15711654    4.275359   98.592202      -0.997862  -1.772603  -3.632804
    30  0.19591248    5.331050  122.937042      -1.051705   4.736427   1.396474
    31  0.14524510    3.952320   91.142756      -0.693945  -3.702115  -1.434342
    32  0.05067938    1.379056   31.801820      -0.720491  -3.578449   1.600683
    33  0.14190974    3.861560   89.049781      -0.600979  -0.555345  -2.185873
    34  0.16098353    4.380585  101.018774      -0.666727   1.627910   0.061626
    35  0.13394226    3.644754   84.050110      -0.437914  -2.087836  -1.008234
    36  0.17873752    4.863695  112.159580       0.192787   1.693658   1.645706
    37  0.16106132    4.382701  101.067590       0.319799   0.503009  -0.808195
    38  0.12258903    3.335817   76.925845       0.529059  -4.320197  -2.711418
    39  0.15700279    4.272263   98.520822       0.515711  -2.349130  -0.798686
    40  0.15810496    4.302255   99.212443       0.476694  -1.079642   0.126258
*   41  0.22687135    6.173483  142.364042       0.822650   5.351422   0.514300
    42  0.20528521    5.586095  128.818524       1.263419   2.098206  -0.654414
    43  0.17607811    4.791329  110.490773       1.353536  -2.875910  -3.576867
    44  0.18560728    5.050631  116.470426       1.901288  -5.298015  -1.715947
    45  0.17459495    4.750970  109.560075       1.891984  -2.025084  -2.033627
    46  0.22412230    6.098678  140.638982       1.835402   2.114552   0.843928
    47  0.20424560    5.557805  128.166155       2.037511  -2.010875   0.530179
    48  0.18769661    5.107485  117.781501       2.047267   4.740806  -0.139379
    49  0.20308777    5.526299  127.439609       2.598491   0.418004   1.233017
    50  0.21038485    5.724863  132.018595       2.938908   6.013920  -0.410906
    51  0.22117500    6.018478  138.789522       3.103262  -1.633324  -0.578714
    52  0.20233817    5.505902  126.969226       3.103262   0.261868  -0.877580
    53  0.22133292    6.022775  138.888618       3.538136  -5.007174  -0.241220
    54  0.21133931    5.750835  132.617531       3.375460   0.514017   0.402001
    55  0.22491681    6.120298  141.137546       3.538225   1.609484   2.008324
    56  0.17793133    4.841758  111.653689       3.432565   2.816727  -1.527738
    57  0.17636768    4.799209  110.672482       3.783245  -1.737003   2.234952
    58  0.18428189    5.014565  115.638728       4.029322  -3.947601   0.681848
    59  0.18650239    5.074988  117.032113       4.003626   2.870852  -0.057554
    60  0.15983647    4.349371  100.298981       4.316566   5.306297  -1.038227
    61  0.22374778    6.088487  140.403970       4.578255  -0.294530  -1.184467
    62  0.16801791    4.572000  105.432917       4.664583   0.710933   2.716595
    63  0.18372203    4.999331  115.287413       4.823088  -1.317179   1.121693
    64  0.20773114    5.652652  130.353369       5.125379  -4.740617   1.479401
    65  0.16753560    4.558875  105.130263       5.398278   1.032187  -1.414144
    66  0.15789057    4.296421   99.077914       5.796023  -3.465820   2.423252
    67  0.20453634    5.565717  128.348599       5.840563   0.448724   3.808392
    68  0.15968324    4.345202  100.202827       5.969959   3.538074  -1.757249
    69  0.20064429    5.459809  125.906301       5.923053   5.174921  -1.701897
    70  0.15894706    4.325169   99.740867       6.100603  -1.230593   3.424465
    71  0.20420422    5.556679  128.140188       6.675208   2.011180  -2.068696
    72  0.19950177    5.428719  125.189358       6.714656  -2.781162   3.606474
