 Number of surface minima:    64
   #       a.u.         eV      kcal/mol           X/Y/Z coordinate(Angstrom)
     1  0.09772950    2.659355   61.326240      -6.638903  -0.357875  -0.475690
     2  0.10274763    2.795905   64.475167      -6.374314  -0.786222   0.511473
     3  0.11186718    3.044061   70.197772      -6.109725  -1.407939   1.609583
     4  0.10008278    2.723391   62.802944      -5.559304  -0.527575   1.150334
     5  0.08537161    2.323080   53.571541      -5.183665  -2.236424  -1.732494
     6  0.15445147    4.202838   96.919845      -5.185229   1.698928  -2.557528
     7  0.08150410    2.217839   51.144635      -4.870164  -3.419292   3.281171
     8  0.07867962    2.140981   49.372250      -4.516493  -2.275993   4.454270
     9  0.09635006    2.621818   60.460626      -4.328576   1.426685   2.693323
    10  0.13918556    3.787432   87.340331      -4.257605   2.152971  -1.666144
    11  0.08585658    2.336276   53.875862      -4.254857   0.367529   4.177769
    12  0.07343654    1.998310   46.082165      -3.993016  -2.483397   0.181165
    13  0.15594712    4.243537   97.858379      -3.199251   1.213456   0.526737
    14  0.07030118    1.912992   44.114690      -3.130443  -3.399396   3.454660
    15  0.10862795    2.955917   68.165124      -2.647827   0.356378  -2.842715
    16  0.09593038    2.610398   60.197271      -2.602651   1.097225   3.356473
    17  0.07504268    2.042015   47.090029      -2.537401  -2.144852   1.401644
    18  0.08052370    2.191161   50.529425      -2.027968  -1.221181   0.859513
    19  0.06202811    1.687871   38.923259      -1.626321   0.339768   1.867666
*   20 -0.00446195   -0.121416   -2.799915      -1.245203  -3.266133  -1.439260
    21  0.14280585    3.885945   89.612098      -1.207648   4.482833  -0.038846
    22  0.00460591    0.125333    2.890255      -0.980942  -2.331122  -2.316052
    23  0.16175004    4.401443  101.499769      -0.799996   5.674637  -0.555838
    24  0.14295131    3.889903   89.703375      -0.421070   3.780414  -2.497341
    25  0.00790726    0.215168    4.961885      -0.288776  -3.792189   1.004555
    26  0.10319153    2.807984   64.753714       0.190298   1.142179   3.242618
    27  0.03514756    0.956414   22.055443       0.345369  -2.545102   1.912887
    28  0.10623271    2.890739   66.662087       0.304064   3.014217   3.121263
    29  0.10169763    2.767333   63.816278       0.924852   0.651986   1.034844
    30  0.01732430    0.471418   10.871169       1.011323  -2.848752  -1.120839
    31  0.14716291    4.004507   92.346200       0.967447   4.138146  -2.104934
    32  0.05732516    1.559897   35.972110       1.145962   0.495037  -1.537473
    33  0.08760970    2.383981   54.975962       1.406189  -0.039095   2.436076
    34  0.09734640    2.648930   61.085840       1.408077   2.212161   4.274742
    35  0.14656222    3.988161   91.969261       1.823452   3.235374  -1.388624
    36  0.10646730    2.897123   66.809294       2.092521  -3.132269  -1.270106
    37  0.05399778    1.469354   33.884148       1.969707  -1.875094   3.778014
    38  0.11414843    3.106137   71.629280       2.113068   5.688077   0.778916
    39  0.07499836    2.040809   47.062220       2.243449  -2.647301   1.281534
    40  0.12111606    3.295736   76.001539       2.238161   4.062901   1.661221
    41  0.12146974    3.305360   76.223478       2.621699   4.974082   1.339796
    42  0.10288455    2.799631   64.561083       2.825979  -4.322278  -0.582977
    43  0.10221795    2.781492   64.142783       2.843515  -3.471356  -2.578256
    44  0.11223599    3.054097   70.429206       3.156539   4.741687  -1.500137
    45  0.11752296    3.197962   73.746835       3.411055   2.710486  -0.334778
    46  0.13331013    3.627553   83.653439       3.415464   4.266017   1.991766
    47  0.10201602    2.775997   64.016076       3.656503  -3.468204   0.032694
    48  0.10094018    2.746722   63.340975       3.745280  -2.409850  -2.369870
    49  0.14323951    3.897745   89.884223       3.842087   1.560694   1.007289
    50  0.10294788    2.801354   64.600826       3.967988   1.711199   3.947116
    51  0.11895834    3.237021   74.647546       3.824082   3.818532  -0.698078
    52  0.08970611    2.441027   56.291482       4.235663  -4.526559  -0.399534
    53  0.08863588    2.411905   55.619901       4.215125  -3.450459  -2.840328
    54  0.10928348    2.973755   68.576475       4.482586  -1.610022  -2.018556
    55  0.11412082    3.105385   71.611955       4.794607   0.689119   2.912874
    56  0.11367121    3.093151   71.329818       5.056948   2.127909   2.750834
    57  0.09535598    2.594768   59.836831       5.306656  -4.489578  -0.399428
    58  0.09466402    2.575939   59.402622       5.268051  -3.464540  -2.835259
    59  0.10018977    2.726302   62.870084       5.726128  -1.748378  -2.108849
    60  0.10213856    2.779332   64.092970       5.796448  -2.806162   0.343829
    61  0.09828050    2.674348   61.671997       6.082965  -3.600499  -0.011424
    62  0.09758240    2.655352   61.233933       6.064062  -2.534121  -2.439068
    63  0.11489278    3.126392   72.096370       6.568303  -4.791147  -0.765415
    64  0.11450015    3.115708   71.849989       6.619950  -3.852216  -2.778306
 
 Number of surface maxima:    87
   #       a.u.         eV      kcal/mol           X/Y/Z coordinate(Angstrom)
     1  0.18245497    4.964852  114.492318      -7.634301  -2.743777  -0.784610
     2  0.14260601    3.880507   89.486697      -6.936445  -1.493146  -1.794322
     3  0.19916631    5.419591  124.978850      -6.696606  -0.588008  -3.154272
     4  0.13727187    3.735357   86.139468      -6.570678  -2.564543   0.475377
     5  0.17581365    4.784133  110.324824      -6.126131  -2.946860   1.815858
     6  0.14535784    3.955388   91.213500      -5.845137  -1.947327   3.493973
     7  0.17725100    4.823245  111.226776      -5.454324   0.234626  -2.706047
     8  0.14860995    4.043882   93.254232      -5.496287   0.487572   3.090758
     9  0.16118641    4.386105  101.146085      -5.315960  -0.369926  -0.130585
    10  0.13028388    3.545205   81.754437      -5.051371  -1.424589   1.989815
    11  0.22063681    6.003833  138.451803      -5.125735   1.060166  -3.964699
    12  0.08725742    2.374395   54.754902      -4.522540  -3.205034   3.917069
    13  0.15165198    4.126660   95.163134      -4.400720  -1.534125  -0.735122
    14  0.11632146    3.165268   72.992879      -4.387245  -2.538642   1.539241
    15  0.11167418    3.038809   70.076667      -4.140110  -0.942085   3.669779
    16  0.13140356    3.575673   82.457045      -3.981825  -3.984672   2.204753
    17  0.10491386    2.854851   65.834495      -3.728428   1.365531   3.456993
    18  0.18223359    4.958828  114.353400      -3.738179   1.982374  -3.368093
    19  0.22014917    5.990563  138.145804      -3.596134   1.222700  -0.786962
    20  0.17925551    4.877790  112.484624      -3.065643   0.114638   1.006336
    21  0.14069982    3.828637   88.290547      -2.977082  -2.308290   4.698974
    22  0.18998584    5.169778  119.218013      -2.934662   0.078102  -1.663858
    23  0.17157131    4.668693  107.662710      -2.921707   1.581445   1.786866
*   24  0.24338380    6.622810  152.725768      -2.990821   4.058565  -1.799312
    25  0.11466806    3.120277   71.955354      -2.796084  -1.215319   3.388500
    26  0.15055108    4.096703   94.472310      -2.686991   0.094224   4.542895
    27  0.23720569    6.454695  148.848945      -2.532022   2.899242  -3.501674
    28  0.20434752    5.560579  128.230109      -2.537779   2.793834  -0.935654
    29  0.10903386    2.966962   68.419836      -2.310362  -0.170643   2.833202
    30  0.04093859    1.113996   25.689374      -1.987182  -4.122151   0.224760
    31  0.19533104    5.315228  122.572183      -1.819160   1.616127   0.267936
    32  0.20330376    5.532177  127.575143      -1.733575   2.496352  -2.305892
    33  0.16159120    4.397120  101.400092      -1.617046  -0.956794  -0.586304
    34  0.19456451    5.294369  122.091174      -1.611719   4.924851  -1.773626
    35  0.13888019    3.779122   87.148708      -1.588322  -1.334082   2.208893
    36  0.13524572    3.680223   84.868043      -1.082542  -1.275616   1.212728
    37  0.06527034    1.776096   40.957791      -1.061819  -0.404972  -3.595539
    38  0.21488275    5.847257  134.841074      -0.809657   0.778003  -0.706434
    39  0.17880374    4.865497  112.201136      -0.675612  -0.421861   3.119255
    40  0.23330041    6.348427  146.398340      -0.547001   6.321082  -1.905181
    41  0.17484486    4.757770  109.716895      -0.387185   2.113771   1.947625
    42  0.22892600    6.229393  143.653354      -0.288776   3.339471   0.006866
    43  0.15120987    4.114630   94.885707      -0.054174   0.322113   0.993436
    44  0.10522588    2.863342   66.030290       0.106836  -2.145766  -1.113187
    45  0.22035848    5.996259  138.277150       0.240401   3.045394  -1.446933
    46  0.11345447    3.087253   71.193815       0.259800   2.232378   3.645526
    47  0.19248821    5.237871  120.788278       0.603425   5.790049  -1.267908
    48  0.12175514    3.313126   76.402567       0.644792  -2.268177   0.483605
    49  0.13335706    3.628830   83.682892       1.034167  -0.425435  -1.182145
    50  0.19269113    5.243392  120.915610       1.029583   1.944813   0.884716
    51  0.15710567    4.275063   98.585376       1.300507   0.636495   4.178370
    52  0.19582199    5.328587  122.880260       1.455816  -0.536214   0.225649
    53  0.16607993    4.519265  104.216819       1.563344   2.067663  -1.035231
    54  0.21420675    5.828862  134.416876       1.580382   6.878261  -1.518393
    55  0.16290701    4.432925  102.225778       1.621216   3.733560   3.576018
    56  0.17816829    4.848206  111.802385       1.697456   4.347289   0.610108
    57  0.15498937    4.217475   97.257379       1.827933  -0.236707  -0.582977
    58  0.16337217    4.445583  102.517670       1.966289  -4.258252  -1.771211
    59  0.13383905    3.641946   83.985343       2.381925   0.686374   2.724380
    60  0.18168231    4.943827  114.007467       2.399421   3.675688  -0.715271
    61  0.14015524    3.813818   87.948812       2.577994  -2.824088  -0.323070
    62  0.14160505    3.853269   88.858587       2.631279  -2.282605   0.492479
    63  0.13146590    3.577369   82.496170       2.639160   1.970407   3.410708
    64  0.18373050    4.999561  115.292728       2.753486  -0.683999  -1.518733
    65  0.16799770    4.571450  105.420235       3.018582  -3.937103   2.856675
    66  0.16025240    4.360690  100.559985       2.998662   6.281399  -0.728165
    67  0.15495758    4.216610   97.237431       3.082347   3.077982   2.062909
    68  0.22085716    6.009829  138.590075       3.213767   0.298928   0.179935
    69  0.12918455    3.515290   81.064599       3.413983  -4.791436  -2.039092
    70  0.15073516    4.101712   94.587817       3.349488   1.426685   0.872260
    71  0.16725785    4.551318  104.955976       3.657470   0.057216   3.650441
    72  0.15585058    4.240910   97.797795       3.812347   2.416204   1.107643
    73  0.16883979    4.594364  105.948658       4.179539   3.228168   3.375736
    74  0.19218655    5.229662  120.598982       4.279138  -0.977032   2.713287
    75  0.15979678    4.348291  100.274077       4.429205   4.724915   0.714046
    76  0.17611545    4.792345  110.514209       4.592042  -6.003819  -2.445672
    77  0.20062637    5.459321  125.895056       4.555362   6.270823   0.053665
    78  0.15050906    4.095560   94.445939       4.898116  -3.286648  -0.450683
    79  0.14913304    4.058116   93.582471       4.857606  -2.674438  -1.928116
    80  0.11946227    3.250734   74.963770       4.946622   1.397116   3.064889
    81  0.20274680    5.517021  127.225644       4.896435   3.562867   1.679362
    82  0.18512178    5.037420  116.165766       5.003432   1.162160   1.137383
    83  0.21675342    5.898160  136.014936       5.286899  -0.001992   0.092971
    84  0.13617370    3.705475   85.450361       5.916284  -5.102904  -2.060112
    85  0.18320348    4.985220  114.962015       7.516588  -4.841324  -1.927583
    86  0.14124269    3.843409   88.631198       7.385936  -3.334920  -1.239144
    87  0.18973762    5.163023  119.062256       7.958603  -1.848370  -0.692453
