 Number of surface minima:    58
   #       a.u.         eV      kcal/mol           X/Y/Z coordinate(Angstrom)
     1  0.12238637    3.330303   76.798673      -7.339571  -1.004478  -1.355269
     2  0.11485951    3.125486   72.075491      -7.014973   0.450534   0.364332
     3  0.10978933    2.987520   68.893903      -6.331136  -1.691151  -1.248175
     4  0.11149549    3.033947   69.964535      -6.181907  -0.779642  -1.939798
     5  0.09651940    2.626426   60.566888      -6.060735  -0.092839   0.879313
     6  0.11439435    3.112829   71.783598      -5.797909   0.431227  -2.697744
     7  0.09484934    2.580982   59.518908      -5.762100   0.837582   0.089908
     8  0.10629845    2.892528   66.703343      -5.007007  -0.366080  -2.436696
     9  0.08164932    2.221791   51.235763      -4.670157   1.296132  -0.427841
    10  0.16763406    4.561555  105.192051      -4.525501  -3.869364   0.271933
    11  0.15794644    4.297941   99.112971      -4.258029  -2.670479   2.112605
    12  0.15367767    4.181782   96.434275      -3.375336  -3.522664  -0.369200
    13  0.13459068    3.662399   84.456999      -2.931445  -2.147269   1.867719
    14 -0.00556603   -0.151459   -3.492742      -2.805536   2.856403   1.472717
    15  0.01016140    0.276506    6.376381      -2.433095   2.049877  -1.956731
*   16 -0.00868145   -0.236234   -5.447697      -2.069088   3.736828   0.078680
    17  0.01099934    0.299307    6.902196      -1.703648   0.907651  -1.783079
    18  0.02604141    0.708623   16.341243      -0.532552  -0.389077   2.725586
    19  0.01149446    0.312780    7.212891      -0.603356   3.482734   1.879803
    20  0.16421162    4.468425  103.044435       0.194500  -1.804948  -1.295260
    21  0.04373839    1.190182   27.446275       0.298518   0.793588  -1.787133
    22  0.01486871    0.404598    9.330267       0.643996   4.210615   0.286284
    23  0.05213873    1.418767   32.717575       0.685098   0.001563   3.218236
    24  0.16423171    4.468972  103.057039       0.950511  -4.119532   0.215825
    25  0.16223706    4.414695  101.805378       0.926485  -2.259657  -1.694584
    26  0.02814516    0.765869   17.661369       1.419147   4.335260   2.885570
    27  0.18446636    5.019585  115.754488       1.831008  -3.071132  -2.118693
    28  0.06915019    1.881672   43.392438       1.779474   2.293617   2.207415
    29  0.18213870    4.956246  114.293855       1.959544  -4.550955  -0.514473
    30  0.13011469    3.540601   81.648269       2.113334   0.716803  -3.279674
    31  0.06909256    1.880104   43.356275       2.176965   1.368165   3.202746
    32  0.11886167    3.234390   74.586884       2.922094   1.464807  -2.628820
    33  0.13344589    3.631247   83.738628       3.317923  -1.878879   2.833175
    34  0.14678798    3.994304   92.110927       3.431301  -0.668058  -1.158780
    35  0.14673219    3.992786   92.075918       3.416200   0.343903   1.471324
    36  0.11226441    3.054870   70.447038       3.436277   0.833444  -3.676557
    37  0.13950946    3.796246   87.543584       3.717535  -1.310238  -2.100389
    38  0.12113166    3.296160   76.011329       3.722077   2.007562  -1.956731
    39  0.15095125    4.107592   94.723419       4.116802  -1.846390  -3.395341
    40  0.14436458    3.928360   90.590216       4.028796  -0.219656  -0.570446
    41  0.15438586    4.201053   96.878674       4.267618   0.427424   2.175836
    42  0.13658032    3.716540   85.705517       4.391969  -3.136289   1.350626
    43  0.13915629    3.786635   87.321966       4.286131  -2.399707   2.200481
    44  0.14327826    3.898800   89.908542       4.368750  -1.351763   3.220623
    45  0.14303498    3.892180   89.755881       4.364562  -1.077967  -0.365026
    46  0.14869036    4.046070   93.304685       4.336000  -0.334812   0.556860
    47  0.11654785    3.171428   73.134939       4.494631   0.837337  -3.808852
    48  0.13999505    3.809459   87.848297       4.765874  -1.350163  -2.347328
    49  0.15638412    4.255428   98.132599       4.946772   0.643062   0.215236
    50  0.11463429    3.119358   71.934165       5.030586   1.979249  -2.226854
    51  0.13625864    3.707786   85.503659       5.156103  -0.207041  -0.690126
    52  0.11478992    3.123593   72.031824       5.300246   1.458974  -3.023431
    53  0.15086394    4.105216   94.668629       5.435154  -2.660068   1.627989
    54  0.15799036    4.299136   99.140528       5.460541  -1.036914   0.027683
    55  0.13630270    3.708985   85.531306       5.520625  -0.742846  -1.559848
    56  0.13526132    3.680648   84.877832       5.946795   0.641289  -3.938149
    57  0.14955711    4.069656   93.848581       6.214457  -1.170039  -2.750497
    58  0.14560838    3.962205   91.370712       6.502359  -0.001639  -1.007982
 
 Number of surface maxima:    66
   #       a.u.         eV      kcal/mol           X/Y/Z coordinate(Angstrom)
     1  0.19165300    5.215143  120.264177      -8.266598  -0.150703  -0.531516
     2  0.15433742    4.199735   96.848273      -7.259013  -1.326175   0.306226
     3  0.14481153    3.940522   90.870683      -7.024966   0.662247  -1.306630
     4  0.21181441    5.763763  132.915663      -6.815032  -2.728943   1.153684
     5  0.18015629    4.902302  113.049873      -6.466145   1.715113  -2.335263
     6  0.19193629    5.222852  120.441941      -5.358226  -2.727374   0.953743
     7  0.17612003    4.792470  110.517080      -5.036472  -1.080734  -1.167315
     8  0.12417968    3.379101   77.923992      -5.020743   1.185795  -2.463552
     9  0.23469987    6.386508  147.276517      -5.003494  -3.978500   1.645531
    10  0.16790735    4.568991  105.363544      -4.881562  -0.119763   0.058623
    11  0.17118442    4.658165  107.419936      -4.462264  -3.568076  -0.052759
    12  0.05079691    1.382254   31.875569      -3.783645   1.196937   2.465246
    13  0.19645895    5.345920  123.279953      -3.301999  -3.978867   1.356119
    14  0.23190823    6.310544  145.524733      -3.074192  -2.142771  -0.547449
    15  0.20723487    5.639148  130.041952      -2.910084  -1.339362   0.819404
    16  0.17424945    4.741569  109.343272      -2.781556  -0.386233  -1.637028
    17  0.14041911    3.820998   88.114398      -2.878412   0.521037  -0.467248
    18  0.20844206    5.671997  130.799475      -2.252378   2.495183  -4.669118
    19  0.10970595    2.985251   68.841583      -2.140611   1.431388  -0.117600
    20  0.25051439    6.816843  157.200284      -1.723201  -4.472648   1.482921
    21  0.16299199    4.435238  102.279103      -1.590907  -0.150703   0.753750
    22  0.04277303    1.163913   26.840502      -1.317448   4.074473  -1.802572
    23  0.08863252    2.411814   55.617795      -1.257776   2.696020   1.022286
    24  0.23378179    6.361526  146.700413      -1.072508  -3.344609   0.022985
*   25  0.25738267    7.003739  161.510202      -0.767409  -4.226863  -1.675045
    26  0.13743247    3.739728   86.240247      -0.640497   0.928344   2.043156
    27  0.13597932    3.700185   85.328382      -0.532552   1.205038  -1.098366
    28  0.17757922    4.832176  111.432736      -0.003375  -0.214100  -0.035713
    29  0.14768590    4.018738   92.674382       0.363448   1.569123   3.540918
    30  0.14113575    3.840499   88.564093       0.564210   2.246842   0.035320
    31  0.14082122    3.831940   88.366723       0.751083   6.278704   1.603810
    32  0.21101800    5.742092  132.415907       0.931439  -4.107654  -1.553240
    33  0.15902703    4.327345   99.791049       0.904902   0.769591   0.810277
    34  0.24530419    6.675066  153.930831       1.032971  -2.708340   0.821449
    35  0.23711121    6.452124  148.789654       1.214585  -1.738235  -0.441708
    36  0.19189749    5.221796  120.417593       1.187274  -1.237298   2.221677
    37  0.20995213    5.713088  131.747058       1.274750  -0.691032  -2.912498
    38  0.22644509    6.161884  142.096558       1.347117   1.089186   5.765579
    39  0.19143327    5.209164  120.126289       1.439731  -0.170341   0.816115
    40  0.15903546    4.327575   99.796342       1.861608   0.921580  -1.949989
    41  0.18288192    4.976470  114.760232       2.087990   2.314304  -1.030671
    42  0.20168728    5.488190  126.560784       2.251269   0.123901   0.288955
    43  0.25454920    6.926636  159.732171       2.509858  -4.385093  -1.958123
    44  0.16991704    4.623678  106.624640       2.698684  -1.020590  -3.488089
    45  0.20400962    5.551384  128.018078       2.983215   2.073789   0.897565
    46  0.21773823    5.924958  136.632915       3.171688  -3.416167  -0.988777
    47  0.20384615    5.546936  127.915500       3.174343  -2.271656   1.491662
    48  0.20998227    5.713908  131.765975       3.322286  -1.076763   0.462990
    49  0.17002376    4.626582  106.691609       3.353174   4.507048   0.870640
    50  0.19482583    5.301480  122.255155       3.458169   1.318294   0.168532
    51  0.21108637    5.743952  132.458810       3.670296  -1.545903  -4.734912
    52  0.16315018    4.439542  102.378369       3.627733   0.173047   2.732731
    53  0.16956808    4.614182  106.405669       4.205420   1.039945  -2.540717
    54  0.18363123    4.996860  115.230433       4.296018  -0.282998  -1.626167
    55  0.24040375    6.541719  150.855756       4.626925  -3.657961  -1.230571
    56  0.21892279    5.957192  137.376239       4.778411   2.129163   0.568428
    57  0.16703122    4.545151  104.813758       5.156103  -1.007336  -4.004013
    58  0.21508458    5.852749  134.967722       5.214640  -0.092166   3.093689
    59  0.18718478    5.093557  117.460319       5.329735  -2.642453  -0.093296
    60  0.18138597    4.935763  113.821513       5.512172  -0.956298   1.852616
    61  0.15476291    4.211313   97.115274       5.685280  -1.269935  -2.485909
    62  0.16972250    4.618384  106.502564       5.812651   1.434798  -0.504196
    63  0.22521776    6.128487  141.326396       6.556039  -1.751606   0.785395
    64  0.20801311    5.660325  130.530308       6.762075  -0.687570  -3.961357
    65  0.16463616    4.479978  103.310838       6.703933   0.103095  -2.510680
    66  0.20722915    5.638992  130.038364       7.342230   1.158023  -1.331408
