 Number of surface minima:    57
   #       a.u.         eV      kcal/mol           X/Y/Z coordinate(Angstrom)
     1  0.12630016    3.436802   79.254612      -7.538608  -2.242351  -1.382598
     2  0.11059032    3.009316   69.396530      -6.764609  -1.537833  -0.800681
     3  0.11425479    3.109031   71.696025      -6.754503  -2.659289  -0.326158
     4  0.12372870    3.366829   77.640998      -6.235431  -2.984639  -3.041253
     5  0.10676225    2.905148   66.994377      -6.034931  -3.106585   0.472835
     6  0.10985924    2.989422   68.937774      -5.177077  -3.508130  -2.241801
     7  0.10525698    2.864188   66.049807      -5.177077  -2.408335  -2.767711
     8  0.14016149    3.813988   87.952737      -4.995764  -1.454966   0.472835
     9  0.10084060    2.744012   63.278483      -4.446904  -3.968557  -1.511580
    10  0.14951812    4.068595   93.824113      -3.986218   0.396962   0.467454
    11  0.13145854    3.577169   82.491549      -3.327269  -1.049350  -1.894152
    12  0.11946584    3.250831   74.966012      -2.750075  -3.571674   2.899837
    13  0.15182199    4.131286   95.269817      -2.496924   2.280417  -1.198980
    14  0.11423514    3.108496   71.683692      -2.556001   5.940523  -0.763063
    15  0.12957754    3.525984   81.311204      -2.598139   7.077216  -0.387879
    16  0.12021133    3.271117   75.433809      -2.266602  -0.350685  -1.465654
    17  0.12246606    3.332471   76.848680      -1.878596   1.848121   1.383449
    18  0.10924216    2.972630   68.550550      -1.709055  -4.328477   1.154435
    19  0.13486665    3.669908   84.630169      -1.812081   3.073385   1.456534
    20  0.10839099    2.949469   68.016428      -1.865371   5.560311   1.796230
    21  0.11889734    3.235361   74.609271      -1.459878   6.358216  -0.980032
    22  0.10620323    2.889937   66.643589      -1.101110  -3.052496   0.437001
    23  0.02261372    0.615351   14.190337      -1.057668   0.027019   2.467836
    24  0.13062587    3.554511   81.969040      -0.689848   3.831930   1.248083
    25  0.11417992    3.106994   71.649040      -0.782359   6.089554   1.536962
    26  0.11251391    3.061659   70.603603      -0.485751   5.953515  -1.318260
    27  0.12763804    3.473208   80.094145      -0.279487   7.154894  -0.988878
    28  0.01792161    0.487672   11.245989      -0.041404  -0.271162  -1.814572
    29  0.10655122    2.899406   66.861957       0.221747   5.686468   1.253679
    30  0.01332086    0.362479    8.358975       0.511578  -1.719554  -2.260502
    31  0.01669439    0.454277   10.475896       0.776167   0.529449   3.449189
    32  0.03800315    1.034118   23.847354       0.793806  -3.300329   1.137782
*   33  0.01127639    0.306846    7.076046       1.305344  -3.391223  -0.825174
    34  0.11075154    3.013703   69.497697       1.968423   1.987682   0.339627
    35  0.12504225    3.402573   78.465265       1.932425   2.238733  -2.224105
    36  0.02693758    0.733009   16.903603       2.074293  -1.198720  -1.421929
    37  0.04887517    1.329961   30.669655       2.404067  -1.684128   2.742780
    38  0.03215479    0.874976   20.177455       2.610426  -3.978267   2.958658
    39  0.03790851    1.031543   23.787970       2.600593  -3.307086   0.280423
    40  0.11563496    3.146587   72.562094       2.760581  -0.030505   1.508437
    41  0.13616451    3.705225   85.444590       2.796305   3.463201  -0.959152
    42  0.10703471    2.912563   67.165349       3.957001  -1.718411  -2.303984
    43  0.09931187    2.702413   62.319192       4.731912  -2.005003  -1.119629
    44  0.11176181    3.041193   70.131651       4.853591   0.622579  -1.124326
    45  0.10414591    2.833954   65.352599       5.173329  -2.055728  -0.260221
    46  0.09039834    2.459864   56.725864       5.399839  -1.994979  -2.307929
    47  0.11094261    3.018902   69.617598       5.436612   0.570217  -0.030793
    48  0.09930841    2.702319   62.317023       5.546044   0.671471  -2.167100
    49  0.11273867    3.067775   70.744640       6.047242   0.494987  -3.243000
    50  0.09522191    2.591120   59.752703       6.446095  -2.014121  -2.180525
    51  0.09596855    2.611437   60.221227       6.604426  -2.106480  -0.182547
    52  0.10067909    2.739617   63.177134       6.574677   0.625481  -2.049499
    53  0.09918515    2.698965   62.239671       6.618899   0.558411  -0.038387
    54  0.09526421    2.592271   59.779243       7.021942  -2.078103  -0.959292
    55  0.09879975    2.688478   61.997830       7.159122   0.573217  -0.955203
    56  0.11454435    3.116910   71.877726       7.843957  -1.851848  -2.173051
    57  0.11717925    3.188609   73.531148       8.029913   0.355467  -2.052294
 
 Number of surface maxima:    75
   #       a.u.         eV      kcal/mol           X/Y/Z coordinate(Angstrom)
     1  0.19492227    5.304105  122.315675      -7.757989  -2.809756  -2.769548
     2  0.15005684    4.083254   94.162168      -6.969556  -3.812186  -1.716527
     3  0.19195685    5.223411  120.454840      -6.714633  -5.241525  -0.957841
     4  0.15633139    4.253993   98.099510      -6.721836  -1.434961  -2.542199
     5  0.21191808    5.766584  132.980713      -6.000630   0.132566  -2.772033
     6  0.17409398    4.737338  109.245712      -5.516016  -2.116437  -0.320931
     7  0.15301141    4.163652   96.016187      -5.286514  -4.759426  -0.035664
     8  0.19123841    5.203862  120.004016      -4.912488   0.047880  -1.776168
     9  0.16839383    4.582229  105.668810      -4.629959  -2.643828  -1.492471
    10  0.23975224    6.523990  150.446925      -4.270979   1.455509  -1.960109
*   11  0.24040587    6.541776  150.857087      -4.335738   2.549408   0.637048
    12  0.21346230    5.808605  133.949728      -4.333487   4.944985   1.002012
    13  0.20626473    5.612749  129.433178      -4.125303  -4.891326   1.001205
    14  0.17645604    4.801613  110.727928      -3.767526  -3.220478   1.134306
    15  0.21656639    5.893071  135.897577      -3.589545  -0.727628   0.538701
    16  0.19314284    5.255684  121.199064      -3.457624   3.706588   0.475948
    17  0.19666954    5.351650  123.412105      -3.383710  -4.556488   1.634717
    18  0.17190836    4.677864  107.874215      -3.324957  -1.474377   1.747312
    19  0.20282765    5.519221  127.276378      -3.324957   1.519984  -0.585519
    20  0.20335558    5.533587  127.607659      -3.396558   1.516202  -0.392532
    21  0.17371140    4.726928  109.005640      -3.192662  -3.507398   0.442083
    22  0.15880529    4.321312   99.651906      -3.312016   6.208699   0.867417
    23  0.20384392    5.546875  127.914098      -2.795779  -1.302003  -0.668805
    24  0.19754333    5.375427  123.960414      -2.795779   7.845046   0.887108
    25  0.17602716    4.789943  110.458806      -2.498957   0.460020   1.197172
    26  0.17869934    4.862656  112.135622      -2.159741  -2.269106   3.369401
    27  0.12748634    3.469080   79.998955      -1.803013  -3.968557   2.523956
    28  0.17649375    4.802639  110.751593      -1.706448   1.082175  -1.338183
    29  0.22081346    6.008640  138.562652      -1.340542   2.707401  -0.850108
    30  0.17816459    4.848105  111.800061      -1.345584   5.156999  -0.594852
    31  0.15408976    4.192996   96.692864      -1.289152  -2.116437   0.767776
    32  0.15411913    4.193795   96.711292      -1.185628   7.571419   0.359289
    33  0.20836356    5.669861  130.750219      -0.928461   2.526026   0.626173
    34  0.17224296    4.686969  108.084179      -0.914971   4.917751   0.909172
    35  0.15554604    4.232623   97.606698      -0.885110  -0.867240  -0.188637
    36  0.15021661    4.087602   94.262426      -0.546776  -3.778247   1.192322
    37  0.04853918    1.320818   30.458823      -0.436859  -3.443194  -1.786332
    38  0.13407714    3.648425   84.134746      -0.355473  -2.057428   0.869718
    39  0.15897395    4.325901   99.757742      -0.296746   0.636146   0.807737
    40  0.17825365    4.850528  111.855948       0.007842   2.535138  -1.740909
    41  0.13938879    3.792962   87.467860       0.215503  -0.672068   2.145818
    42  0.15655161    4.259986   98.237701       0.321100  -2.012868   3.589715
    43  0.19705540    5.362150  123.654232       0.467225   7.931588   0.045834
    44  0.18549416    5.047553  116.399442       0.779368   3.977088  -1.117725
    45  0.12626579    3.435867   79.233046       1.066058  -0.772108  -0.949701
    46  0.16015765    4.358111  100.500524       0.936044   1.462962  -0.039939
    47  0.15866193    4.317411   99.561950       0.943733   6.371730  -0.298405
    48  0.18347247    4.992540  115.130812       1.109305   3.905356  -0.081628
    49  0.14130085    3.844992   88.667693       1.460508   0.562177   0.225168
    50  0.13357986    3.634893   83.822697       1.702227  -1.947627   0.224699
    51  0.05475682    1.490009   34.360452       1.808267   2.201955   2.579934
    52  0.20243684    5.508587  127.031143       1.834521   3.969101  -2.236619
    53  0.21303710    5.797034  133.682912       2.001189   5.185872  -0.693689
    54  0.15252649    4.150457   95.711899       2.232268  -0.643724   1.267865
    55  0.17670869    4.808488  110.886472       2.377720   1.077695  -1.503684
    56  0.15188534    4.133010   95.309567       2.754018  -5.556703   0.866825
    57  0.18906224    5.144645  118.638447       2.759668   3.307324   0.472389
    58  0.14374301    3.911446   90.200174       2.886584   2.786802  -1.233009
    59  0.18139548    4.936022  113.827478       3.229959  -0.559582  -2.894322
    60  0.11133745    3.029646   69.865366       3.424748  -2.379911   1.796928
    61  0.13937728    3.792649   87.460639       3.526229  -1.332038  -1.038391
    62  0.17944531    4.882955  112.603723       3.537318   0.527375   0.454661
    63  0.18700529    5.088673  117.347690       3.790794  -0.808158   2.129107
    64  0.17332536    4.716423  108.763397       4.623059  -0.783263   1.283115
    65  0.13936860    3.792412   87.455187       4.811489  -0.528905  -3.297207
    66  0.16926885    4.606040  106.217898       4.931288  -3.400538   1.823274
    67  0.19537171    5.316335  122.597703       5.798854  -0.795201   2.185698
    68  0.14890703    4.051966   93.440648       5.905544  -1.513097  -1.114697
    69  0.15184348    4.131871   95.283302       5.910232   0.087612  -0.995222
    70  0.18342823    4.991336  115.103048       6.067939  -0.630345  -4.360451
    71  0.14432063    3.927164   90.562640       7.105167  -0.799358   1.124776
    72  0.13975701    3.802982   87.698921       7.247675  -0.648529  -3.204661
    73  0.13955013    3.797352   87.569101       8.436547  -0.796759  -0.990368
    74  0.18346144    4.992240  115.123890       8.748094  -0.900017   0.622632
    75  0.18398355    5.006447  115.451519       8.785754  -0.690680  -2.702228
