 Number of surface minima:    56
   #       a.u.         eV      kcal/mol           X/Y/Z coordinate(Angstrom)
     1  0.13153390    3.579219   82.538835      -6.803580  -1.318320  -1.811264
     2  0.11163323    3.037695   70.050970      -5.935589  -1.912178  -1.079628
     3  0.12894017    3.508641   80.911249      -5.835273  -1.255805  -3.770485
     4  0.11905026    3.239522   74.705228      -5.672079  -0.558534  -1.026501
     5  0.15802394    4.300050   99.161602      -5.430955   2.057446   0.101195
     6  0.10996407    2.992275   69.003555      -5.131594  -2.565044  -0.662471
     7  0.12130709    3.300934   76.121410      -4.839809  -0.157036  -0.634382
     8  0.15061704    4.098498   94.513700      -4.906257   3.873975   1.291865
     9  0.10802030    2.939382   67.783817      -4.745935  -1.908315  -3.458044
    10  0.11469026    3.120881   71.969287      -4.481431  -0.737254  -3.371563
    11  0.15038282    4.092125   94.366724      -4.511021   0.685974   1.689469
    12  0.14383717    3.914008   90.259263      -4.423808   1.193746   0.568508
    13  0.14738092    4.010439   92.483004      -4.372632   2.009949  -0.599703
    14  0.10556613    2.872600   66.243802      -4.084548  -2.595231  -3.117342
    15  0.12043144    3.277106   75.571934      -4.084548  -2.061175  -0.195847
    16  0.12611383    3.431732   79.137690      -3.952253  -0.997824  -0.186217
    17  0.14370992    3.910546   90.179409      -3.984298   2.524598   2.892183
    18  0.13884735    3.778229   87.128103      -3.852316   3.369592   1.937945
    19  0.13528969    3.681420   84.895634      -3.794687   4.099490   0.960660
    20  0.11559182    3.145413   72.535023      -3.645891  -0.304113  -3.012175
    21  0.14243995    3.875988   89.382495      -3.621293   0.673318   0.974140
    22  0.11633606    3.165665   73.002042      -3.026193  -2.141780  -2.605526
    23  0.13738769    3.738509   86.212148      -3.062585   2.793547   2.484958
    24  0.09990887    2.718659   62.693814      -2.750459  -1.488850   1.165050
    25  0.12093161    3.290716   75.885794      -2.759531  -1.111588  -2.533709
    26  0.04163086    1.132833   26.123782      -2.497453  -2.700319   3.553814
    27  0.15768898    4.290935   98.951411      -2.326279   0.656117   0.531363
    28  0.17973915    4.890951  112.788117      -2.087565   2.212999  -1.596153
    29  0.10624616    2.891105   66.670528      -1.758999  -0.054525   0.378591
    30  0.18475853    5.027535  115.937825      -1.546755   3.170824  -2.613892
    31  0.04413057    1.200854   27.692374      -1.438662  -0.664623   2.811262
    32  0.18420284    5.012414  115.589121      -1.227946   4.840364  -1.262813
    33  0.16327965    4.443065  102.459611      -0.746488   2.242243  -2.122632
    34  0.02179532    0.593081   13.676779      -0.489202  -3.200711   2.115442
    35  0.07997544    2.176242   50.185386      -0.386595  -0.338581  -1.193579
    36  0.16767268    4.562606  105.216281      -0.341370   4.339887  -0.525918
    37  0.02236898    0.608691   14.036760      -0.075260   0.771819   2.679165
    38  0.16895818    4.597586  106.022947      -0.062729   1.718290  -1.685129
    39  0.01608208    0.437616   10.091667       1.705523  -1.435965  -1.399731
*   40 -0.00510446   -0.138899   -3.203098       1.824254  -3.630991   1.287325
    41  0.00380553    0.103554    2.388006       2.325832  -3.067199  -0.679763
    42  0.00826314    0.224851    5.185200       2.456983  -2.641301  -0.944352
    43 -0.00276365   -0.075203   -1.734220       2.662462  -2.497513   2.230711
    44  0.13900574    3.782539   87.227492       3.462507   2.346566   1.165766
    45  0.10228220    2.783240   64.183106       3.741997  -0.848291   0.287325
    46  0.15975215    4.347077  100.246071       3.687972   2.988244  -1.404257
    47  0.09557981    2.600859   59.977286       4.804982  -1.642057   0.032039
    48  0.16265326    4.426020  102.066544       4.750571   2.843585   1.123368
    49  0.11839984    3.221824   74.297085       4.936791  -0.824905  -2.498599
    50  0.17298191    4.707077  108.547880       4.883630   3.385127  -0.990627
    51  0.12305240    3.348426   77.216612       5.541430  -1.786539  -2.582464
    52  0.10298224    2.802289   64.622388       5.735344  -1.350113   0.153142
    53  0.11848171    3.224051   74.348455       5.969819  -0.515662  -2.331549
    54  0.10182842    2.770892   63.898353       6.203544  -0.186819   0.581940
    55  0.11480014    3.123871   72.038239       6.386010   0.619566  -1.962400
    56  0.12902226    3.510874   80.962757       7.292762  -0.186819  -1.949981
 
 Number of surface maxima:    72
   #       a.u.         eV      kcal/mol           X/Y/Z coordinate(Angstrom)
     1  0.19888239    5.411865  124.800687      -7.259822  -0.846907  -3.193526
     2  0.15069501    4.100620   94.562627      -6.476694  -2.174198  -2.803465
     3  0.19059434    5.186336  119.599857      -6.220767  -3.929508  -2.540931
     4  0.16132658    4.389919  101.234041      -6.072276   0.220302  -2.660423
     5  0.22372492    6.087865  140.389626      -6.163964   3.283205   0.666659
     6  0.21775263    5.925350  136.641951      -5.364724   1.716658  -2.364854
     7  0.18033296    4.907109  113.160736      -5.256044   2.205122   1.708294
     8  0.22048419    5.999680  138.356035      -5.010608   1.268418   2.978132
     9  0.16003347    4.354732  100.422605      -5.090725   1.849773   0.033886
    10  0.18735897    5.098297  117.569628      -4.883951   3.662000  -0.419255
    11  0.15040996    4.092863   94.383756      -4.679790  -3.824830  -1.770323
    12  0.16652140    4.531278  104.493846      -4.630907  -1.252480  -1.060770
    13  0.18815939    5.120077  118.071901      -4.331494  -1.250643   2.239817
    14  0.23973814    6.523607  150.438081      -4.092066   4.466560  -1.623646
    15  0.17483460    4.757492  109.710463      -3.960714   1.121821  -1.741684
    16  0.16434113    4.471950  103.125706      -3.943883  -1.375598  -2.514278
    17  0.17380558    4.729490  109.064742      -3.484204  -4.287943   1.640406
    18  0.19812447    5.391241  124.325084      -3.263764  -4.375232  -1.198966
    19  0.17191634    4.678081  107.879220      -3.422695   0.607000   2.231083
    20  0.16476889    4.483590  103.394128      -3.290782   1.563554   2.953372
    21  0.21807316    5.934073  136.843091      -3.093405   1.730383   0.246297
    22  0.21137023    5.751676  132.636933      -2.734916   3.039447   1.091265
    23  0.17645540    4.801596  110.727530      -2.694620  -3.030310  -0.612779
    24  0.21868985    5.950854  137.230071      -2.687983   3.899289  -1.499179
    25  0.17652065    4.803371  110.768471      -2.515555  -3.134520  -0.952735
    26  0.17155521    4.668255  107.652613      -2.522613  -0.505332  -0.336805
    27  0.19533743    5.315402  122.576193      -2.560298   1.602019  -0.743045
    28  0.22252919    6.055327  139.639293      -2.409697   1.259545  -1.105111
    29  0.16939716    4.609531  106.298413      -2.033828  -0.517398  -1.341235
    30  0.06871794    1.869910   43.121195      -1.967274   0.210484   3.686542
    31  0.25513430    6.942557  160.099324      -1.967839   4.659817  -2.531884
    32  0.18503951    5.035181  116.114146      -1.720740  -3.656028  -0.422890
    33  0.08048653    2.190150   50.506104      -1.400941  -2.138819   3.604018
    34  0.19319242    5.257033  121.230174      -1.438662   0.688065   1.145009
    35  0.18190071    4.949770  114.144513      -1.331549  -1.920852  -1.726932
    36  0.14190455    3.861419   89.046524      -0.909484  -0.387276   1.104195
    37  0.19721671    5.366540  123.755458      -0.995575   1.820651   1.880032
    38  0.24522196    6.672829  153.879235      -0.933952   1.872477  -0.737176
    39  0.16184114    4.403921  101.556936      -0.671267  -2.180317   0.507932
    40  0.24886745    6.772028  156.166815      -0.589762   3.043378   0.270365
    41  0.21349073    5.809378  133.967570      -0.385207   4.051978  -2.259784
    42  0.18036575    4.908002  113.181309      -0.004415   0.329245  -0.031873
    43  0.14004823    3.810906   87.881667       0.250927  -1.649484   4.072239
    44  0.14747550    4.013012   92.542352       0.427213  -1.506753  -0.679002
    45  0.13327564    3.626615   83.631799       0.569502  -0.401409   2.280711
    46  0.04331085    1.178548   27.177991       1.096395  -4.511076  -0.506014
    47  0.09667208    2.630581   60.662695       1.062841  -2.294849   1.831657
*   48  0.26074934    7.095350  163.622815       1.264351   3.839137  -2.474757
    49  0.23724973    6.455893  148.876576       1.536313   3.185038  -0.944352
    50  0.16358513    4.451378  102.651303       1.669133   0.275089   0.708206
    51  0.11584493    3.152301   72.693852       2.000693  -1.508684   0.246516
    52  0.25549066    6.952254  160.322943       2.252161   4.533130   0.224333
    53  0.04825126    1.312984   30.278151       2.682563  -2.686772  -2.379947
    54  0.18650228    5.074985  117.032049       2.730348  -0.383522  -1.605824
    55  0.16349680    4.448974  102.595874       2.842697  -0.932645  -0.415175
    56  0.23710995    6.452090  148.788867       3.194441   1.541026  -1.212202
    57  0.21738299    5.915292  136.410001       3.304131   1.261320   0.349292
    58  0.12843166    3.494803   80.592152       3.645560  -1.774351  -0.225842
    59  0.05196024    1.413910   32.605573       3.763137  -0.696150   2.669915
    60  0.20163797    5.486848  126.529841       3.835696   3.883925   0.107003
    61  0.14154574    3.851655   88.821366       4.500846  -1.800569  -2.331169
    62  0.13556900    3.689020   85.070905       4.583738  -2.498961  -1.373023
    63  0.17703698    4.817421  111.092477       4.646876   2.988244  -1.264161
    64  0.18051412    4.912039  113.274418       4.966545  -0.319114  -0.095506
    65  0.18874088    5.135901  118.436790       4.922321   0.220807  -1.591424
    66  0.23915496    6.507737  150.072131       5.489204   3.830572   0.268887
    67  0.19657543    5.349089  123.353047       5.737303   2.347134  -0.132192
    68  0.19382507    5.274248  121.627171       5.954251  -3.027940  -1.898424
    69  0.15281805    4.158391   95.894856       6.806140  -1.774351  -1.318170
    70  0.21538544    5.860936  135.156517       7.218289   2.252299  -0.123388
    71  0.15971229    4.345992  100.221058       7.430727   0.611036  -0.544038
    72  0.19810094    5.390601  124.310323       8.234395  -0.842552  -0.942968
