 Number of surface minima:    69
   #       a.u.         eV      kcal/mol           X/Y/Z coordinate(Angstrom)
     1  0.11436681    3.112079   71.766317      -7.068997  -3.281563   0.339943
     2  0.11190388    3.045060   70.220806      -6.242034  -1.826326  -1.144195
     3  0.10981480    2.988213   68.909884      -6.090701  -4.928981  -0.778298
     4  0.09851748    2.680797   61.820703      -6.059751  -2.959009   1.191674
     5  0.10053263    2.735632   63.085231      -6.088361  -2.258733   0.068854
     6  0.10973263    2.985977   68.858324      -5.921003  -3.667087   2.069747
     7  0.09994810    2.719726   62.718431      -5.337995  -1.561737  -0.321529
     8  0.09849016    2.680054   61.803561      -5.133691  -2.838847   1.841013
     9  0.06541505    1.780034   41.048599      -5.246782   1.108772   2.614257
    10  0.07042387    1.916331   44.191684      -5.214848   1.399874   1.581728
    11  0.09059683    2.465265   56.850417      -4.869102  -4.935328  -0.123173
    12  0.09078219    2.470309   56.966733      -4.860243  -4.210964  -1.238465
    13  0.06538674    1.779264   41.030832      -4.472219   1.655088   3.269253
    14  0.12079027    3.286870   75.797105      -4.484553   3.708697  -0.108903
    15  0.08706521    2.369165   54.634292      -4.207630  -3.629415  -1.595441
    16  0.10314905    2.806828   64.727062      -4.075336  -1.890539   1.334084
    17  0.10204627    2.776820   64.035057      -4.190328  -1.403543   0.484497
    18  0.09114421    2.480160   57.193904      -3.957423  -4.791617   0.448648
    19  0.06758704    1.839137   42.411542      -3.799191   2.403864   2.860286
    20  0.11421635    3.107985   71.671900      -3.651211   4.576550  -0.665662
    21  0.10999434    2.993098   69.022547      -3.385175   3.764852   0.224856
    22  0.10145611    2.760761   63.664727      -3.281570  -2.550508  -1.971771
    23  0.08820093    2.400069   55.346963      -3.288937  -0.342274   1.016947
    24  0.10283332    2.798237   64.528935      -3.281570   2.740006  -2.502207
    25  0.09803620    2.667701   61.518698      -3.016982  -4.011410   0.099701
    26  0.09646144    2.624849   60.530520      -3.016982  -3.345040  -0.914183
    27  0.09525144    2.591924   59.771234      -3.000789   1.898121  -1.633956
    28  0.10944113    2.978045   68.675404      -3.015470   5.317367  -1.247915
    29  0.07466381    2.031706   46.852287      -2.745418   0.299982   0.349336
    30  0.09761821    2.656327   61.256404      -2.651241   3.421299  -3.108527
    31  0.07192702    1.957234   45.134924      -2.603551  -0.220110   2.860547
    32  0.02339894    0.636717   14.683066      -1.982163  -0.649051  -1.298396
    33  0.09633718    2.621468   60.452544      -1.986733   1.822339  -1.435459
    34  0.06451011    1.755409   40.480739      -1.826333   0.638022   2.434073
    35  0.07988706    2.173838   50.129931      -1.443702  -3.257156  -0.724767
    36  0.07055966    1.920026   44.276890      -0.401331  -3.423249   0.556855
    37  0.02897587    0.788473   18.182647      -0.366165   0.965576   1.792493
    38  0.02210765    0.601580   13.872771      -0.276008  -2.383843  -2.181582
*   39  0.00153169    0.041679    0.961148      -0.324428  -0.985892  -3.185335
    40  0.02624051    0.714040   16.466180      -0.106507  -0.162935   2.664805
    41  0.16340689    4.446527  102.539455       0.188390   5.905025  -1.453897
    42  0.15285183    4.159310   95.916053       0.554964   4.444921  -3.046295
    43  0.14893301    4.052673   93.456951       0.525879   5.130416  -0.376385
    44  0.03405137    0.926585   21.367576       0.559137  -4.596912  -1.637839
    45  0.12693924    3.454192   79.655641       0.961859   3.345787  -2.299911
    46  0.02230306    0.606897   13.995390       1.375321  -2.455529   1.416109
    47  0.03027878    0.823928   19.000240       1.398300  -2.858036  -0.007371
    48  0.02306945    0.627752   14.476308       2.000664   0.550795  -1.924056
    49  0.13496076    3.672469   84.689227       2.197524   2.197532   2.721240
    50  0.05884415    1.601231   36.925290       2.447830  -3.383821  -2.545897
    51  0.05643654    1.535716   35.414491       2.458009  -3.243539  -1.214945
    52  0.05862329    1.595221   36.786701       2.584726  -2.188463  -3.338024
    53  0.05899460    1.605325   37.019699       2.735357  -0.968876  -2.639143
    54  0.09456618    2.573277   59.341223       3.068556  -1.032560   1.338498
    55  0.15749174    4.285568   98.827644       3.193001   2.418896   3.668467
    56  0.09115401    2.480427   57.200056       3.742175  -1.689953   1.672273
    57  0.14785819    4.023426   92.782490       4.112483   3.331604   1.263067
    58  0.10145607    2.760760   63.664696       4.380589  -1.569360   2.606169
    59  0.09931295    2.702443   62.319871       4.470542  -0.656117   3.515006
    60  0.16330734    4.443819  102.476991       4.750400   3.326480   2.429219
    61  0.05311084    1.445219   33.327582       5.113630  -3.546152  -2.539617
    62  0.05872581    1.598011   36.851035       5.136639  -3.425919  -1.543051
    63  0.05484269    1.492345   34.414335       5.232024  -2.451685  -3.070894
    64  0.05854473    1.593083   36.737404       5.359511  -1.528736  -2.544394
    65  0.10455693    2.845139   65.610520       5.714442  -0.570367   0.272958
    66  0.11433201    3.111132   71.744478       6.237459  -1.546729   0.497044
    67  0.11048592    3.006475   69.331023       6.306056  -0.396905   1.266003
    68  0.10739797    2.922447   67.393302       6.453338   0.401158   2.059769
    69  0.12193981    3.318151   76.518452       6.995319  -0.511141   2.426722
 
 Number of surface maxima:    82
   #       a.u.         eV      kcal/mol           X/Y/Z coordinate(Angstrom)
     1  0.18070242    4.917163  113.392577      -7.530615  -4.478249  -0.331789
     2  0.13619403    3.706028   85.463115      -6.642837  -3.440665  -1.247589
     3  0.13608929    3.703178   85.397389      -6.393234  -4.673401   0.869120
     4  0.18020069    4.903510  113.077734      -6.330464  -2.461081  -2.573399
     5  0.16928666    4.606524  106.229071      -5.984900  -1.222297   1.371550
     6  0.18095007    4.923902  113.547980      -5.781934  -5.256614   2.320062
     7  0.19232627    5.233464  120.686658      -5.479058   2.723196  -0.823898
     8  0.12602367    3.429279   79.081116      -5.194812  -0.167621   0.339943
     9  0.11988178    3.262149   75.227017      -5.082925  -0.849500   2.721240
    10  0.13454754    3.661225   84.429928      -4.843030  -1.826326  -1.984957
    11  0.19467502    5.297377  122.160519      -4.880092   4.937961  -2.973466
    12  0.14660903    3.989435   91.998634      -4.869325  -2.484197   0.465406
    13  0.17895736    4.869677  112.297532      -4.859746   0.559829  -1.112832
    14  0.15151335    4.122888   95.076140      -4.808762   3.760368  -1.848720
    15  0.16575739    4.510488  104.014417      -4.731887  -0.763919   4.435973
    16  0.14023248    3.815920   87.997283      -4.357605  -4.339917   2.289411
    17  0.14271796    3.883553   89.556944      -4.178190  -3.757139  -0.267928
    18  0.11486780    3.125712   72.080695      -4.207630   1.531151   1.977594
    19  0.14491281    3.943278   90.934238      -4.004546   1.684116  -0.647622
    20  0.16905063    4.600102  106.080962      -3.528036  -1.040997  -2.143618
    21  0.11612969    3.160050   72.872540      -3.545298   0.422791   4.310290
    22  0.15414862    4.194597   96.729798      -3.156381   5.325525  -2.972982
    23  0.13426580    3.653558   84.253131      -3.072716  -1.164854  -0.077351
    24  0.12020625    3.270978   75.430625      -3.011469   0.430109   1.667928
    25  0.19058531    5.186090  119.594188      -2.831240  -3.913741   2.774687
    26  0.16447756    4.475662  103.211314      -2.557423  -1.234473   1.460973
    27  0.16474969    4.483067  103.382077      -2.431491  -2.884680   1.719200
    28  0.13422137    3.652349   84.225250      -2.355510  -2.249554  -0.773062
    29  0.16510525    4.492742  103.605195      -2.253192   1.474635   4.824947
    30  0.16626600    4.524328  104.333579      -2.238405   3.061101  -1.922092
    31  0.17429260    4.742743  109.370351      -2.359449   4.122347  -0.728384
    32  0.16140364    4.392016  101.282399      -2.015132  -4.881657  -1.541928
    33  0.20929825    5.695295  131.336744      -1.798804   6.001386  -3.478762
    34  0.14683567    3.995602   92.140849      -1.404729   1.516341  -0.565777
    35  0.18521922    5.040071  116.226910      -1.461233   2.407092   0.676607
    36  0.17858764    4.859617  112.065528      -1.364557  -2.752386   2.124662
    37  0.12898923    3.509975   80.942029      -1.204522   0.290383  -0.603072
    38  0.18938098    5.153319  118.838459      -1.209801   3.179909   2.187905
    39  0.04441382    1.208561   27.870114      -0.884625   1.084149  -3.591755
    40  0.09512200    2.588401   59.690006      -0.819260  -1.216136  -1.379883
    41  0.14026395    3.816776   88.017032      -0.767979  -0.265115   0.942545
    42  0.18788470    5.112603  117.899531      -0.767979   5.359940  -2.438238
    43  0.15583234    4.240413   97.786349      -0.368941  -1.818575   0.346004
    44  0.22752909    6.191381  142.776777      -0.146727   3.844320  -0.219658
    45  0.20130239    5.477717  126.319263       0.025787   2.870094  -1.446059
    46  0.16183503    4.403755  101.553102       0.049538  -5.384465   0.896231
    47  0.23011867    6.261848  144.401769       0.552075   5.977665  -2.832609
    48  0.16008080    4.356020  100.452303       0.620302   1.281781  -0.785368
    49  0.07277138    1.980210   45.664767       1.216436  -3.489031  -1.719645
    50  0.05780348    1.572913   36.272263       1.245724  -1.401183   3.160491
    51  0.13077663    3.558613   82.063645       1.090811  -0.497978  -1.636968
    52  0.15808843    4.301805   99.202068       1.213047   0.551492   0.736763
    53  0.11770542    3.202927   73.861325       1.613319  -1.112675   0.075354
    54  0.19070031    5.189219  119.666352       1.553952   5.125906  -1.776766
*   55  0.24573974    6.686918  154.204144       2.021526   4.681965   1.940065
    56  0.13231655    3.600516   83.029957       2.230771  -1.979340  -2.305943
    57  0.22101807    6.014208  138.691048       2.152951   3.732688   0.341603
    58  0.20796923    5.659131  130.502774       2.539379   1.348738   1.717614
    59  0.14710021    4.002800   92.306855       2.581569  -0.461193   0.493435
    60  0.24317879    6.617231  152.597120       3.002027   4.628281  -0.996775
    61  0.11230088    3.055862   70.469926       3.094667  -2.209610  -1.905490
    62  0.19302222    5.252402  121.123376       3.227412   3.785740   2.644650
    63  0.15078221    4.102993   94.617344       3.456121  -5.530942  -1.770721
    64  0.17967974    4.889334  112.750835       3.588523   0.287317  -0.467532
    65  0.10112689    2.751803   63.458132       3.620123  -4.470226  -3.098410
    66  0.10842187    2.950309   68.035809       3.710612  -4.380547  -0.586117
    67  0.14901254    4.054837   93.506857       3.690530  -3.954301  -4.750390
    68  0.16202561    4.408941  101.672689       3.760737  -3.885071   0.927084
    69  0.22784352    6.199937  142.974087       3.637349   1.917530   0.736826
    70  0.10194287    2.774007   63.970173       3.865940  -2.359819  -4.416243
    71  0.15373327    4.183295   96.469163       4.095766  -0.635677  -4.747184
    72  0.16652570    4.531395  104.496542       4.082410  -0.415589   2.192063
    73  0.13397099    3.645536   84.068133       4.328321  -2.418681   0.736826
    74  0.17890220    4.868176  112.262918       4.325392   0.951855  -1.842873
    75  0.23207726    6.315143  145.630801       4.360750   3.322621   3.856399
    76  0.10486551    2.853536   65.804156       4.734430  -2.370480  -1.929587
    77  0.17243601    4.692223  108.205323       5.173645   0.297094   1.275452
    78  0.21038400    5.724840  132.018065       5.762020   1.528610   4.356350
    79  0.18343537    4.991530  115.107527       5.980208  -3.014812   1.002864
    80  0.14691574    3.997781   92.191099       6.272892  -1.968444   2.210671
    81  0.15396781    4.189677   96.616341       6.129453   0.038498   3.787074
    82  0.19284232    5.247506  121.010483       6.931450  -1.543405   3.656991
