 Number of surface minima:    66
   #       a.u.         eV      kcal/mol           X/Y/Z coordinate(Angstrom)
     1  0.09969413    2.712815   62.559061      -6.399140  -1.236232  -1.176292
     2  0.10513694    2.860922   65.974481      -6.360168  -0.421294  -1.002893
     3  0.09169285    2.495089   57.538180      -6.324472   1.434629  -2.431334
     4  0.08538180    2.323357   53.577934      -6.368883   3.261392  -1.686557
     5  0.10788839    2.935792   67.701046      -5.651658   0.321440  -1.229342
     6  0.07252320    1.973457   45.509033      -5.453433   4.110296   0.740648
     7  0.08100736    2.204322   50.832930      -5.166971  -1.869754   1.125924
     8  0.08022660    2.183077   50.342993      -5.267213  -0.543151   1.404106
     9  0.09030761    2.457395   56.668927      -5.212191   2.735413  -3.194032
    10  0.06093378    1.658092   38.236554      -4.731192   2.796183   1.879357
    11  0.07168035    1.950522   44.980139      -4.421028   0.340865   1.156617
    12  0.15728894    4.280050   98.700383      -4.151332  -3.223462  -2.495893
    13  0.06033017    1.641668   37.857787      -3.552554   3.974820   0.975443
    14  0.14272092    3.883634   89.558805      -3.143114  -2.291770  -2.821922
    15  0.07029228    1.912750   44.109106      -3.049960   2.458070   1.495885
    16  0.09557178    2.600640   59.972250      -2.821332   2.861713  -2.772567
    17 -0.00082240   -0.022379   -0.516062      -2.655625  -0.529524   3.228808
    18  0.07701110    2.095579   48.325236      -2.370426   3.714431  -0.742707
    19  0.12269781    3.338777   76.994104      -2.222160  -3.054044  -0.445730
    20  0.03500035    0.952408   21.963069      -2.131060   1.437763   0.448920
*   21 -0.00589145   -0.160314   -3.696941      -2.001436   1.293109   3.591981
    22  0.04827749    1.313697   30.294607      -0.968865   1.539450  -0.747970
    23  0.03742557    1.018402   23.484922      -0.361153  -2.358969   0.821003
    24  0.01636737    0.445379   10.270686      -0.293955   0.534928   3.912290
    25  0.15294632    4.161881   95.975345      -0.029366   0.415787  -2.027800
    26  0.04115707    1.119941   25.826476       0.031937   2.338530   0.353129
    27  0.14939077    4.065130   93.744205       0.521439   0.778839  -2.603701
    28  0.09960663    2.710434   62.504155       0.634295  -1.498077   2.276118
    29  0.03821002    1.039747   23.977168       0.966701   2.143949   3.334595
    30  0.09136740    2.486233   57.333959       1.048192  -4.404715   1.074602
    31  0.15235063    4.145672   95.601545       1.161283  -1.567747  -3.704568
    32  0.07223520    1.965620   45.328311       1.400852  -1.246076   1.428658
    33  0.12321353    3.352811   77.317723       1.432551   3.806579  -0.225888
    34  0.03531134    0.960871   22.158221       1.831058   0.343385   5.075662
    35  0.08337968    2.268877   52.321585       1.832847  -3.084429   2.946105
    36  0.17172782    4.672952  107.760925       1.955048  -0.773451  -4.407687
    37  0.07330726    1.994792   46.001038       1.972843  -0.689811   3.073845
    38  0.09931967    2.702626   62.324085       2.319733  -5.261406  -0.428807
    39  0.11390950    3.099635   71.479352       2.408074   3.529179   0.556414
    40  0.08931552    2.430399   56.046381       2.616520  -1.566058   3.001953
    41  0.10661174    2.901053   66.899930       2.647676   4.512251  -0.312634
    42  0.13949239    3.795781   87.532870       3.008989   1.769108  -1.317005
    43  0.12965927    3.528208   81.362491       3.175889   2.660338  -2.164547
    44  0.11951140    3.252071   74.994601       3.267659   3.112363   1.158612
    45  0.14016530    3.814092   87.955128       3.416839   3.801099  -2.882256
    46  0.08956045    2.437064   56.200079       3.634762  -2.957564   3.319540
    47  0.11192820    3.045721   70.236064       3.697127   4.762116  -0.327357
    48  0.13967512    3.800753   87.647537       3.775785  -0.632903   0.627750
    49  0.13872975    3.775029   87.054306       3.787320   1.400149  -0.790846
    50  0.13008497    3.539792   81.629617       4.233984  -2.366892  -1.370828
    51  0.13325057    3.625932   83.616064       4.213973   1.032721  -1.416590
    52  0.14297278    3.890487   89.716852       4.336346   0.283951  -0.307516
    53  0.13147622    3.577650   82.502645       4.217890   2.997536  -2.225746
    54  0.11329556    3.082929   71.094095       4.499099   3.584905   1.009023
    55  0.09804126    2.667838   61.521871       4.611916  -5.192984   0.036624
    56  0.11200257    3.047745   70.282734       4.722725   4.303452   0.367961
    57  0.13193927    3.590250   82.793212       4.856040  -1.780728  -1.882281
    58  0.12611723    3.431824   79.139823       4.734126  -1.233785  -2.751950
    59  0.13324828    3.625870   83.614627       4.970409   1.794722  -0.918902
    60  0.13134672    3.574126   82.421378       5.144081   2.504104  -1.540065
    61  0.13155823    3.579882   82.554107       5.063454   5.182347  -0.700892
    62  0.09869056    2.685507   61.929315       5.185533  -4.408479   1.670190
    63  0.14086095    3.833021   88.391657       5.382559  -2.336038  -0.786530
    64  0.14368849    3.909963   90.165965       5.526995   3.734633  -2.280900
    65  0.10722917    2.917854   67.287376       5.791583  -3.952502   0.086332
    66  0.14406805    3.920291   90.404139       6.188466   2.380168  -0.857185
 
 Number of surface maxima:    96
   #       a.u.         eV      kcal/mol           X/Y/Z coordinate(Angstrom)
     1  0.18241216    4.963687  114.465453      -7.842239  -1.359504   0.964674
     2  0.13820927    3.760865   86.727696      -7.006152  -0.025136   0.696944
     3  0.15331528    4.171921   96.206868      -6.995121   1.855196  -1.031117
     4  0.18070811    4.917318  113.396143      -6.849560   1.544764   0.747819
     5  0.14272239    3.883674   89.559725      -6.706924  -2.449072   0.145704
     6  0.14516392    3.950111   91.091811      -6.311275   2.574830   0.938305
     7  0.10146273    2.760941   63.668876      -6.174202   2.439465  -2.810241
     8  0.20092852    5.467543  126.084657      -6.072803  -3.837201  -0.614651
     9  0.13776373    3.748742   86.448119      -5.701236   1.703217  -0.215547
    10  0.10703708    2.912627   67.166838      -5.585727   3.071285  -0.659404
    11  0.14738191    4.010466   92.483623      -5.151265   4.109724  -2.319541
    12  0.16127486    4.388512  101.201588      -5.089309  -0.708679  -1.052850
    13  0.11693287    3.181905   73.376547      -5.162563   1.558703   0.722395
    14  0.16117145    4.385698  101.136696      -4.899419   1.060543  -3.235165
    15  0.07762840    2.112376   48.712595      -4.918652   3.932093   1.352295
    16  0.17984831    4.893921  112.856613      -4.741177  -3.299341  -1.138542
    17  0.14937847    4.064795   93.736483      -4.510624  -0.953848   0.447146
    18  0.13552140    3.687725   85.041032      -4.371037   4.773925  -0.315548
    19  0.11728237    3.191415   73.595857      -4.235168   3.432045  -1.272500
    20  0.22429607    6.103407  140.748029      -4.112956  -4.535772  -1.683481
    21  0.16056391    4.369166  100.755462      -3.975707  -2.799576  -2.584452
    22  0.09755933    2.654724   61.219453      -3.479004   2.997636   2.007706
    23  0.05497030    1.495818   34.494413      -3.104547  -2.430164   2.253264
    24  0.14662352    3.989829   92.007725      -3.195674   4.188187  -2.216376
    25  0.22643278    6.161549  142.088835      -2.944362  -1.235910  -1.833267
    26  0.17415647    4.739039  109.284928      -2.928413   0.762404  -0.893924
    27  0.04711405    1.282039   29.564540      -2.887791   2.470824   1.666819
    28  0.18583768    5.056900  116.615002      -2.657764  -3.855791  -2.209469
    29  0.13194184    3.590320   82.794826      -2.772264  -0.022850   0.469649
    30  0.18964065    5.160384  119.001402      -2.571314  -1.909833  -0.432535
    31  0.17752146    4.830604  111.396488      -2.256151   1.192717  -2.588443
    32  0.04484527    1.220302   28.140857      -2.262691   3.123852   2.661755
    33  0.11289646    3.072069   70.843655      -2.136719   0.355332   1.349159
    34  0.12455064    3.389195   78.156774      -1.407512   2.855463  -0.266622
    35  0.09074883    2.469401   56.945798      -1.261292   0.077790   2.880758
    36  0.17009823    4.628608  106.738341      -1.119876  -1.032014   0.159532
    37  0.24121222    6.563718  151.363083      -1.013921  -3.805503  -2.809438
*   38  0.24795450    6.747185  155.593930      -1.048296  -0.419289  -4.299050
    39  0.21993742    5.984802  138.012932      -0.900784  -1.607314  -2.828596
    40  0.13929958    3.790534   87.411878      -0.736612   1.498990   0.642934
    41  0.14741211    4.011288   92.502575      -0.100532  -1.365710   1.808191
    42  0.17720768    4.822066  111.199589       0.207453  -0.042767  -0.161712
    43  0.15241197    4.147341   95.640034       0.283006  -3.323724  -0.057273
    44  0.15179581    4.130574   95.253390       0.499870  -2.027022   3.599226
    45  0.14335883    3.900992   89.959101       0.429551   1.209915   2.073686
    46  0.20003765    5.443301  125.525627       0.570861   0.028282  -4.267425
    47  0.20125099    5.476318  126.287011       0.690264   3.161765  -1.502136
    48  0.11558733    3.145291   72.532203       1.096594  -4.737756  -0.398492
    49  0.13244317    3.603962   83.109413       1.156962  -2.017482   2.428075
    50  0.22259704    6.057173  139.681866       1.138316  -0.049428  -1.713302
    51  0.23615216    6.426027  148.187841       1.313291  -1.595040  -2.186507
    52  0.15002642    4.082426   94.143079       1.414432   2.714796   5.528356
    53  0.15348167    4.176449   96.311280       1.484821   2.603119   0.291826
    54  0.19038313    5.180589  119.467321       1.765970  -2.216260  -0.161841
    55  0.18866624    5.133870  118.389953       1.798036  -0.187806  -0.123512
    56  0.11719374    3.189004   73.540244       1.955048  -3.614713   1.546696
    57  0.20225941    5.503759  126.919805       2.109272   0.382744  -0.224167
    58  0.24416292    6.644011  153.214671       2.057212   0.750999  -4.786044
    59  0.16071822    4.373365  100.852292       1.965083   3.937117  -1.953416
    60  0.15510756    4.220691   97.331544       2.241566  -5.559715   1.085592
    61  0.17469378    4.753659  109.622092       2.260539  -4.110428  -1.771908
    62  0.17451808    4.748879  109.511842       2.184082   1.931599   1.821683
    63  0.09857576    2.682383   61.857277       2.787807  -2.394765   3.385433
    64  0.14805014    4.028649   92.902945       2.881496  -4.279031   3.072962
    65  0.15260148    4.152497   95.758953       2.762155  -0.955350   0.690895
    66  0.20521524    5.584191  128.774618       2.887415   0.497531  -3.550522
    67  0.20265225    5.514448  127.166315       2.783360   5.116711  -2.848692
    68  0.13127085    3.572061   82.373771       3.024019  -4.256001   1.344454
    69  0.21094022    5.739975  132.367100       3.027861   0.101148   1.747026
    70  0.12925032    3.517080   81.105869       3.386713  -4.444471  -0.247108
    71  0.19583513    5.328945  122.888500       3.417280  -0.163145  -0.891577
    72  0.19564408    5.323746  122.768615       3.419919   1.019922   1.227285
    73  0.18687848    5.085222  117.268115       3.604308  -1.498005  -1.824883
    74  0.16632063    4.525814  104.367856       3.674874   3.579348   0.077406
    75  0.18511724    5.037296  116.162918       3.807169   1.746906   3.669031
    76  0.17880369    4.865496  112.201102       3.928923   2.461773  -1.044283
    77  0.15739945    4.283057   98.769729       4.083248  -5.450925   1.493430
    78  0.12473626    3.394246   78.273251       4.222178  -3.330872   1.908591
    79  0.22937285    6.241553  143.933757       4.234184   1.015587  -4.018682
    80  0.16043501    4.365659  100.674572       4.336346   4.719828  -2.265846
    81  0.16872947    4.591362  105.879431       4.385081  -2.110741   0.737444
    82  0.16674603    4.537390  104.634799       4.357754  -1.476299   2.561113
    83  0.14510549    3.948521   91.055147       4.740916  -2.692672  -0.504639
    84  0.22253274    6.055424  139.641519       4.847290   0.883293   1.700939
    85  0.16748927    4.557615  105.101194       4.866250  -4.137337  -1.292393
    86  0.14805146    4.028685   92.903774       5.139817   3.289838  -2.209690
    87  0.17646701    4.801911  110.734812       5.181983   0.538281  -2.750943
    88  0.11229337    3.055658   70.465215       5.569288  -4.540774   0.445730
    89  0.17077584    4.647047  107.163545       5.608755   1.928307   0.797967
    90  0.17480856    4.756783  109.694120       5.842439  -2.770092   1.268742
    91  0.21340091    5.806934  133.911202       6.014349  -1.772906   0.529153
    92  0.17551078    4.775891  110.134767       5.928828  -0.700648  -0.630478
    93  0.20324590    5.530602  127.538835       5.967328   5.027867  -1.957177
    94  0.16160654    4.397537  101.409718       6.135576   3.782683  -0.934396
    95  0.21783977    5.927722  136.696635       6.639509   0.275981  -1.665418
    96  0.20652684    5.619881  129.597656       6.974906   2.865965   0.285235
