 Number of surface minima:    64
   #       a.u.         eV      kcal/mol           X/Y/Z coordinate(Angstrom)
     1  0.11851977    3.225087   74.372338      -8.082481   0.311174  -1.774049
     2  0.10794706    2.937389   67.737861      -7.919708  -0.205374   0.906271
     3  0.11833804    3.220142   74.258306      -7.207328  -0.842407  -3.059163
     4  0.09912082    2.697215   62.199305      -6.998612  -1.811332   1.305847
     5  0.10826084    2.945927   67.934758      -6.560796  -0.205591   1.869901
     6  0.09991885    2.718930   62.700077      -5.861852  -3.330737  -0.499235
     7  0.10812024    2.942101   67.846532      -5.768694  -2.946767  -2.364267
     8  0.19108322    5.199639  119.906629      -5.395004   2.067867  -1.186169
     9  0.18172842    4.945082  114.036402      -4.998121   1.420711  -0.113499
    10  0.17694427    4.814898  111.034299      -4.601238   0.549185   0.822956
    11  0.18942039    5.154391  118.863186      -4.491056   0.822019  -2.706474
    12  0.10784492    2.934610   67.673766      -4.317431  -3.015012  -1.363047
    13  0.18728014    5.096152  117.520163      -4.318650   2.332789  -0.405208
    14  0.18127086    4.932631  113.749276      -3.807473  -0.015722  -1.946814
*   15 -0.01610785   -0.438317  -10.107838      -3.669602  -3.132827   2.890077
    16  0.17589471    4.786338  110.375688      -3.533049  -1.002047  -0.954459
    17  0.18355494    4.994784  115.182559      -3.123093   0.878175  -2.243566
    18  0.20133722    5.478664  126.341117      -3.264716   2.456194   0.123692
    19  0.20158100    5.485298  126.494092      -2.604085   2.039297  -2.549153
    20  0.18975006    5.163362  119.070062      -2.092616   1.066183  -1.772430
    21  0.00535479    0.145711    3.360182      -1.751559  -2.495627   2.613499
    22  0.02298788    0.625532   14.425127      -1.719751  -0.289862   2.481205
    23  0.05665614    1.541692   35.552297      -1.190153  -3.929188  -2.033591
    24  0.04687964    1.275660   29.417444      -1.292541  -2.861632   0.362537
    25  0.16762736    4.561373  105.187847      -0.740133   2.824766   1.210247
    26  0.18383267    5.002341  115.356839      -0.225269   4.421480  -1.209129
    27  0.16414762    4.466684  103.004272      -0.169044   3.817308   1.357039
    28 -0.00159623   -0.043436   -1.001652       0.148875  -1.543292   3.667981
    29  0.06974926    1.897974   43.768358       0.185050  -3.919934   0.235794
    30  0.06440111    1.752443   40.412342       0.293651  -1.873279  -1.687663
    31  0.18577577    5.055216  116.576151       0.264973   5.602946  -0.750838
    32  0.17667448    4.807557  110.865003       0.391339   5.060745   1.365499
    33  0.17807102    4.845559  111.741345       0.809292   4.537587  -1.245252
    34  0.00708682    0.192842    4.447050       0.955122  -0.350297   3.464080
    35  0.16156937    4.396526  101.386397       0.963354   3.898203   1.287752
    36  0.12421497    3.380061   77.946133       1.139687  -3.605385   0.416766
    37  0.04693574    1.277187   29.452648       1.352005  -0.038464  -1.308085
    38  0.17716383    4.820873  111.172078       1.591872   3.342160  -1.526330
    39  0.03742658    1.018429   23.485550       2.530833  -0.615610  -0.301923
    40  0.11584541    3.152314   72.694154       2.908644   7.385950  -0.429270
    41  0.10585615    2.880492   66.425794       2.997919  -4.260744  -1.070356
    42  0.10334905    2.812271   64.852562       3.136310  -3.289983  -1.687734
    43  0.11279731    3.069371   70.781438       3.082529   6.928930   1.424130
    44  0.10764815    2.929255   67.550294       3.375636  -2.050549  -2.242173
    45  0.11411752    3.105296   71.609885       3.425349   4.133671  -2.746630
    46  0.09548532    2.598288   59.917996       3.624078   3.005717   1.952028
    47  0.09385675    2.553972   58.896047       3.840653  -5.249906  -1.236506
    48  0.11016896    2.997850   69.132121       3.884755   5.778992  -2.281390
    49  0.09027038    2.456382   56.645563       4.057018  -3.201645  -2.486852
    50  0.10014385    2.725053   62.841267       4.306300   4.720706   2.260436
    51  0.09650294    2.625979   60.556561       4.503518  -3.270909   0.844361
    52  0.09295946    2.529556   58.332991       4.621737  -5.119807  -1.904209
    53  0.09282536    2.525907   58.248842       4.586782  -2.274998   0.254018
    54  0.09328705    2.538470   58.538557       4.561454  -1.116449  -0.674265
    55  0.09332185    2.539417   58.560391       4.692343  -4.025010  -2.529408
    56  0.01696058    0.461521   10.642932       4.839328   0.604942  -1.080984
    57  0.10350355    2.816475   64.949515       4.864764   4.147709  -1.619918
    58  0.09741292    2.650740   61.127579       5.106128   3.618532   0.919454
    59  0.08793545    2.392845   55.180376       5.389867  -4.250094   0.698118
    60  0.08261379    2.248035   51.840978       5.547424  -2.076543  -0.582380
    61  0.11147522    3.033395   69.951815       5.772203  -4.926112  -2.623787
    62  0.08861975    2.411466   55.609781       6.084622  -4.066247   0.040621
    63  0.08841032    2.405767   55.478362       6.179054  -2.931730  -0.629405
    64  0.10902939    2.966841   68.417034       7.050219  -4.180921  -0.953199
 
 Number of surface maxima:    85
   #       a.u.         eV      kcal/mol           X/Y/Z coordinate(Angstrom)
     1  0.16849949    4.585104  105.735114      -8.229186  -1.553775   0.080026
     2  0.17680134    4.811009  110.944609      -8.234580  -1.205459  -2.046802
     3  0.11727799    3.191296   73.593111      -7.388273  -0.607551   1.573015
     4  0.13538140    3.683915   84.953180      -7.435484   0.443468  -2.866633
     5  0.14931020    4.062937   93.693642      -7.327948   0.046585  -0.642388
     6  0.16901839    4.599224  106.060730      -7.124148  -2.999225  -1.495036
     7  0.15403637    4.191543   96.659359      -7.012051  -1.416216  -0.978034
     8  0.18224364    4.959102  114.359708      -6.982536   1.173807   0.863949
     9  0.19660454    5.349882  123.371315      -7.010798   1.722206  -1.497033
    10  0.13472543    3.666065   84.541554      -6.247820  -1.996879   0.040858
    11  0.14945162    4.066786   93.782389      -6.191515  -1.409033  -2.282056
    12  0.15358142    4.179163   96.373876      -5.688165  -1.287279   2.042139
    13  0.20229971    5.504855  126.945093      -5.659593   1.016556  -1.046830
    14  0.19517705    5.311038  122.475549      -5.641509   0.054232  -3.478436
    15  0.25648319    6.979262  160.945766      -5.441752   1.893564  -2.697625
    16  0.11750479    3.197468   73.735432      -5.248309  -3.374497  -1.609586
    17  0.20006365    5.444009  125.541938      -4.974183   0.231192  -2.096784
    18  0.20875773    5.680587  130.997564      -4.798917  -1.077153   0.364496
    19  0.18156706    4.940691  113.935143      -4.464461  -1.928462  -2.815119
    20  0.15396470    4.189592   96.614386      -4.345724  -2.975986   0.092822
    21  0.22873798    6.224277  143.535368      -4.057018   2.569092  -2.134635
    22  0.26061058    7.091575  163.535747      -3.542884   1.296177   0.158850
    23  0.19855574    5.402976  124.595713      -3.133812   0.198532   1.559286
    24  0.26009343    7.077502  163.211226      -2.892309   0.424044  -1.006525
*   25  0.28141779    7.657767  176.592477      -2.853497   3.544986  -2.281390
    26  0.27560152    7.499499  172.942713      -2.571060   4.544592   0.256182
    27  0.19900741    5.415267  124.879142      -2.219941  -0.931475   0.339466
    28  0.25995140    7.073637  163.122105      -2.219941   3.117422  -0.546310
    29  0.21708233    5.907111  136.221335      -2.096224  -0.873059  -1.491713
    30  0.25993647    7.073231  163.112734      -2.087647   3.112228  -0.812305
    31  0.10205735    2.777122   64.042005      -1.172051  -4.051496  -0.299996
    32  0.19905190    5.416478  124.907059      -1.171913  -0.103127  -0.199904
    33  0.22098175    6.013219  138.668258      -1.091802   5.143553   0.203056
    34  0.16876913    4.592442  105.904319      -0.753164  -5.753482  -0.281348
    35  0.04557922    1.240274   28.601418      -0.359509  -3.503435   3.291971
    36  0.12982834    3.532809   81.468582      -0.498762  -0.477685   2.221183
    37  0.18425079    5.013719  115.619215      -0.339867   1.104940   0.681021
    38  0.24885371    6.771654  156.158193       0.046880   6.287215   0.509867
    39  0.25743958    7.005287  161.545909       0.208053   3.136051  -0.958447
    40  0.23950556    6.517278  150.292133       0.300270   2.958438   0.631131
    41  0.17271141    4.699716  108.378138       0.525379  -2.386135   0.617343
    42  0.11614444    3.160451   72.881800       0.690534  -3.183123  -1.806858
    43  0.14675662    3.993451   92.091249       0.751925  -0.879475  -0.693858
    44  0.13015064    3.541579   81.670830       1.349608  -1.533311   1.686353
    45  0.20552426    5.592600  128.968528       1.330035   1.747925  -1.500456
    46  0.18994743    5.168732  119.193914       1.349617   5.073129   0.892732
    47  0.19607667    5.335518  123.040074       1.330048   5.291945  -0.561564
    48  0.19327027    5.259152  121.279029       1.305482   6.788523  -0.981267
    49  0.17977516    4.891931  112.810711       1.366204  -4.583226  -2.415834
    50  0.14500246    3.945718   90.990495       1.484270  -0.085717   0.364590
    51  0.17811982    4.846887  111.771967       1.485103   1.112781   0.228678
    52  0.17795551    4.842416  111.668865       1.740731  -4.057055   1.562358
    53  0.15483166    4.213184   97.158418       1.682083  -3.062988  -0.628369
    54  0.18643155    5.073060  116.987662       1.615934   6.264863   1.947825
    55  0.07283973    1.982070   45.707658       1.972491   1.577727   2.851847
    56  0.18431834    5.015557  115.661604       2.271087   5.354702  -2.682258
    57  0.13067911    3.555960   82.002451       2.260773   7.429249   0.623770
    58  0.16519770    4.495258  103.663206       2.570832  -4.125001   0.893673
    59  0.16635860    4.526848  104.391682       2.807242   4.259077   2.701618
    60  0.18719037    5.093709  117.463831       2.924235  -5.517239   1.307964
    61  0.16317828    4.440307  102.396005       2.967240  -2.308026   1.436965
    62  0.20801038    5.660250  130.528596       2.946455   3.092925  -0.424776
    63  0.14782777    4.022598   92.763406       3.081766   6.011950  -1.083706
    64  0.13627176    3.708143   85.511892       3.306619  -1.728116   0.086494
    65  0.14228632    3.871808   89.286090       3.357925   5.518020   1.337925
    66  0.15923902    4.333114   99.924074       3.477988  -0.756696  -1.704216
    67  0.16232623    4.417121  101.861335       3.967990   2.914915  -2.031677
    68  0.14458003    3.934223   90.725412       4.122749  -4.056308  -1.358439
    69  0.12151581    3.306613   76.252383       4.130185   4.653568  -2.592289
    70  0.15116910    4.113521   94.860125       4.019897   5.485487  -0.019081
    71  0.17371149    4.726930  109.005699       4.246115   7.052295   0.353420
    72  0.13744866    3.740168   86.250411       4.304298  -5.774364   0.538609
    73  0.15168782    4.127636   95.185626       4.318077   2.351186   0.684682
    74  0.13403469    3.647269   84.108106       4.386250   4.298226  -0.293510
    75  0.10992305    2.991158   68.977814       4.582941   3.750826   2.007900
    76  0.12681527    3.450819   79.577853       4.896530  -1.596295  -2.149096
    77  0.14064710    3.827202   88.257459       5.017191  -3.399804  -0.190098
    78  0.16943618    4.610593  106.322896       5.072649   5.744079  -1.213022
    79  0.16535080    4.499424  103.759278       5.267999   5.285522   0.998578
    80  0.11313415    3.078537   70.992813       5.431473  -4.853059  -2.553582
    81  0.17799062    4.843371  111.690893       5.645414  -6.700424  -0.012214
    82  0.17639811    4.800037  110.691580       6.231039  -1.943105  -3.070260
    83  0.13389198    3.643386   84.018558       6.280430  -5.518920  -1.071717
    84  0.13358826    3.635122   83.827971       6.437486  -3.467064  -2.487681
    85  0.17928493    4.878591  112.503084       7.300958  -4.840552  -2.276574
