 Number of surface minima:    67
   #       a.u.         eV      kcal/mol           X/Y/Z coordinate(Angstrom)
     1  0.13097331    3.563965   82.187065      -6.740050  -0.155319  -2.832413
     2  0.12056199    3.280659   75.653854      -6.472355  -2.139667  -2.303283
     3  0.11177119    3.041449   70.137540      -6.071712  -0.987955  -1.987263
     4  0.12789407    3.480175   80.254809      -5.542535  -0.494098  -4.632702
     5  0.12003011    3.266185   75.320092      -5.639611   0.252599  -1.921687
     6  0.11018577    2.998307   69.142674      -5.532941  -1.882169  -1.512407
     7  0.08005468    2.178399   50.235110      -5.118741   1.605136   3.274964
     8  0.12850790    3.496878   80.639993      -4.952753  -2.881957  -1.260216
     9  0.10706584    2.913410   67.184888      -4.616846  -1.352185  -4.182825
    10  0.12019653    3.270714   75.424526      -4.421983  -1.619618  -0.863333
    11  0.11302633    3.075603   70.925152      -4.219592  -0.119054  -4.125364
    12  0.10480957    2.852014   65.769055      -4.154190  -2.148795  -3.773808
    13  0.12664537    3.446196   79.471237      -4.087297  -0.626544  -0.796319
    14  0.07711985    2.098538   48.393479      -4.206053   1.684875   4.173302
    15  0.10185336    2.771571   63.914001      -3.793770   2.135201   2.230015
    16  0.03773761    1.026892   23.680725      -3.414111  -3.067167   2.996133
    17  0.09505885    2.586683   59.650377      -3.293842  -1.757607   0.727299
    18  0.07055925    1.920015   44.276635      -3.424233  -0.814139   3.640487
    19  0.11348526    3.088091   71.213138      -3.293531   0.031537  -3.577891
    20  0.07961924    2.166550   49.961872      -3.293531   2.005239   3.923889
    21  0.11457663    3.117789   71.897978      -3.030539  -1.876149  -3.092419
    22  0.11922626    3.244311   74.815668      -2.764354  -0.932852  -3.058847
    23  0.06921574    1.883456   43.433572      -2.499766  -0.500501   3.397412
    24  0.04906190    1.335042   30.786830      -2.235177  -1.029285   2.372886
    25  0.15735982    4.281979   98.744862      -2.321340   1.072400  -0.288024
    26  0.09422545    2.564005   59.127411      -2.102883  -0.391084   0.365201
    27  0.07574166    2.061035   47.528647      -2.130260  -0.203697   2.436138
    28  0.14552178    3.959849   91.316375      -1.738223   3.124438   1.360378
    29  0.12993342    3.535668   81.534522      -1.647060   3.598800  -3.317984
    30  0.15732848    4.281126   98.725196      -1.419802   3.940245   0.329420
    31  0.14453073    3.932881   90.694479      -1.379071   4.528260  -4.108350
    32  0.01578763    0.429603    9.906894      -1.142494  -3.562053   1.940496
    33  0.12761634    3.472617   80.080528      -0.902855   5.536718  -1.649307
    34  0.14320806    3.896890   89.864491      -0.752913   6.090716  -2.695246
    35  0.13485952    3.669714   84.625695      -0.408924   3.482332  -3.699041
    36  0.15635450    4.254622   98.114011       0.039248   1.344894  -1.470767
    37  0.13595807    3.699607   85.315046       0.289062   5.394127  -2.052799
    38  0.12605229    3.430057   79.099071       0.469056   2.804441  -3.376925
    39  0.14187712    3.860673   89.029313       0.833422   3.591381  -4.119169
    40  0.02470436    0.672240   15.502232       0.839108   0.262208   2.466327
*   41 -0.01170833   -0.318600   -7.347097       1.120006  -4.236304   1.036612
    42  0.02430997    0.661508   15.254752       1.362092  -1.983303  -1.110796
    43  0.13001278    3.537828   81.584317       1.308836   4.722412  -1.710696
    44  0.14363852    3.908603   90.134605       1.528079   5.186407  -2.656438
    45 -0.01023339   -0.278465   -6.421555       1.883780  -3.315836   2.061308
    46  0.03686979    1.003278   23.136159       2.262829  -3.471738  -1.600889
    47  0.13509721    3.676182   84.774849       2.324298   1.352326   1.517965
    48  0.04245543    1.155271   26.641207       2.412793  -2.793597  -0.853705
    49  0.03927766    1.068800   24.647127       2.785735  -4.394185  -1.523858
    50  0.11304053    3.075989   70.934064       3.084935   3.407566   2.365507
    51  0.04196195    1.141843   26.331545       3.077594  -2.932637   0.075567
    52  0.12434644    3.383639   78.028636       3.304162   4.455313  -0.097086
    53  0.03938407    1.071695   24.713895       3.452607  -4.529168  -0.597733
    54  0.13345230    3.631422   83.742654       3.321609   1.429706   1.658765
    55  0.13796587    3.754242   86.574966       3.610014   5.391980   0.508806
    56  0.03784662    1.029859   23.749135       3.611172  -3.856122   0.211608
    57  0.10458286    2.845844   65.626788       3.692024  -0.574460   1.080164
    58  0.13103819    3.565730   82.227772       4.233870   0.082910  -1.432891
    59  0.11959240    3.254275   75.045424       4.216701   3.539860   2.519367
    60  0.06374679    1.734638   40.001747       4.373630  -2.546667  -2.977953
    61  0.12781619    3.478055   80.205935       4.482728   4.395418   0.062727
    62  0.14283940    3.886858   89.633151       4.659449   1.305301  -0.971362
    63  0.05841598    1.589580   36.656612       4.915520  -3.472234  -2.843861
    64  0.10791641    2.936555   67.718625       5.076631   2.646431   2.357337
    65  0.11601210    3.156850   72.798751       5.437892   3.539860  -0.142100
    66  0.05738129    1.561424   36.007331       5.610430  -3.696084  -1.921687
    67  0.06361313    1.731001   39.917876       5.702481  -2.942561  -1.187084
 
 Number of surface maxima:    86
   #       a.u.         eV      kcal/mol           X/Y/Z coordinate(Angstrom)
     1  0.19783972    5.383493  124.146403      -6.866813   0.235975  -4.303825
     2  0.18225278    4.959350  114.365439      -6.668704   0.032393   1.714738
     3  0.19057795    5.185890  119.589570      -6.598534  -2.941611  -3.640910
     4  0.15033803    4.090906   94.338616      -6.466457  -1.221251  -3.773213
     5  0.12739936    3.466713   79.944375      -5.962715  -0.050357   3.233970
     6  0.16680549    4.539008  104.672111      -5.889707  -0.379259   4.875032
     7  0.15975572    4.347174  100.248310      -5.608299   1.026268  -3.574984
     8  0.14997800    4.081109   94.112694      -5.231154  -3.160357  -2.692632
     9  0.17733777    4.825606  111.281226      -5.098856  -1.751912   1.300171
    10  0.16768913    4.563053  105.226606      -4.748769  -0.715271  -1.834389
    11  0.21499022    5.850181  134.908511      -4.595071   2.377141  -3.094222
    12  0.20494003    5.576702  128.601920      -4.375622   1.277417  -0.375508
    13  0.19718200    5.365595  123.733679      -4.100150  -4.021325  -1.795676
    14  0.11907953    3.240319   74.723597      -4.211780   0.110709   5.103651
    15  0.16436149    4.472504  103.138479      -4.085626  -4.662122   0.989016
    16  0.16194255    4.406681  101.620571      -3.887352  -0.890495  -3.176980
    17  0.13290064    3.616410   83.396483      -3.899870   1.478285   2.896041
*   18  0.23805848    6.477901  149.384078      -3.822709   3.478042   0.032277
    19  0.17438696    4.745311  109.429564      -3.491562   1.489709  -2.218178
    20  0.13073632    3.557516   82.038346      -3.424587  -0.032839   2.576150
    21  0.22703769    6.178010  142.468419      -3.380341   4.900670  -1.892265
    22  0.17493343    4.760181  109.772474      -3.137815  -2.909762  -1.370668
    23  0.18392582    5.004876  115.415294      -3.290770   1.823133   0.328097
    24  0.15898046    4.326078   99.761829      -2.896649  -1.372353   0.021279
    25  0.16342751    4.447089  102.552398      -2.657213  -0.350367  -0.784731
    26  0.16461570    4.479421  103.297998      -2.736878   0.381309   5.889604
    27  0.20457120    5.566665  128.370472      -2.749048   3.681206  -0.986925
    28  0.07943878    2.161639   49.848628      -2.380057  -2.418030   3.218839
    29  0.18275914    4.973129  114.683191      -2.269425  -3.662630  -1.009515
    30  0.16712305    4.547649  104.871385      -1.970588  -0.561263  -1.721935
    31  0.21772619    5.924631  136.625363      -1.992756   1.238105  -1.537252
    32  0.17406722    4.736610  109.228918      -2.074778   5.279691  -2.820342
    33  0.12384651    3.370035   77.714926      -1.943114   0.910343   4.572845
    34  0.17977174    4.891838  112.808563      -1.441411  -1.911141  -1.978716
    35  0.16641696    4.528436  104.428310      -1.501717   0.304491   0.826786
    36  0.21132800    5.750527  132.610435      -1.304766   6.052504  -4.035485
    37  0.15717336    4.276905   98.627855      -1.260112  -2.364378   0.351624
    38  0.13901199    3.782709   87.231416      -1.243982  -0.561263   0.988787
    39  0.19083820    5.192972  119.752882      -1.106786   1.660327   2.047142
    40  0.22742732    6.188612  142.712917      -1.037950   1.688808  -0.598168
    41  0.14358570    3.907166   90.101461      -0.730249  -1.992516   3.948953
    42  0.17534629    4.771415  110.031547      -0.589130   1.449496   3.693189
    43  0.23097637    6.285187  144.939984      -0.622904   2.752678   0.463615
    44  0.19416362    5.283461  121.839612      -0.545672   3.076466  -2.385081
    45  0.17369237    4.726410  108.993699      -0.266731  -0.032086   0.028641
    46  0.14095213    3.835502   88.448870      -0.013141  -1.760274  -0.772830
    47  0.12840174    3.493989   80.573376       0.024573  -0.949305   2.326398
    48  0.19652523    5.347723  123.321545      -0.093877   4.234568  -1.377046
    49  0.08938870    2.432390   56.092300       0.278415  -2.882925   1.709894
    50  0.16988371    4.622771  106.603726       0.194852   5.176123  -3.906102
    51  0.04072459    1.108172   25.555088       0.392363  -4.822474  -0.872761
    52  0.22953661    6.246009  144.036519       0.884486   4.069037   0.960220
    53  0.20561506    5.595070  129.025506       1.325936   2.594108   0.811836
    54  0.15103821    4.109959   94.777986       1.356619  -0.421336   0.993339
    55  0.10730452    2.919904   67.334660       1.601358  -1.955585   0.388231
    56  0.21032160    5.723142  131.978908       1.486374   1.832001  -1.266273
    57  0.21726089    5.911970  136.333382       1.605044   2.753788  -0.332651
    58  0.21225646    5.775792  133.193054       1.823674   4.845941  -4.170690
    59  0.17647499    4.802129  110.739818       2.012076  -1.089251  -2.973797
    60  0.17577117    4.782977  110.298169       1.998241   3.695212  -2.939828
    61  0.13518216    3.678494   84.828155       2.385568  -1.358678   0.204027
    62  0.15562966    4.234898   97.659167       2.632596  -4.138307  -4.182939
    63  0.18000292    4.898128  112.953630       2.590806  -0.726117  -1.461416
    64  0.22922922    6.237644  143.843630       2.783606   2.634115  -2.047691
    65  0.20180197    5.491311  126.632755       2.993155   0.565945   0.793053
    66  0.04737158    1.289046   29.726140       3.078913  -1.722954   2.995989
    67  0.22031693    5.995129  138.251078       3.162669   0.960056  -0.731039
    68  0.20653344    5.620061  129.601800       3.305603   5.994308   1.887374
    69  0.09467377    2.576204   59.408740       3.328719  -3.466135  -0.992575
    70  0.10269925    2.794589   64.444806       3.823739  -4.848931  -3.166587
    71  0.17698532    4.816015  111.060059       3.821757   2.602435   1.603821
    72  0.18567704    5.052529  116.514196       4.083397   3.142977   0.132198
    73  0.10900123    2.966074   68.399361       4.562952  -2.759146  -1.789393
    74  0.14856688    4.042710   93.227205       4.646324  -6.115758  -2.581532
    75  0.15425663    4.197536   96.797575       4.776421  -1.149287   0.195022
    76  0.16024263    4.360424  100.553852       4.769667   5.126436   1.778850
    77  0.15452390    4.204809   96.965290       4.908715  -1.145210  -0.069567
    78  0.15387910    4.187263   96.560672       4.956383  -1.090440  -0.307004
    79  0.10027565    2.728639   62.923974       5.182169  -5.310937  -1.119954
    80  0.16503024    4.490701  103.558124       5.276163  -2.085524   1.448942
    81  0.18103858    4.926310  113.603520       5.702481   1.086735   0.387783
    82  0.14968465    4.073126   93.928616       6.047578  -5.059270   0.308573
    83  0.21257207    5.784380  133.391098       6.204722  -0.305701  -0.086629
    84  0.15772134    4.291816   98.971719       6.416023   3.313902   1.278857
    85  0.19982243    5.437445  125.390575       6.415221   4.914072   1.833822
    86  0.20580832    5.600329  129.146778       7.025424   1.752346   0.825571
