 Number of surface minima:    60
   #       a.u.         eV      kcal/mol           X/Y/Z coordinate(Angstrom)
     1  0.13166383    3.582755   82.620369      -6.380350  -1.617576  -2.787802
     2  0.14163456    3.854072   88.877104      -6.293953   0.562076  -2.428500
     3  0.13687381    3.724526   85.889683      -5.833234   0.016053  -0.138455
     4  0.11261950    3.064532   70.669861      -5.448661  -2.118431  -1.806019
     5  0.14357361    3.906837   90.093879      -5.520876   1.256505   1.132808
     6  0.12808221    3.485294   80.372870      -5.267347   0.467617  -1.247585
     7  0.11418167    3.107041   71.650138      -5.030109  -1.819206  -3.121720
     8  0.12884685    3.506101   80.852684      -4.929957   0.763093  -2.523842
     9  0.13525427    3.680456   84.873404      -4.874545   2.856522   2.612356
    10  0.10731683    2.920239   67.342381      -4.786459  -2.349085  -1.012892
    11  0.12460917    3.390788   78.193500      -4.647252   0.231912  -0.371456
    12  0.14047713    3.822577   88.150805      -4.756346   0.825748  -3.645565
    13  0.12674445    3.448892   79.533407      -4.533260   1.205330   0.422997
    14  0.13278451    3.613250   83.323610      -4.384186   0.427705   1.370366
    15  0.13837493    3.765373   86.831653      -4.082767  -0.315810   0.613654
    16  0.11611889    3.159756   72.865767      -3.986692  -1.842825  -3.259306
    17  0.12094711    3.291138   75.895521      -3.898228  -2.406855   0.053322
    18  0.13303607    3.620096   83.481463      -3.910281   0.756155  -2.663073
    19  0.12029054    3.273272   75.483518      -3.929208   3.239655   2.060683
    20  0.12288098    3.343761   77.109042      -3.736911   2.350776   3.032671
    21  0.11853047    3.225378   74.379057      -3.562111  -2.330608  -1.259415
    22  0.12455718    3.389373   78.160874      -3.201124  -2.085388  -2.338717
    23  0.14639344    3.983568   91.863347      -3.166793   0.444717  -1.657865
    24  0.10746201    2.924190   67.433485      -2.677125   1.691916   3.432165
    25  0.18382919    5.002247  115.354656      -2.539702   2.538468  -1.710047
    26  0.09837839    2.677012   61.733422      -2.085181  -0.751458   2.335377
    27  0.18020096    4.903517  113.077905      -1.985011   4.268858  -0.473343
    28  0.03361270    0.914648   21.092306      -1.929475  -1.893339   1.111676
    29  0.11049444    3.006707   69.336365      -1.650040   0.899688   3.565997
    30  0.09473023    2.577741   59.444165      -1.326180  -3.207676  -1.070544
    31  0.17141130    4.664339  107.562307      -1.432763   1.764878  -1.510914
    32  0.16781204    4.566398  105.303735      -0.867467   3.798970   0.115152
    33  0.02912678    0.792580   18.277343      -0.471442  -4.007252   0.450204
    34  0.18235201    4.962050  114.427708      -0.484003   1.271959  -1.221210
    35  0.10325015    2.809580   64.790503      -0.147037  -2.368651  -1.937514
    36  0.04280924    1.164899   26.863224       0.235051  -5.031334  -1.543726
    37  0.15799102    4.299154   99.140945       0.268480   2.955193  -3.384112
    38  0.15813141    4.302974   99.229040       0.195304   4.663199  -2.526317
    39  0.01387504    0.377559    8.706727       0.641432   0.292786   2.958409
*   40 -0.01832985   -0.498781  -11.502164       0.668734  -2.734281   3.630833
    41  0.06047270    1.645546   37.947226       1.356648  -1.672663  -1.368861
    42  0.15678464    4.266327   98.383927       1.452000   5.095626   0.467917
    43  0.06355926    1.729535   39.884069       1.704165  -3.404013  -1.001682
    44  0.16294067    4.433841  102.246902       1.616312   3.626859  -2.437586
    45  0.14082946    3.832164   88.371893       1.848883   4.108941   1.985925
    46 -0.01199036   -0.326274   -7.524070       1.951598  -2.216105   3.313642
    47  0.14195215    3.862715   89.076396       2.364547   1.612475   1.219974
    48  0.17842986    4.855324  111.966524       2.674008   3.893144  -0.833342
    49  0.14612298    3.976209   91.693634       3.022714   5.160584   0.839264
    50  0.15991666    4.351554  100.349305       3.240250   2.747208  -1.333492
    51  0.13532756    3.682450   84.919397       3.460680   1.885019   1.162909
    52  0.10713452    2.915278   67.227980       4.219998  -1.162874  -2.610180
    53  0.08439808    2.296589   52.960640       4.517733  -1.819222  -0.028860
    54  0.16869421    4.590403  105.857301       4.543648   3.124546  -1.137327
    55  0.12181674    3.314802   76.441223       4.903818  -2.077832  -2.723876
    56  0.11570339    3.148449   72.605035       5.399193  -0.640471  -2.630449
    57  0.10218064    2.780477   64.119372       5.657225  -1.422339  -0.139705
    58  0.10960024    2.982374   68.775248       5.843974   0.454472  -2.425137
    59  0.09783618    2.662258   61.393178       6.189176  -0.246012   0.140340
    60  0.12365518    3.364829   77.594862       6.743772  -0.231690  -2.528309
 
 Number of surface maxima:    75
   #       a.u.         eV      kcal/mol           X/Y/Z coordinate(Angstrom)
     1  0.20285596    5.519991  127.294144      -7.312067  -0.373240  -2.875376
     2  0.20067052    5.460523  125.922757      -6.752288  -1.157737   0.184987
     3  0.15919775    4.331991   99.898178      -6.659792  -0.650723  -1.401916
     4  0.20878173    5.681240  131.012625      -6.262835   2.138344   2.141655
     5  0.13319881    3.624524   83.583582      -6.057932  -1.776852  -2.704417
     6  0.14523586    3.952069   91.136955      -5.866121   0.633335  -2.076067
     7  0.16102653    4.381755  101.045758      -5.816184  -0.090974  -3.648376
     8  0.16166199    4.399046  101.444514      -5.162715   1.091253   2.770599
     9  0.17246133    4.692911  108.221209      -5.201980   2.798596   0.823436
    10  0.15602503    4.245657   97.907265      -5.027666  -1.155513   0.454509
    11  0.20690354    5.630132  129.834038      -4.785094   0.022503  -5.007027
    12  0.22903765    6.232431  143.723417      -4.631069   3.737139  -0.428418
    13  0.19488099    5.302981  122.289768      -4.631782   0.170026   4.016654
    14  0.16908653    4.601078  106.103488      -4.245367  -1.569052  -2.066575
    15  0.17930344    4.879095  112.514701      -4.141647  -0.022380  -1.677766
    16  0.18911163    5.145989  118.669440      -3.818297  -1.535503   1.272202
    17  0.17222106    4.686373  108.070437      -3.310595  -0.168536  -4.116942
    18  0.19121621    5.203258  119.990085      -3.203618   1.041388   0.968698
    19  0.21017378    5.719119  131.886150      -3.237094   3.207962  -0.534649
    20  0.14161615    3.853571   88.865550      -3.029435   0.061424   3.486237
    21  0.18808657    5.118096  118.026201      -2.810409   2.225200   1.981035
*   22  0.25143953    6.842018  157.780820      -2.661766   4.016950  -1.807637
    23  0.15723184    4.278496   98.664549      -2.516829  -1.951516  -0.412461
    24  0.17373116    4.727465  109.018038      -2.206026  -4.565331  -2.171324
    25  0.16596578    4.516159  104.145189      -1.726651  -2.348543  -1.139530
    26  0.20654721    5.620435  129.610441      -1.617105  -0.419839  -2.327976
    27  0.22922744    6.237596  143.842512      -1.702419  -0.353714  -3.913485
    28  0.15390496    4.187967   96.576898      -1.589635  -0.361889   3.624856
    29  0.03486196    0.948642   21.876230      -1.441529  -2.860630   3.869353
    30  0.22223650    6.047363  139.455627      -1.447757   0.179853  -0.863961
    31  0.07177300    1.953043   45.038277      -1.326180  -0.957588   2.798630
    32  0.16733546    4.553429  105.004675      -1.223360  -0.019308   1.361741
    33  0.23925838    6.510552  150.137028      -1.203110   1.353302  -0.215722
    34  0.22482014    6.117667  141.076885      -1.081465   3.864465  -3.172945
    35  0.13612125    3.704048   85.417448      -0.861084  -0.893162   1.640853
    36  0.16901262    4.599067  106.057109      -0.773219   1.379139   2.343409
    37  0.24028073    6.538371  150.778560      -0.890234   2.564085   0.750526
    38  0.10671813    2.903948   66.966693      -0.738261  -2.554245   0.876327
    39  0.22955171    6.246420  144.045994      -0.400120  -0.628573  -2.403951
    40  0.18994439    5.168650  119.192005      -0.143394  -0.099396   0.165934
    41  0.18914341    5.146854  118.689380       0.098144  -1.620160  -0.541383
    42  0.18463091    5.024062  115.857741       0.259696  -3.406636  -3.776215
    43  0.22027706    5.994044  138.226056       0.443692   4.040619   1.147349
    44  0.11293998    3.073253   70.870967       0.718903  -0.964787   2.495288
    45  0.21982520    5.981748  137.942512       0.891184   1.741960  -1.318912
    46  0.08422407    2.291853   52.851445       0.942744  -4.603969  -0.596510
    47  0.10535116    2.866751   66.108905       1.055117  -2.801771   1.773147
    48  0.20805123    5.661362  130.554226       1.029092   2.674629   0.840069
    49  0.17219617    4.685696  108.054819       0.927192   3.876063  -2.996020
    50  0.23463763    6.384814  147.237457       1.162343   2.900753  -0.489859
    51  0.22771116    6.196336  142.891032       1.336063   4.800742  -1.397871
    52  0.22653577    6.164352  142.153463       1.459005   2.029306  -2.713972
    53  0.16097124    4.380250  101.011061       1.652040  -0.163944   0.847087
    54  0.14237905    3.874331   89.344275       1.858874  -4.465006   0.984480
    55  0.16136956    4.391089  101.261011       1.848883   5.123808   1.043108
    56  0.12709754    3.458500   79.754976       1.919273  -1.819222   0.256006
    57  0.17948620    4.884068  112.629383       2.321566  -0.288184  -1.666504
    58  0.21987699    5.983157  137.975010       2.478354   5.192376  -0.801063
    59  0.17843862    4.855562  111.972017       2.578021  -2.677615  -1.431718
    60  0.15296155    4.162296   95.984904       2.643122  -1.029124  -0.075313
    61  0.23161967    6.302692  145.343660       2.910629   1.361613  -1.138774
    62  0.21015993    5.718743  131.877459       3.154596   1.076502   0.403651
    63  0.20266130    5.514694  127.171994       3.425513   4.392712   2.032506
    64  0.19901958    5.415598  124.886777       3.683807   3.734953   0.174442
    65  0.04793581    1.304400   30.080199       3.888990  -1.395369   2.490312
    66  0.14220551    3.869609   89.235381       4.120008  -2.606196  -1.645395
    67  0.17870074    4.862694  112.136503       4.503634   0.035334  -1.780963
    68  0.16798984    4.571236  105.415304       4.830443  -0.425194  -0.272476
    69  0.23315915    6.344583  146.309695       5.233060   3.681664   0.026253
    70  0.18781103    5.110598  117.853301       5.560137  -3.263090  -2.054882
    71  0.19138820    5.207938  120.098009       5.459195   2.173997  -0.453772
    72  0.14703686    4.001076   92.267101       6.479183  -1.862633  -1.815932
    73  0.21073610    5.734421  132.239007       6.967057   2.141933  -0.766511
    74  0.15392627    4.188547   96.590276       7.109597   0.555485  -1.290705
    75  0.19163937    5.214772  120.255620       7.896769  -0.904253  -1.691404
