 Number of surface minima:    52
   #       a.u.         eV      kcal/mol           X/Y/Z coordinate(Angstrom)
     1  0.13545056    3.685797   84.996581      -6.893760   0.160058  -1.123748
     2  0.14350066    3.904852   90.048102      -6.122380   2.107975  -1.799993
     3  0.11774702    3.204059   73.887433      -5.797731  -0.609328  -1.536303
     4  0.11865585    3.228790   74.457735      -5.760423  -0.336439  -0.292086
     5  0.14566910    3.963858   91.408814      -5.303653   2.274548   0.336855
     6  0.13816550    3.759674   86.700232      -5.083913   1.405890  -3.256129
     7  0.11955641    3.253295   75.022842      -5.015977  -1.018223  -1.905773
     8  0.11430618    3.110429   71.728274      -5.012986  -0.486055   0.448111
     9  0.12955252    3.525303   81.295499      -4.951575   1.808346  -2.209025
    10  0.13385837    3.642471   83.997463      -4.938263   2.108252  -0.873705
    11  0.13798305    3.754710   86.585745      -4.169412   1.966206  -0.216505
    12  0.13179786    3.586402   82.704472      -4.070220   1.382771  -2.594658
    13  0.12957972    3.526043   81.312570      -3.938905  -1.264094  -1.139420
    14  0.12472400    3.393913   78.265558      -3.951912  -1.012513  -0.081066
    15  0.13166610    3.582817   82.621791      -3.894020  -0.582343   1.109583
    16  0.15246428    4.148764   95.672859      -3.235125   1.406191  -0.756506
    17  0.14960019    4.070828   93.875616      -3.106079   1.135576  -1.814496
    18  0.19800968    5.388117  124.253053      -2.490057   2.929423   1.037882
    19  0.04478050    1.218539   28.100212      -1.863605  -3.268260   0.495342
    20  0.19716017    5.365001  123.719979      -1.819723   2.178031   0.649861
    21  0.05307719    1.444304   33.306467      -1.624590  -0.801899   1.452201
    22  0.19180786    5.219357  120.361353      -1.709760   2.938937   0.069983
    23  0.20454274    5.565891  128.352615      -1.615228   4.231091  -0.473212
    24  0.19138701    5.207905  120.097265      -1.188754   3.864687   2.580677
    25  0.03830219    1.042256   24.035006      -0.963118  -4.839128  -1.430366
    26  0.06015916    1.637014   37.750477      -0.691384   0.121787   2.964243
    27  0.19672379    5.353126  123.446144      -0.664517   3.045050  -0.869395
    28  0.17317579    4.712353  108.669538      -0.487981  -0.561653  -1.549567
    29  0.19149023    5.210714  120.162036      -0.313924   3.427543   2.427028
    30  0.20177973    5.490706  126.618799      -0.409331   5.163683   0.999511
    31  0.07478018    2.034872   46.925309      -0.168874  -2.786927  -1.930385
    32  0.18664235    5.078797  117.119940      -0.264818   4.124416   1.922230
    33  0.02104179    0.572576   13.203931       0.114304  -3.816037   0.573702
    34  0.19814510    5.391802  124.338029       0.095671   2.241063  -1.007055
    35  0.20694644    5.631299  129.860960       0.211660   3.424393  -1.566130
    36  0.19543913    5.318169  122.640009       0.772904   4.232370   0.980097
*   37 -0.00981353   -0.267040   -6.158091       0.902167  -3.039910   2.962768
    38  0.02259312    0.614790   14.177411       1.003642  -0.023267   2.782670
    39  0.06171401    1.679324   38.726159       1.117702  -1.339047  -1.858246
    40  0.20263516    5.513983  127.155592       1.474105   3.455672   0.900920
    41 -0.00246751   -0.067144   -1.548385       2.355407  -2.791767   2.318406
    42  0.07849025    2.135828   49.253419       3.238697  -2.319806  -1.404009
    43  0.16886776    4.595125  105.966206       3.393264   1.462593   0.574258
    44  0.18800907    5.115987  117.977569       3.685663   2.637753  -2.023212
    45  0.17686617    4.812773  110.985292       4.357941   1.609286  -2.686434
    46  0.15789673    4.296588   99.081776       4.436004  -0.272722  -0.536197
    47  0.16817847    4.576369  105.533674       4.435081   1.579398   0.254838
    48  0.17994576    4.896573  112.917766       4.885283   0.545279  -3.087451
    49  0.15903750    4.327631   99.797623       4.974598   0.510758  -0.375372
    50  0.18959086    5.159030  118.970158       5.122420   2.578756  -2.256772
    51  0.16653551    4.531662  104.502700       5.445023  -0.272722  -1.081406
    52  0.18020790    4.903706  113.082261       5.731167   1.682027  -0.398378
 
 Number of surface maxima:    53
   #       a.u.         eV      kcal/mol           X/Y/Z coordinate(Angstrom)
     1  0.20517347    5.583054  128.748404      -7.430859   1.585944  -1.529204
     2  0.16412984    4.466200  102.993117      -6.395635   1.603949  -0.199724
     3  0.16249955    4.421838  101.970095      -6.350734   0.937818  -2.558207
     4  0.20875117    5.680408  130.993450      -5.994589   1.672302   1.490700
     5  0.20526470    5.585537  128.805653      -5.835846   0.268725  -4.043387
     6  0.14801748    4.027760   92.882447      -5.612624   2.187138  -1.418969
     7  0.17501560    4.762417  109.824040      -4.691460  -0.331262  -0.887397
     8  0.17129732    4.661237  107.490778      -4.402770   1.115466   1.307122
     9  0.17027401    4.633391  106.848645      -4.257287  -0.115812  -3.517692
    10  0.18633499    5.070433  116.927072      -4.085419   1.102983  -1.242372
    11  0.18609178    5.063815  116.774452      -3.216368  -3.310611  -2.067456
    12  0.21284640    5.791845  133.563246      -3.109127   0.647445   1.892755
    13  0.22445669    6.107777  140.848818      -2.682944  -0.821607  -3.569621
    14  0.16948282    4.611862  106.352167      -2.685277  -0.530941   0.445119
    15  0.27109996    7.377005  170.117939      -2.682944   3.780803   2.252633
    16  0.15395542    4.189340   96.608565      -2.635723  -5.384979   0.315817
    17  0.18354391    4.994484  115.175636      -2.306615  -1.766078  -0.884690
    18  0.20835051    5.669506  130.742031      -2.152524  -0.400776  -2.191318
    19  0.23215522    6.317265  145.679723      -2.018063   2.110995   1.904460
    20  0.22995055    6.257273  144.296268      -1.756884   4.411294   1.031004
    21  0.22317442    6.072885  140.044178      -1.203050  -1.296151  -2.413341
    22  0.22743904    6.188931  142.720270      -1.248734   0.472677  -1.151478
    23  0.21109024    5.744057  132.461235      -1.284806   3.669462  -0.667342
    24  0.27013231    7.350674  169.510725      -1.211957   5.582978  -0.074356
    25  0.04114497    1.119612   25.818880      -0.963118  -2.654019   3.671277
    26  0.14710141    4.002833   92.307608      -0.829568  -1.991952   0.581212
    27  0.20925210    5.694039  131.307787      -0.642886   0.576687   1.402161
    28  0.27774867    7.557926  174.290068      -0.486746   2.215725   0.263012
    29  0.19475166    5.299462  122.208615      -0.188692  -1.074614  -0.774900
    30  0.23611232    6.424943  148.162843       0.105433   4.639855  -0.729861
    31  0.20398600    5.550741  128.003255       0.208845   0.387113   0.172405
    32  0.23011972    6.261876  144.402426       0.209195   1.971545   2.687864
    33  0.27555314    7.498182  172.912350       0.427451   2.969967   1.309503
    34  0.10095398    2.747097   63.349629       1.034933  -2.796076   1.128785
    35  0.23558471    6.410586  147.831764       1.233912   1.421276  -1.323688
    36  0.12621550    3.434499   79.201491       1.311352  -1.041598   2.042764
*   37  0.28545856    7.767723  179.128103       1.491548   4.298653  -1.595229
    38  0.15981912    4.348899  100.288096       1.815062  -3.407321  -1.495839
    39  0.14552567    3.959955   91.318813       1.737127  -1.727959  -0.477949
    40  0.17812995    4.847162  111.778325       1.957507  -0.133855   0.320369
    41  0.26284848    7.152471  164.940050       2.105204   3.173316  -0.453161
    42  0.19832661    5.396741  124.451931       2.614647  -1.057490  -0.868376
    43  0.23396334    6.366466  146.814336       2.512906  -0.117331  -2.580411
    44  0.10555181    2.872211   66.234818       3.109178  -2.316844  -2.786659
    45  0.26919681    7.325218  168.923693       3.137321   1.317285  -1.802425
    46  0.27639058    7.520970  173.437851       3.510006   4.053549   0.176136
    47  0.25101402    6.830439  157.513811       3.589978   0.681064  -0.422859
    48  0.06182888    1.682449   38.798237       4.196360  -1.890770   0.911851
    49  0.21388547    5.820120  134.215271       4.173904  -0.424609  -2.754693
    50  0.22245896    6.053416  139.595220       4.614515   3.206574  -0.720156
    51  0.21088683    5.738522  132.333594       5.739714   1.291712  -1.946880
    52  0.25015568    6.807082  156.975192       6.042320  -0.129703  -2.588868
    53  0.25374711    6.904810  159.228848       6.127495   2.883125  -1.281481
