 Number of surface minima:    78
   #       a.u.         eV      kcal/mol           X/Y/Z coordinate(Angstrom)
     1  0.07487868    2.037552   46.987118      -8.183707  -2.574355  -0.269806
     2  0.07298611    1.986053   45.799513      -8.142665  -1.788288   0.602199
     3  0.07625076    2.074889   47.848114      -8.148569   0.222984  -1.153018
     4  0.07776076    2.115978   48.795657      -8.015887  -0.594318  -2.054749
     5  0.08326454    2.265743   52.249331      -7.221297  -2.949830  -0.623405
     6  0.07557474    2.056493   47.423906      -7.228179  -1.385989   1.110490
     7  0.08285928    2.254716   51.995025      -7.255682   0.550763  -0.748927
     8  0.08477512    2.306848   53.197233      -7.081756  -0.994167  -2.437745
     9  0.08269111    2.250140   51.889502      -5.194152   2.903137   0.706310
    10  0.14785298    4.023284   92.779226      -4.321517  -3.077881   0.621855
    11  0.16691708    4.542045  104.742140      -4.038176  -3.353719  -1.516384
    12  0.12948268    3.523403   81.251675      -3.942363  -1.787332   0.810581
    13  0.12831680    3.491678   80.520075      -3.900924  -0.571235   0.737089
    14  0.15523644    4.224198   97.412418      -3.801667  -1.916255  -1.821692
    15  0.15825155    4.306244   99.304431      -3.861351  -0.954821  -1.876292
    16  0.10919415    2.971324   68.520419      -3.821823   1.777129  -3.582174
    17  0.07984116    2.172588   50.101124      -3.650696   3.656463   0.184865
    18  0.06231455    1.695665   39.103002      -3.502451   2.072343   1.374986
    19  0.16105555    4.382544  101.063968      -2.899240  -2.638820  -1.739452
    20  0.13605711    3.702302   85.377196      -2.953938  -2.553045   0.897418
    21  0.10477720    2.851133   65.748742      -2.854773   3.130476  -2.194524
    22  0.09914061    2.697753   62.211724      -2.508241   1.923652   0.022622
    23  0.18227625    4.959989  114.380168      -2.075737  -0.173331  -1.678276
    24  0.13854806    3.770084   86.940292      -1.954282  -2.050327   0.949468
    25  0.12275560    3.340350   77.030368      -2.066791   1.661705  -3.132402
    26  0.06856095    1.865638   43.022681      -1.946163   3.663629   0.172431
    27  0.06176017    1.680580   38.755125      -1.807926   1.974236  -0.325419
    28  0.07933133    2.158715   49.781203      -1.901104   2.624239   1.921197
    29 -0.00718595   -0.195540   -4.509255      -1.649947   1.147546   3.917152
    30  0.04726640    1.286184   29.660137      -0.748381   5.234132  -0.218578
    31  0.01907891    0.519164   11.972208      -0.352688  -1.017868   2.772138
*   32 -0.01444698   -0.393122   -9.065625      -0.471775   1.797502   4.273061
    33  0.10539926    2.868060   66.139088      -0.246491   2.806022  -1.286429
    34  0.18004452    4.899261  112.979737       0.442033  -3.112791  -0.474683
    35  0.19161645    5.214149  120.241236       0.466486  -1.333410  -2.601047
    36  0.18038667    4.908571  113.194442       0.466354  -0.670441  -1.542693
    37  0.03567530    0.970774   22.386605       0.432943   3.772597   1.363017
    38  0.16992847    4.623989  106.631814       1.343334  -3.418369  -1.013516
    39  0.07437294    2.023791   46.669765       1.279506   0.071532   3.499760
    40  0.17902096    4.871408  112.337443       1.531433  -0.986823  -2.014539
    41  0.08452821    2.300130   53.042299       1.913353  -2.582765   4.438502
    42  0.04478799    1.218743   28.104914       1.881954   2.052280   1.361506
    43  0.06507016    1.770649   40.832176       2.091495  -0.791643   4.605731
    44  0.16295776    4.434306  102.257621       2.310352  -3.344834  -0.468250
    45  0.16794842    4.570109  105.389312       2.302121  -2.978687   0.594050
    46  0.17451408    4.748770  109.509333       2.528867  -3.543080  -1.818281
    47  0.17052364    4.640184  107.005290       2.580386  -0.823946  -1.256421
    48  0.10488550    2.854080   65.816701       2.483224   0.896374   1.425514
    49  0.12898383    3.509829   80.938645       2.526500   3.067905  -2.217287
    50  0.16759207    4.560412  105.165697       2.801306  -0.496177  -0.099188
    51  0.18042318    4.909564  113.217352       2.975630  -1.588843  -2.336459
    52  0.12409006    3.376662   77.867754       2.926126   3.326942  -1.158594
    53  0.15615110    4.249088   97.986377       3.219258   0.541060  -1.807281
    54  0.07148232    1.945133   44.855871       3.179866   0.855035   3.294393
    55  0.11987230    3.261891   75.221067       3.399049   3.172819  -3.224136
    56  0.12363504    3.364281   77.582225       3.483847   3.450513   0.150144
    57  0.13472613    3.666084   84.541993       3.857485   1.351024   0.574016
    58  0.13944509    3.794494   87.503186       3.990267   0.566840  -3.006556
    59  0.11027277    3.000675   69.197264       4.145318   3.705263  -1.013516
    60  0.11675622    3.177098   73.265698       4.320860   3.432140  -3.094156
    61  0.14277082    3.884992   89.590119       4.793493   0.884430  -3.912192
    62  0.11475916    3.122756   72.012520       4.780280   3.727313  -1.951594
    63  0.12438799    3.384769   78.054708       4.911116   1.211369  -0.498332
    64  0.13464290    3.663820   84.489766       5.111034   0.912301  -2.968427
    65  0.09592015    2.610120   60.190854       5.099217   0.092075   2.311269
    66  0.12269566    3.338719   76.992751       5.234329   3.835582  -0.689117
    67  0.09409713    2.560513   59.046889       5.577386  -3.915810  -1.028334
    68  0.13185465    3.587947   82.740111       5.604142   1.267357  -1.407030
    69  0.13282400    3.614325   83.348391       5.707847   3.591409  -2.997930
    70  0.09399654    2.557776   58.983770       5.884902  -2.545074   1.247815
    71  0.09937495    2.704130   62.358778       5.791890  -2.118431  -2.145124
    72  0.13187846    3.588595   82.755053       5.865144   1.725988  -0.352044
    73  0.09901362    2.694298   62.132036       6.019293  -0.677596   0.089477
    74  0.14536337    3.955538   91.216969       6.262027   1.472380  -2.759667
    75  0.08784269    2.390321   55.122167       6.554853  -3.574439  -1.352129
    76  0.08967805    2.440264   56.273873       6.629646  -2.595824  -1.959114
    77  0.08695314    2.366115   54.563967       6.760729  -2.186073   0.921674
    78  0.08950903    2.435665   56.167813       6.937714  -1.229205   0.318383
 
 Number of surface maxima:    92
   #       a.u.         eV      kcal/mol           X/Y/Z coordinate(Angstrom)
     1  0.16450358    4.476370  103.227640     -10.350678  -1.209442  -0.846425
     2  0.11834965    3.220458   74.265589      -9.262271  -0.325351   0.044839
     3  0.12164730    3.310191   76.334898      -9.174288  -2.031235  -1.782550
     4  0.16473137    4.482569  103.370582      -8.819524   0.670940   1.305719
     5  0.17316343    4.712017  108.661784      -8.587233  -3.114132  -2.926039
     6  0.12509722    3.404069   78.499759      -7.097708   0.470811   1.104471
     7  0.12728011    3.463468   79.869543      -7.078408  -1.910310  -0.221762
     8  0.13170758    3.583945   82.647823      -6.967403  -0.649588  -1.278104
     9  0.17404798    4.736086  109.216845      -5.552241   0.680510   1.478479
    10  0.16899903    4.598697  106.048579      -5.633162   0.872731  -1.800601
    11  0.20112604    5.472918  126.208599      -5.247577  -3.098870  -2.681995
    12  0.14914324    4.058394   93.588876      -5.126699   3.654196  -0.758868
    13  0.14913783    4.058247   93.585477      -5.083148   1.424391   1.387740
    14  0.18009452    4.900621  113.011110      -4.782846  -2.506506  -1.342550
    15  0.17358467    4.723479  108.926117      -4.720246   0.083259  -0.079593
    16  0.13792825    3.753219   86.551358      -4.666370   2.188240  -1.622956
    17  0.22458566    6.111287  140.929747      -4.555989  -4.152370  -0.467178
    18  0.16471009    4.481989  103.357228      -4.296425   3.104345  -2.983969
    19  0.09030423    2.457303   56.666805      -4.302522   3.290944   0.866286
    20  0.05713009    1.554589   35.849705      -3.632052   0.355595   2.974663
    21  0.12626855    3.435942   79.234780      -3.399843   2.717118  -1.280309
    22  0.18590592    5.058757  116.657823      -2.967360   0.263321  -3.467612
    23  0.19487218    5.302742  122.284243      -2.892318  -3.899844  -0.499838
    24  0.21025523    5.721336  131.937259      -2.841467  -1.363416   0.341877
    25  0.23018202    6.263571  144.441518      -2.707926  -1.364010  -1.243781
    26  0.16074471    4.374086  100.868916      -2.764954   0.802472   0.246602
    27  0.11510728    3.132228   72.230972      -2.626119   3.319884   0.647305
    28  0.12648897    3.441940   79.373094      -2.525915   2.188240  -3.319036
    29  0.18931978    5.151653  118.800054      -2.415920   0.389597  -1.542693
    30  0.11189736    3.044882   70.216713      -2.406162   2.912947  -0.156515
    31  0.11156973    3.035967   70.011124      -2.331532   2.322379   0.704576
    32  0.12729467    3.463864   79.878677      -1.926001   1.666362   0.979658
    33  0.14592831    3.970911   91.571473      -1.795477   4.063650   2.314635
    34  0.17272160    4.699994  108.384533      -1.456750   2.443920  -1.967705
    35  0.17121828    4.659086  107.441183      -1.278748  -0.325351   0.873814
    36  0.25069308    6.821706  157.312412      -1.278140  -4.294604  -0.350214
    37  0.08760190    2.383769   54.971065      -1.217337   4.569538   0.706310
    38  0.10962701    2.983103   68.792044      -1.014160   2.260772   2.498668
    39  0.18714993    5.092609  117.438456      -0.999535   4.180850  -2.728358
    40  0.22845237    6.216505  143.356147      -0.774545  -2.628817  -1.200272
    41  0.11786642    3.207308   73.962356      -0.433689   0.336120   2.742019
*   42  0.26457463    7.199442  166.023223      -0.314805  -2.672185  -2.981421
    43  0.19172745    5.217169  120.310894      -0.206607   1.808555  -0.059988
    44  0.20292506    5.521872  127.337503       0.238420   0.133463   0.239064
    45  0.23600366    6.421986  148.094654       0.231044   1.021807  -2.149610
    46  0.09869536    2.685637   61.932327       0.837960  -0.389932   4.081382
    47  0.10743868    2.923555   67.418848       0.769096   2.383964   1.431211
    48  0.13960042    3.798721   87.600658       1.093024   0.757680   1.757876
    49  0.16064831    4.371463  100.808423       1.137472  -3.210731   2.977735
    50  0.21319978    5.801461  133.784996       1.250318  -2.563222  -2.713297
    51  0.23889425    6.500643  149.908533       1.215628  -2.471974   0.036940
    52  0.23772833    6.468917  149.176903       1.491721  -0.991462  -0.602442
    53  0.23441943    6.378877  147.100535       1.430683   1.099811  -3.728151
    54  0.16545302    4.502206  103.823426       1.469751   2.802745  -0.494064
    55  0.08731935    2.376080   54.793768       1.528649  -2.033225   4.534958
    56  0.22535675    6.132269  141.413617       1.603330   0.293381  -1.022924
    57  0.21235447    5.778459  133.254551       1.565842   1.064002  -2.204164
    58  0.03541483    0.963686   22.223158       1.598870   2.181410   4.393471
    59  0.17709808    4.819084  111.130819       1.744896  -0.223434   1.229590
    60  0.18050704    4.911846  113.269972       1.672429   5.110803  -1.267615
    61  0.16432714    4.471569  103.116925       2.302823   2.465180  -0.081507
    62  0.24285282    6.608361  152.392572       2.848557  -2.803855  -3.083458
    63  0.12783664    3.478612   80.218769       2.933477   1.626753   1.885142
    64  0.18982676    5.165449  119.118189       3.219258  -2.630511   0.838605
    65  0.18669154    5.080135  117.150808       3.359403  -0.967813  -1.133017
    66  0.14530720    3.954010   91.181720       3.399708  -2.018803   4.723296
    67  0.18812825    5.119230  118.052356       3.419098  -1.671712  -1.674987
    68  0.18125599    4.932226  113.739948       3.542734  -1.060230   0.706310
    69  0.18711408    5.091633  117.415957       3.656707   2.485287   1.289596
    70  0.16974041    4.618871  106.513802       3.776129   2.895966  -2.061720
    71  0.20244675    5.508856  127.037362       3.813142  -4.494062   1.103193
    72  0.13429498    3.654352   84.271442       3.780052  -1.499798   3.119224
    73  0.18048678    4.911295  113.257261       4.015359  -2.840316   2.034601
    74  0.18620487    5.066892  116.845416       4.145318   1.343227  -1.807281
    75  0.20651203    5.619478  129.588365       4.146341   0.334706  -1.805495
    76  0.20913713    5.690911  131.235642       4.378772   1.731721  -5.174276
    77  0.14899763    4.054432   93.497502       4.779862  -0.065373   3.727213
    78  0.16782099    4.566641  105.309352       4.690671   0.207283   0.600945
    79  0.15240021    4.147021   95.632655       4.934599   2.582188   0.307990
    80  0.14391829    3.916216   90.310163       5.597928  -2.708809  -1.147584
    81  0.16330061    4.443635  102.472763       5.473410   2.191107  -3.925177
    82  0.14362668    3.908281   90.127175       5.664648  -1.848790   0.241226
    83  0.15271147    4.155490   95.827974       5.739970  -0.171621  -1.793697
    84  0.14948621    4.067727   93.804092       5.933179   1.262180  -2.500051
    85  0.15923728    4.333067   99.922986       6.370362   2.712063  -1.689507
    86  0.19646537    5.346095  123.283983       6.499721   3.108693  -0.105696
    87  0.20442538    5.562697  128.278970       6.893088   2.711683  -3.285585
    88  0.17826232    4.850765  111.861391       7.055793  -4.867938   0.970899
    89  0.19207502    5.226627  120.528993       7.378360  -0.002784  -2.071870
    90  0.13072257    3.557142   82.029717       7.717264  -3.568813   0.044839
    91  0.13556804    3.688994   85.070302       7.842530  -1.386588  -1.255507
    92  0.17574269    4.782202  110.280293       8.907913  -2.638169  -0.642895
