 Number of surface minima:    60
   #       a.u.         eV      kcal/mol           X/Y/Z coordinate(Angstrom)
     1  0.12125021    3.299386   76.085719      -6.997102   0.333936  -1.699086
     2  0.12395360    3.372949   77.782124      -6.903288   1.564748   0.206786
     3  0.13037509    3.547687   81.811671      -6.400182   2.013075  -2.786478
     4  0.13478068    3.667569   84.576226      -6.246593   3.172789  -0.947150
     5  0.11052191    3.007454   69.353604      -5.989630   0.805486  -2.314336
     6  0.10986119    2.989475   68.938998      -5.864625  -0.108719  -1.731583
     7  0.11607224    3.158486   72.836491      -5.815706   2.214313  -0.069709
     8  0.11387840    3.098789   71.459834      -5.735531   1.353401   0.494327
     9  0.11503120    3.130158   72.183231      -5.041219   1.374485  -2.769891
    10  0.12417746    3.379040   77.922595      -4.810754   2.808015  -0.566267
    11  0.11943837    3.250083   74.948771      -4.627388  -0.568289  -1.529368
    12  0.12770076    3.474914   80.133501      -4.559286   0.939073   0.636693
    13  0.11429547    3.110138   71.721548      -4.025135   1.086543  -2.695964
    14  0.12161724    3.309373   76.316036      -3.839337  -0.051620  -1.938759
    15  0.12805816    3.484640   80.357776      -3.898318   2.539766  -0.455301
    16  0.13497532    3.672865   84.698364      -3.739739   1.469447   0.203531
    17  0.04273350    1.162838   26.815697      -2.780273  -4.287067  -2.337672
    18  0.09167228    2.494530   57.525275      -2.829113  -1.688556  -1.719492
    19  0.02832564    0.770780   17.774622      -2.229637  -4.020855   0.001900
    20  0.12207391    3.321800   76.602598      -1.852723  -0.737972   1.355600
    21  0.16287013    4.431922  102.202633      -1.909103   1.749646   0.774926
    22  0.17492294    4.759895  109.765894      -1.477592   2.684063   0.002221
    23  0.05964075    1.622907   37.425166      -1.340026  -0.606273   3.052691
    24  0.07101684    1.932467   44.563780      -1.240994  -0.237258  -1.038951
    25  0.04525259    1.231386   28.396454      -0.950044  -2.696810  -2.070357
    26  0.17466683    4.752926  109.605182      -0.846347   3.412379   2.583595
*   27 -0.01124680   -0.306041   -7.057477      -0.685455  -3.737604   2.780081
    28  0.14441836    3.929823   90.623963      -0.788446   4.562715  -1.571253
    29  0.15778757    4.293618   99.013278      -0.351450   5.560960  -2.114808
    30  0.16153005    4.395456  101.361719      -0.194171   2.543494   2.629138
    31  0.03043449    0.828165   19.097945       0.081895  -1.835183  -2.002274
    32  0.01261420    0.343250    7.915538       0.138304  -1.021435   2.838497
    33  0.17445272    4.747100  109.470824       0.180022   1.431574  -0.924160
    34  0.17258152    4.696182  108.296633       0.177043   3.581717   1.790458
    35  0.15074395    4.101951   94.593333       0.218552   4.211892  -2.305547
    36 -0.00943722   -0.256800   -5.921948       0.637488  -3.931910   2.295669
    37  0.06956541    1.892971   43.652991       0.655421  -2.594728  -2.102504
    38  0.14188681    3.860936   89.035390       0.876184   3.147515  -2.443865
    39  0.14089061    3.833828   88.410264       0.906194   5.462801   0.267224
    40  0.15556601    4.233166   97.619227       1.018907   6.251693  -0.534598
    41  0.18162485    4.942264  113.971410       1.161125   3.474725   0.925027
    42  0.15574609    4.238067   97.732229       1.370911   4.077700  -3.040869
    43  0.07138952    1.942607   44.797635       1.688214  -3.818363  -1.303095
    44  0.15011853    4.084933   94.200879       1.873386   5.084270  -0.482027
    45  0.14397692    3.917811   90.346956       2.551906   4.106836  -0.597274
    46  0.14321578    3.897099   89.869331       2.754686  -0.359246   1.061208
    47  0.15657300    4.260568   98.251124       2.808350   4.823190  -1.531478
    48  0.11706535    3.185510   73.459680       3.251139  -2.344378  -0.330395
    49  0.15102147    4.109503   94.767485       3.391784  -0.889141  -2.558262
    50  0.14333832    3.900434   89.946227       3.914641  -0.624552   0.867198
    51  0.16032153    4.362571  100.603366       4.360024  -1.269639  -2.620608
    52  0.15948366    4.339771  100.077594       4.351882  -0.102750  -1.963333
    53  0.11998058    3.264838   75.289015       4.480021   0.956753   2.132192
    54  0.13599307    3.700560   85.337013       4.582108   2.682805   0.085259
    55  0.14754807    4.014987   92.587892       5.400593   3.209268   0.798215
    56  0.12715019    3.459933   79.788015       5.597104   0.630824   1.854021
    57  0.13885821    3.778524   87.134916       5.662222   2.154363  -0.263335
    58  0.11628731    3.164339   72.971449       6.043530  -0.359964   1.154968
    59  0.12718724    3.460941   79.811262       6.193848   1.227568  -0.978117
    60  0.14176392    3.857592   88.958278       7.068721   1.705557  -0.313876
 
 Number of surface maxima:    66
   #       a.u.         eV      kcal/mol           X/Y/Z coordinate(Angstrom)
     1  0.19391066    5.276577  121.680881      -8.015799   0.950421  -0.563915
     2  0.15335551    4.173016   96.232119      -7.086901   2.006398  -1.479126
     3  0.20045238    5.454587  125.785872      -6.770993   3.405314  -2.379397
     4  0.15454583    4.205406   96.979052      -6.730424  -0.054806  -0.106754
     5  0.20316809    5.528485  127.490011      -5.996574  -1.333967   0.663372
     6  0.17539092    4.772630  110.059559      -5.099705  -3.558664  -1.202847
     7  0.16157707    4.396736  101.391225      -5.051167   3.273353  -2.379397
     8  0.16724017    4.550836  104.944880      -4.792069   0.693565  -1.721630
     9  0.17228849    4.688208  108.112752      -4.680663   1.606711  -0.411535
    10  0.18388144    5.003669  115.387445      -4.529068  -1.032383   0.412513
    11  0.19355335    5.266854  121.456660      -4.184417  -1.971755   0.914037
    12  0.17765254    4.834172  111.478747      -3.609320  -2.094295  -3.605932
    13  0.21269541    5.787736  133.468498      -3.532957   3.671838  -2.776280
    14  0.19245983    5.237098  120.770470      -3.094922  -0.103097   1.148527
    15  0.17287246    4.704099  108.479194      -2.802164   2.418217  -1.924891
    16  0.04487492    1.221109   28.159464      -2.740676  -2.905243   3.309258
    17  0.17307330    4.709564  108.605227      -2.750225   0.353447   3.970729
    18  0.16595857    4.515962  104.140663      -2.655652  -0.093890  -1.190549
*   19  0.25310248    6.887269  158.824335      -2.282479   3.889345   2.120994
    20  0.16332876    4.444402  102.490430      -2.158789  -2.083692   0.386271
    21  0.19905832    5.416652  124.911084      -2.145693   2.290572   2.128645
    22  0.08348135    2.271643   52.385384      -1.725723  -4.295978  -1.817405
    23  0.23566249    6.412702  147.880567      -1.694514   5.593280   0.663372
    24  0.22319378    6.073412  140.056326      -1.566685   1.524369  -1.556238
    25  0.14273428    3.883997   89.567188      -1.337713  -0.880294   1.455089
    26  0.19301481    5.252200  121.118724      -1.237431   0.164862   1.443786
    27  0.21882078    5.954416  137.312229      -1.283881   4.201089   0.991007
    28  0.14624388    3.979498   91.769500      -0.961353  -1.558008  -0.946107
    29  0.10079059    2.742651   63.247103      -0.545313  -3.528288   0.929906
    30  0.18070413    4.917209  113.393648      -0.390103  -0.227669   0.197934
    31  0.24778965    6.742699  155.490484      -0.507144   1.647662   0.312506
    32  0.18561145    5.050744  116.473042      -0.487125   5.990163  -0.593535
    33  0.14814423    4.031210   92.961986      -0.156278  -4.793039  -1.086128
    34  0.11537322    3.139465   72.397846       0.043490  -1.947495   2.053789
    35  0.19140526    5.208402  120.108716       0.029228   0.992196   2.700999
    36  0.21139619    5.752383  132.653226       0.141659   3.498958  -1.142796
    37  0.22283228    6.063575  139.829485       0.344703   6.862395  -1.717926
    38  0.12780843    3.477844   80.201065       0.439007  -2.741261  -0.527277
    39  0.25157887    6.845809  157.868259       0.470410   2.147613   1.433280
    40  0.16198425    4.407816  101.646736       1.185739  -1.267403   0.426628
    41  0.21183673    5.764371  132.929666       1.234510   3.941299  -0.062549
    42  0.18245979    4.964983  114.495341       1.296213   5.597204  -2.239971
    43  0.16312375    4.438823  102.361784       1.541337  -2.262744  -0.804701
    44  0.16583225    4.512525  104.061396       1.695797  -3.931917  -3.305476
    45  0.18938669    5.153474  118.842042       1.665542  -1.157744  -2.268715
    46  0.22457054    6.110875  140.920261       1.693526   1.358978  -1.060096
    47  0.21981013    5.981338  137.933054       2.225578   1.365082   1.061052
    48  0.23225283    6.319921  145.740974       2.373875   1.762510   0.005506
    49  0.23963872    6.520901  150.375693       2.502651   2.670998   1.712418
    50  0.18979889    5.164690  119.100701       2.616121   3.340680  -2.238264
    51  0.22434571    6.104757  140.779179       2.622310   4.931961  -3.040005
    52  0.05088295    1.384595   31.929559       2.638600  -3.789132   1.194606
    53  0.24046256    6.543319  150.892664       2.909505  -0.078255  -1.324525
    54  0.21966586    5.977412  137.842523       2.990773  -1.021435  -0.062469
    55  0.24381602    6.634571  152.996993       3.027217   1.892961  -1.982714
    56  0.17977447    4.891912  112.810277       3.680257  -2.241263  -2.450018
    57  0.17987615    4.894679  112.874081       4.136816   2.742482   1.781403
    58  0.18782039    5.110853  117.859170       4.745338   0.294101   0.938820
    59  0.19941278    5.426298  125.133514       4.738611   1.227568  -0.336053
    60  0.23168050    6.304347  145.381832       5.349096  -2.344378  -2.114808
    61  0.19683337    5.356108  123.514909       5.457209  -1.153729  -1.321043
    62  0.21360310    5.812436  134.038083       5.761083   3.280034   2.239579
    63  0.16806017    4.573150  105.459439       6.615818   2.173240   1.341319
    64  0.21537100    5.860543  135.147455       7.063691  -1.153729  -1.056454
    65  0.16652286    4.531318  104.494763       7.214735   0.291221  -0.155862
    66  0.20705272    5.634191  129.927653       7.976873   1.423060   0.896441
