 Number of surface minima:    77
   #       a.u.         eV      kcal/mol           X/Y/Z coordinate(Angstrom)
     1  0.06852037    1.864534   42.997218      -8.158913  -3.174799  -0.656371
     2  0.06521848    1.774685   40.925248      -8.110362  -0.986247   0.877959
     3  0.06404839    1.742845   40.191003      -8.114274  -0.332342  -0.055667
     4  0.06818247    1.855339   42.785181      -8.034257  -2.515759  -1.588916
     5  0.07603086    2.068905   47.710126      -7.237442  -3.442546  -0.262088
     6  0.07237466    1.969415   45.415825      -7.191077  -2.191327  -2.046947
     7  0.07024722    1.911524   44.080831      -7.188063  -1.257737   1.267941
     8  0.06565833    1.786654   41.201259      -7.190525   0.059922  -0.589463
     9  0.05873244    1.598191   36.855196      -6.355942   2.190783  -0.972194
    10  0.06034537    1.642081   37.867322      -6.242727   1.349815  -0.329802
    11  0.06300910    1.714565   39.538842      -5.824218   2.325624  -1.992079
    12  0.15345814    4.175808   96.296515      -4.333491  -3.577139  -1.223180
    13  0.03791088    1.031608   23.789457      -4.292891   3.322563   0.287471
    14  0.15381272    4.185457   96.519020      -4.069096  -3.577754   0.895231
    15  0.14343570    3.903084   90.007339      -4.068088  -2.515330  -1.574539
    16  0.03469484    0.944095   21.771361      -4.114977   2.447333   0.871887
    17  0.14891221    4.052107   93.443900      -3.896764  -1.305312  -1.683505
    18  0.13065002    3.555168   81.984193      -3.737135  -2.082941   0.999453
    19  0.12302326    3.347633   77.198327      -3.656288  -1.056063   0.926715
    20  0.04093221    1.113822   25.685372      -3.753079   3.468852  -0.760890
    21  0.04263037    1.160031   26.750984      -3.575696   1.795966   0.617403
    22  0.04109497    1.118251   25.787505      -3.148005   2.779140  -1.059510
    23  0.15236651    4.146104   95.611510      -2.999472  -3.042237  -1.594245
    24  0.04497414    1.223809   28.221721      -2.950811   1.886868  -0.491416
    25  0.13554890    3.688473   85.058292      -2.746479  -2.914187   1.032908
    26 -0.00736784   -0.200489   -4.623395      -2.476749   1.959403   2.790811
*   27 -0.00940422   -0.255902   -5.901240      -2.189799   3.208224   1.794487
    28  0.02448592    0.666296   15.365162      -1.925210   1.517141  -0.743154
    29  0.13796131    3.754118   86.572101      -1.780443  -2.364490   0.961489
    30  0.02596111    0.706438   16.290855      -0.478868  -1.181534   2.282440
    31  0.01385048    0.376891    8.691317       0.191499   3.115331   2.635460
    32  0.15884813    4.322477   99.678790       0.474100  -1.279032  -1.833234
    33  0.07075266    1.925278   44.398000       1.249842   3.710804   1.341586
    34  0.16026086    4.360920  100.565295       1.388379  -3.813957  -0.782638
    35  0.16050781    4.367640  100.720257       1.388599  -1.697307  -2.369692
    36  0.09121121    2.481983   57.235947       1.941428   0.808124   0.432033
    37  0.07562519    2.057866   47.455561       2.073688   0.133294   2.286420
    38  0.05071497    1.380024   31.824148       2.100483   1.122018   2.457047
    39  0.11994749    3.263937   75.268246       2.195419   2.003415  -2.884996
    40  0.11514812    3.133340   72.256598       2.240854   3.049569  -2.826648
    41  0.15487469    4.214355   97.185419       2.422924  -3.600960  -0.377997
    42  0.17659118    4.805290  110.812734       2.322813  -2.374024  -2.892523
    43  0.16877673    4.592649  105.909089       2.468742  -1.391626  -1.833234
    44  0.07205282    1.960657   45.213865       2.317005   0.281418   3.332725
    45  0.03687042    1.003295   23.136559       2.454847   3.194040   3.478609
    46  0.16527222    4.497286  103.709970       2.552254  -4.133867  -1.580199
    47  0.16003056    4.354653  100.420778       2.494437  -2.982034   0.548063
    48  0.09626797    2.619585   60.409114       2.572796   2.590627   0.882887
    49  0.16840392    4.582504  105.675146       2.699352  -0.667257  -0.752003
    50  0.07056498    1.920171   44.280230       3.097406   0.944157   3.728163
    51  0.11423541    3.108504   71.683864       3.153759   1.489542  -3.633569
    52  0.10545425    2.869556   66.173598       3.133106   3.864246  -3.409342
    53  0.08479019    2.307258   53.206694       3.359268   1.218550   2.011555
    54  0.07520659    2.046475   47.192888       3.633233   1.461322   2.930404
    55  0.12085154    3.288538   75.835547       3.666637   2.935081  -0.607099
    56  0.12867050    3.501302   80.742028       3.727308   4.365731  -0.792786
    57  0.12716752    3.460404   79.798889       3.773382   1.865294  -0.770612
    58  0.11327694    3.082422   71.082413       3.807808   2.014550  -4.037874
    59  0.10721780    2.917545   67.280245       3.879836   3.305246  -3.981859
    60  0.11796492    3.209989   74.024167       4.004420   4.504806  -3.744549
    61  0.08785553    2.390671   55.130227       4.103051  -1.713026   3.326243
    62  0.11004468    2.994468   69.054137       4.638130   3.685411  -1.223138
    63  0.12160280    3.308981   76.306976       4.752412   1.360486  -1.505739
    64  0.08149243    2.217522   51.137316       4.855100  -1.060479   3.609262
    65  0.12783344    3.478525   80.216761       4.940263   2.909320  -4.504125
    66  0.08788756    2.391542   55.150322       5.298532  -0.574822   1.845909
    67  0.12040298    3.276332   75.554074       5.327348   4.361459  -1.882829
    68  0.08220046    2.236788   51.581609       5.483271  -0.462914   2.825990
    69  0.11675282    3.177006   73.263565       5.392144   1.879868  -1.924361
    70  0.11088029    3.017206   69.578493       5.443706   3.152560  -1.843496
    71  0.08838995    2.405213   55.465579       5.641409  -4.190367   0.039584
    72  0.08978800    2.443256   56.342870       6.115605  -1.629065   0.669850
    73  0.12964305    3.527767   81.352311       6.281045   2.660536  -2.758211
    74  0.08748542    2.380599   54.897976       6.565492  -3.928624  -1.681804
    75  0.08524912    2.319746   53.494673       6.578165  -4.177933  -0.619715
    76  0.09268607    2.522116   58.161438       6.913742  -1.356662  -1.048170
    77  0.08797986    2.394054   55.208240       7.040494  -1.647057   0.084855
 
 Number of surface maxima:    93
   #       a.u.         eV      kcal/mol           X/Y/Z coordinate(Angstrom)
     1  0.15833882    4.308618   99.359194     -10.334000  -1.802558  -0.341415
     2  0.11334228    3.084200   71.123413      -9.187322  -2.499720   0.683948
     3  0.11249284    3.061086   70.590380      -9.194307  -1.049014  -1.431930
     4  0.16314952    4.439524  102.377958      -8.724327  -3.352665   1.951193
     5  0.16137729    4.391299  101.265864      -8.671940  -0.125494  -2.715099
     6  0.12143275    3.304353   76.200264      -6.971380  -2.416629  -0.817011
     7  0.11754604    3.198590   73.761316      -7.048059  -1.036525   0.063111
     8  0.14733507    4.009191   92.454229      -6.687805   3.100349   1.524903
     9  0.10073995    2.741273   63.215327      -6.225384   3.711040   0.018886
    10  0.15038347    4.092142   94.367134      -6.158628   4.846558  -1.171763
    11  0.10237214    2.785688   64.239543      -5.885812   1.598196   1.339261
    12  0.18410370    5.009716  115.526911      -5.367450  -3.429239   1.869000
    13  0.17446250    4.747366  109.476964      -5.364862  -0.207277  -2.708783
    14  0.09870032    2.685772   61.935440      -5.398485   0.006800  -0.642586
    15  0.10218165    2.780504   64.120006      -5.364862   0.053852  -0.992416
    16  0.15501165    4.218082   97.271362      -5.229732   0.140436   1.870658
    17  0.11187540    3.044285   70.202935      -5.211851   1.616295  -1.152765
    18  0.10628019    2.892031   66.691882      -5.051750   3.975629  -2.181594
    19  0.16822221    4.577559  105.561120      -4.816781  -2.860559   0.548063
    20  0.16538905    4.500465  103.783285      -4.689278  -0.771932  -1.283148
    21  0.15310179    4.166112   96.072903      -4.645729  -0.464716   0.341136
    22  0.22138798    6.024273  138.923172      -4.415647  -4.617634  -0.098551
    23  0.16007180    4.355775  100.446652      -4.041919   3.711040  -3.486085
    24  0.09534675    2.594517   59.831041      -3.979315   2.318407  -0.350072
    25  0.05007945    1.362731   31.425354      -3.243402   0.007010   3.197305
    26  0.19170782    5.216635  120.298577      -2.818598  -4.312998  -0.216764
    27  0.18317014    4.984313  114.941097      -2.857843  -0.105629  -1.580097
    28  0.20669155    5.624363  129.701012      -2.708555  -1.703687   0.429226
    29  0.22235830    6.050677  139.532057      -2.689146  -1.830284  -1.163565
    30  0.14026459    3.816794   88.017431      -2.568450   0.295153   0.428410
    31  0.18410430    5.009733  115.527291      -2.570504   0.805167  -3.027583
    32  0.11087296    3.017007   69.573889      -2.009952   1.234326   0.707533
    33  0.04248489    1.156073   26.659692      -1.780505   4.389965   0.033299
    34  0.15729034    4.280088   98.701262      -1.368536  -0.390083   0.863959
    35  0.24782714    6.743719  155.514010      -1.263738  -4.719401  -0.360528
    36  0.08919858    2.427217   55.972998      -0.999150   2.049852   2.194233
    37  0.22554658    6.137434  141.532733      -0.751991  -3.174354  -1.055752
    38  0.14150817    3.850633   88.797794      -0.473184   1.606690  -0.517398
*   39  0.25322370    6.890567  158.900405      -0.459258  -3.560044  -2.757184
    40  0.13087445    3.561275   82.125025      -0.205845   0.284268   2.395818
    41  0.17632184    4.797961  110.643719       0.235076  -0.081917  -0.069831
    42  0.14546764    3.958376   91.282397       0.588684   0.935577   4.117412
    43  0.15682529    4.267433   98.409437       0.568199   2.353078   0.672861
    44  0.18073967    4.918177  113.415951       0.802345   2.362784  -1.751565
    45  0.18081905    4.920336  113.465760       1.001452   4.128897  -0.497128
    46  0.20334253    5.533232  127.599471       1.223715  -3.450562  -2.644120
    47  0.23002767    6.259371  144.344662       1.406631  -2.721000  -0.113408
    48  0.18389157    5.003944  115.393797       1.380522  -2.374802   3.198959
    49  0.22757868    6.192731  142.807897       1.518130  -1.443090  -1.043427
    50  0.16750266    4.557979  105.109593       1.612069  -0.181620   0.667151
    51  0.19274291    5.244801  120.948103       1.708065  -1.845320   1.606418
    52  0.16811898    4.574750  105.496342       1.706380   1.257092  -1.641296
    53  0.07956935    2.165192   49.930565       1.753367   2.110051   3.532834
    54  0.17355353    4.722632  108.906576       1.886157   3.804805  -1.049512
    55  0.16051979    4.367966  100.727774       2.275783   5.381659   1.990431
    56  0.12904289    3.511436   80.975702       2.440502  -1.520832   4.179909
    57  0.16099104    4.380789  101.023490       2.386447   2.227618   0.229419
    58  0.22054586    6.001358  138.394730       2.484077  -0.478802  -1.810951
    59  0.16423059    4.468942  103.056335       2.482805   1.197449  -0.732576
    60  0.19726497    5.367853  123.785743       2.455658   5.196113  -1.159429
    61  0.23714187    6.452958  148.808896       2.861033  -3.790302  -2.984450
    62  0.16778580    4.565684  105.287268       3.120582  -1.040123   5.612904
    63  0.12627613    3.436148   79.239533       3.224475   0.435073   2.548154
    64  0.19356438    5.267155  121.463581       3.360353  -2.239239  -2.114511
    65  0.16284158    4.431145  102.184721       3.359714   2.518984  -3.029773
    66  0.18285522    4.975744  114.743479       3.515830  -2.357750   0.704356
    67  0.18378935    5.001162  115.329653       3.409926  -0.787389  -0.113408
    68  0.17224169    4.686935  108.083383       3.752977  -0.009353  -2.630444
    69  0.15873992    4.319533   99.610886       3.739795   0.535977  -0.967775
    70  0.15018312    4.086691   94.241410       3.813771   4.952015  -2.073521
    71  0.21975575    5.979858  137.898930       3.935836  -1.690264  -3.380670
    72  0.18824818    5.122493  118.127616       4.163242  -3.165929   2.022380
    73  0.16588492    4.513958  104.094446       4.262240   2.381314  -1.716819
    74  0.13353128    3.633571   83.792212       4.313540  -0.793613   2.407954
    75  0.12126835    3.299880   76.097105       4.301158   0.007736   4.915296
    76  0.18007714    4.900148  113.000205       4.346032   3.079429   1.474123
    77  0.19257861    5.240330  120.845001       4.430809   0.406476  -0.646735
    78  0.21378858    5.817483  134.154470       5.074903  -0.302425  -3.573207
    79  0.19087975    5.194102  119.778953       5.196296   5.376847  -3.035988
    80  0.14114205    3.840670   88.568045       5.518328  -3.388306  -1.011883
    81  0.16768216    4.562864  105.222230       5.470848   1.193665   4.908162
    82  0.12704101    3.456962   79.719506       5.583234   1.324398   3.172029
    83  0.15861531    4.316142   99.532691       5.606555   1.335321  -3.663822
    84  0.14991031    4.079267   94.070218       5.611319   3.842264  -3.418992
    85  0.13597730    3.700131   85.327118       5.770909  -3.146623   1.638701
    86  0.14432853    3.927379   90.567595       5.772246  -1.810433  -0.624966
    87  0.18155244    4.940293  113.925971       6.090019   1.936491   1.738712
    88  0.19752421    5.374907  123.948419       6.526651   2.645344  -4.188445
    89  0.18935645    5.152651  118.823064       7.202097  -2.110490  -3.677309
    90  0.17549467    4.775453  110.124660       7.445155  -3.578191   1.816332
    91  0.13534535    3.682934   84.930563       7.802355  -2.536246  -2.160036
    92  0.12964994    3.527954   81.356635       7.891393  -3.147542   0.297766
    93  0.17581851    4.784265  110.327871       8.972053  -2.998271  -1.007947
