 Number of surface minima:    62
   #       a.u.         eV      kcal/mol           X/Y/Z coordinate(Angstrom)
     1  0.16812253    4.574847  105.498571      -5.623534  -0.700869  -1.688630
     2  0.12385754    3.370335   77.721848      -5.554862  -4.635092   0.286921
     3  0.10946611    2.978724   68.691081      -5.504263  -3.516145   0.163491
     4  0.14955660    4.069642   93.848262      -5.467861   2.496330   0.146402
     5  0.14653120    3.987317   91.949791      -5.111137   1.973783  -2.948896
     6  0.14043707    3.821487   88.125669      -5.050945   3.841547   1.092895
     7  0.15686835    4.268605   98.436457      -4.909225   0.101284  -0.813099
     8  0.11299703    3.074806   70.906766      -4.752988  -3.837847   1.086878
     9  0.13536129    3.683368   84.940564      -4.647404   1.980704   1.764090
    10  0.12331669    3.355618   77.382453      -3.983165  -5.249268  -1.238612
    11  0.16524063    4.496426  103.690147      -3.982812  -1.333230  -3.011054
    12  0.09905783    2.695501   62.159777      -3.815969  -3.295304   1.877186
    13  0.17142492    4.664709  107.570848      -3.829959   3.437208  -0.639863
    14  0.15200277    4.136206   95.383255      -3.656449   2.961971  -2.420268
    15  0.10839857    2.949675   68.021188      -3.582520  -4.245652  -1.558230
    16  0.14158171    3.852634   88.843940      -3.217790   1.568563  -3.709239
    17  0.14881669    4.049508   93.383964      -2.924810  -0.622812  -2.433105
    18  0.11137747    3.030735   69.890477      -2.864151  -4.580272  -0.569616
    19  0.10476636    2.850838   65.741938      -2.911580  -2.787406   2.304003
    20  0.15345894    4.175830   96.297021      -2.536380   3.711369  -0.897787
    21  0.16456047    4.477918  103.263340      -2.605656   5.016552  -0.311120
    22  0.15778238    4.293477   99.010024      -2.196777  -0.010631  -1.820924
    23  0.13492758    3.671566   84.668406      -2.007453   1.969188   1.338659
    24  0.13022774    3.543677   81.719206      -2.004053   3.046373   1.616076
    25  0.09468652    2.576551   59.416737      -1.957220  -3.979460   0.163491
    26  0.01219063    0.331724    7.649745      -1.619739  -0.679384   2.517000
    27  0.09557503    2.600729   59.974284      -1.313142  -3.307211   0.961667
    28  0.13012536    3.540891   81.654964      -0.877451   3.825903   1.549378
    29  0.14975542    4.075052   93.973025      -0.247302   3.855974  -1.250349
    30  0.04069849    1.107462   25.538707       0.265729  -3.179286   0.161876
    31  0.04094899    1.114279   25.695898       0.514841   0.406727  -1.775300
    32  0.10935558    2.975717   68.621717       0.536302   5.678024  -1.112407
    33  0.01959097    0.533098   12.293532       0.626619  -3.614808   1.475010
    34  0.04980621    1.355296   31.253897       0.887596  -3.856553  -2.266392
*   35 -0.00944007   -0.256877   -5.923738       0.842484  -1.402815   3.533902
    36 -0.00619110   -0.168468   -3.884976       0.828240  -0.094116   3.470848
    37  0.05660176    1.540212   35.518171       0.925482  -1.321236  -1.811312
    38  0.09919814    2.699319   62.247825       1.034636   5.144239   1.470108
    39  0.09314068    2.534487   58.446710       1.146631   2.502960   0.892592
    40  0.11733736    3.192912   73.630369       1.466338   5.039767  -1.388509
    41  0.10930639    2.974378   68.590854       1.686600   3.685061  -1.719491
    42  0.10572962    2.877049   66.346394       1.972761   4.355498   1.091229
    43  0.07289129    1.983473   45.740013       2.085504  -3.193526   0.001824
    44  0.05975957    1.626141   37.499730       1.993614   0.132748  -0.868065
    45  0.08965449    2.439623   56.259090       2.026323   3.164432   0.881206
    46  0.05531408    1.505173   34.710141       2.394334   0.661003   0.850496
    47  0.11964668    3.255752   75.079489       2.607832  -2.580062   0.239947
    48  0.10815373    2.943013   67.867548       4.240738  -1.286241  -1.641296
    49  0.10688780    2.908565   67.073162       4.599326  -2.262444  -1.032920
    50  0.10244462    2.787660   64.285024       4.946643   0.187753   0.428079
    51  0.09803309    2.667616   61.516742       5.046698  -0.653583  -2.438341
    52  0.10094129    2.746752   63.341667       5.381772  -0.691158   0.935162
    53  0.09615052    2.616389   60.335410       5.721664   0.830479  -0.318342
    54  0.09612855    2.615791   60.321623       5.856733  -2.606398  -1.241627
    55  0.09882511    2.689168   62.013744       5.980806  -1.034710  -2.462142
    56  0.09583183    2.607717   60.135429       6.446433  -2.043227  -1.869105
    57  0.09181493    2.498411   57.614789       6.582187  -1.072118   0.818982
    58  0.09693913    2.637848   60.830274       6.709306   0.467735  -0.416497
    59  0.10803082    2.939668   67.790422       6.986306  -2.926277  -1.168407
    60  0.09323150    2.536958   58.503697       7.156019  -0.523589   0.188268
    61  0.11504922    3.130649   72.194539       7.420033  -1.415925  -2.432451
    62  0.11383103    3.097500   71.430110       8.087208  -0.115005  -0.745953
 
 Number of surface maxima:    73
   #       a.u.         eV      kcal/mol           X/Y/Z coordinate(Angstrom)
     1  0.21447034    5.836035  134.582281      -5.951578  -3.307991  -2.475251
*    2  0.23666180    6.439895  148.507643      -5.456560  -0.941395  -3.153471
     3  0.17064098    4.643377  107.078923      -5.480749  -0.680997  -1.317642
     4  0.15497492    4.217082   97.248314      -5.444484   2.776616   0.973699
     5  0.15770728    4.291433   98.962895      -5.422227  -4.369786  -1.415672
     6  0.19451788    5.293101  122.061914      -5.259212  -5.916979  -0.608320
     7  0.21236681    5.778795  133.262297      -5.096654   3.903063  -0.553116
     8  0.19569288    5.325074  122.799239      -4.981461  -2.067282  -2.157748
     9  0.21809768    5.934740  136.858477      -5.032401   2.758225  -1.564120
    10  0.19487749    5.302886  122.287576      -4.829632   0.253957  -2.502374
    11  0.21250334    5.782510  133.347968      -4.808507   0.991225   0.546256
    12  0.20932443    5.696007  131.353173      -4.671054   0.905237  -3.987257
    13  0.19753851    5.375296  123.957392      -4.369155   3.442573   2.415110
    14  0.17730680    4.824764  111.261793      -4.224678  -2.778448   0.417953
    15  0.15995052    4.352475  100.370551      -4.141681   2.588847  -3.143867
    16  0.14798560    4.026893   92.862441      -4.007403  -5.484101   0.428079
    17  0.22852646    6.218521  143.402639      -3.850871  -0.600478  -0.161767
    18  0.19372374    5.271491  121.563584      -3.509114   4.090492   0.692668
    19  0.19969698    5.434031  125.311854      -3.319924   1.313050   0.569787
    20  0.22402824    6.096118  140.579961      -3.400824   1.709195  -0.737836
    21  0.18552752    5.048461  116.420376      -3.059143  -5.697342   1.751989
    22  0.17629319    4.797182  110.625738      -3.112350  -3.185695  -0.685521
    23  0.16171186    4.400404  101.475812      -2.924810  -1.276181   1.411533
    24  0.22999820    6.258569  144.326171      -2.910144   5.572881   0.965983
    25  0.22451089    6.109252  140.882832      -2.723122  -0.999592  -1.159452
    26  0.13432117    3.655065   84.287874      -2.463095  -4.111755   1.815854
    27  0.20548696    5.591585  128.945125      -2.324934   1.383011  -1.556335
    28  0.21259393    5.784975  133.404815      -2.194712   2.439293  -2.647211
    29  0.15237106    4.146227   95.614365      -1.626215  -3.057005   2.396028
    30  0.19817779    5.392692  124.358544      -1.529834  -1.862752  -1.580456
    31  0.16892113    4.596578  105.999700      -1.472963  -1.720636   0.168036
    32  0.18892561    5.140927  118.552712      -1.482182   5.393170   0.555559
    33  0.22563441    6.139824  141.587848      -1.402461   3.032138  -0.695458
    34  0.17856198    4.858919  112.049431      -1.025835  -0.765536  -0.305551
    35  0.20525811    5.585357  128.801517      -1.097124   2.626691   0.787065
    36  0.20935060    5.696719  131.369592      -0.940396   6.796330   0.752620
    37  0.15562784    4.234849   97.658026      -0.672044   0.785310   0.823827
    38  0.11344837    3.087087   71.189989      -0.387355  -0.652373   2.178637
    39  0.17068356    4.644536  107.105638       0.209480   2.095461  -1.347644
    40  0.17908041    4.873026  112.374747       0.543254   4.222786  -0.839861
    41  0.15210637    4.139025   95.448265       0.718072   1.647837   0.234427
    42  0.15460774    4.207091   97.017904       0.764180   6.578792   0.422377
    43  0.05399600    1.469306   33.883027       0.925458   2.123623   3.085230
    44  0.16784082    4.567181  105.321790       0.816063   3.967784   0.706955
    45  0.04296586    1.169160   26.961504       1.024091  -3.450283   3.159811
    46  0.13516629    3.678062   84.818196       1.044019  -0.379273  -0.705796
    47  0.13732791    3.736882   86.174634       1.211590   0.663621   0.436172
    48  0.16138567    4.391527  101.271121       1.533660  -1.784982   0.548476
    49  0.12013861    3.269138   75.388181       1.739148  -0.787364   1.652386
    50  0.16750222    4.557967  105.109320       2.346324  -5.208094  -0.630275
    51  0.19813082    5.391414  124.329073       2.520512   1.562631  -1.038707
    52  0.19458595    5.294953  122.104632       2.428611   6.930322   0.193293
    53  0.14949678    4.068014   93.810727       2.876843  -1.605414  -0.796278
    54  0.15421643    4.196442   96.772350       2.840671   2.899843  -0.762569
    55  0.15204672    4.137402   95.410835       2.874916   5.407106  -0.248364
    56  0.17672573    4.808952  110.897165       3.307857  -2.763843   1.477065
    57  0.15004824    4.083020   94.156773       3.258003  -0.567956  -0.903997
    58  0.20275676    5.517292  127.231897       3.276446   1.202547  -1.431523
    59  0.17611642    4.792371  110.514814       3.339064  -3.007358  -2.746984
    60  0.16392224    4.460551  102.862842       3.541203  -0.675543   1.481220
    61  0.14694213    3.998499   92.207656       3.567759   0.134756   0.038878
    62  0.19854973    5.402813  124.591941       3.953731   4.224070  -0.760530
    63  0.16569115    4.508686  103.972856       4.126978  -2.391929   0.732858
    64  0.14864266    4.044772   93.274756       4.860754   1.144219  -1.953218
    65  0.18824321    5.122358  118.124496       5.214180  -3.381245   1.290883
    66  0.14948426    4.067674   93.802870       5.517714  -1.389622  -1.347794
    67  0.14780565    4.021996   92.749526       5.906626  -0.427662  -0.127533
    68  0.18920498    5.148529  118.728015       6.329302   1.561894  -2.860600
    69  0.13937840    3.792679   87.461340       6.480447  -2.928562   0.446069
    70  0.14117409    3.841542   88.588151       7.279434   0.402773  -2.207694
    71  0.13729346    3.735945   86.153021       8.055617  -1.667637  -1.096632
    72  0.18025781    4.905064  113.113579       8.173451  -2.918072   0.002749
    73  0.18373214    4.999606  115.293758       8.676419  -0.548581  -2.116332
