 Number of surface minima:    64
   #       a.u.         eV      kcal/mol           X/Y/Z coordinate(Angstrom)
     1  0.15464180    4.208017   97.039278      -7.171436  -0.786392   0.256611
     2  0.14842691    4.038902   93.139372      -6.806030  -0.676034  -1.897528
     3  0.14244958    3.876250   89.388536      -6.245358  -1.192246   0.651119
     4  0.16020819    4.359487  100.532243      -6.249016   1.581995   0.393514
     5  0.15246245    4.148714   95.671709      -6.118925   0.129383   0.660143
     6  0.15220247    4.141640   95.508573      -5.882600   1.450684  -1.779992
     7  0.13104158    3.565823   82.229902      -5.620912  -1.122073  -1.913303
     8  0.14146565    3.849476   88.771112      -5.621747   0.116417  -1.901445
     9  0.15001332    4.082070   94.134856      -5.192843   0.948235   0.846978
    10  0.13505821    3.675121   84.750375      -4.701838   0.907281  -1.779091
    11  0.16329284    4.443424  102.467887      -4.130409   2.113302   3.838384
    12  0.15225086    4.142957   95.538937      -3.732705   2.247211   2.646478
    13  0.15713062    4.275742   98.601034      -3.501963  -0.808836  -1.501085
    14  0.15535995    4.227559   97.489925      -3.512225   3.287962   3.285871
    15  0.17131231    4.661645  107.500190      -3.313543  -3.576500   0.980185
    16  0.15224252    4.142730   95.533706      -3.320769  -2.105440  -1.432106
    17  0.15838807    4.309959   99.390098      -3.127327   4.361159   4.075762
    18  0.14618592    3.977921   91.733127      -2.860461   4.228864   2.888684
    19  0.16634775    4.526553  104.384880      -2.812777  -2.647922   1.327830
    20  0.15785204    4.295373   99.053735      -2.572951  -0.146434  -1.363927
    21  0.15993496    4.352052  100.360786      -2.332165   1.186095   4.710780
    22  0.12772608    3.475603   80.149394      -2.122872  -2.742962  -1.270547
    23  0.14547706    3.958632   91.288307      -1.586097   1.072913   3.727300
    24  0.06033730    1.641862   37.862262      -1.356308  -5.895087   0.589870
    25  0.15142627    4.120518   95.021498      -1.365022   2.259220   4.358905
    26  0.15683964    4.267824   98.418441      -1.393118   3.407087   5.014443
    27  0.16943717    4.610620  106.323519      -1.118494   3.959135  -0.555307
    28  0.14322243    3.897281   89.873509      -0.664318   3.190590   3.982416
    29  0.18013968    4.901850  113.039451      -0.638157   4.814720  -0.077633
    30  0.17815127    4.847743  111.791706      -0.551855   0.928743   1.590204
    31  0.03045239    0.828652   19.109177      -0.320625   1.318390  -2.827727
    32  0.17724701    4.823136  111.224270      -0.396356   1.997490   2.270731
    33  0.05340075    1.453108   33.509505       0.077470   2.208752  -3.184172
    34  0.07703876    2.096331   48.342595       0.559478  -0.696447   1.252297
    35  0.00080597    0.021932    0.505753       0.670004  -2.782734  -3.281535
    36  0.05044482    1.372673   31.654628       0.760401  -2.198445   0.394865
    37  0.01977243    0.538035   12.407398       0.935734  -3.678524  -0.766973
    38  0.05848733    1.591521   36.701384       0.945630  -3.667038   1.356399
    39  0.16671322    4.536497  104.614211       0.959024   2.773627   0.634199
    40  0.18415417    5.011090  115.558584       0.985523   4.086340   1.034256
    41  0.07225234    1.966086   45.339068       1.342073   5.551807  -2.330820
    42  0.07298569    1.986042   45.799253       1.960876   1.310496  -1.172633
*   43 -0.00260061   -0.070766   -1.631908       2.146619  -3.116341  -2.320040
    44  0.05630718    1.532196   35.333321       2.235343   2.024406  -2.354860
    45  0.04869017    1.324927   30.553567       2.386187   1.630979  -2.748884
    46  0.07725757    2.102285   48.479900       2.637116  -1.955062   0.806767
    47  0.10007190    2.723095   62.796119       2.877110  -0.871711   3.496536
    48  0.01556047    0.423422    9.764351       3.009404  -0.997600  -3.244068
    49  0.11662552    3.173542   73.183682       3.009404   0.064982   2.713403
    50  0.07901377    2.150074   49.581933       3.560853  -1.551574   0.699965
    51  0.17108662    4.655504  107.358564       3.525921   1.838594   1.179621
    52  0.07621255    2.073849   47.824138       3.670876  -2.463601   1.507763
    53  0.10004692    2.722415   62.780445       3.803170  -1.005554   4.024165
    54  0.13200793    3.592118   82.836297       3.803170   0.943697  -0.749601
    55  0.05509004    1.499076   34.569552       4.073536  -0.388729  -1.595065
    56  0.11593029    3.154624   72.747415       3.942311   0.664537   2.655506
    57  0.03390968    0.922729   21.278661       4.303118   0.777728  -3.882321
    58  0.08514374    2.316879   53.428551       4.596563  -2.657899   2.107014
    59  0.09947067    2.706735   62.418840       4.848506  -0.291287   3.911582
    60  0.10084343    2.744089   63.280259       4.882659   0.436858   3.333804
    61  0.11680868    3.178526   73.298615       4.928826  -1.524783   4.695584
    62  0.10973792    2.986121   68.861644       5.679914  -2.874729   3.081050
    63  0.08881106    2.416672   55.729827       5.651600  -1.891961   1.964339
    64  0.08870165    2.413695   55.661175       5.787584  -1.141313   1.374815
 
 Number of surface maxima:    70
   #       a.u.         eV      kcal/mol           X/Y/Z coordinate(Angstrom)
     1  0.21847820    5.945094  137.097258      -8.029703  -0.548378  -0.963102
     2  0.18027693    4.905585  113.125576      -7.052102   0.666110  -0.799388
     3  0.17923153    4.877138  112.469575      -6.837014  -1.781019  -0.690985
     4  0.22475905    6.116005  141.038550      -6.648080   2.336193  -0.817860
     5  0.22645361    6.162116  142.101903      -6.214689  -3.300344  -0.627763
     6  0.21238935    5.779408  133.276439      -4.804873  -0.390743   0.412171
     7  0.20883855    5.682786  131.048278      -4.668916  -2.915963  -0.115795
     8  0.20197058    5.495899  126.738559      -4.666169  -0.402647  -1.197304
     9  0.23919806    6.508910  150.099176      -4.128234  -4.235743   0.001937
    10  0.22911438    6.234519  143.771567      -3.858896   1.358166   5.020569
    11  0.25132673    6.838948  157.710034      -3.457001   2.646000  -0.257622
    12  0.25355264    6.899518  159.106819      -3.206366  -0.400898   2.380376
    13  0.18575010    5.054517  116.560046      -3.074449   2.776341   4.895533
    14  0.24112075    6.561229  151.305683      -2.820032   0.937931   0.821752
    15  0.25197844    6.856682  158.118994      -2.720337  -1.341253   0.730627
    16  0.22990980    6.256164  144.270699      -2.662310   1.318390  -0.359006
    17  0.22420850    6.101024  140.693075      -2.568784   4.347894   5.395480
    18  0.23073394    6.278590  144.787854      -2.429700  -1.333416  -0.822008
    19  0.21774781    5.925219  136.638926      -2.516201   2.925992   2.251903
    20  0.23636231    6.431745  148.319712      -1.917788   0.200448   1.453220
    21  0.21329484    5.804048  133.844646      -1.859995  -3.949193  -0.519392
    22  0.21898895    5.958992  137.417754      -1.765233  -3.430845   1.474397
    23  0.18675785    5.081939  117.192416      -1.649566   4.699637   4.040701
*   24  0.25731740    7.001963  161.469244      -1.473329   2.642125   0.139769
    25  0.05936184    1.615318   37.250150      -1.487017  -2.384972  -3.441262
    26  0.21229813    5.776926  133.219200      -1.280316   2.215297   2.984449
    27  0.20759914    5.649060  130.270537      -0.896067  -2.224245   1.119695
    28  0.17759793    4.832686  111.444479      -0.761139  -0.666025  -1.126674
    29  0.23630237    6.430114  148.282099      -0.642493   5.604150   3.066059
    30  0.19680881    5.355440  123.499499      -0.492553  -2.580450  -0.328911
    31  0.20743322    5.644545  130.166420      -0.537723   2.654896  -1.712501
    32  0.07897221    2.148943   49.555853      -0.452645   3.297186  -3.717263
    33  0.22077670    6.007640  138.539589      -0.449301   4.580402   1.850103
    34  0.18043144    4.909789  113.222533      -0.296618  -4.762090   0.792143
    35  0.22373915    6.088252  140.398557      -0.365974   4.096570  -1.488824
    36  0.25015012    6.806931  156.971699      -0.221951   2.096892   0.897936
    37  0.04635318    1.261334   29.087081       0.363518  -4.661774  -1.395491
    38  0.09518990    2.590249   59.732611       0.295621  -3.115219   2.511574
    39  0.12798384    3.482617   80.311141       0.384243  -2.092001  -1.041872
    40  0.13954203    3.797132   87.564020       0.344781  -0.004553  -2.693195
    41  0.19019380    5.175437  119.348513       0.281734   0.524624  -0.216096
    42  0.25260495    6.873730  158.512131       0.349363   5.394019   0.918197
    43  0.21265160    5.786544  133.441008       0.825024   2.112155  -1.324961
    44  0.17259608    4.696578  108.305768       1.208297  -1.673366   1.743402
    45  0.14632498    3.981705   91.820391       1.208386   0.419682  -4.448921
    46  0.11986601    3.261720   75.217121       1.392898   0.989800  -1.457255
    47  0.23816119    6.480696  149.448530       1.302743   3.841289  -0.396690
    48  0.09875731    2.687323   61.971198       1.573106  -1.551131  -2.622000
    49  0.15427849    4.198131   96.811296       1.530317  -1.062908   0.074705
    50  0.19195349    5.223320  120.452736       1.503015   4.045418  -2.566761
    51  0.13430655    3.654667   84.278703       2.239428  -2.237401   2.791421
    52  0.14501312    3.946008   90.997181       2.459684  -0.708956   0.651500
    53  0.20180463    5.491383  126.634425       2.480227   1.430918   1.263757
    54  0.15188964    4.133127   95.312270       2.599809  -0.404535  -1.200456
    55  0.18017569    4.902830  113.062050       2.766625  -3.413501   3.846439
    56  0.07688032    2.092020   48.243167       2.910951   0.821555  -3.927075
    57  0.04949499    1.346827   31.058604       3.355443  -3.362755  -0.582039
    58  0.21143915    5.753552  132.680181       3.914409   2.336087   0.118564
    59  0.15184804    4.131995   95.286162       4.068436  -0.399932   2.909654
    60  0.13650736    3.714554   85.659732       4.332347  -2.782734   4.034662
    61  0.18177387    4.946318  114.064920       4.333035   1.318700   0.924299
    62  0.14226574    3.871248   89.273176       4.596936  -1.396487   1.781112
    63  0.11885277    3.234148   74.581304       4.760970  -1.268900   4.554585
    64  0.17915212    4.874977  112.419749       5.030597   2.424347  -1.701430
    65  0.18225968    4.959538  114.369774       5.789271  -2.779408   4.627549
    66  0.20175615    5.490064  126.603999       5.812398   1.603296   0.935916
    67  0.15544072    4.229757   97.540606       6.073715  -0.411614  -2.506249
    68  0.13755779    3.743138   86.318889       6.347573  -1.435596   3.716564
    69  0.14504762    3.946946   91.018831       6.326692   0.530784   2.121521
    70  0.18293807    4.977998  114.795470       7.417124  -0.239370   3.197196
