 Number of surface minima:    58
   #       a.u.         eV      kcal/mol           X/Y/Z coordinate(Angstrom)
     1  0.12379848    3.368728   77.684782      -7.153220   0.846016  -0.220574
     2  0.12093081    3.290695   75.885290      -6.744547   0.732303  -2.452363
     3  0.13489929    3.670796   84.650656      -6.640769   2.887781  -0.313410
     4  0.11509795    3.131974   72.225112      -6.243886   1.604851   0.090022
     5  0.13226779    3.599190   82.999361      -6.212837   2.721084  -2.448896
     6  0.11355082    3.089875   71.254275      -6.091586   0.592604   0.178866
     7  0.11148639    3.033699   69.958824      -5.729060   1.497637  -2.513523
     8  0.10876760    2.959717   68.252755      -5.582415   0.411427  -2.429003
     9  0.12325940    3.354059   77.346504      -5.293463   2.448409   0.184838
    10  0.11795558    3.209735   74.018308      -4.818286   2.286679  -2.404456
    11  0.12428924    3.382082   77.992741      -4.776848   0.187135   0.415293
    12  0.11914561    3.242117   74.765059      -4.358330   0.074316  -2.184611
    13  0.12667301    3.446948   79.488580      -4.391766   2.164097   0.357347
    14  0.13038510    3.547959   81.817952      -4.127177   0.894943   0.471932
    15  0.11818889    3.216083   74.164709      -3.875098   2.027653  -2.246700
    16  0.04041045    1.099624   25.357964      -3.737088  -2.998236   3.066778
    17  0.12374255    3.367206   77.649686      -3.594935   0.710381  -2.095955
    18  0.08504483    2.314187   53.366480      -3.144585  -0.689846   1.741086
    19  0.03644894    0.991826   22.872076      -2.819106  -3.527505   0.939742
    20  0.18595203    5.060012  116.686758      -2.229547   2.596000   1.099383
    21  0.11781883    3.206014   73.932497      -1.990585  -0.466657   0.973213
    22  0.17957493    4.886482  112.685064      -1.855814   1.791640   0.701541
    23  0.03993546    1.086699   25.059901      -1.509554  -1.944679   2.787381
    24  0.06948288    1.890725   43.601199      -1.440512  -0.481789   2.707925
    25  0.07876676    2.143353   49.426930      -1.072966  -0.182051  -1.173417
    26  0.17959078    4.886914  112.695008      -0.752344   3.157632   2.734621
*   27 -0.00614699   -0.167268   -3.857298      -0.500537  -4.715207  -0.982400
    28  0.14365468    3.909043   90.144747      -0.492537   4.608088  -1.238989
    29  0.17162817    4.670240  107.698396      -0.160267   2.427623   2.666363
    30  0.02461783    0.669885   15.447933      -0.121699  -1.238906   2.667146
    31  0.15688426    4.269038   98.446443       0.010537   5.751337  -1.676483
    32  0.01852156    0.503997   11.622461       0.205641  -1.959583  -2.119745
    33  0.17322366    4.713655  108.699578       0.350021   1.493810  -0.944891
    34  0.17595970    4.788107  110.416474       0.286060   3.244020   2.053200
    35  0.14864647    4.044876   93.277148       0.478804   4.407807  -1.976374
    36 -0.00318957   -0.086793   -2.001487       0.690986  -4.659639   0.076828
    37  0.03350228    0.911644   21.023018       1.070137  -3.222134  -2.075829
    38  0.13922095    3.788395   87.362535       1.059267   3.380990  -2.214044
    39  0.14197326    3.863289   89.089643       1.212204   5.228450   0.730341
    40  0.15616802    4.249548   97.996994       1.402068   6.199289  -0.044672
    41  0.15377773    4.184505   96.497065       1.627611   4.249633  -2.690788
    42  0.15072459    4.101425   94.581186       2.146599   4.998221  -0.055090
    43  0.15116295    4.113353   94.856263       2.895372  -0.489738   1.100496
    44  0.14514772    3.949670   91.081647       2.822279   3.987380  -0.305471
    45  0.15681448    4.267139   98.402653       3.073716   4.835327  -1.112388
    46  0.12546047    3.413953   78.727700       3.293023  -2.477411  -0.349487
    47  0.15581027    4.239813   97.772503       3.513205  -1.010967  -2.557202
    48  0.15024692    4.088427   94.281447       3.948553  -0.884001   0.827538
    49  0.16029493    4.361847  100.586672       4.313007  -1.555566  -2.678908
    50  0.16092035    4.378866  100.979131       4.309692  -0.349495  -2.018359
    51  0.12525139    3.408264   78.596499       4.621215   0.610421   2.127903
    52  0.13980859    3.804385   87.731286       4.738949   2.427225   0.158230
    53  0.13258488    3.607818   83.198340       5.668162   0.307912   1.884507
    54  0.15109460    4.111493   94.813372       5.584633   2.879894   0.869352
    55  0.14288915    3.888211   89.664369       5.827025   1.899508  -0.179959
    56  0.12087139    3.289078   75.848005       6.131480  -0.674383   1.151610
    57  0.13039733    3.548292   81.825628       6.205505   1.004457  -0.914787
    58  0.14562731    3.962721   91.382594       7.117839   1.370331  -0.289823
 
 Number of surface maxima:    64
   #       a.u.         eV      kcal/mol           X/Y/Z coordinate(Angstrom)
     1  0.19380525    5.273709  121.614733      -8.023703   0.694994  -1.470220
     2  0.15393547    4.188797   96.596049      -7.163203   2.035593  -1.431941
     3  0.20168940    5.488248  126.562117      -6.900544   3.764303  -1.436318
     4  0.15430862    4.198951   96.830203      -6.629588  -0.474185  -1.161694
     5  0.20314603    5.527885  127.476168      -5.860229  -1.828495  -0.911296
     6  0.18258410    4.968366  114.573349      -5.591356  -2.075009   1.339272
     7  0.16416010    4.467024  103.012107      -5.349666   3.702731  -1.181768
     8  0.17161223    4.669806  107.688393      -4.920943   1.257094  -0.197878
     9  0.16715261    4.548454  104.889935      -4.627528   1.260865  -1.791164
    10  0.18354945    4.994635  115.179116      -4.457771  -1.341560  -0.640212
    11  0.17814246    4.847503  111.786176      -4.156852  -0.407313   3.667682
    12  0.19253530    5.239152  120.817827      -4.052563  -2.391590  -0.668653
    13  0.22037883    5.996813  138.289917      -3.671585   4.339515  -1.008012
    14  0.18408179    5.009120  115.513163      -2.804234  -0.947570  -1.767464
    15  0.07996935    2.176077   50.181568      -2.641492  -3.392264   2.723059
    16  0.17637543    4.799420  110.677349      -2.748378   0.468682   0.077116
    17  0.10933539    2.975167   68.609051      -2.552234   0.318752   3.197605
    18  0.17315165    4.711696  108.654390      -2.470703   0.380919  -1.100446
*   19  0.26241412    7.140651  164.667483      -2.275057   3.673365   2.191999
    20  0.16180364    4.402901  101.533403      -2.226392  -2.152950  -0.086729
    21  0.21481080    5.845299  134.795922      -2.045788   2.022911   2.112476
    22  0.04247037    1.155678   26.650582      -1.946121  -4.253977  -2.427985
    23  0.23334512    6.349644  146.426399      -1.664916   2.021007  -0.539092
    24  0.15261158    4.152772   95.765295      -1.481291  -1.092646   1.130229
    25  0.23958556    6.519455  150.342337      -1.458457   5.598862   0.961686
    26  0.13758427    3.743858   86.335506      -1.217292  -4.316701   2.535675
    27  0.20841075    5.671145  130.779828      -1.331744   0.185382   1.215858
    28  0.22418830    6.100474  140.680399      -1.201732   4.044143   1.235073
    29  0.14531090    3.954111   91.184044      -0.978953  -1.540144  -1.229042
    30  0.10740221    2.922563   67.395963      -0.685292  -3.656649   0.552333
    31  0.18183765    4.948054  114.104943      -0.397560  -0.349495   0.072982
    32  0.25468286    6.930273  159.816038      -0.386668   1.649903   0.292653
    33  0.18682113    5.083661  117.232127      -0.290642   5.954229  -0.135482
    34  0.21722252    5.910925  136.309301      -0.182142   0.827505   2.743199
    35  0.12974568    3.530560   81.416712      -0.054807  -2.227087   1.739500
    36  0.21104271    5.742764  132.431414       0.365394   3.485258  -0.907023
    37  0.11439014    3.112714   71.780956       0.523559  -2.746135  -0.780255
    38  0.25991267    7.072583  163.097801       0.545213   1.938165   1.499763
    39  0.22277951    6.062139  139.796370       0.651004   6.925507  -1.166489
    40  0.16359925    4.451762  102.660163       1.083508  -1.513619   0.337056
    41  0.21375036    5.816443  134.130486       1.401590   3.873320   0.230340
    42  0.17032881    4.634883  106.883031       1.532303  -2.378346  -0.916021
    43  0.18186009    4.948665  114.119024       1.642321   5.684591  -1.750017
    44  0.20353357    5.538430  127.719349       1.980162  -1.259264  -2.461657
    45  0.22754321    6.191766  142.785639       1.923432   1.356097  -0.958550
    46  0.07082098    1.927137   44.440870       2.062560  -3.410109  -3.174584
    47  0.22412068    6.098634  140.637967       2.355709   1.111259   1.080520
    48  0.05226769    1.422276   32.798496       2.422343  -4.053736   1.183151
    49  0.23762303    6.466051  149.110826       2.444994   1.615015   0.015821
    50  0.24405139    6.640976  153.144690       2.670984   2.479837   1.792238
    51  0.22690569    6.174418  142.385589       2.985897  -1.143261  -0.047507
    52  0.24771773    6.740742  155.445351       2.957315  -0.276601  -1.361084
    53  0.22339157    6.078794  140.180444       2.933057   4.990914  -2.624626
    54  0.24414364    6.643486  153.202577       3.166565   1.886191  -1.839731
    55  0.18748114    5.101621  117.646288       3.545892  -2.402450  -2.428578
    56  0.19186522    5.220918  120.397347       4.749991   0.037374   0.970441
    57  0.20379347    5.545502  127.882441       4.868835   0.973448  -0.291083
    58  0.23559558    6.410882  147.838582       5.265718  -2.660677  -2.118527
    59  0.20022069    5.448282  125.640488       5.463428  -1.407849  -1.301683
    60  0.21743951    5.916830  136.445466       5.900371   2.897399   2.342094
    61  0.17214823    4.684392  108.024738       6.701933   1.761490   1.465089
    62  0.21776148    5.925591  136.647504       7.066969  -1.458719  -1.087964
    63  0.16999790    4.625878  106.675382       7.256383  -0.081904  -0.109995
    64  0.21070108    5.733468  132.217038       8.072900   0.994380   0.832301
