 Number of surface minima:    61
   #       a.u.         eV      kcal/mol           X/Y/Z coordinate(Angstrom)
     1  0.15103159    4.109779   94.773834      -6.677288  -3.336973  -1.891693
     2  0.13903059    3.783215   87.243087      -6.063917  -2.418160  -1.313936
     3  0.14069339    3.828462   88.286510      -5.939553  -3.604594  -0.631011
     4  0.12764425    3.473377   80.098044      -5.289234  -3.987467   0.296383
     5  0.16953406    4.613256  106.384318      -5.281823   1.562036   0.294740
     6  0.16300770    4.435665  102.288965      -5.154642   2.935932   1.141263
     7  0.14932287    4.063282   93.701593      -5.156076  -4.132907  -3.280235
     8  0.16955701    4.613881  106.398717      -4.724436   0.649590  -3.246199
     9  0.13951632    3.796432   87.547886      -4.493171  -4.395327   1.019260
    10  0.15333626    4.172492   96.220038      -4.334336   1.425622   1.927792
    11  0.14074397    3.829838   88.318246      -4.252601  -5.571755  -1.545474
    12  0.17315673    4.711834  108.657580      -4.228582   1.879175  -2.322362
    13  0.13819547    3.760490   86.719037      -4.106438  -4.380642  -2.328244
    14  0.13572689    3.693316   85.169980      -4.096288  -3.223218  -2.929037
    15  0.19182341    5.219781  120.371110      -3.818802  -0.155590   0.155536
    16  0.12528237    3.409107   78.615941      -3.385892  -4.743286  -1.378478
    17  0.13297302    3.618380   83.441898      -3.056437   5.656749  -0.644987
    18  0.14510787    3.948586   91.056642      -3.065281   6.849689  -0.306442
    19  0.13758080    3.743764   86.333327      -2.916277  -5.031033  -0.354826
    20  0.16209121    4.410726  101.713857      -2.842597   0.959487  -3.279521
    21  0.19015554    5.174395  119.324502      -2.389891   2.211736  -1.185335
    22  0.14027159    3.816984   88.021823      -2.408774   6.649864   1.812426
    23  0.12384909    3.370105   77.716541      -2.131207   5.384743   1.844906
    24  0.13508619    3.675882   84.767933      -1.984367   6.336337  -0.899633
    25  0.16343733    4.447356  102.558556      -1.652725  -0.558792  -1.427401
    26  0.13996421    3.808620   87.828940      -1.608039   1.412613   1.293898
    27  0.12756045    3.471096   80.045460      -1.206941   6.045440   1.577369
    28  0.14585536    3.968926   91.525697      -0.893823   3.699186   1.257346
*   29 -0.02008936   -0.546659  -12.606276      -0.885586  -4.771527   3.365934
    30  0.01406396    0.382700    8.825279      -0.778564  -1.216069   2.681510
    31  0.12399452    3.374062   77.807800      -0.809823   5.912814  -1.331530
    32  0.13823622    3.761599   86.744613      -0.781904   6.988378  -1.014068
    33  0.11508827    3.131711   72.219040      -0.110408   5.668960   1.222726
    34  0.00018064    0.004915    0.113354       0.429385  -2.791793   3.077857
    35  0.04226791    1.150168   26.523533       0.770670  -3.204678   0.640882
    36  0.03853171    1.048501   24.179034       1.324691   0.505787  -1.415590
    37  0.04950896    1.347207   31.067368       1.492403  -4.252306  -1.684343
    38 -0.00899801   -0.244848   -5.646341       1.578159  -0.964136   3.721802
    39 -0.00031853   -0.008668   -0.199883       1.510723   0.367268   3.385844
    40  0.05880042    1.600041   36.897851       1.672178  -1.669631  -1.479885
    41  0.05322479    1.448320   33.399088       2.542866  -3.316391   0.591250
    42  0.03293846    0.896301   20.669215       2.518428   0.696818  -0.633635
    43  0.11918843    3.243282   74.791929       3.286100  -2.327121   0.546230
    44  0.10535877    2.866958   66.113682       3.507973   0.563047  -0.898224
    45  0.00859298    0.233827    5.392181       3.763226   3.331892  -1.559696
    46  0.10324062    2.809320   64.784522       4.075371   0.090679  -2.411821
    47  0.08947514    2.434742   56.146545       4.603456   1.626362  -0.962072
    48  0.09817218    2.671401   61.604022       4.670870  -1.068300  -1.791094
    49  0.10178407    2.769686   63.870525       5.156474  -1.882804  -1.165384
    50  0.08595195    2.338872   53.935710       5.273803  -0.476969  -2.668521
    51  0.08876841    2.415511   55.703064       5.272947   0.750607   0.008315
    52  0.09247916    2.516486   58.031600       5.835805  -0.014145   0.565333
    53  0.07845691    2.134921   49.232497       5.942453   1.417038  -0.911298
    54  0.08971104    2.441162   56.294575       6.255362  -0.673258  -2.851829
    55  0.09032888    2.457974   56.682272       6.418596  -2.214985  -1.363768
    56  0.08947038    2.434613   56.143558       6.853034  -1.636950  -2.114202
    57  0.08489623    2.310144   53.273235       6.932695   1.077295  -0.981963
    58  0.08458333    2.301629   53.076884       7.113755  -0.303296   0.364625
    59  0.10855812    2.954017   68.121307       7.703153  -0.806454  -2.980714
    60  0.08520666    2.318591   53.468029       7.602719   0.159787  -0.311939
    61  0.10607534    2.886457   66.563337       8.355198   0.637474  -1.424172
 
 Number of surface maxima:    77
   #       a.u.         eV      kcal/mol           X/Y/Z coordinate(Angstrom)
     1  0.21723459    5.911254  136.316876      -6.613609  -3.999992  -3.281445
     2  0.17243799    4.692276  108.206566      -5.843656  -4.796964  -2.106211
     3  0.18407471    5.008928  115.508721      -5.769083  -2.519376  -3.100197
     4  0.20936793    5.697191  131.380472      -5.566169  -6.116720  -1.040313
     5  0.23668205    6.440446  148.520353      -5.551525   0.942062  -1.910962
     6  0.24158396    6.573834  151.596350      -5.404341  -0.967434  -3.385921
     7  0.17434585    4.744192  109.403764      -5.335778   1.944476   0.919766
     8  0.23247895    6.326074  145.882866      -5.184481   3.008364  -0.523948
     9  0.20286896    5.520345  127.302301      -4.848841  -2.785985  -0.633635
    10  0.21762570    5.921897  136.562306      -4.659082  -0.566791  -1.844942
    11  0.23368563    6.358909  146.640072      -4.626203   4.478321   1.097420
    12  0.23295436    6.339011  146.181191      -4.532003   0.298068   0.737132
    13  0.16720597    4.549906  104.923419      -4.384046  -5.369033  -0.104458
    14  0.21697916    5.904303  136.156595      -4.373760   2.989481   2.350708
    15  0.20850869    5.673810  130.841289      -4.317831   0.145724  -0.633635
    16  0.18026246    4.905191  113.116493      -4.171503   1.425622  -3.090148
    17  0.21192122    5.766670  132.982682      -3.831699  -1.055634  -2.554379
    18  0.20069601    5.461216  125.938751      -3.699405  -3.257295  -1.612312
    19  0.22758796    6.192983  142.813718      -3.682318  -0.282100  -3.917652
    20  0.21009834    5.717067  131.838810      -3.656910   3.559608   0.183415
    21  0.20144743    5.481663  126.410277      -3.322056  -5.321387   1.039160
*   22  0.25222918    6.863505  158.276330      -3.305211  -1.198318   0.307271
    23  0.20255468    5.511793  127.105089      -3.291711   3.417610   1.232178
    24  0.21067894    5.732866  132.203142      -3.302522   7.571374   1.055628
    25  0.20395855    5.549994  127.986029      -3.170227  -3.469267   1.154950
    26  0.23399066    6.367210  146.831481      -3.258612   1.028739  -0.613414
    27  0.21038450    5.724853  132.018379      -3.037933   0.764151   0.740449
    28  0.23561469    6.411402  147.850576      -2.713957   2.146482  -2.191351
    29  0.20242656    5.508307  127.024691      -2.376462  -3.804431   0.486438
    30  0.18655536    5.076430  117.065357      -2.216456  -1.696066   1.933332
    31  0.21568826    5.869176  135.346538      -2.244167   0.764151  -1.499622
    32  0.24555089    6.681780  154.085641      -2.189032  -1.562011  -0.710794
    33  0.16632053    4.525812  104.367796      -1.814516   7.422612   0.451699
    34  0.19581311    5.328346  122.874683      -1.737573   4.984709  -0.551466
    35  0.24754967    6.736169  155.339892      -1.403340   2.639656  -0.851162
    36  0.18820842    5.121412  118.102666      -1.312633   4.866331   0.955603
    37  0.22709632    6.179605  142.505214      -0.989950   2.483977   0.620581
    38  0.18365309    4.997455  115.244148      -0.881283  -2.146324   0.841723
    39  0.20586183    5.601785  129.180356      -0.881910  -1.984267  -1.407320
    40  0.18671444    5.080758  117.165178      -0.491630  -0.927133  -0.057029
    41  0.20487660    5.574976  128.562117      -0.283415   7.996524   0.015427
    42  0.16691648    4.542028  104.741758      -0.258352   0.635042   0.824364
    43  0.12156176    3.307864   76.281221       0.297216  -0.519865   2.328195
    44  0.19411526    5.282145  121.809266       0.388788   1.945367  -1.566971
    45  0.16308413    4.437745  102.336925       0.421799   6.460055  -0.349716
    46  0.20478391    5.572454  128.503950       0.646668   4.029577  -1.030518
    47  0.19837757    5.398128  124.483908       0.905532   4.007324  -0.168643
    48  0.16749640    4.557809  105.105666       0.979995   1.690211   0.044307
    49  0.06339936    1.725184   39.783732       1.222973   2.521419   2.693738
    50  0.13657616    3.716426   85.702907       1.442453  -0.432116  -0.658755
    51  0.09473004    2.577736   59.444049       1.542391  -4.180715   0.160130
    52  0.13365177    3.636850   83.867822       1.567919   0.707944   0.278946
    53  0.20128235    5.477171  126.306687       1.552263   5.519359  -0.795256
    54  0.16245830    4.420715  101.944210       2.121545  -1.708062   0.708361
    55  0.03828283    1.041729   24.022859       2.193639  -2.867996   3.539582
    56  0.12213406    3.323437   76.640345       2.320827  -0.395154   1.682356
    57  0.16110919    4.384004  101.097625       2.632410  -5.490224   0.160130
    58  0.11096850    3.019606   69.633843       2.691326  -2.634897  -1.519091
    59  0.15793424    4.297609   99.105318       3.413954  -1.768095  -0.526162
    60  0.15692632    4.270182   98.472836       3.439132   1.174046  -1.959831
    61  0.17454825    4.749700  109.530774       3.973665  -3.499816  -2.006994
    62  0.13148030    3.577761   82.505200       3.973665   0.433182  -0.136354
    63  0.17265061    4.698062  108.339981       4.093755  -2.267015   1.613053
    64  0.15763589    4.289491   98.918095       4.083145  -0.168579   1.311277
    65  0.16090523    4.378454  100.969640       4.805681  -1.966682   0.590388
    66  0.12305431    3.348478   77.217809       5.021982   1.303964  -2.494004
    67  0.18375212    5.000149  115.306292       5.982142  -2.757069   1.218485
    68  0.14140656    3.847868   88.734029       5.888303  -0.955675  -1.629472
    69  0.17293816    4.705887  108.520426       6.246392   1.871355  -3.411816
    70  0.13749777    3.741505   86.281227       6.322954   0.097763  -0.516360
    71  0.13429468    3.654344   84.271252       7.199614  -2.278618   0.211016
    72  0.11001104    2.993553   69.033026       7.387720  -0.875164  -2.934422
    73  0.13065842    3.555396   81.989466       7.405371   0.741619  -2.862600
    74  0.10707861    2.913757   67.192897       8.075825   0.764463  -1.294909
    75  0.13124113    3.571253   82.355121       8.522053  -0.955675  -1.532871
    76  0.17555546    4.777107  110.162809       8.834137  -2.158958  -0.387866
    77  0.17717600    4.821204  111.179709       8.895869   0.112420  -2.734388
