 Number of surface minima:    64
   #       a.u.         eV      kcal/mol           X/Y/Z coordinate(Angstrom)
     1  0.13631805    3.709403   85.540939      -7.431736  -0.431042  -0.521718
     2  0.12783845    3.478661   80.219903      -6.645826  -0.369542   1.587135
     3  0.12573998    3.421559   78.903092      -6.523232  -0.903550  -1.068452
     4  0.10935466    2.975692   68.621144      -5.604121  -1.038658   1.438191
     5  0.11444325    3.114159   71.814286      -5.450131   0.195569   1.327593
     6  0.12957882    3.526019   81.312005      -5.363331   0.543681  -1.486863
     7  0.04949946    1.346949   31.061408      -4.608731   3.934823  -1.923214
     8  0.17583139    4.784616  110.335958      -4.400022  -3.548241  -1.723422
     9  0.10123775    2.754819   63.527700      -4.352698   1.044961   0.950183
    10  0.16199739    4.408173  101.654980      -3.516972  -2.771833  -2.174893
    11  0.12323678    3.353443   77.332314      -3.416146  -0.937231   0.835854
    12  0.13309714    3.621757   83.519789      -2.502721  -3.045606   0.268425
    13  0.01954012    0.531714   12.261620      -2.558473   2.510755   1.176482
    14  0.02173053    0.591318   13.636124      -2.499090   2.628966   0.815716
    15  0.06226306    1.694264   39.070694      -2.557485   2.691332  -2.839642
    16  0.00387924    0.105559    2.434261      -2.350942  -0.152756   3.464070
    17  0.04291562    1.167793   26.929978      -1.785963   1.633339  -0.024982
*   18  0.00165951    0.045158    1.041362      -1.796617   1.597720   3.535790
    19  0.06439561    1.752294   40.408887      -1.717042   1.972985  -1.802856
    20  0.16477096    4.483646  103.395427      -0.111239  -0.297181  -2.317353
    21  0.02472282    0.672742   15.513816       0.096773  -2.459775   1.393776
    22  0.08653265    2.354673   54.300101       0.153828   1.050805  -0.731405
    23  0.15977107    4.347592  100.257943       0.400402  -0.191461  -2.985459
    24  0.02099378    0.571270   13.173808       0.314646   1.178095   3.769303
    25  0.16628176    4.524757  104.343466       0.814602  -2.810286  -3.243072
    26  0.04660513    1.268190   29.245188       0.919241  -3.177900   1.658364
    27  0.07962074    2.166590   49.962809       1.299917   2.378460   2.820449
    28  0.18386773    5.003295  115.378840       1.509642  -2.369801  -4.282942
    29  0.17396964    4.733955  109.167692       1.774954  -0.115485  -2.695392
    30  0.08993057    2.447135   56.432334       1.801074   0.261752   0.486209
    31  0.17434936    4.744287  109.405969       2.134310  -2.683275  -2.979146
    32  0.04894114    1.331756   30.711055       2.156827  -0.850787   2.426648
    33  0.04960479    1.349815   31.127501       2.156827  -0.466295   2.517850
    34  0.18125919    4.932313  113.741956       2.035216  -0.269469  -1.387690
    35  0.11954675    3.253033   75.016783       2.088615   3.765485  -1.188028
    36  0.12444112    3.386215   78.088050       2.218706   2.775343  -1.587115
    37  0.10189692    2.772756   63.941334       2.580670   1.604956   1.825262
    38  0.03943357    1.073042   24.744960       2.660757   0.923223   4.378061
    39  0.04808759    1.308530   30.175441       2.688306  -2.374461   3.391044
    40  0.10778320    2.932930   67.635033       2.817679   4.761135  -1.384669
    41  0.17462775    4.751863  109.580661       2.932406  -0.030393  -2.582041
    42  0.11954701    3.253040   75.016945       3.238353   2.666545  -2.305120
    43  0.11934410    3.247518   74.889619       3.375101   3.059261   1.005386
    44  0.12429456    3.382227   77.996077       3.579112   2.109686   0.576553
    45  0.13886862    3.778807   87.141446       3.724030  -0.696524   0.322105
    46  0.11035447    3.002898   69.248531       3.668328   4.627464  -1.989612
    47  0.11965435    3.255960   75.084298       3.665867   5.607326  -1.462896
    48  0.14124720    3.843532   88.634029       3.907960  -3.116742  -0.794069
    49  0.11781571    3.205929   73.930536       3.852196   3.431311  -2.464055
    50  0.05099094    1.387534   31.997323       4.165812  -4.103960   2.504042
    51  0.15908214    4.328845   99.825631       4.174092   0.041180  -2.151797
    52  0.14325109    3.898060   89.891494       4.440540  -2.602972  -2.549036
    53  0.10866674    2.956972   68.189464       4.297939   4.120948   0.737568
    54  0.14785224    4.023264   92.778759       4.652924  -2.783851  -1.666503
    55  0.15484812    4.213632   97.168742       4.630141  -0.333110  -0.736321
    56  0.11862231    3.227877   74.436684       4.693993   1.997487  -0.186865
    57  0.11966691    3.256302   75.092185       4.798549   5.021142   0.466021
    58  0.15425548    4.197505   96.796854       4.914913  -1.072774   0.584417
    59  0.13086672    3.561065   82.120177       4.871391   4.563847  -2.506375
    60  0.11013041    2.996801   69.107931       5.127514   3.965992   0.131045
    61  0.11720829    3.189400   73.549376       5.305127   2.765306  -0.366151
    62  0.15574606    4.238066   97.732208       5.596479  -2.315036  -2.373661
    63  0.16767693    4.562721  105.218951       5.558757  -0.272571  -1.536490
    64  0.13040290    3.548443   81.829126       6.068727   3.937963  -0.779862
 
 Number of surface maxima:    72
   #       a.u.         eV      kcal/mol           X/Y/Z coordinate(Angstrom)
     1  0.20425376    5.558027  128.171277      -8.039719  -0.262673   0.874489
     2  0.16768040    4.562816  105.221128      -7.036032  -1.654921   0.467716
     3  0.16237538    4.418459  101.892173      -6.971480   0.863346   0.407838
     4  0.22306764    6.069979  139.977175      -6.598710  -3.239418   0.203127
     5  0.20016150    5.446671  125.603344      -6.638547   2.314510   0.006883
     6  0.14178894    3.858273   88.973975      -6.246031   0.790929  -1.188133
     7  0.07378527    2.007799   46.300996      -5.762639   3.182385  -2.035143
     8  0.20267850    5.515163  127.182788      -5.123461  -3.046711  -0.305801
     9  0.19125519    5.204318  120.014546      -5.102826  -0.521262  -0.966847
    10  0.24101287    6.558294  151.237988      -4.629430  -4.505607  -0.617243
    11  0.18341212    4.990898  115.092942      -4.606883  -0.405558   0.575635
    12  0.19931122    5.423534  125.069786      -4.573900   2.379174  -0.175258
    13  0.19373949    5.271920  121.573468      -4.311032   1.348864  -2.032857
    14  0.16845754    4.583963  105.708792      -3.331688   3.107777  -1.781287
    15  0.20085985    5.465674  126.041563      -3.160550  -4.110499  -1.278421
    16  0.06405378    1.742992   40.194391      -3.070909  -2.055510   2.584425
    17  0.24322573    6.618509  152.626579      -3.096579  -1.421107  -1.504174
    18  0.20866837    5.678155  130.941488      -2.768403  -1.867289   0.020031
    19  0.15613361    4.248612   97.975404      -2.764641   0.242702   0.449483
    20  0.20878127    5.681227  131.012333      -2.798849   0.730142  -0.987522
    21  0.05416182    1.473818   33.987083      -2.537681   3.769490   0.271213
    22  0.09861430    2.683432   61.881461      -2.215631   1.145164  -2.861916
    23  0.05152849    1.402162   32.334645      -1.958389   3.388443   2.561051
    24  0.25279913    6.879014  158.633981      -1.547413  -4.424684  -1.804386
*   25  0.25860111    7.036894  162.274783      -1.371780  -1.701611  -4.119246
    26  0.23551985    6.408821  147.791060      -1.185307  -2.525724  -2.238019
    27  0.23561437    6.411393  147.850375      -1.218819  -2.359241  -2.378753
    28  0.18141965    4.936680  113.842647      -1.154906  -1.068938   0.343962
    29  0.09766960    2.657725   61.288651      -0.900820   0.368683   2.932355
    30  0.15713223    4.275785   98.602046      -0.621353   1.534945   0.467716
    31  0.13853400    3.769702   86.931468      -0.074770  -1.162884   2.043552
    32  0.18399955    5.006882  115.461558       0.172413  -0.135131  -0.111578
    33  0.21143981    5.753570  132.680595       0.292865  -1.463713  -4.316489
    34  0.14531903    3.954332   91.189143       0.578506  -1.431042   3.924320
    35  0.16919851    4.604126  106.173758       0.539249   1.518972   1.724936
    36  0.18620157    5.066802  116.843347       0.618856   2.804282  -0.408784
    37  0.18731775    5.097175  117.543758       0.686991   3.772426   1.366921
    38  0.23881979    6.498617  149.861809       0.982763  -0.760221  -1.781287
    39  0.25024343    6.809470  157.030255       1.123381  -2.349555  -1.894494
    40  0.12895074    3.508928   80.917881       1.169716  -0.063888   1.099279
    41  0.17849690    4.857148  112.008587       1.563644   3.769692   0.800593
    42  0.21030061    5.722571  131.965737       1.714569  -2.297216   0.335421
    43  0.17894502    4.869342  112.289791       1.786685  -0.741660  -0.006518
    44  0.25512614    6.942335  160.094206       1.776098  -1.051693  -5.092272
    45  0.08062214    2.193840   50.591200       1.890828   0.013127   4.032577
    46  0.16985215    4.621912  106.583925       1.815184   1.639934  -0.799988
    47  0.19870754    5.407107  124.690967       1.822390   5.219086   1.059338
    48  0.16948544    4.611933  106.353808       2.405026   1.288334   0.070833
    49  0.16561337    4.506569  103.924047       2.385377   3.514631   4.162408
    50  0.22195001    6.039567  139.275850       2.686005  -1.053569  -3.903603
    51  0.16887101    4.595214  105.968246       2.837318  -3.402109   2.319836
    52  0.06567726    1.787169   41.213137       2.793906  -1.212031   3.214431
    53  0.22431299    6.103867  140.758642       2.993518   0.053944  -1.225160
    54  0.19878102    5.409107  124.737081       3.204469  -3.595200   0.274947
    55  0.15094815    4.107508   94.721473       3.245168   5.480148   0.262046
    56  0.16635998    4.526885  104.392548       3.286411   3.436815  -1.445469
    57  0.20723773    5.639225  130.043749       3.355985  -2.360010  -1.637354
    58  0.22119411    6.018998  138.801516       3.361580  -0.796785  -1.253390
    59  0.24538351    6.677225  153.980606       3.978371  -0.941753  -4.606770
    60  0.21369037    5.814811  134.092841       4.061771  -1.934428   1.182011
    61  0.17452138    4.748968  109.513912       4.106198   1.004233  -1.790150
    62  0.16660778    4.533628  104.548050       4.081964   3.009887  -0.120740
    63  0.18158723    4.941240  113.947803       4.345398   1.716989   2.452130
    64  0.19123432    5.203750  120.001448       4.498654   6.411937  -0.410294
    65  0.19484812    5.302087  122.269147       5.049728  -0.941348  -3.229183
    66  0.15119731    4.114288   94.877822       5.307034   5.092562  -1.265060
    67  0.22150453    6.027445  138.996309       5.464264   1.171800  -2.577519
    68  0.16264705    4.425851  102.062653       5.657233   2.836097  -2.249711
    69  0.18552901    5.048501  116.421311       5.820484  -1.467534  -0.879379
    70  0.21713685    5.908594  136.255543       5.927257  -2.053357   0.533905
    71  0.19948580    5.428285  125.179336       6.390245   4.362875  -2.251318
    72  0.23057269    6.274202  144.686668       6.480200  -1.069643  -2.474060
