 Number of surface minima:    72
   #       a.u.         eV      kcal/mol           X/Y/Z coordinate(Angstrom)
     1  0.07592245    2.065955   47.642096      -8.257931  -0.541015  -1.500519
     2  0.07848537    2.135696   49.250356      -8.101748  -2.257572   0.533356
     3  0.07262013    1.976094   45.569857      -8.121144   0.401335  -0.717469
     4  0.07532165    2.049606   47.265088      -7.987199  -1.339968   1.290554
     5  0.08709232    2.369903   54.651301      -7.361001  -2.654455   0.156512
     6  0.08168746    2.222829   51.259701      -7.308434  -1.066923  -1.983285
     7  0.07402200    2.014241   46.449545      -7.046490   0.704897  -0.529909
     8  0.07668495    2.086704   48.120574      -6.918375  -0.934629   1.576125
     9  0.09191230    2.501061   57.675886      -6.412951  -0.667804  -1.644818
    10  0.08506665    2.314781   53.380177      -6.260540   0.256020  -0.942592
    11  0.05951653    1.619527   37.347215      -5.747550   1.911320  -1.937747
    12  0.05946841    1.618218   37.317021      -5.610606   1.989235  -2.168796
    13  0.17978462    4.892188  112.816648      -4.367843  -3.423492  -1.318905
    14  0.16183795    4.403835  101.554930      -4.292312  -3.022675   0.796840
    15  0.16876919    4.592443  105.904353      -4.018461  -2.107779  -1.769769
    16  0.14762609    4.017110   92.636849      -3.932691  -1.741965   0.813703
    17  0.16536876    4.499913  103.770551      -3.916897  -1.075076  -1.940007
    18  0.05598650    1.523470   35.132089      -3.733920   3.226713  -0.714197
    19  0.05186316    1.411268   32.544653      -3.471835   1.867174   0.743904
    20  0.17405608    4.736307  109.221931      -3.119088  -2.925013  -1.667780
    21  0.15226692    4.143394   95.549013      -3.073191  -2.464805   0.930689
    22  0.15796461    4.298436   99.124373      -2.004057  -2.094426   0.924555
    23  0.00036454    0.009920    0.228750      -1.884992   1.191676   3.653992
    24  0.05651684    1.537901   35.464884      -1.845415   1.909151  -1.839246
    25  0.04017855    1.093314   25.212441      -1.370496   1.572117  -1.352359
    26  0.04891490    1.331042   30.694590      -1.355270   2.927285  -0.835056
    27  0.04633600    1.260867   29.076305      -0.772731   5.283204  -0.476841
*   28 -0.00399632   -0.108745   -2.507732      -0.588072   1.815063   3.994129
    29  0.03676755    1.000496   23.072004      -0.348784   3.955224   1.526446
    30  0.01941976    0.528439   12.186093       0.174047  -0.683666   2.806440
    31  0.19900910    5.415313  124.880198       0.345750  -3.298961  -0.059880
    32  0.20200680    5.496885  126.761286       0.356958  -2.092952  -2.573433
    33  0.18927583    5.150457  118.772473       0.451970  -1.106829  -1.507963
    34  0.07914895    2.153752   49.666755       0.567004   0.910799  -0.994532
    35  0.09370284    2.549784   58.799468       0.611805   3.175458  -1.237979
    36  0.03300069    0.897994   20.708260       1.131754  -0.486170   3.438502
    37  0.18585150    5.057277  116.623677       1.370121  -3.767593  -0.581903
    38  0.18772865    5.108356  117.801607       1.404755  -1.573150  -2.049322
    39  0.12613277    3.432247   79.149577       1.566617   0.926428   1.283083
    40  0.18340551    4.990718  115.088791       2.322403  -3.448220   0.012022
    41  0.19616339    5.337877  123.094491       2.454697  -4.048935  -1.375669
    42  0.17701160    4.816731  111.076547       2.436940  -2.954221   0.873334
    43  0.17916919    4.875442  112.430457       2.424909  -0.537746  -0.238758
    44  0.04882389    1.328566   30.637482       2.454697   0.902214   2.811411
    45  0.12607762    3.430746   79.114965       2.454697   2.821826  -2.037140
    46  0.18618329    5.066305  116.831876       2.578377  -1.333826  -1.504024
    47  0.19323713    5.258250  121.258232       2.755657  -2.221201  -2.434023
    48  0.11810477    3.213794   74.111926       2.984887   2.372656  -3.226539
    49  0.12474002    3.394349   78.275610       3.045655   3.563378  -1.446182
    50  0.11916242    3.242574   74.775610       4.042229   2.831628  -3.430361
    51  0.13083876    3.560304   82.102631       4.306817   0.443587  -1.904846
    52  0.14218911    3.869162   89.225089       4.242206   1.711257   0.014957
    53  0.06638197    1.806345   41.655353       4.337727  -1.973379   3.395541
    54  0.11575269    3.149791   72.635969       4.307601   4.091844  -1.771599
    55  0.11573003    3.149174   72.621752       4.702673   3.700101  -2.699076
    56  0.10756746    2.927059   67.499656       4.953248  -2.926456   0.714150
    57  0.14107520    3.838851   88.526099       4.905900   2.769612   0.546357
    58  0.10394693    2.828540   65.227740       5.016917  -1.833084   0.921962
    59  0.12866212    3.501074   80.736767       5.124355   0.781356  -2.152229
    60  0.13469205    3.665157   84.520608       5.365172   3.095633  -3.756966
    61  0.12681360    3.450773   79.576799       5.415800   2.108140  -0.398980
    62  0.10937333    2.976200   68.632858       5.600117  -3.051337  -2.100904
    63  0.11061844    3.010081   69.414180       5.598703  -0.817025  -1.693167
    64  0.12843527    3.494902   80.594419       5.762055   1.656286  -1.375669
    65  0.09671121    2.631646   60.687250       5.917083  -3.560251   0.507304
    66  0.09495167    2.583766   59.583123       5.919664  -1.307968   0.907827
    67  0.14191281    3.861644   89.051707       6.347381   1.446669  -2.642462
    68  0.13516368    3.677991   84.816560       6.353107   2.637318  -0.784616
    69  0.10186693    2.771940   63.922517       6.580396  -2.632818  -2.136500
    70  0.10402293    2.830608   65.275427       6.542445  -1.470506  -1.927941
    71  0.09227007    2.510796   57.900390       6.827253  -3.050195   0.480927
    72  0.09139796    2.487065   57.353136       6.791167  -1.875242   0.692557
 
 Number of surface maxima:    75
   #       a.u.         eV      kcal/mol           X/Y/Z coordinate(Angstrom)
     1  0.16525800    4.496899  103.701047     -10.310000  -0.802334   0.147419
     2  0.12298843    3.346685   77.176471      -9.374450  -1.871816  -0.746622
     3  0.11828928    3.218815   74.227704      -9.054907   0.061560   0.718931
     4  0.17460636    4.751281  109.567234      -9.015311  -3.151372  -1.881865
     5  0.16309902    4.438150  102.346267      -8.261141   1.241322   1.726342
     6  0.13200616    3.592070   82.835186      -7.069718  -1.596764   0.345413
     7  0.12851353    3.497031   80.643527      -7.076235  -0.510561  -0.858692
     8  0.12134096    3.301855   76.142667      -6.655564   0.820954   1.305974
     9  0.08098979    2.203844   50.821906      -5.944000   0.817525  -2.498179
    10  0.20599557    5.605424  129.264277      -5.747550  -3.396808  -2.150425
    11  0.16378717    4.456875  102.778086      -5.108492   0.994373   1.347099
    12  0.19407289    5.280992  121.782677      -4.971803  -2.534893  -1.126095
    13  0.23972016    6.523117  150.426798      -4.786741  -4.097124  -0.162212
    14  0.21538504    5.860925  135.156265      -4.617024   0.625353  -0.449609
    15  0.18200289    4.952550  114.208631      -4.093502   2.240435  -1.838330
    16  0.21666712    5.895812  135.960784      -3.744390   0.161198  -2.264256
    17  0.07408622    2.015988   46.489841      -3.743391   2.927726   0.358525
    18  0.06540578    1.779782   41.042781      -3.724559   0.282553   2.486273
    19  0.21192416    5.766750  132.984527      -3.118091  -3.978419  -0.328371
    20  0.22649233    6.163170  142.126199      -2.869469  -1.398593   0.277075
    21  0.24819083    6.753616  155.742226      -2.729685  -1.605841  -1.284642
    22  0.15089578    4.106083   94.688609      -2.705470   3.566811   1.138857
    23  0.19294319    5.250251  121.073781      -2.674999   0.933791  -0.290273
    24  0.08779599    2.389050   55.092864      -2.179400   1.584694  -3.217150
    25  0.13579045    3.695046   85.209866      -1.961278   1.433969   0.586716
    26  0.08644467    2.352279   54.244897      -1.520611   4.381162   0.092539
    27  0.26956162    7.335145  169.152614      -1.496731  -4.477091  -0.169722
    28  0.17724887    4.823187  111.225435      -1.360935  -0.270409   0.738947
    29  0.11259182    3.063779   70.652491      -1.187117   2.302861   2.126409
    30  0.25525025    6.945713  160.172085      -0.829355  -3.002876  -0.930325
    31  0.12497004    3.400608   78.419950      -0.455778   0.388314   2.518042
*   32  0.27937416    7.602157  175.310077      -0.393447  -3.421599  -2.636281
    33  0.15567051    4.236010   97.684804      -0.213464   1.711257  -0.364780
    34  0.19387697    5.275661  121.659735       0.220105   0.009996   0.105380
    35  0.17946283    4.883432  112.614718       0.450589   4.482233  -2.729857
    36  0.16987001    4.622398  106.595133       0.770636   2.418880   1.025100
    37  0.15015661    4.085969   94.224774       1.067778   0.652903   1.470829
    38  0.22908109    6.233614  143.750676       1.279334  -3.293940  -2.426052
    39  0.25968922    7.066503  162.957582       1.264048  -2.654455   0.128977
    40  0.06918874    1.882721   43.416626       1.265004  -1.860187   3.916178
    41  0.25680256    6.987953  161.146177       1.403488  -1.327927  -0.715719
    42  0.04856613    1.321552   30.475735       1.490041   2.497930   4.027276
    43  0.22767830    6.195442  142.870410       1.638792   0.195661  -2.362088
    44  0.21739256    5.915552  136.416006       1.788839  -0.264154   1.538554
    45  0.17434729    4.744231  109.404670       1.677411   1.853559  -1.235438
    46  0.18160277    4.941663  113.957554       1.859105   5.613671  -0.081162
    47  0.22333567    6.077273  140.145367       2.344565  -2.358752   2.084241
    48  0.19936510    5.425000  125.103593       2.365958   3.465022   1.425588
    49  0.26023253    7.081287  163.298516       2.841393  -3.597994  -2.739320
    50  0.19338448    5.262259  121.350692       2.805370   1.446669   0.827125
    51  0.17563681    4.779321  110.213853       2.951604   0.462987  -3.105612
    52  0.18945019    5.155202  118.881892       3.122442   3.185272   0.485917
    53  0.21181515    5.763783  132.916124       3.249330  -3.448868  -0.846648
    54  0.18694742    5.087098  117.311378       3.354035  -0.813380   3.204756
    55  0.24043149    6.542474  150.873167       3.553853  -1.026122   1.005629
    56  0.17270840    4.699635  108.376250       3.777640   2.812126  -2.169435
    57  0.21906141    5.960964  137.463223       3.824097  -4.857001  -0.957080
    58  0.21321714    5.801933  133.795888       4.030190   0.364078  -4.483727
    59  0.20499501    5.578198  128.636416       4.106871   0.652903   0.079569
    60  0.20836263    5.669835  130.749632       4.274949   4.027606   0.940680
    61  0.18014571    4.902014  113.043236       4.444758   1.591053  -1.374979
    62  0.09148025    2.489304   57.404770       4.703699  -2.654449   2.328575
    63  0.16440959    4.473812  103.168662       5.232877   1.363456  -3.840179
    64  0.16144763    4.393214  101.310005       5.356435   3.826024  -0.321805
    65  0.15742415    4.283729   98.785231       5.510056  -1.982845  -1.359122
    66  0.14760768    4.016609   92.625297       5.743514  -2.395400   0.207848
    67  0.14522720    3.951833   91.131522       6.026643   1.267179  -2.331229
    68  0.16030803    4.362203  100.594891       6.387091   3.027588  -2.459928
    69  0.20509404    5.580893  128.698558       6.631587   2.211822  -3.889260
    70  0.20074254    5.462482  125.967952       6.783684   4.081642  -1.266595
    71  0.18812031    5.119014  118.047378       7.096052  -5.041688  -1.236952
    72  0.19406499    5.280777  121.777724       7.334272   0.623400  -0.324777
    73  0.14000234    3.809657   87.852866       7.735374  -3.435938  -1.102203
    74  0.14213467    3.867681   89.190927       7.817187  -0.959673  -0.727158
    75  0.18374600    4.999983  115.302451       8.903655  -2.266285  -1.000726
