 Number of surface minima:    75
   #       a.u.         eV      kcal/mol           X/Y/Z coordinate(Angstrom)
     1  0.13819499    3.760477   86.718740      -6.019044  -1.549497   3.853802
     2  0.12164006    3.309994   76.330356      -5.763059  -1.028923   2.885720
     3  0.13267766    3.610343   83.256556      -5.251823  -2.262576   2.867778
     4  0.13723982    3.734485   86.119361      -4.953246  -4.452528  -0.881618
     5  0.14887958    4.051219   93.423425      -4.854630   0.515838   1.015967
     6  0.14203443    3.864953   89.128025      -4.621360  -3.467647   2.958150
     7  0.13642661    3.712357   85.609063      -4.510412   1.419702   0.172112
     8  0.06642235    1.807444   41.680690      -4.545263   3.792771  -1.835972
     9  0.06263275    1.704324   39.302678      -4.565069   4.830489  -1.807679
    10  0.12763732    3.473188   80.093696      -4.460028  -2.779123   2.047376
    11  0.07346647    1.999124   46.100947      -4.402894   4.853896   0.024303
    12  0.06484685    1.764572   40.692046      -4.482026   5.406336  -0.735635
    13  0.12415166    3.378339   77.906410      -3.950900  -4.134790  -0.309806
    14  0.12834181    3.492358   80.535772      -3.695295  -5.042794  -0.854618
    15  0.11113906    3.024248   69.740869      -3.683612  -2.679552  -2.550408
    16  0.11891772    3.235916   74.622060      -3.700202  -0.291940   4.412126
    17  0.13403180    3.647191   84.106297      -3.529153  -6.203498  -1.759679
    18  0.11855087    3.225933   74.391858      -3.435960  -3.746972  -3.111897
    19  0.12969316    3.529130   81.383754      -3.254512  -1.430851   4.335912
    20  0.14081695    3.831824   88.364045      -2.917183  -2.789045   4.276966
    21  0.14128930    3.844677   88.660448      -2.847496   1.225168   2.533256
    22  0.11855869    3.226146   74.396766      -2.542500  -5.772679  -1.146207
    23  0.10842416    2.950371   68.037242      -2.358616  -4.267084  -3.342031
    24  0.12368335    3.365595   77.612540      -2.449803  -1.949085   3.616388
    25  0.14833663    4.036445   93.082718      -2.450147  -0.062439   2.626685
    26  0.13169308    3.583551   82.638727      -2.458134   1.920981   1.764268
    27  0.03572274    0.972065   22.416377      -1.879451   3.665278  -2.086588
    28  0.04189001    1.139885   26.286403      -1.908485   4.715869  -1.971412
    29  0.05656499    1.539212   35.495098      -1.756370   4.852791  -0.241419
    30  0.04938073    1.343718   30.986902      -1.833972   5.276277  -0.998625
    31  0.13175195    3.585153   82.675664      -1.712563  -1.608418  -1.687313
    32  0.14902347    4.055135   93.513720      -1.722627  -0.428786   1.897149
    33  0.01421193    0.386726    8.918127      -1.602521   0.756093  -2.353175
    34  0.13263781    3.609258   83.231552      -1.592288  -2.545982  -2.203044
    35  0.01367847    0.372210    8.583377      -1.459636   1.817924  -1.938359
    36  0.14113209    3.840399   88.561796      -1.317324   1.032268   0.840363
    37  0.15056931    4.097199   94.483750      -0.657036  -4.511757  -0.225902
    38  0.06100398    1.660003   38.280608      -0.169716   1.011512   1.891699
    39  0.04929435    1.341368   30.932698       0.104785  -0.039570   1.599386
    40  0.14449926    3.932025   90.674728       0.413885  -4.002495   0.222681
    41  0.15160085    4.125269   95.131048       0.656265  -4.720247  -0.352441
    42  0.10996733    2.992363   69.005598       0.655855  -2.410034  -1.933886
    43  0.04738244    1.289342   29.732958       0.714794   3.199927   3.145740
    44 -0.01393918   -0.379304   -8.746972       1.047961   1.155844  -3.393059
*   45 -0.02378567   -0.647241  -14.925744       0.925003   2.355154  -3.253602
    46  0.03052560    0.830644   19.155120       1.111053   3.199303   0.705913
    47  0.09112680    2.479686   57.182981       1.714619   0.824697   2.225748
    48  0.08358918    2.274577   52.453048       1.737021  -0.809723   0.455391
    49  0.09071161    2.468388   56.922442       2.640679  -1.279373  -1.013913
    50  0.00188020    0.051163    1.179846       2.535884   2.106080  -1.390288
    51  0.09068979    2.467795   56.908752       2.519288   2.087723   1.759986
    52  0.08632435    2.349005   54.169396       2.701623  -1.488903  -1.920683
    53  0.09428848    2.565720   59.166962       3.335387  -3.957402   1.262024
    54  0.09345302    2.542986   58.642706       3.675514   1.944688  -1.028219
    55  0.08883272    2.417261   55.743419       3.862696  -3.960134  -0.987845
    56  0.08611242    2.343238   54.036406       3.859150  -1.298759  -1.146207
    57  0.08901675    2.422269   55.858901       4.365254  -3.996096   0.974494
    58  0.09188870    2.500419   57.661080       4.360505   2.954723  -0.641608
    59  0.10135759    2.758080   63.602904       4.524978   2.013130   1.562060
    60  0.09145730    2.488680   57.390370       4.492800   2.540364   0.634057
    61  0.08469528    2.304676   53.147135       4.630076  -3.995823  -0.215987
    62  0.09124761    2.482974   57.258789       4.779811  -1.325950  -0.201117
    63  0.09711715    2.642692   60.941982       4.878553   1.150717  -1.683849
    64  0.10221860    2.781510   64.143193       5.041966  -0.273034   0.321489
    65  0.09568892    2.603828   60.045756       5.009183   0.300935  -0.641301
    66  0.08071089    2.196255   50.646892       5.582777   3.066966   0.234599
    67  0.09426357    2.565042   59.151335       5.713597   1.872715   2.347706
    68  0.08526485    2.320175   53.504545       6.110093   0.815400  -1.090907
    69  0.10024877    2.727908   62.907108       6.237973  -0.383162   1.017889
    70  0.09125201    2.483093   57.261546       6.477214   2.277308   1.958533
    71  0.08739357    2.378100   54.840339       6.495788   2.916096   0.864621
    72  0.09685032    2.635431   60.774547       7.006391   0.037876   0.645161
    73  0.09188148    2.500222   57.656547       6.992208   0.698474  -0.510703
    74  0.10925335    2.972935   68.557569       7.765736   2.687199   1.356205
    75  0.11242832    3.059330   70.549893       8.197040   0.815325   0.231961
 
 Number of surface maxima:    83
   #       a.u.         eV      kcal/mol           X/Y/Z coordinate(Angstrom)
     1  0.20472852    5.570946  128.469194      -5.857216  -4.010090  -1.958966
     2  0.20640260    5.616500  129.519694      -5.701322  -1.737812   5.361403
     3  0.21417533    5.828007  134.397164      -5.693862   1.330024   3.898051
     4  0.16528392    4.497604  103.717315      -5.538101  -0.306901   4.389496
     5  0.22341189    6.079347  140.193195      -4.982743   2.661867   2.210798
     6  0.19092199    5.195252  119.805460      -4.767802   1.351161   2.619917
     7  0.16669556    4.536017  104.603133      -4.618879  -2.650161   4.532860
     8  0.15974080    4.346768  100.238950      -4.602423  -5.047786  -2.457788
     9  0.22583471    6.145275  141.713538      -4.577645  -1.488903  -0.426873
    10  0.19209721    5.227231  120.542920      -4.433303  -1.286699   2.231060
    11  0.20042984    5.453973  125.771728      -3.929623  -6.348819  -3.237888
    12  0.21208614    5.771157  133.086172      -3.811723  -4.076102   4.145565
    13  0.11640298    3.167486   73.044036      -3.939147   4.224944  -0.858902
    14  0.22514153    6.126413  141.278562      -3.560582   0.110466   0.454674
    15  0.16925011    4.605530  106.206135      -3.455570   2.871650   1.358610
    16  0.10747583    2.924566   67.442160      -3.425385   3.024731  -3.103192
    17  0.14921984    4.060478   93.636943      -3.440546   4.335704  -4.183075
    18  0.10282021    2.797880   64.520708      -3.432233   5.542843  -3.002784
    19  0.16408282    4.464921  102.963609      -3.327468   1.420374  -2.606990
    20  0.15176870    4.129836   95.236375      -3.285977   7.162743  -2.336856
    21  0.18791112    5.113322  117.916108      -3.240664  -0.856349   3.159111
    22  0.10819959    2.944261   67.896326      -3.195338   6.689659  -0.754967
    23  0.17970244    4.889952  112.765078      -3.032276   1.434736  -0.991792
    24  0.16105029    4.382401  101.060667      -3.076764   6.920992   0.913562
    25  0.17605405    4.790674  110.475678      -2.981399  -3.473318   2.849234
    26  0.20432585    5.559989  128.216512      -2.926458  -1.356609  -0.623882
    27  0.18842414    5.127282  118.238034      -2.887728   3.959489   2.330803
    28  0.21597453    5.876966  135.526177      -2.826809  -2.024870   0.411902
    29  0.18670473    5.080494  117.159084      -2.652521  -4.254403  -0.894932
    30  0.17639595    4.799978  110.690223      -2.543153  -3.473318  -2.247808
    31  0.21542226    5.861938  135.179620      -2.413137   0.560942   1.432816
    32  0.15950325    4.340304  100.089885      -2.294675  -6.051827  -2.745393
    33  0.10408597    2.832323   65.314990      -2.328751   4.227661  -0.997811
*   34  0.23243760    6.324949  145.856921      -1.989621  -3.559385   1.545906
    35  0.20951722    5.701253  131.474148      -1.735194  -1.868903   1.227599
    36  0.16096670    4.380127  101.008214      -1.647009   1.941870   0.141341
    37  0.16037155    4.363932  100.634752      -1.444953   3.115041   1.093228
    38  0.16252971    4.422658  101.989021      -0.822709   0.617640   0.401385
    39  0.22705692    6.178533  142.480491      -0.687689  -2.992990   0.044442
    40  0.20963367    5.704422  131.547227      -0.658008  -6.237555  -2.720785
    41  0.20403258    5.552009  128.032487      -0.609932  -2.282669  -1.354049
    42  0.18688452    5.085386  117.271906      -0.269795  -4.966638  -1.823904
    43  0.15397581    4.189895   96.621362      -0.302296  -0.436985  -1.030244
    44  0.10727581    2.919123   67.316641      -0.369695   1.309197  -2.062872
    45  0.02173188    0.591354   13.636969       0.516702   4.317511  -2.573008
    46  0.19669822    5.352431  123.430100       0.843607  -2.227621   0.838208
    47  0.20700338    5.632848  129.896692       1.185442  -2.518885   2.484747
    48  0.05916759    1.610032   37.128256       1.175700  -1.242365  -3.448970
    49  0.15081362    4.103847   94.637053       1.209536  -1.309754  -0.727207
    50  0.18138530    4.935745  113.821088       1.318042   0.760203   0.573905
    51  0.22211485    6.044052  139.379290       1.331436  -5.069594  -1.675775
    52  0.18306441    4.981436  114.874750       1.458635   0.916663   4.399553
    53  0.09528453    2.592824   59.791996       1.369051   2.398946  -0.328556
    54  0.13272225    3.611556   83.284536       1.468868  -0.172304  -0.739646
    55  0.09105824    2.477821   57.139954       1.592406   1.433494  -1.810174
    56  0.17012579    4.629358  106.755636       1.655223  -3.605612  -1.278501
    57  0.16910901    4.601690  106.117597       1.627789  -3.427854  -1.410796
    58  0.19909029    5.417522  124.931149       2.387442  -0.423243   1.761981
    59  0.13638488    3.711221   85.582877       2.494865  -1.244307   1.487913
    60  0.17296030    4.706489  108.534317       2.665032  -2.658903  -2.963859
    61  0.14990156    4.079029   94.064730       2.772974   1.748991   1.165627
    62  0.15274441    4.156387   95.848647       2.905268  -2.527232   2.599602
    63  0.16791605    4.569228  105.368999       3.302151  -0.360301  -0.149898
    64  0.17013602    4.629637  106.762057       3.241183   3.251485   3.076291
    65  0.13974263    3.802590   87.689895       3.466787  -3.431098   0.202410
    66  0.14475051    3.938862   90.832394       3.536792  -1.802057   0.166085
    67  0.17377994    4.728793  109.048648       3.620430   0.098628   1.685664
    68  0.12880454    3.504950   80.826137       4.072060  -2.686557  -2.237036
    69  0.20577525    5.599429  129.126025       4.219514  -0.443496   2.965130
    70  0.15417621    4.195348   96.747111       4.344183   2.467964  -1.972140
    71  0.19448796    5.292286  122.043138       4.374672  -2.671860   3.354447
    72  0.14245147    3.876302   89.389719       5.239149  -2.559171   2.004037
    73  0.17379583    4.729225  109.058623       5.815743  -2.651012  -2.147564
    74  0.14085455    3.832847   88.387637       5.686527   1.956009   1.105693
    75  0.12223693    3.326236   76.704894       5.836497   2.479926  -1.501396
    76  0.13119338    3.569953   82.325159       5.907188  -2.689760  -0.512632
    77  0.14452779    3.932801   90.692636       5.938907   0.594206   0.294171
    78  0.18175175    4.945717  114.051040       6.682830  -2.709055   1.043824
    79  0.18743522    5.100372  117.617477       7.377673   0.087356   3.315095
    80  0.17091612    4.650864  107.251573       7.468138   3.030650  -1.543090
    81  0.13820303    3.760696   86.723786       7.915208   1.019385   2.015340
    82  0.13141862    3.576082   82.466495       7.937071   2.218071  -0.217590
    83  0.17994359    4.896514  112.916405       9.027784   1.845233   0.992923
