 Number of surface minima:    63
   #       a.u.         eV      kcal/mol           X/Y/Z coordinate(Angstrom)
     1  0.11458860    3.118114   71.905490      -6.611748   4.659067   0.154471
     2  0.11415364    3.106278   71.632548      -6.497124   4.089871  -1.997777
     3  0.09730397    2.647776   61.059215      -5.957321   2.773929  -1.852039
     4  0.09890930    2.691459   62.066577      -5.946588   3.482418   0.697648
     5  0.10042068    2.732586   63.014978      -5.597483   1.959853  -1.640030
     6  0.10304608    2.804026   64.662447      -5.561461   2.640973   0.925831
     7  0.09310963    2.533642   58.427221      -5.157668   3.735644  -2.091896
     8  0.09369451    2.549557   58.794245      -5.215629   4.468340   0.452594
     9  0.18217883    4.957338  114.319040      -4.918188  -1.560073   0.417752
    10  0.18222482    4.958589  114.347896      -4.781915  -1.463169   0.242918
    11  0.15956302    4.341930  100.127388      -4.495412  -4.473635   1.586724
    12  0.16098364    4.380588  101.018845      -4.493336  -3.268381  -0.761379
    13  0.16411252    4.465729  102.982247      -4.507591  -2.627151   2.770580
    14  0.10705894    2.913222   67.180554      -4.231929   1.853391  -1.578796
    15  0.06852410    1.864636   42.999560      -4.140033  -2.275078  -3.491913
    16  0.08673212    2.360101   54.425271      -4.097629   3.737654  -2.089885
    17  0.08716945    2.372001   54.699703      -4.145761   4.472169   0.469238
    18  0.16582796    4.512408  104.058706      -3.880038  -1.770245   1.680637
    19  0.09844718    2.678884   61.776587      -3.613260   2.621055  -1.773634
    20  0.09940057    2.704827   62.374852      -3.595559   3.288210   0.768203
    21  0.14766039    4.018043   92.658370      -3.485195  -4.551542   1.283621
    22  0.16544107    4.501880  103.815923      -3.441974  -1.181813   0.650166
    23  0.14841009    4.038444   93.128816      -3.368679  -2.325578   2.743736
    24  0.15418108    4.195481   96.750169      -3.218911  -3.621422  -0.436081
    25  0.09968432    2.712548   62.552910      -2.745698   3.741188  -1.821763
    26  0.09845276    2.679036   61.780090      -2.744304   4.239262   0.296340
    27  0.16867678    4.589929  105.846366      -2.417694  -1.143034   0.743039
    28  0.08213746    2.235074   51.542078      -2.401481   1.841112   2.095082
    29  0.16246579    4.420919  101.948908      -2.169648  -2.328102   2.692492
    30  0.06912850    1.881082   43.378823      -1.939594   0.181580   4.011525
    31  0.05722210    1.557093   35.907442      -1.831483  -0.107192  -2.513097
    32  0.17973995    4.890973  112.788616      -1.645987  -3.871090   0.341050
    33  0.16318156    4.440396  102.398063      -1.581267  -1.680555   1.752507
    34  0.11134940    3.029971   69.872865      -1.363709  -0.975299   2.083488
    35  0.17795445    4.842387  111.668196      -1.188731  -4.482380   1.183375
    36  0.06590483    1.793362   41.355940      -1.129340  -1.654052  -3.068193
    37  0.16639022    4.527708  104.411525      -0.976407  -2.310610   2.607671
    38  0.01332067    0.362474    8.358853      -0.965670   2.992492  -0.564983
    39  0.03876181    1.054763   24.323426      -0.474692   1.568697   2.698246
    40  0.18557785    5.049830  116.451957      -0.123708  -4.985165   2.152137
    41  0.02865296    0.779687   17.980016      -0.155593  -0.548011  -1.950696
    42  0.17879596    4.865285  112.196252       0.083258  -3.213334   3.395351
    43  0.17006158    4.627611  106.715342       0.240562  -4.516881   1.032782
    44  0.15933322    4.335677   99.983186       0.617720  -2.411548   2.604095
    45  0.16315996    4.439808  102.384505       1.008769  -1.913678   1.946591
    46  0.00103167    0.028073    0.647381       1.285513   3.000123  -1.353687
*   47 -0.00891772   -0.242663   -5.595956       1.364433   3.617901  -0.025424
    48  0.13974373    3.802620   87.690588       2.031638  -1.738660  -2.468494
    49  0.02554653    0.695156   16.030701       2.365750   1.182407   1.436628
    50  0.00286656    0.078003    1.798798       2.565872   2.494758   1.533962
    51  0.16396640    4.461753  102.890553       2.909790  -1.987081  -3.431015
    52  0.04375436    1.190617   27.456301       3.680941   0.570246   3.209542
    53  0.15782407    4.294611   99.036183       3.888002  -3.061603  -1.104919
    54  0.09704088    2.640617   60.894125       4.077824   1.889903  -0.819190
    55  0.17362312    4.724525  108.950244       4.500855  -3.073364  -2.390630
    56  0.10989475    2.990388   68.960056       4.673058   1.039520  -3.002137
    57  0.11249171    3.061055   70.589672       4.822783   1.833286  -2.028663
    58  0.12690531    3.453269   79.634352       5.602463   1.700992  -3.131087
    59  0.12196174    3.318748   76.532211       5.934282   0.114010  -0.022503
    60  0.03677157    1.000605   23.074531       5.941741   2.248425   2.760091
    61  0.12214365    3.323698   76.646363       6.518636  -0.488498  -1.818031
    62  0.12702652    3.456567   79.710408       6.568510   0.123956  -1.093839
    63  0.13324126    3.625679   83.610220       7.188434   0.378049  -2.171190
 
 Number of surface maxima:    67
   #       a.u.         eV      kcal/mol           X/Y/Z coordinate(Angstrom)
     1  0.19306354    5.253526  121.149302      -7.818719   1.707974  -0.282413
     2  0.18318291    4.984661  114.949109      -7.477021   4.876055  -1.103854
     3  0.14237707    3.874277   89.343033      -7.302258   3.287925  -0.690738
     4  0.13515170    3.677665   84.809043      -5.889775   5.227411  -1.083779
     5  0.23100930    6.286083  144.960646      -5.579660  -3.657353   2.421594
     6  0.23570182    6.413773  147.905252      -5.607837  -2.406765  -0.441370
     7  0.19602588    5.334135  123.008198      -5.214136  -2.804872   1.012113
     8  0.22895910    6.230294  143.674127      -5.160531  -0.120890   0.259595
     9  0.14785973    4.023468   92.783462      -4.756312   2.784864  -1.306835
    10  0.14864366    4.044800   93.275380      -4.876927   3.191918   0.255079
    11  0.17429276    4.742747  109.370451      -4.513179   6.203800  -1.346543
    12  0.18716255    5.092952  117.446374      -4.516004  -1.475076   0.773246
    13  0.21545204    5.862748  135.198309      -4.280946  -0.421770   2.605948
    14  0.19204541    5.225821  120.510417      -3.926139  -4.011884   2.885050
    15  0.23622017    6.427878  148.230520      -3.913486  -1.474071  -1.083779
    16  0.12650602    3.442404   79.383791      -3.426145   5.045155  -1.064103
    17  0.17653673    4.803809  110.778564      -3.290256   2.278915   3.955008
    18  0.22253180    6.055398  139.640927      -3.114054  -0.299575   0.498996
    19  0.18614753    5.065332  116.809435      -2.917644  -1.724295  -3.046855
    20  0.21451217    5.837173  134.608532      -2.784835  -3.171572  -1.598802
    21  0.24152195    6.572146  151.557437      -2.657264  -4.501482   3.838870
    22  0.21482759    5.845756  134.806460      -2.651400  -3.566832   0.649226
    23  0.22090924    6.011246  138.622756      -2.664483  -2.148542   1.426752
    24  0.17153188    4.667620  107.637970      -2.550777   1.012054  -1.279352
    25  0.15634672    4.254410   98.109127      -2.553184   1.828208   1.139175
    26  0.15970014    4.345662  100.213438      -1.912046   4.470412  -0.842958
    27  0.15025358    4.088608   94.285625      -1.843208   1.312684   1.171522
    28  0.18937143    5.153059  118.832469      -1.637350  -0.983262   0.230396
    29  0.22648580    6.162992  142.122102      -1.478536  -1.870954  -1.020494
    30  0.22102657    6.014439  138.696385      -1.464388  -4.118924   2.883745
    31  0.18156330    4.940589  113.932785      -1.311428   0.412863   0.389213
    32  0.13165732    3.582578   82.616286      -0.930397   1.740237   1.190186
    33  0.14064496    3.827144   88.256116      -0.630089   0.671473  -1.029097
    34  0.25436193    6.921540  159.614655      -0.391234  -3.288707   0.392211
    35  0.23539307    6.405371  147.711508      -0.372170  -2.087531   1.477825
    36  0.25296614    6.883559  158.738781      -0.279136  -4.640950   3.669915
    37  0.10303435    2.803707   64.655082       0.001960   2.409158  -0.422307
    38  0.19769267    5.379491  124.054125       0.479429  -0.743836   0.704812
    39  0.19140374    5.208361  120.107762       0.630909  -0.926101   2.860214
    40  0.21015686    5.718659  131.875532       1.015802  -4.132787   2.579458
    41  0.14198221    3.863532   89.095257       1.027274   0.903865   1.691121
    42  0.17117961    4.658034  107.416915       1.194085  -0.262069  -0.519221
    43  0.03379859    0.919706   21.208954       1.131339   4.152958   1.947469
    44  0.25453465    6.926240  159.723040       1.674469  -4.255072  -1.759755
    45  0.06523794    1.775215   40.937459       1.696527   1.677650  -2.979183
    46  0.11042983    3.004949   69.295824       1.716020   1.581647   0.119213
    47  0.23376907    6.361180  146.692428       2.105377  -3.066907   0.508607
*   48  0.25607538    6.968166  160.689864       2.581738  -3.869422   1.936702
    49  0.21537880    5.860755  135.152353       2.597206  -0.948886  -1.501040
    50  0.20150625    5.483264  126.447188       2.900373  -3.409574  -2.508492
    51  0.14739136    4.010723   92.489554       2.918202   0.811495  -0.135930
    52  0.02971746    0.808653   18.648006       3.449798   3.329938   1.981645
    53  0.24050982    6.544605  150.922316       3.554633  -1.740042  -0.549866
    54  0.19847099    5.400670  124.542531       3.548647   0.113460   0.835085
    55  0.24137987    6.568280  151.468283       4.054580  -2.945234  -3.757521
    56  0.18140456    4.936269  113.833176       4.320437   0.663442  -1.753916
    57  0.20192239    5.494588  126.708322       4.607002  -1.756790  -3.108497
    58  0.15318298    4.168321   96.123852       4.616709   1.586462   2.624207
    59  0.18782918    5.111092  117.864689       5.050870   2.144861   0.531302
    60  0.18708360    5.090804  117.396833       5.268473  -0.354536  -0.951484
    61  0.18301707    4.980148  114.845043       5.400767   0.199485   1.275252
    62  0.22269093    6.059728  139.740783       5.633893  -1.266602  -4.183667
    63  0.16632417    4.525911  104.370079       6.206490   0.119096  -3.468832
    64  0.15837029    4.309475   99.378939       6.704157   1.828637  -1.627689
    65  0.19340005    5.262683  121.360463       6.748246   2.637564  -0.408419
    66  0.06417529    1.746299   40.270639       6.981111   1.828587   1.821637
    67  0.20226448    5.503896  126.922986       7.177700   1.493510  -3.275675
