 Number of surface minima:    62
   #       a.u.         eV      kcal/mol           X/Y/Z coordinate(Angstrom)
     1  0.15938357    4.337048  100.014786      -6.621065  -2.240606  -2.516755
     2  0.16582391    4.512298  104.056162      -6.319688   2.276092   0.655106
     3  0.15815393    4.303587   99.243173      -6.049261  -1.098375  -1.923955
     4  0.16633344    4.526163  104.375895      -6.100853   0.160945  -2.649049
     5  0.14759658    4.016307   92.618329      -5.922821  -2.343882  -1.439720
     6  0.16000104    4.353850  100.402252      -5.725980   4.526657   0.584707
     7  0.15801597    4.299833   99.156601      -5.494194   2.036296   2.677271
     8  0.15877911    4.320599   99.635479      -5.398394   3.200462   0.125443
     9  0.15675193    4.265437   98.363403      -5.385724  -0.109680  -1.461411
    10  0.15668443    4.263600   98.321049      -5.273254   2.004263  -0.036443
    11  0.15496521    4.216818   97.242220      -5.123201  -2.571078  -4.058129
    12  0.15447356    4.203439   96.933704      -4.893098   4.381900   2.584627
    13  0.14842037    4.038724   93.135265      -4.678051   4.288839  -0.087190
    14  0.15960832    4.343163  100.155815      -4.536834  -0.339965  -4.104286
    15  0.14830694    4.035637   93.064086      -4.441351   2.957871   2.540457
    16  0.14931654    4.063110   93.697623      -4.192255  -1.548287  -3.697474
    17  0.14191341    3.861660   89.052081      -4.182545   1.894138   2.399641
    18  0.13925085    3.789208   87.381302      -4.061335  -2.737283  -3.297186
    19  0.13863220    3.772374   86.993094      -3.685670   3.989192   2.346151
    20  0.17935816    4.880584  112.549041      -3.667350  -3.938541   0.789612
    21  0.14343713    3.903123   90.008232      -3.533303  -0.639090  -3.313649
    22  0.16659195    4.533198  104.538116      -3.196166  -3.041001   1.319780
    23  0.18225038    4.959285  114.363933      -2.636682   3.732892  -0.860385
    24  0.16690425    4.541696  104.734084      -2.535555  -1.881710  -1.913524
    25  0.16225984    4.415315  101.819672      -2.418080  -3.087177  -1.531460
    26  0.16582556    4.512343  104.057196      -2.282779   2.442029   1.646611
    27  0.16657452    4.532723  104.527179      -2.064586   1.234015   1.475082
    28  0.16803571    4.572484  105.444091      -1.948138  -0.987207  -1.548198
    29  0.16157785    4.396757  101.391719      -1.554333   3.335075   1.451020
    30  0.18209962    4.955183  114.269334      -1.223519   4.394363  -1.130664
    31  0.17021469    4.631777  106.811423      -1.036761   3.327913  -1.484224
    32  0.13620856    3.706423   85.472231      -0.889783  -2.967582  -0.221215
    33  0.03216304    0.875201   20.182628      -0.597701  -1.269670   2.679854
    34  0.03218234    0.875726   20.194739      -0.697606  -1.000196   2.702606
*   35 -0.01439809   -0.391792   -9.034948       0.055405  -5.119832   3.056762
    36  0.03918039    1.066153   24.586087       0.450238   0.023661  -1.860721
    37  0.03222132    0.876787   20.219198       0.979273  -1.558881  -2.218628
    38  0.02422084    0.659083   15.198819       1.623808  -3.465017  -0.135457
    39  0.01041316    0.283357    6.534363       1.627350   0.432493   3.302728
    40  0.01896992    0.516198   11.903816       2.020691  -0.968079   3.233524
    41  0.02833549    0.771048   17.780803       2.670717   1.333801   0.250265
    42  0.04106299    1.117381   25.767439       2.814457  -2.817568   1.384036
    43  0.11435785    3.111835   71.760693       2.714354  -1.811881  -0.655157
    44  0.00793509    0.215925    4.979351       3.042739   3.857553  -1.750364
    45  0.02421549    0.658937   15.195463       3.749553  -2.593808   3.454461
    46  0.03916752    1.065802   24.578010       3.846055  -0.144947   2.232838
    47  0.09331562    2.539247   58.556483       4.072964   2.013066  -1.919720
    48  0.09505834    2.586669   59.650062       4.589629   0.584591  -2.196820
    49  0.09523070    2.591359   59.758214       4.675564   2.160045   0.133523
    50  0.09957333    2.709528   62.483259       4.950165  -0.352055  -2.225453
    51  0.08269953    2.250369   51.894783       5.179079   1.612014  -2.522736
    52  0.09223607    2.509871   57.879054       5.354174   0.844731   0.299211
    53  0.09848035    2.679787   61.797405       5.791113  -0.132211   0.261426
    54  0.08182447    2.226557   51.345672       5.997065   1.884795  -0.002461
    55  0.08916393    2.426274   55.951260       6.227797   1.424220  -2.841012
    56  0.09014705    2.453026   56.568178       6.257116  -0.630334  -2.648732
    57  0.09031893    2.457703   56.676035       6.697042   0.183573  -2.867587
    58  0.08825365    2.401504   55.380047       7.021306   1.686432  -0.329796
    59  0.09043403    2.460835   56.748258       7.081872  -0.335127  -0.126695
    60  0.08971688    2.441320   56.298237       7.606385   0.453965  -0.391647
    61  0.10981844    2.988312   68.912167       7.690615   1.343846  -3.075876
    62  0.10925098    2.972870   68.556081       8.352685   1.475169  -0.966120
 
 Number of surface maxima:    67
   #       a.u.         eV      kcal/mol           X/Y/Z coordinate(Angstrom)
     1  0.22943950    6.243366  143.975581      -6.789753   1.801751   1.981252
     2  0.22377798    6.089308  140.422919      -6.577871  -2.616884  -3.971875
     3  0.18601778    5.061801  116.728015      -6.114895   3.402669   1.783324
     4  0.18649188    5.074702  117.025521      -5.938957  -1.036027  -3.719416
     5  0.22361591    6.084898  140.321220      -6.047720   5.057486   1.849130
     6  0.23084536    6.281622  144.857769      -5.782584   0.567273  -3.968002
     7  0.18539083    5.044741  116.334597      -5.649713  -3.410029  -2.780749
     8  0.19751612    5.374687  123.943340      -5.514319   0.957553   1.325297
     9  0.23304325    6.341429  146.236969      -5.064038  -4.674781  -1.824193
    10  0.21997361    5.985786  138.035643      -4.780850  -1.321577  -1.326106
    11  0.25394431    6.910176  159.352595      -4.606999  -0.390489   1.049208
    12  0.19887816    5.411750  124.798036      -4.588175   0.854148  -2.763322
    13  0.18562592    5.051138  116.482120      -4.455947   5.200227   1.328762
    14  0.22091338    6.011359  138.625356      -4.068900   2.805849   0.125509
    15  0.21682845    5.900202  136.062022      -3.923434  -3.938296  -1.059781
    16  0.20935941    5.696959  131.375121      -3.667964  -1.575134  -2.426215
    17  0.20983844    5.709994  131.675717      -3.516056   2.690467   1.611695
    18  0.24940463    6.786645  156.503897      -3.429541  -5.045110  -0.147465
    19  0.24795134    6.747099  155.591948      -3.403375   0.489330  -0.468544
    20  0.25610117    6.968867  160.706044      -3.468090   1.683762  -1.987577
    21  0.25927995    7.055366  162.700761      -3.122275  -1.701165   0.375610
    22  0.23596241    6.420864  148.068773      -3.145118   0.168510   0.805492
    23  0.23422910    6.373698  146.981105      -3.043938   5.972853   0.788092
    24  0.23751706    6.463168  149.044330      -2.635239   0.557828  -1.243944
    25  0.21029194    5.722335  131.960293      -2.355764  -4.223152   0.784290
    26  0.21839537    5.942840  137.045276      -2.212726   4.733702   0.231889
    27  0.24233443    6.594255  152.067279      -2.080432  -1.979513  -0.719871
    28  0.19734712    5.370088  123.837290      -1.955039  -2.103605   1.840121
*   29  0.26061735    7.091759  163.539995      -1.837886   2.265967  -0.723650
    30  0.24028841    6.538580  150.783383      -1.452360   2.137753   0.774674
    31  0.25155213    6.845081  157.851474      -0.919435   5.401975  -0.015996
    32  0.17805689    4.845174  111.732481      -0.524578  -2.491664   0.769340
    33  0.17307206    4.709530  108.604450      -0.492900  -1.047366  -0.171356
    34  0.17590768    4.786691  110.383826      -0.360606   0.472819   0.837888
    35  0.20243639    5.508574  127.030859      -0.115740   1.875380  -1.486942
    36  0.21348455    5.809210  133.963690       0.009642   4.082141  -0.546003
    37  0.14029730    3.817684   88.037958       0.447134  -2.073663   0.930446
    38  0.06290121    1.711629   39.471137       0.588417  -3.361283  -1.805565
    39  0.13345489    3.631492   83.744277       0.565454  -0.664035   2.184005
    40  0.17705196    4.817829  111.101872       0.628989   1.679717   0.060372
    41  0.13071496    3.556935   82.024946       0.897112  -3.211637   2.577498
    42  0.06055184    1.647699   37.996885       0.950773   2.486835   2.752842
    43  0.14557883    3.961401   91.352173       1.393517  -0.470823  -0.886361
    44  0.13736818    3.737978   86.199908       1.361561   0.953770   0.268314
    45  0.15664079    4.262413   98.293660       2.417574  -1.448432   0.118426
    46  0.13854519    3.770006   86.938493       2.464969  -0.214919   1.367175
    47  0.06600168    1.795997   41.416717       2.814457   2.464242  -0.796929
    48  0.16743682    4.556187  105.068276       3.271659  -0.837090  -1.530375
    49  0.14608669    3.975221   91.670858       3.608223   2.523503  -0.462320
    50  0.18572420    5.053813  116.543794       3.872812  -2.420194  -0.234782
    51  0.13270049    3.610964   83.270882       3.976910   0.769118   0.075833
    52  0.10719720    2.916984   67.267318       4.066376  -1.894493   1.381050
    53  0.16855160    4.586522  105.767812       4.681610  -1.664760  -0.651088
    54  0.14765283    4.017838   92.653627       4.773735  -0.375960   4.319516
    55  0.12056949    3.280863   75.658560       5.132689   2.876060  -1.222386
    56  0.19084475    5.193150  119.756991       5.829352  -2.663101  -0.810172
    57  0.14152485    3.851087   88.808257       5.822285   0.478194  -2.050435
    58  0.16659500    4.533281  104.540029       5.860294  -2.090631   1.847526
    59  0.14110792    3.839742   88.546629       6.283755   0.584647  -0.519445
    60  0.17179393    4.674751  107.802412       6.357086   3.804304  -1.722989
    61  0.13892196    3.780259   87.174922       7.047875  -1.736323  -1.348050
    62  0.11139385    3.031181   69.900753       7.295200   1.211945  -3.074203
    63  0.13144414    3.576777   82.482512       7.436244   2.538316  -1.960585
    64  0.11072162    3.012888   69.478923       8.137327   1.383314  -0.781675
    65  0.13384562    3.642125   83.989468       8.437026   0.293240  -2.053664
    66  0.17873105    4.863519  112.155521       8.625736  -1.396466  -1.969812
    67  0.17855642    4.858767  112.045938       8.872931   1.861974  -2.388489
