 Number of surface minima:    61
   #       a.u.         eV      kcal/mol           X/Y/Z coordinate(Angstrom)
     1  0.13358703    3.635088   83.827199      -6.810927  -0.004187  -1.774831
     2  0.14465568    3.936281   90.772885      -6.287613   1.926085  -0.868872
     3  0.11557170    3.144866   72.522398      -5.770206  -0.849101  -1.162051
     4  0.14408123    3.920650   90.412413      -5.756906   0.866806   0.986183
     5  0.11686681    3.180108   73.335090      -5.551953  -0.338004  -2.370780
     6  0.13707196    3.729918   86.014025      -5.313410   1.498039  -0.032029
     7  0.11107303    3.022451   69.699439      -5.116859  -1.381764  -0.459729
     8  0.14415326    3.922610   90.457612      -4.914527   2.296533  -2.402584
     9  0.13421626    3.652210   84.222046      -4.938046   1.983470  -1.240367
    10  0.11912651    3.241597   74.753077      -4.590778  -0.460619  -2.709307
    11  0.14122545    3.842940   88.620380      -4.447925   1.000570   0.555325
    12  0.14593364    3.971056   91.574820      -4.174978   1.580346   2.714546
    13  0.14973483    4.074492   93.960100      -4.164894   3.309498   2.196684
    14  0.12492863    3.399481   78.393965      -4.106151  -1.802676   0.371087
    15  0.15242551    4.147709   95.648533      -4.013237   0.014684   1.410856
    16  0.12215110    3.323900   76.651035      -3.909846  -1.459914  -0.984673
    17  0.13915194    3.786517   87.319234      -3.986899   1.901109  -1.615797
    18  0.12736678    3.465826   79.923930      -3.621675  -1.051209  -2.028436
    19  0.15219594    4.141462   95.504475      -3.384627   0.889788   0.074270
    20  0.15459390    4.206714   97.009218      -3.109812   1.316352  -0.986257
    21  0.14103276    3.837697   88.499467      -3.113253   2.888369   3.768136
    22  0.19081360    5.192302  119.737442      -2.418445   2.928509  -0.167145
    23  0.09537719    2.595345   59.850143      -2.022767  -2.654473  -1.255492
    24  0.17736963    4.826473  111.301214      -2.106302   1.784704   0.281105
    25  0.03742207    1.018306   23.482725      -1.839689  -1.785218   1.139418
    26  0.15014388    4.085623   94.216785      -1.440310  -0.267457   1.873157
    27  0.18306680    4.981501  114.876246      -1.421313   2.059600  -0.470960
    28  0.18856495    5.131113  118.326390      -1.341710   4.287930   1.155237
    29  0.02793694    0.760203   17.530711      -1.050545  -3.906548  -0.183525
    30  0.04168673    1.134354   26.158843      -0.918160  -4.500875  -2.564822
    31  0.10651957    2.898545   66.842095      -0.878231  -1.862683  -2.302530
    32  0.17360278    4.723972  108.937477      -0.872748   3.299513   2.055369
    33  0.16819650    4.576859  105.544984      -0.746464   2.239960   2.847773
    34  0.18104732    4.926548  113.609003      -0.665420   0.182817   0.213358
    35  0.18755793    5.103711  117.694477      -0.289606   1.348021  -0.696867
    36  0.18132106    4.933997  113.780779      -0.217002   3.559043   1.349791
    37  0.16706352    4.546029  104.834027      -0.057340   4.969410  -1.506468
    38  0.16732138    4.553046  104.995841       0.212548   3.441128  -2.557581
    39  0.19278123    5.245844  120.972151       0.709485   2.898809   1.224217
    40  0.19647553    5.346371  123.290359       0.752711   4.111737   0.236460
*   41 -0.01879821   -0.511525  -11.796068       0.862224  -3.565901   2.855510
    42  0.04987621    1.357201   31.297818       0.868720  -3.045638  -1.958354
    43  0.01274824    0.346897    7.999647       1.001028  -0.788657   2.857240
    44  0.04918393    1.338363   30.863406       1.266527  -1.720947  -1.770304
    45  0.17357605    4.723245  108.920710       1.456274   4.288925  -1.712680
    46  0.18237158    4.962583  114.439993       2.123358   0.261720  -2.103950
    47 -0.01016515   -0.276608   -6.378735       2.227302  -3.274588   2.330067
    48  0.16754735    4.559195  105.137636       2.331314   4.647917   1.016729
    49  0.15101476    4.109321   94.763272       2.853476   1.056121   1.007015
    50  0.16878844    4.592967  105.916431       2.870004  -0.786898  -2.560033
    51  0.14955673    4.069646   93.848344       3.144611   3.460042   2.101776
    52  0.12492192    3.399298   78.389757       3.403318  -1.458106  -0.535185
    53  0.16543563    4.501732  103.812512       3.622967   0.526308  -2.484623
    54  0.15514693    4.221763   97.356251       3.898606   4.625581   0.601493
    55  0.14935066    4.064038   93.719031       4.037079   1.213634   0.727811
    56  0.16144003    4.393007  101.305233       4.155565   1.716957  -2.079955
    57  0.14365572    3.909071   90.145403       4.586818   0.541486   0.242537
    58  0.17333404    4.716659  108.768842       4.815636   2.643017  -1.546874
    59  0.12643092    3.440360   79.336663       6.277697  -1.248827  -2.193410
    60  0.13045291    3.549804   81.860504       6.425081   0.447595  -3.040418
    61  0.12740441    3.466850   79.947540       7.088325   0.004701  -1.241166
 
 Number of surface maxima:    68
   #       a.u.         eV      kcal/mol           X/Y/Z coordinate(Angstrom)
     1  0.20476119    5.571835  128.489692      -7.474783   1.337808  -1.368711
     2  0.16198901    4.407945  101.649722      -6.672055   0.571760  -0.138073
     3  0.20230843    5.505092  126.950565      -6.539761  -0.267457   1.336035
     4  0.13526249    3.680680   84.878567      -6.510309  -0.244489  -1.752864
     5  0.16387264    4.459201  102.831721      -6.127627   1.462998  -2.426010
     6  0.14951565    4.068528   93.822567      -5.715561   1.890509  -0.690549
     7  0.14840619    4.038338   93.126368      -5.210638   1.063377   0.747367
     8  0.20931395    5.695722  131.346596      -5.285948   1.849251  -3.824601
     9  0.16137765    4.391309  101.266092      -4.952229  -0.532046   1.203575
    10  0.17262545    4.697377  108.324194      -4.582643  -0.461817  -1.436238
    11  0.21502160    5.851035  134.928204      -4.423493   2.113547   1.139201
    12  0.18656469    5.076683  117.071207      -4.191239   0.920717  -0.730693
    13  0.15846244    4.311982   99.436765      -4.206138   2.616589   2.991539
    14  0.19647220    5.346281  123.288272      -3.592596  -1.166601   1.716581
    15  0.17437642    4.745024  109.422946      -3.393419  -3.580957  -2.319082
    16  0.20431401    5.559667  128.209087      -3.225844   1.315064   3.930419
    17  0.21313339    5.799654  133.743333      -3.081236   4.256020   2.874024
    18  0.16190742    4.405725  101.598528      -2.734547  -1.394132  -0.183525
    19  0.21347161    5.808858  133.955572      -2.635276   3.304489   1.207369
*   20  0.25601193    6.966439  160.650049      -2.306343   4.443489   0.081064
    21  0.16322805    4.441661  102.427232      -2.200035  -1.783061  -1.037657
    22  0.23281505    6.335220  146.093774      -2.174049   0.790897  -3.429077
    23  0.20312892    5.527419  127.465432      -2.174049   1.055486   2.804681
    24  0.21174445    5.761859  132.871757      -1.903356   0.408848  -1.892794
    25  0.22717843    6.181839  142.556736      -1.588728   0.015420   3.388422
    26  0.03259558    0.886971   20.454055      -1.247989  -3.310226   3.451955
    27  0.18484947    5.030010  115.994889      -1.226284  -2.384166  -4.245114
    28  0.22814174    6.208052  143.161222      -1.323725   0.582867  -0.554775
    29  0.23354973    6.355211  146.554792      -1.200297   4.124770  -2.120248
    30  0.10653880    2.899068   66.854162      -0.957681  -2.504263   0.495011
    31  0.24302516    6.613051  152.500718      -0.858038   1.318471   0.473779
    32  0.22141369    6.024973  138.939303      -0.916666   4.032695  -0.315819
    33  0.17617939    4.794085  110.554331      -0.736204  -0.298267   1.660702
    34  0.23295735    6.339092  146.183066      -0.707031   0.010253  -2.293780
    35  0.08172121    2.223747   51.280876      -0.029176  -4.465406  -1.618886
    36  0.18948876    5.156251  118.906093      -0.161910  -1.443769  -0.837594
    37  0.24680553    6.715920  154.872939      -0.131398   2.267620   1.594538
    38  0.19946704    5.427774  125.167561       0.066506  -0.135163   0.210417
    39  0.18083632    4.920807  113.476599       0.717678   4.360580  -2.158944
    40  0.10599098    2.884161   66.510399       0.838880  -3.360552   0.874830
    41  0.22435288    6.104952  140.783678       0.970821   2.053470  -1.037661
    42  0.11145908    3.032956   69.941685       1.116839  -1.727176   2.058901
    43  0.21778647    5.926271  136.663190       1.016426   1.064699  -1.103304
    44  0.14045843    3.822068   88.139069       1.148768  -4.873032  -0.435083
    45  0.23544923    6.406899  147.746747       1.165053   5.180581  -0.428401
    46  0.24344532    6.624484  152.764371       1.504815   2.728497  -0.197667
    47  0.22936482    6.241334  143.928717       1.522212   3.583295   1.829575
    48  0.12288450    3.343857   77.111253       1.662486  -2.208402  -0.536937
    49  0.23633639    6.431040  148.303450       1.673920   2.775669  -2.167882
    50  0.16480877    4.484675  103.419154       1.904678  -0.677460   0.431645
    51  0.21459028    5.839299  134.657549       1.825814   2.265357   1.048637
    52  0.18724367    5.095159  117.497278       2.233469  -0.380245  -2.126133
    53  0.15830069    4.307581   99.335267       2.575199  -1.351008  -0.722072
    54  0.23026960    6.265954  144.496476       2.727000   4.884074  -0.562189
    55  0.17099070    4.652894  107.298374       2.880254   4.680646   1.192633
    56  0.24025660    6.537715  150.763421       2.981374   1.202542  -1.383157
    57  0.21929858    5.967418  137.612055       3.400491   0.526308  -0.010566
    58  0.22782257    6.199367  142.960942       3.424760  -1.935647  -2.149001
    59  0.05341504    1.453497   33.518469       4.092297  -2.611243   1.037660
    60  0.20608949    5.607980  129.323217       4.202508   3.213128  -0.164780
    61  0.19559261    5.322346  122.736317       4.440666  -0.872380  -1.979096
    62  0.17609630    4.791824  110.502189       4.408385   0.923191  -2.500381
    63  0.21289131    5.793067  133.591425       4.639212   3.767623   1.602553
    64  0.19676651    5.354289  123.472952       5.342178  -0.677743  -3.510423
    65  0.23728661    6.456897  148.899721       5.772098   2.911874  -0.442822
    66  0.18477797    5.028064  115.950021       6.557375  -1.262466  -0.712702
    67  0.14076440    3.830394   88.331071       6.898827  -0.399752  -2.300233
    68  0.20047306    5.455149  125.798851       6.849536   1.593769  -1.887072
