 Number of surface minima:    66
   #       a.u.         eV      kcal/mol           X/Y/Z coordinate(Angstrom)
     1  0.10425023    2.836793   65.418059      -8.193396  -0.712676  -1.196698
     2  0.09668876    2.631035   60.673161      -7.735174  -1.281088   1.444079
     3  0.10173562    2.768367   63.840118      -7.234740  -1.727870  -2.602072
     4  0.08992842    2.447077   56.430983      -6.600889  -2.841198   1.622372
     5  0.09917734    2.698753   62.234775      -6.263214  -1.183842   2.307669
     6  0.08684499    2.363172   54.496102      -5.601847  -3.703040  -2.063649
     7  0.16717286    4.549005  104.902638      -5.658351   1.127632  -0.804924
     8  0.08241966    2.242753   51.719160      -5.440286  -4.164685  -0.273399
     9  0.15119743    4.114291   94.877902      -5.173004   0.660267   0.182948
    10  0.15030777    4.090082   94.319628      -4.335862   3.376635  -2.613669
    11  0.07730840    2.103669   48.511794      -3.932121  -3.370375  -1.172147
    12  0.13421216    3.652099   84.219473      -3.777936  -0.724489  -1.598690
    13  0.17547416    4.774895  110.111789      -3.585472   1.839030   0.303357
    14  0.16081289    4.375941  100.911699      -3.674733   4.170401   0.670617
    15  0.13405099    3.647713   84.118336      -3.443058  -1.378427  -0.922529
    16  0.14437017    3.928512   90.593725      -3.320883   0.144761  -1.920089
    17  0.16111886    4.384267  101.103694      -2.895430   4.078147  -1.969519
    18  0.14805140    4.028684   92.903737      -2.861084   3.665357   2.237845
    19  0.15338998    4.173954   96.253747      -2.659412   5.295334   1.282048
    20  0.14598123    3.972351   91.604681      -2.525023   2.592965  -3.166588
    21  0.03473645    0.945227   21.797467      -2.340627  -2.312020   1.630570
    22  0.14185004    3.859936   89.012320      -2.130235   0.542816  -1.522034
    23  0.01313029    0.357293    8.239385      -1.583957  -1.261662   2.266793
    24  0.18247865    4.965497  114.507180      -1.034361   3.147317  -1.021246
    25 -0.00310493   -0.084490   -1.948377      -0.914497  -3.716890  -0.011159
    26  0.15782253    4.294569   99.035214      -0.826813   2.042712   1.409943
*   27 -0.00892876   -0.242964   -5.602883      -0.757903  -3.850163   1.361173
    28  0.17438950    4.745380  109.431153      -0.535901   4.040911  -0.791296
    29  0.02469452    0.671972   15.496057      -0.172766  -0.386356  -1.922029
    30  0.16139372    4.391746  101.276173      -0.097527   3.112046   1.624666
    31  0.17818995    4.848795  111.815976       0.148509   5.155087  -0.275747
    32  0.16426384    4.469847  103.077205       0.497298   4.159040  -0.970009
    33  0.17251456    4.694360  108.254611       0.535585   4.320147   1.737226
    34  0.15464714    4.208163   97.042627       1.052809   3.249272   1.460088
    35  0.02918282    0.794105   18.312510       1.444965  -1.780945  -1.465744
    36  0.04329883    1.178221   27.170446       1.579126  -1.123938   2.776366
    37  0.16076056    4.374517  100.878862       1.595662   2.471915   1.077738
    38  0.10093035    2.746455   63.334806       1.991586   1.287776   1.594629
    39  0.07776079    2.115979   48.795673       2.086119   0.305414  -1.207665
    40  0.10168549    2.767003   63.808664       2.103183   0.333866   0.585395
    41  0.11659595    3.172737   73.165125       2.742031   6.905706  -0.157615
    42  0.11808283    3.213197   74.098156       2.866111   3.878218  -2.798130
    43  0.10529689    2.865274   66.074854       3.083313  -2.654834  -2.470681
    44  0.06232891    1.696056   39.112016       3.270373   0.715493   3.148250
    45  0.11497581    3.128651   72.148473       3.192557   6.306351   1.618413
    46  0.09013485    2.452694   56.560520       3.516973  -0.605636   0.718009
    47  0.11237269    3.057816   70.514986       3.444509   5.516270  -2.246866
    48  0.09499560    2.584962   59.610690       3.621963  -3.571421  -1.535148
    49  0.11214779    3.051696   70.373857       3.695148   2.327073   1.714120
    50  0.09741560    2.650813   61.129264       3.982743  -4.127219  -0.655701
    51  0.08721300    2.373186   54.727031       4.322438  -3.439602  -2.593977
    52  0.11166292    3.038503   70.069600       4.482666   3.909922  -1.995549
    53  0.10889159    2.963091   68.330560       4.459764   3.977404   2.044848
    54  0.10772366    2.931310   67.597676       4.591738  -1.311932  -0.598602
    55  0.10826615    2.946072   67.938090       4.942555  -1.853946   0.280433
    56  0.11252578    3.061982   70.611053       5.096894   3.112046   0.489462
    57  0.08953493    2.436369   56.184064       5.170870  -4.683050  -0.649008
    58  0.09172667    2.496010   57.559402       5.301374  -3.894346  -2.520299
    59  0.09769259    2.658351   61.303076       5.374864  -1.185675  -1.611779
    60  0.09061694    2.465812   56.863033       5.701940  -4.554464  -1.461840
    61  0.09804701    2.667995   61.525477       6.194540  -2.445707   0.380733
    62  0.09904489    2.695148   62.151657       6.279743  -1.650549  -1.523254
    63  0.11133237    3.029508   69.862173       6.667465  -4.230159  -2.590768
    64  0.09700993    2.639775   60.874703       6.755562  -2.303149  -0.519421
    65  0.10953257    2.980533   68.732781       7.190121  -3.082262   0.313184
    66  0.11559828    3.145589   72.539079       7.545966  -2.433613  -1.588630
 
 Number of surface maxima:    96
   #       a.u.         eV      kcal/mol           X/Y/Z coordinate(Angstrom)
     1  0.16209595    4.410855  101.716826      -8.235326  -2.184249  -1.479288
     2  0.15600386    4.245081   97.893984      -7.936290  -2.693183   0.664725
     3  0.11964094    3.255596   75.075886      -7.632863  -0.459900  -2.338724
     4  0.13378547    3.640488   83.951722      -7.289713  -0.941757  -0.096133
     5  0.18043358    4.909848  113.223879      -7.304463   0.805912  -0.963967
     6  0.10741449    2.922897   67.403663      -7.024360  -1.649774   2.101736
     7  0.15173607    4.128948   95.215901      -6.882366  -3.892899  -1.062360
     8  0.13660382    3.717179   85.720264      -6.890659  -2.311153  -0.539201
     9  0.16950718    4.612525  106.367451      -6.882883   0.199399   1.442606
    10  0.12830927    3.491473   80.515349      -6.258427  -2.224851  -1.873150
    11  0.11927233    3.245565   74.844578      -5.987655  -2.868022   0.375237
    12  0.17545129    4.774272  110.097439      -5.977041  -0.712937  -3.164320
    13  0.17581710    4.784227  110.326988      -5.765576   0.270470  -0.736026
    14  0.23232391    6.321855  145.785575      -5.681802   1.145355  -2.371864
    15  0.15096720    4.108026   94.733429      -5.263751  -2.302105   2.259911
    16  0.17100092    4.653172  107.304787      -5.189203  -0.465135  -1.758646
    17  0.09479969    2.579631   59.487755      -4.943314  -4.081279  -1.343026
    18  0.17392789    4.732819  109.141492      -4.643826  -1.782843   0.578996
    19  0.20050662    5.456063  125.819908      -4.530290   2.048005  -1.744779
    20  0.15260561    4.152610   95.761547      -4.496443  -2.570185  -2.623656
    21  0.13600235    3.700812   85.342833      -4.118058  -3.625440   0.382592
    22  0.22208889    6.043346  139.363002      -4.236811   4.057024  -1.051649
    23  0.17198305    4.679897  107.921085      -3.954524  -1.989548  -0.085569
    24  0.20976813    5.708081  131.631599      -4.048649   2.251987  -3.583105
    25  0.22152109    6.027895  139.006699      -3.720693   2.714492   1.196657
    26  0.23403828    6.368506  146.861362      -3.586655   0.739732   0.391986
    27  0.19639465    5.344170  123.239607      -3.460579  -0.466668   1.705530
    28  0.16695505    4.543078  104.765965      -3.392282   4.567283   1.311784
    29  0.16610391    4.519917  104.231866      -3.181640   3.789728  -2.664654
    30  0.21518456    5.855470  135.030461      -2.932821  -0.079510  -0.850221
    31  0.22388277    6.092160  140.488677      -2.822711   5.228755  -0.348281
    32  0.23017905    6.263490  144.439655      -2.378726   2.609840  -0.402491
    33  0.20767531    5.651132  130.318331      -2.262529   2.163960   0.865531
    34  0.16352005    4.449607  102.610467      -2.246500  -1.523799   0.526792
    35  0.05648456    1.537023   35.444625      -1.813945  -3.054085  -1.843749
    36  0.21440957    5.834381  134.544150      -1.828061   4.864366   2.518404
    37  0.20692003    5.630580  129.844391      -1.729980   2.059001  -1.325852
    38  0.22414169    6.099205  140.651150      -1.486707   3.370906  -2.139453
    39  0.10934935    2.975547   68.617811      -1.210904  -1.916384   0.925400
    40  0.15430800    4.198934   96.829815      -1.170739  -0.559931  -0.262841
    41  0.20881319    5.682096  131.032366      -1.104766   4.780908   0.770403
    42  0.13830252    3.763403   86.786217      -0.270334  -0.850340   2.115782
*   43  0.24546382    6.679410  154.031004       0.009603   2.847457  -0.754344
    44  0.18014021    4.901864  113.039783      -0.012468   0.601218   0.787750
    45  0.24189921    6.582412  151.794176       0.106755   5.702110   1.156203
    46  0.18559672    5.050344  116.463798       0.251063   1.184587   2.823977
    47  0.03597914    0.979042   22.577268       0.284298  -3.900836   3.167415
    48  0.23338360    6.350691  146.450542       0.355147   2.308304   0.739237
    49  0.11207836    3.049807   70.330290       0.639308  -2.722215   0.250365
    50  0.13012324    3.540833   81.653634       0.583525  -1.318087  -0.937219
    51  0.18895116    5.141622  118.568740       1.100316   4.887360  -0.220260
    52  0.19145835    5.209847  120.142032       1.121702   6.537131  -0.432505
    53  0.21325021    5.802833  133.816642       1.238216   1.950953  -1.669892
    54  0.19357261    5.267379  121.468749       1.441711   0.782486   0.040579
    55  0.18625627    5.068291  116.877670       1.361371   4.590935   1.099150
    56  0.16143368    4.392834  101.301250       1.568475  -1.768948   1.309033
    57  0.14569346    3.964521   91.424100       1.472811  -0.305577   0.137684
    58  0.18378339    5.001000  115.325918       1.812984   5.223968  -2.417021
    59  0.18765944    5.106473  117.758176       1.838594   5.595875   2.312283
    60  0.13107051    3.566610   82.248056       2.264289   6.871482   0.970097
    61  0.16262798    4.425332  102.050683       2.333847  -3.564225  -0.024781
    62  0.13124931    3.571475   82.360254       2.367772  -0.856783   0.748676
    63  0.20052267    5.456499  125.829982       2.510828   2.325462   0.259224
    64  0.13625368    3.707651   85.500544       2.732029  -2.452036  -1.220500
    65  0.19823373    5.394214  124.393646       2.686090   2.739383  -0.540336
    66  0.14870570    4.046488   93.314315       2.765404   5.620532  -0.932302
    67  0.18236909    4.962515  114.438428       2.926233  -3.076698   2.015237
    68  0.18028239    4.905733  113.129003       2.937563  -1.121372  -2.643014
    69  0.13266642    3.610037   83.249506       3.166513   0.875951   1.173582
    70  0.17446354    4.747394  109.477616       3.033855   3.380033   2.624463
    71  0.14671624    3.992352   92.065910       3.219240  -1.328257  -0.408041
    72  0.14775467    4.020609   92.717532       3.216871  -1.198332   0.149580
    73  0.11629728    3.164610   72.977708       3.358805   0.995337  -1.201807
    74  0.17699550    4.816293  111.066448       3.442102   2.597418  -2.246078
    75  0.14631986    3.981566   91.817176       3.394924   4.821735   1.388664
    76  0.12549531    3.414901   78.749565       3.662270   4.424658  -2.696349
    77  0.16989878    4.623181  106.613182       3.811249  -2.977408   1.174940
    78  0.15518891    4.222905   97.382593       3.905266   4.955298  -0.044050
    79  0.17998177    4.897553  112.940358       4.204852   1.767996   0.244317
    80  0.14345360    3.903571   90.018570       4.133079   3.641223  -0.540336
    81  0.17594710    4.787764  110.408565       4.228749   6.426539   0.393114
    82  0.13863829    3.772540   86.996912       4.422648  -1.580087  -3.053928
    83  0.19139343    5.208080  120.101293       4.751019  -4.019713   1.966500
    84  0.18169920    4.944287  114.018063       4.675342  -1.385960   3.181622
    85  0.12433821    3.383415   78.023467       4.638763   2.857710   1.596740
    86  0.14371976    3.910813   90.185585       4.850686  -3.571346  -1.402779
    87  0.17311640    4.710737  108.632271       4.816602   5.296288  -1.365047
    88  0.19262810    5.241677  120.876059       4.941466   1.015128   1.047196
    89  0.17237140    4.690464  108.164777       5.314867   4.603904   0.801432
    90  0.14996795    4.080835   94.106387       5.469203  -2.253358  -0.746262
    91  0.18373488    4.999680  115.295472       5.704569  -1.777393  -4.116484
    92  0.14062080    3.826487   88.240959       5.967311  -4.150033   0.938313
    93  0.13836872    3.765204   86.827756       6.665802  -2.605970  -3.053928
    94  0.18043674    4.909933  113.225857       7.521753  -4.685317   0.380593
    95  0.13686236    3.724214   85.882499       7.466596  -3.899552  -1.100190
    96  0.18249648    4.965982  114.518366       7.987081  -3.502669  -2.657045
