 Number of surface minima:    56
   #       a.u.         eV      kcal/mol           X/Y/Z coordinate(Angstrom)
     1  0.17700919    4.816665  111.075035      -6.437966  -1.436865  -0.972470
     2  0.16569063    4.508671  103.972528      -5.545165  -2.916880   0.218417
     3  0.16343285    4.447234  102.555749      -5.615776  -1.700643   0.084631
     4  0.17305691    4.709118  108.594941      -5.624292  -0.386451  -0.313674
     5  0.17075371    4.646445  107.149663      -5.113682  -1.859896  -2.612724
     6  0.16076462    4.374628  100.881406      -4.836335  -2.133850   0.812089
     7  0.15052049    4.095871   94.453115      -3.970229  -2.233852  -1.898292
     8  0.15883197    4.322038   99.668651      -3.910275  -0.940132  -2.232788
     9  0.16394622    4.461204  102.877895      -3.474014  -2.468125   1.591204
    10  0.17935485    4.880494  112.546959      -3.387057   3.473999  -1.239159
    11  0.18456964    5.022395  115.819292      -3.457299   4.777746  -0.783845
    12  0.16156554    4.396422  101.383992      -3.248968  -0.375782  -1.889832
    13  0.18975387    5.163465  119.072450      -3.273904   2.396449  -1.420231
    14  0.18121219    4.931035  113.712464      -3.082819   4.407335   1.322077
    15  0.13815209    3.759310   86.691819      -3.116772  -2.629113  -1.110099
    16  0.17398479    4.734367  109.177195      -2.972745   1.868819   1.151618
    17  0.17113479    4.656815  107.388794      -2.964547   2.943407   1.304151
    18  0.13072801    3.557290   82.033135      -2.257343  -2.763029  -0.113066
    19  0.17321505    4.713421  108.694178      -2.266034   4.116275  -1.312406
    20  0.16764327    4.561805  105.197830      -1.933795   3.715688   1.263351
    21  0.03441439    0.936463   21.595373      -1.820817  -1.572380   2.145223
    22  0.17416848    4.739365  109.292462      -1.272863   3.715332  -1.515237
    23  0.17985056    4.893983  112.858026      -1.293834   4.777746  -1.162928
    24  0.16336849    4.445483  102.515360      -0.857175   3.199461   1.026704
    25  0.03631783    0.988258   22.789803      -0.707629  -0.097968  -1.993416
    26  0.17650206    4.802865  110.756805      -0.866197   4.381839   1.012339
    27  0.10383201    2.825413   65.155623      -0.206034   2.170003   1.823989
    28  0.15991223    4.351433  100.346527      -0.138959   2.131860   0.682375
    29  0.18397637    5.006252  115.447010      -0.041429   2.819568  -1.593213
    30  0.01740025    0.473485   10.918831       0.190849  -1.778426   3.452023
    31  0.00677088    0.184245    4.248797       0.246790  -3.424500  -0.254820
*   32  0.00218708    0.059514    1.372416       0.467411  -3.542655   1.154101
    33  0.13435326    3.655938   84.308013       0.473262   1.486485   0.507036
    34  0.06057472    1.648322   38.011240       1.249203   0.209873   2.732008
    35  0.03583799    0.975201   22.488699       1.402998  -0.894079  -1.471101
    36  0.06536555    1.778687   41.017536       1.422148   2.542831   3.046713
    37  0.14217150    3.868683   89.214038       1.960648  -0.117143   1.673654
    38  0.09503591    2.586059   59.635981       2.192920   1.614999   0.505658
    39  0.12386400    3.370511   77.725900       2.520805  -0.258545  -1.538937
    40  0.11173283    3.040405   70.113466       3.472965  -1.086350  -2.303938
    41  0.11587928    3.153236   72.715406       3.989840   1.146153  -0.720735
    42  0.10269325    2.794426   64.441043       4.174264  -1.421068  -1.225780
    43  0.11737676    3.193984   73.655090       4.454363   1.001016   0.278221
    44  0.10357006    2.818285   64.991248       4.664004   1.432717  -1.774150
    45  0.10529168    2.865132   66.071582       4.705500  -1.574889  -0.180138
    46  0.09355356    2.545722   58.705792       4.805802  -1.178338  -2.310522
    47  0.11692940    3.181811   73.374371       5.221381   1.467052  -2.811814
    48  0.10502933    2.857993   65.906957       5.623818   1.476239  -1.624569
    49  0.10523820    2.863677   66.038022       5.784654   1.122251   0.379034
    50  0.09786370    2.663007   61.410452       5.879504  -1.115940  -2.103323
    51  0.09632903    2.621246   60.447429       5.968919  -1.506492  -0.060737
    52  0.10335258    2.812367   64.854776       6.258559   1.310876  -0.448993
    53  0.09695844    2.638373   60.842389       6.426504  -1.283876  -0.958456
    54  0.11543608    3.141176   72.437297       6.872746   1.008394   0.550187
    55  0.12079968    3.287126   75.803007       7.101541   1.382226  -1.606407
    56  0.11677292    3.177553   73.276174       7.298393  -0.826320  -1.906416
 
 Number of surface maxima:    54
   #       a.u.         eV      kcal/mol           X/Y/Z coordinate(Angstrom)
     1  0.24242953    6.596843  152.126952      -6.609213  -1.466065  -2.427469
     2  0.19669588    5.352367  123.428633      -5.784319  -2.557888  -1.428562
     3  0.21101546    5.742023  132.414310      -5.661892  -0.121554  -2.057841
     4  0.23404378    6.368655  146.864810      -5.348406  -4.060280  -0.692142
*    5  0.26806330    7.294373  168.212404      -5.330996   2.421822   0.240926
     6  0.26646454    7.250869  167.209162      -5.081116   1.456276  -2.158272
     7  0.24479793    6.661290  153.613148      -4.386460  -0.857917   0.139114
     8  0.24807356    6.750425  155.668637      -4.309328   1.339571  -0.582783
     9  0.21663806    5.895021  135.942550      -4.313831   3.746297   0.230796
    10  0.24771099    6.740559  155.441124      -4.174863   1.409424  -0.900903
    11  0.19638167    5.343817  123.231463      -4.047597  -3.432853   0.239643
    12  0.25005147    6.804246  156.909796      -3.894024   5.329086   0.493558
    13  0.18485456    5.030148  115.998086      -3.645548  -1.699510   1.419041
    14  0.23076990    6.279568  144.810421      -3.503355  -1.311848  -1.113143
    15  0.21397547    5.822569  134.271747      -3.235875   0.421828   0.897154
    16  0.22297773    6.067532  139.920753      -2.793179  -3.556795   1.160501
    17  0.25226328    6.864433  158.297734      -2.198599   2.789249  -0.987103
    18  0.20834863    5.669454  130.740846      -2.218974   5.130747   0.075834
    19  0.16538089    4.500243  103.778164      -2.053821  -2.099375   0.350993
    20  0.24792786    6.746460  155.577212      -1.956345   2.468636   0.555193
    21  0.17399023    4.734515  109.180610      -1.653893  -0.777448  -0.424141
    22  0.19264589    5.242161  120.887223      -1.249500   0.687867   0.633999
    23  0.12582247    3.423804   78.954860      -1.068279  -2.037742   0.679115
    24  0.17956792    4.886292  112.680667      -1.061101   0.879910   3.199885
    25  0.06321107    1.720061   39.665580      -0.957162  -3.257784  -2.008874
    26  0.15564156    4.235222   97.666634      -0.735211  -0.756435   1.980994
    27  0.19835438    5.397497  124.469355      -0.585772   2.276543  -1.611824
    28  0.25102605    6.830766  157.521357      -0.539623   5.502512  -0.015053
    29  0.19178282    5.218676  120.345635      -0.028608   1.602683  -0.001040
    30  0.21997757    5.985894  138.038128      -0.016306   3.909120  -0.282303
    31  0.14708462    4.002376   92.297072       0.323143  -0.532538  -1.009516
    32  0.16567962    4.508372  103.965616       0.578435   0.675449   0.097144
    33  0.04229925    1.151021   26.543204       0.962428  -3.164089   3.115702
    34  0.15656986    4.260483   98.249154       0.969168   2.661037   0.967779
    35  0.12226244    3.326930   76.720906       1.013663  -1.842105   0.237755
    36  0.25494731    6.937469  159.981988       1.038865   2.833179  -0.672039
    37  0.16775189    4.564761  105.265989       1.371748  -0.648901   1.272436
    38  0.20913633    5.690889  131.235136       1.900589   4.002800   0.855104
    39  0.18673870    5.081418  117.180402       2.600843   0.180323  -2.801040
    40  0.16969552    4.617650  106.485635       2.808273  -1.748943   0.208293
    41  0.14615518    3.977085   91.713838       2.822110  -0.782069  -1.111120
    42  0.19236178    5.234430  120.708941       2.958973  -0.783540   2.184877
    43  0.17942042    4.882278  112.588110       3.796751  -0.229304   1.321660
    44  0.19093368    5.195570  119.812795       3.841087   1.987006   2.576848
    45  0.14366301    3.909269   90.149976       4.159678   0.341161  -3.088941
    46  0.19886116    5.411287  124.787364       4.968995  -0.632970   2.355255
    47  0.15774655    4.292502   98.987536       5.111403   0.711553  -0.686741
    48  0.15078290    4.103011   94.617777       5.218032  -0.844677  -1.038294
    49  0.18685322    5.084535  117.252262       5.422299   0.544329  -4.075323
    50  0.14731693    4.008697   92.442846       6.250622  -0.385924   1.389199
    51  0.14299451    3.891078   89.730484       6.614781   0.521517  -2.824352
    52  0.14209265    3.866538   89.164560       7.681058   0.135782  -0.607479
    53  0.18587322    5.057867  116.637302       7.942088  -0.144258   0.958058
    54  0.18689491    5.085669  117.278423       8.128507   0.478795  -2.228414
