 Number of surface minima:    58
   #       a.u.         eV      kcal/mol           X/Y/Z coordinate(Angstrom)
     1  0.13097421    3.563989   82.187626      -7.118514  -1.086620  -1.896978
     2  0.11020991    2.998964   69.157820      -6.185541  -1.746398  -1.092356
     3  0.12956522    3.525649   81.303473      -6.077411  -1.243663  -3.815377
     4  0.11685240    3.179715   73.326048      -5.883994  -0.546036  -1.087334
     5  0.10840999    2.949986   68.028355      -5.601093  -2.530118  -0.734916
     6  0.15761649    4.288963   98.905922      -5.419434   2.677810  -0.748285
     7  0.10829909    2.946968   67.958760      -5.126195  -2.030791  -3.513790
     8  0.11802753    3.211692   74.063454      -4.994892  -0.156162  -0.691994
     9  0.11504389    3.130503   72.191192      -4.730304  -0.772835  -3.447323
    10  0.10552915    2.871594   66.220598      -4.496500  -2.698578  -3.156203
    11  0.11937885    3.248464   74.911422      -4.465715  -2.182193  -0.248783
    12  0.15094420    4.107401   94.718996      -4.556267   1.584431   0.342428
    13  0.14376850    3.912140   90.216171      -4.531393   2.006188  -0.668300
    14  0.12220048    3.325244   76.682021      -4.201126  -0.989911  -0.245889
    15  0.15681140    4.267055   98.400723      -4.266858   2.733337  -1.859002
    16  0.15985389    4.349846  100.309915      -4.050042   3.691058  -2.971695
    17  0.14262852    3.881119   89.500824      -3.951126   3.253002   1.636066
    18  0.11606140    3.158191   72.829688      -3.804243  -0.473713  -3.054562
    19  0.07796167    2.121445   48.921728      -3.888457  -0.525939   2.969324
    20  0.13018863    3.542613   81.694666      -3.839861   4.171767   0.689830
    21  0.14229967    3.872171   89.294467      -3.699311   4.802394  -0.346769
    22  0.15358171    4.179171   96.374057      -3.605274   5.445899  -1.726595
    23  0.11632439    3.165348   72.994719      -3.407361  -2.326086  -2.652436
    24  0.07194174    1.957634   45.144160      -3.237312   2.101961   4.208052
    25  0.14664800    3.990495   92.023084      -3.267269   2.876876  -2.580718
    26  0.09782031    2.661826   61.383224      -3.010478  -2.105105   1.117204
    27  0.12150609    3.306349   76.246288      -3.000098  -1.365844  -2.568179
    28  0.04006391    1.090194   25.140502      -2.766057  -3.362187   3.466213
    29  0.17241784    4.691728  108.193916      -2.541657   0.820861   0.130787
    30  0.13940832    3.793493   87.480116      -2.585816   4.993865  -1.105969
    31  0.09039694    2.459826   56.724985      -2.216712  -3.684799   1.049194
    32  0.05370956    1.461512   33.703287      -1.692016  -1.398179   2.945065
    33  0.17562075    4.778884  110.203776      -1.318535   1.671658  -1.671436
    34  0.02310948    0.628841   14.501431      -0.761475  -3.823976   2.100666
    35  0.08186689    2.227711   51.372290      -0.701726  -0.686872  -1.131799
    36  0.02660940    0.724079   16.697663       0.194439   0.113191   2.878000
    37  0.18813907    5.119524  118.059148       0.132296   3.114712   0.297395
    38  0.16565034    4.507575  103.947244       0.571790   3.947932  -3.256777
    39  0.15788203    4.296188   99.072551       1.090646   2.252944  -3.199724
    40  0.02675678    0.728089   16.790144       1.156790  -1.830819  -1.594832
*   41 -0.00418678   -0.113928   -2.627249       1.555592  -4.278261   0.831185
    42  0.15162135    4.125827   95.143914       1.621188   3.662591   2.032746
    43  0.02452257    0.667293   15.388158       1.819441  -3.020288  -1.660977
    44  0.16679928    4.538839  104.668214       1.789139   3.828714  -2.302460
    45  0.16446521    4.475326  103.203566       1.765375   4.739919   0.467757
    46 -0.00208357   -0.056697   -1.307460       2.448778  -3.307043   1.806282
    47  0.18212202    4.955792  114.283389       2.522713   2.061462  -1.173855
    48  0.15784878    4.295284   99.051686       3.049994   4.659479   1.323519
    49  0.02616136    0.711887   16.416513       3.462753  -3.234370  -0.060187
    50  0.05822523    1.584389   36.536912       4.678764  -2.141904  -3.504342
    51  0.11630434    3.164802   72.982139       5.689257   1.807277   1.849032
    52  0.11706894    3.185608   73.461928       5.920306  -1.168426   0.258209
    53  0.12532344    3.410224   78.641712       5.853024   2.867682  -0.600023
    54  0.12377460    3.368078   77.669798       5.984637  -0.309870  -1.790633
    55  0.10422870    2.836207   65.404550       6.118531  -0.166998   0.975623
    56  0.11262063    3.064563   70.670574       6.485334   0.881217  -1.449128
    57  0.13423483    3.652715   84.233698       6.973550   2.071866   1.840631
    58  0.13874179    3.775356   87.061859       7.197741   2.991476  -0.175969
 
 Number of surface maxima:    83
   #       a.u.         eV      kcal/mol           X/Y/Z coordinate(Angstrom)
     1  0.19908901    5.417487  124.930344      -7.439808  -0.574020  -3.312127
     2  0.19059084    5.186240  119.597656      -6.739323  -3.813312  -2.651266
     3  0.15058281    4.097567   94.492216      -6.814150  -2.138461  -2.833922
     4  0.16137005    4.391102  101.261319      -6.185541   0.293669  -2.777702
     5  0.21914601    5.963266  137.516312      -6.163870   3.941149  -0.456053
     6  0.15030480    4.090002   94.317766      -5.233866  -3.844305  -1.903172
     7  0.21709743    5.907521  136.230806      -5.219739   1.725806  -2.551908
     8  0.17795483    4.842397  111.668433      -5.171431   2.976430   0.455732
     9  0.18077137    4.919039  113.435843      -5.002852   4.337676  -1.666136
    10  0.16602778    4.517846  104.184092      -4.933975  -1.336566  -1.131799
    11  0.21540734    5.861532  135.170259      -4.873065   2.075900   1.660722
    12  0.17792400    4.841558  111.649087      -4.702625  -2.040022   2.189357
    13  0.16385340    4.458678  102.819647      -4.317933  -1.505107  -2.597420
    14  0.10731942    2.920310   67.344011      -4.368609  -0.451597   1.626736
    15  0.22268958    6.059692  139.739937      -4.354959   5.114635  -3.037810
    16  0.11293612    3.073148   70.868543      -4.322977  -3.478148   1.254892
    17  0.19817776    5.392691  124.358529      -3.886997  -4.542849  -1.214553
    18  0.17007673    4.628023  106.724848      -3.722333  -4.944286   1.502825
    19  0.10023754    2.727602   62.900060      -3.533211   3.146532   3.238208
    20  0.19512638    5.309659  122.443754      -3.275066   0.748923   3.419615
    21  0.24351216    6.626303  152.806316      -3.354645   1.571425   1.434508
    22  0.20831320    5.668490  130.718614      -3.169691   2.553196  -1.139781
    23  0.17663891    4.806589  110.842685      -3.022403  -3.375683  -1.005131
    24  0.19125348    5.204272  120.013469      -2.878183   2.535519   1.713151
    25  0.16068727    4.372523  100.832868      -2.836113  -1.500080   0.323438
    26  0.16802701    4.572248  105.438630      -2.767764  -0.753611  -0.385330
    27  0.20350856    5.537750  127.703656      -2.724889   3.827434  -0.321209
    28  0.18694171    5.086942  117.307789      -2.742013   4.591802  -2.844026
    29  0.22315776    6.072432  140.033728      -2.425929   0.936589  -1.236986
    30  0.18615931    5.065652  116.816827      -2.189319  -3.975009  -0.712102
    31  0.17104667    4.654417  107.333496      -2.248654  -0.854872  -1.400529
    32  0.22173846    6.033810  139.143100      -1.952123   0.008968   1.832487
    33  0.08153916    2.218793   51.166636      -1.666832  -2.805114   3.526064
    34  0.18230169    4.960681  114.396131      -1.677405  -2.159332  -1.778330
    35  0.22662255    6.166713  142.207914      -1.524955   1.825061   2.733684
    36  0.23926453    6.510719  150.140887      -1.210990   1.357762  -0.390666
    37  0.24068300    6.549317  151.030989      -1.227657   4.383863  -3.248508
    38  0.16648073    4.530171  104.468322      -1.087754  -2.620125   0.455732
    39  0.15103598    4.109898   94.776589      -1.100040  -0.780292   1.117204
    40  0.07632359    2.076870   47.893815      -1.120651  -0.035795   4.179757
    41  0.21174657    5.761917  132.873088      -1.034148   2.982635  -2.358932
*   42  0.24891219    6.773245  156.194886      -0.789989   2.539623   0.526607
    43  0.21435823    5.832984  134.511935      -0.702231   3.850935  -1.762375
    44  0.18474050    5.027045  115.926514      -0.301811  -0.114357   0.121630
    45  0.22587342    6.146328  141.737830      -0.324485   2.771272  -3.762068
    46  0.14471781    3.937972   90.811875       0.012862  -2.303233   3.991380
    47  0.14951860    4.068608   93.824417       0.010585  -1.904599  -0.771571
    48  0.20399730    5.551049  128.010348       0.267281   3.606735  -0.480442
    49  0.13282210    3.614273   83.347197       0.446310  -1.205290   2.316944
    50  0.04600237    1.251788   28.866944       0.537340  -4.976779  -0.880739
    51  0.23067499    6.276986  144.750865       0.496422   3.791692   0.820577
    52  0.09965984    2.711882   62.537544       0.693763  -3.005946   1.646381
    53  0.23073797    6.278699  144.790384       0.680904   4.961558  -1.930385
    54  0.20703248    5.633640  129.914953       1.116372   2.255407   0.903862
    55  0.21110566    5.744477  132.470912       1.093964   1.546360  -1.396154
    56  0.22490137    6.119877  141.127857       1.278383   2.656486  -0.572947
    57  0.17505452    4.763476  109.848460       1.287933   3.592096  -3.116214
    58  0.16545918    4.502373  103.827288       1.407278  -0.389682   0.772365
    59  0.06683681    1.818722   41.940767       1.643262  -2.400645  -2.964329
    60  0.12420789    3.379869   77.941695       1.752117  -1.952494   0.135612
    61  0.17012499    4.629336  106.755129       1.999109   4.692717   1.238390
    62  0.22939473    6.242148  143.947484       2.324851   2.336455  -2.167799
    63  0.19264651    5.242178  120.887614       2.618682  -1.824165  -0.734916
    64  0.21321845    5.801969  133.796711       2.953509   0.494674   0.471292
    65  0.21665226    5.895408  135.951462       2.976564  -0.706314  -2.288650
    66  0.23927551    6.511018  150.147777       2.981415   1.052160  -0.999505
    67  0.22494771    6.121138  141.156937       3.060725   4.845062  -0.328939
    68  0.21297985    5.795476  133.646984       3.180278   3.724813   2.505562
    69  0.05514934    1.500690   34.606761       3.537783  -1.566535   2.505987
    70  0.19572115    5.325843  122.816980       3.758666   2.883586   1.279479
    71  0.20211369    5.499793  126.828364       3.786220   3.312203   0.323438
    72  0.17319677    4.712924  108.682703       4.008151  -2.692358  -2.327415
    73  0.16954508    4.613556  106.391234       4.662592  -0.309431  -1.691523
    74  0.21847345    5.944965  137.094277       4.714356  -1.235492  -0.947741
    75  0.22759004    6.193040  142.815028       4.663572   4.189141   1.382512
    76  0.08633236    2.349223   54.174422       5.271583  -0.891089  -3.300988
    77  0.17680458    4.811097  110.946640       5.292389   0.881217   0.787474
    78  0.18637519    5.071527  116.952298       5.398137   1.616762  -0.602622
    79  0.19084661    5.193200  119.758159       6.242625  -1.633445  -1.143587
    80  0.15325143    4.170183   96.166804       7.091543  -0.441726  -0.602622
    81  0.15865454    4.317210   99.557312       7.829572   1.671062   0.448456
    82  0.20516270    5.582761  128.741647       7.787160   3.212019   1.227410
    83  0.19636602    5.343391  123.221643       8.498483   0.220911  -0.073196
