 Number of surface minima:    78
   #       a.u.         eV      kcal/mol           X/Y/Z coordinate(Angstrom)
     1  0.12487417    3.397999   78.359787      -7.017338  -0.819182  -0.917285
     2  0.13643570    3.712604   85.614768      -6.752750   0.843295  -2.205849
     3  0.12368218    3.365563   77.611807      -6.338864  -2.146173  -2.641159
     4  0.11692875    3.181793   73.373957      -6.355867   0.129622  -1.159130
     5  0.13352312    3.633349   83.787091      -6.081017  -0.445254  -3.860443
     6  0.11498940    3.129021   72.157001      -6.024858  -0.592998  -0.426513
     7  0.11357100    3.090424   71.266936      -5.440737  -1.406073  -3.121384
     8  0.12504540    3.402658   78.467238      -5.429807   1.068127  -1.543567
     9  0.11294618    3.073422   70.874857      -5.153630  -2.157767  -2.396469
    10  0.12802021    3.483607   80.333963      -4.768335  -0.528166   0.035202
    11  0.10143774    2.760261   63.653199      -4.822463   1.111837   2.595552
    12  0.11869288    3.229797   74.480967      -4.629033  -0.561940  -3.454146
    13  0.12798161    3.482557   80.309743      -4.580106   1.126827  -1.220278
    14  0.13421465    3.652166   84.221033      -4.106864   0.279782  -0.347498
    15  0.10851218    2.952767   68.092478      -4.172923   3.508125   3.277728
    16  0.12345592    3.359406   77.469824      -3.955700  -2.021711  -1.974628
    17  0.11748989    3.197062   73.726079      -3.674627  -0.420466  -3.197916
    18  0.07893370    2.147895   49.531685      -3.307995  -0.201928   3.422490
    19  0.12385932    3.370383   77.722960      -3.180804  -1.328921  -2.220789
    20  0.15397195    4.189790   96.618939      -3.029568   1.033313  -0.784616
    21  0.12176303    3.313341   76.407519      -2.527323  -2.184258   1.411526
    22  0.14599351    3.972685   91.612386      -2.453727   1.324727   0.300564
    23  0.10280399    2.797439   64.510534      -2.414721   4.028477   4.021987
    24  0.11821046    3.216670   74.178244      -1.925829  -0.396378   1.225345
    25  0.13829330    3.763152   86.780428      -1.883829   2.796580  -3.214395
    26  0.16046982    4.366606  100.696416      -1.894620   3.843570   1.018237
    27  0.04958124    1.349174   31.112722      -1.661286  -4.100665   0.764136
    28  0.06452822    1.755902   40.492105      -1.616648   0.406930   4.732965
    29  0.15107447    4.110945   94.800740      -1.620627   3.501169  -4.276419
    30  0.07989809    2.174137   50.136848      -1.345563  -0.358571   3.535602
    31  0.04005343    1.089909   25.133927      -1.037759  -5.304484  -1.074287
    32  0.06917304    1.882294   43.406771      -1.089409  -2.628919  -1.763804
    33  0.14921566    4.060365   93.634319      -1.065002   3.375681   1.292851
    34  0.07576977    2.061800   47.546290      -0.931801  -0.592998  -0.913222
    35  0.15923220    4.332928   99.919796      -0.962361   3.847366   0.222864
    36  0.08220787    2.236990   51.586263      -0.812281   2.048045   4.992490
    37  0.14641226    3.984080   91.875159      -0.781028   5.253591  -3.189834
    38  0.14103469    3.837749   88.500677      -0.697534   2.444648  -3.750852
    39  0.13006207    3.539169   81.615249      -0.692579   4.904277  -2.073130
*   40 -0.00940138   -0.255825   -5.899459      -0.350524  -2.709707   3.859004
    41  0.15565274    4.235526   97.673652      -0.167055   0.796147  -1.286370
    42  0.05309813    1.444873   33.319605       0.098923  -1.261552  -1.498715
    43  0.16724275    4.550907  104.946498       0.062229   3.640419  -0.623132
    44  0.13076606    3.558326   82.057012       0.134992   1.790136  -3.468044
    45  0.06226201    1.694235   39.070031       0.544785  -3.226282  -0.703113
    46  0.14625793    3.979881   91.778314       0.424112   2.367584  -4.382645
    47  0.13785023    3.751096   86.502400       0.395373   4.567582  -2.674759
    48  0.06020936    1.638380   37.781973       0.557634  -4.145148  -0.552145
    49  0.01503306    0.409070    9.433397       0.767452   0.190054   2.839941
    50  0.07396480    2.012684   46.413649       0.830351  -3.615118   1.335639
    51  0.04993203    1.358720   31.332850       0.889654  -2.507024  -0.885301
    52 -0.00804990   -0.219049   -5.051390       1.052614  -2.475164   3.623227
    53  0.10466234    2.848007   65.676665       1.219533  -1.651353  -3.302363
    54  0.13002593    3.538185   81.592571       1.296754   3.901591  -2.290147
    55  0.09464742    2.575487   59.392203       1.392910  -3.560060  -2.704853
    56  0.14527854    3.953230   91.163737       1.435982   4.166847  -3.477668
    57  0.08843831    2.406529   55.495924       1.532580  -2.709707  -0.447734
    58  0.07163850    1.949383   44.953873       1.934288  -4.701466  -0.588287
    59  0.11323823    3.081369   71.058121       2.263778  -1.101377   0.793765
    60  0.05341356    1.453457   33.517545       2.538684  -3.479966   0.803058
    61  0.12873324    3.503010   80.781397       2.512238   0.743486   1.286911
    62  0.09972476    2.713649   62.578285       2.652730  -2.570089  -4.134544
    63  0.10820183    2.944322   67.897730       3.463155   2.846653   2.012649
    64  0.12855496    3.498158   80.669521       3.587338   0.882096   1.321299
    65  0.12065741    3.283255   75.713731       3.590220   3.772714  -0.510701
    66  0.07405110    2.015033   46.467808       3.698500  -4.783992  -0.136257
    67  0.10558058    2.872994   66.252869       3.804842  -1.254470   0.578284
    68  0.14050965    3.823462   88.171208       3.805740  -0.328410  -1.931151
    69  0.13487870    3.670236   84.637733       3.986969   4.698774   0.019428
    70  0.14654553    3.987707   91.958786       4.492906   0.731175  -1.483333
    71  0.11467206    3.120385   71.957866       4.650723   2.846653   2.005951
    72  0.12434643    3.383638   78.028629       4.727456   3.640419  -0.485361
    73  0.14861639    4.044058   93.258274       4.874265  -0.348740  -1.797885
    74  0.10041715    2.732490   63.012769       5.037608  -2.843659  -3.476642
    75  0.10370117    2.821852   65.073523       5.448643   1.920593   1.752507
    76  0.09487465    2.581670   59.534790       5.456363  -3.900356  -1.843713
    77  0.11457520    3.117750   71.897085       5.565278   2.727480  -0.794998
    78  0.13027381    3.544931   81.748117       6.130821   3.640419  -0.243195
 
 Number of surface maxima:    96
   #       a.u.         eV      kcal/mol           X/Y/Z coordinate(Angstrom)
     1  0.19521536    5.312080  122.499591      -7.676901  -1.914606  -1.880405
     2  0.15548895    4.231070   97.570872      -7.028279  -0.595797  -2.685034
     3  0.20242685    5.508315  127.024870      -6.999584   0.750865  -3.727158
     4  0.15632250    4.253752   98.093933      -6.230624  -2.314039  -0.940135
     5  0.16434641    4.472093  103.129017      -5.490361   1.198567  -3.397542
     6  0.20454262    5.565888  128.352538      -5.303271  -3.119383   0.122534
     7  0.17328588    4.715349  108.738626      -4.900630   0.003879  -1.152578
     8  0.16908640    4.601075  106.103404      -4.503747  -1.011447  -2.335506
     9  0.11307305    3.076874   70.954472      -4.466324   0.105896   2.237685
    10  0.17995536    4.896834  112.923790      -4.435091   1.460072   0.965086
    11  0.15337715    4.173604   96.245693      -4.361778   1.132432   4.062711
    12  0.21719535    5.910186  136.292256      -4.125194   2.144454  -3.601576
    13  0.18534534    5.043503  116.306054      -3.934770  -2.405319  -0.009202
    14  0.19078531    5.191532  119.719691      -3.869202   3.626255   1.360751
    15  0.16210612    4.411132  101.723214      -3.545753   3.127452   4.594867
    16  0.18091276    4.922886  113.524563      -3.340815  -4.171798  -1.899116
    17  0.19433693    5.288177  121.948368      -3.395613  -3.056811   0.764136
    18  0.19051681    5.184226  119.551204      -3.290059  -0.951890   0.934422
*   19  0.23825871    6.483349  149.509724      -3.382413   3.772714   0.367253
    20  0.12292829    3.345049   77.138732      -3.283045   4.470860   3.033815
    21  0.17477326    4.755822  109.671969      -3.159421   1.290860  -2.527559
    22  0.22982656    6.253899  144.218462      -3.253639   4.566479  -1.849907
    23  0.13411683    3.649505   84.159655      -3.048509   1.920593   3.737047
    24  0.15057598    4.097381   94.487936      -2.940041  -0.736034   1.671439
    25  0.18686429    5.084836  117.259213      -2.881751   2.475353   1.314666
    26  0.17339846    4.718412  108.809268      -2.682817  -2.505774  -0.884051
    27  0.17275394    4.700874  108.404824      -2.775410  -0.062016  -0.292792
    28  0.04253773    1.157510   26.692851      -2.587407  -2.248605   3.871125
    29  0.14467518    3.936812   90.785120      -2.451561   1.920593   5.262142
    30  0.20496613    5.577412  128.618296      -2.495931   3.657747  -0.818683
    31  0.16830283    4.579753  105.611711      -2.265826  -0.723628  -1.218620
    32  0.16560375    4.506307  103.918007      -2.019842   3.445195   1.494972
    33  0.17856787    4.859079  112.053123      -2.120347   4.568494  -3.072389
    34  0.15378296    4.184647   96.500348      -1.700398  -2.277551   0.915027
    35  0.22073688    6.006556  138.514598      -1.781997   0.971626  -1.761264
    36  0.17872191    4.863271  112.149788      -1.598164   1.655376  -1.355329
    37  0.17609433    4.791770  110.500955      -1.516364   0.542264   1.526839
    38  0.21600424    5.877774  135.544821      -1.468012   4.987764  -4.545178
    39  0.14284798    3.887091   89.638536      -1.328683  -0.681452   1.601742
    40  0.17734879    4.825906  111.288142      -1.378268   4.516895   2.722650
    41  0.22134964    6.023230  138.899113      -1.053271   1.411272  -0.282791
    42  0.09888274    2.690736   62.049909      -0.667212  -0.259570   4.008040
    43  0.19820476    5.393426  124.375470      -0.731775   2.449770  -2.475490
    44  0.08284822    2.254415   51.988086      -0.525980  -4.940568  -0.024096
    45  0.08566728    2.331125   53.757072      -0.623295   1.414691   4.909176
    46  0.17338274    4.717984  108.799400      -0.435044  -4.172845  -3.375968
    47  0.16504963    4.491229  103.570292      -0.463561  -1.944231  -0.355156
    48  0.18402751    5.007643  115.479103      -0.235191  -0.162234   0.245179
    49  0.22898844    6.231092  143.692536      -0.233503   2.599236   0.401237
    50  0.17354888    4.722505  108.903655      -0.088703   4.086634  -4.395342
    51  0.11524732    3.136039   72.318846       0.144167  -1.108405   2.641076
    52  0.19777776    5.381807  124.107523       0.007407   3.644425  -1.742730
    53  0.14096923    3.835968   88.459602       0.258848  -4.880302   1.557902
    54  0.10729679    2.919694   67.329811       0.127315  -2.975226   2.087663
    55  0.15693832    4.270509   98.480363       0.187504   2.643015   3.706220
    56  0.14905311    4.055941   93.532317       0.432235  -2.414505  -2.384555
    57  0.12271581    3.339267   77.005397       1.184908  -2.497445   0.579515
    58  0.16242239    4.419738  101.921673       1.299866  -0.599389   0.890273
    59  0.20962353    5.704146  131.540859       1.305619   1.104349  -1.406606
    60  0.22884005    6.227054  143.599419       1.197281   3.647402   0.766179
    61  0.11011050    2.996259   69.095437       1.327042  -3.088928   0.251234
    62  0.20368961    5.542676  127.817265       1.449998   2.053678   0.764452
    63  0.21557345    5.866052  135.274493       1.449497   3.408781  -4.861168
    64  0.11325787    3.081903   71.070448       1.514823  -2.379792  -3.800838
    65  0.20960123    5.703540  131.526870       1.665571   2.166257  -0.696462
    66  0.17864062    4.861058  112.098776       1.775793   2.582065  -3.407575
    67  0.11419221    3.107328   71.656751       2.086358  -3.567885  -1.895060
    68  0.17561680    4.778776  110.201301       2.032434  -1.096514  -1.695696
    69  0.15368510    4.181984   96.438938       2.243263  -1.915941  -0.106354
    70  0.17497464    4.761302  109.798334       2.504985  -0.722024  -1.882442
    71  0.23300356    6.340349  146.212063       2.538714   1.542982  -2.540045
    72  0.08195548    2.230122   51.427882       2.744174  -4.756943   0.102665
    73  0.15680564    4.266898   98.397108       2.654288  -4.020357  -3.725854
    74  0.17434116    4.744064  109.400824       2.749193  -0.889130  -3.744736
    75  0.19707301    5.362629  123.665285       3.037029  -0.004281   0.499547
    76  0.21836936    5.942132  137.028954       2.957397   0.494612  -1.035322
    77  0.14266332    3.882066   89.522662       3.192923  -5.179210  -1.705367
    78  0.04942533    1.344932   31.014887       3.107779  -2.326998   2.854369
    79  0.13054531    3.552319   81.918488       3.406327  -3.682598  -2.287782
    80  0.12989269    3.534560   81.508964       3.698500  -2.312824  -3.143772
    81  0.20342756    5.535545  127.652830       3.990143   5.396467   1.445842
    82  0.17237988    4.690695  108.170100       4.105409   2.052888   1.182815
    83  0.18225447    4.959396  114.366503       4.095383   2.449770  -0.370024
    84  0.13389839    3.643561   84.022580       4.243278  -3.625971   0.771754
    85  0.11707459    3.185762   73.465475       4.373685  -3.747796  -1.202511
    86  0.15844797    4.311589   99.427689       4.599624  -4.307415  -3.094277
    87  0.15908237    4.328851   99.825780       4.624560  -1.828195  -0.691101
    88  0.17327486    4.715049  108.731709       5.172955  -1.230154  -3.191246
    89  0.15700622    4.272357   98.522976       5.264727   4.394519   1.152366
    90  0.18101921    4.925783  113.591361       5.652553   0.325937  -0.447395
    91  0.11320458    3.080453   71.037008       5.898536  -2.869212  -2.543222
    92  0.16458405    4.478560  103.278139       5.962043  -2.701071  -0.684667
    93  0.21592886    5.875723  135.497517       6.023435  -0.989881  -0.955690
    94  0.15547870    4.230791   97.564438       6.676204   2.384706   0.467846
    95  0.19713293    5.364260  123.702884       6.871861   4.036874   1.027298
    96  0.20514204    5.582199  128.728682       7.083304   0.862239  -0.061210
