 Number of surface minima:    68
   #       a.u.         eV      kcal/mol           X/Y/Z coordinate(Angstrom)
     1  0.10085013    2.744271   63.284462      -9.346213  -1.711087  -1.693616
     2  0.08653541    2.354748   54.301837      -8.349611  -2.301903  -1.226296
     3  0.07864356    2.140000   49.349621      -8.250408  -0.119611   0.294743
     4  0.08576982    2.333916   53.821421      -8.158148  -1.581376  -2.225376
     5  0.07568631    2.059529   47.493918      -7.984726   0.543819  -0.629359
     6  0.09450284    2.571553   59.301477      -7.525755  -2.639482  -0.769891
     7  0.08267345    2.249659   51.878416      -7.453911  -0.511414   0.829000
     8  0.09077446    2.470099   56.961881      -7.154341  -1.370555  -2.545632
     9  0.07602651    2.068787   47.707397      -7.051999   0.822533  -1.012116
    10  0.09389590    2.555037   58.920619      -6.495834  -0.318389   0.492033
    11  0.16513132    4.493452  103.621554      -5.023844   0.343360  -1.226700
    12  0.15406098    4.192212   96.674805      -5.030929   0.475655  -1.358995
    13  0.18031945    4.906742  113.152258      -4.546478  -3.234979  -1.107879
*   14 -0.01275663   -0.347126   -8.004913      -4.541380   3.479299  -1.105041
    15  0.17960491    4.887298  112.703879      -4.376696  -3.082838   1.037809
    16  0.17484685    4.757825  109.718147      -4.146359  -2.180287  -1.539250
    17  0.16062823    4.370916  100.795819      -4.143496  -1.517957   0.980051
    18  0.17611809    4.792417  110.515861      -3.857787  -0.849454  -1.765056
    19  0.18198575    4.952084  114.197876      -3.195789  -2.843011  -1.365607
    20  0.16254009    4.422941  101.995535      -3.230705  -2.315253   1.225231
    21  0.16766575    4.562417  105.211936      -2.161562  -1.914845   1.243069
    22 -0.00246697   -0.067130   -1.548047      -1.866081   1.931318   3.536062
    23  0.04063850    1.105830   25.501066      -1.571107   1.590329  -1.226700
    24  0.04345571    1.182490   27.268891      -1.402547   3.057516  -1.094406
    25  0.04013993    1.092263   25.188208      -0.807215   5.239496  -0.959590
    26 -0.00602382   -0.163916   -3.780005      -0.550240   2.467976   3.817446
    27  0.02826236    0.769058   17.734914      -0.382446   4.207463   1.167857
    28  0.20684933    5.628657  129.800025       0.254871  -3.233839   0.505998
    29  0.21066941    5.732606  132.197161       0.250711  -2.432588  -2.148619
    30  0.19940612    5.426116  125.129334       0.396248  -1.382900  -1.334332
    31  0.02523411    0.686655   15.834659       0.403545  -0.167206   2.905679
    32  0.07983873    2.172522   50.099600       0.485464   0.937138  -1.029806
    33  0.09526099    2.592183   59.777223       0.765536   3.199125  -1.382203
    34  0.19170803    5.216641  120.298704       1.197481  -3.840656   0.096243
    35  0.10032572    2.730002   62.955395       1.116516   4.150254   0.169983
    36  0.19701834    5.361142  123.630977       1.288058  -1.948062  -1.755878
    37  0.12663198    3.445831   79.462835       1.531222   1.265548   1.273982
    38  0.18819362    5.121009  118.093377       2.246767  -3.596724   0.481530
    39  0.18647054    5.074121  117.012128       2.235866  -2.568788   1.556438
    40  0.19497637    5.305577  122.349625       2.282929  -4.286940  -0.515723
    41  0.20777030    5.653717  130.377940       2.342836  -2.888920  -2.152761
    42  0.19867337    5.406177  124.669529       2.436616  -1.641054  -1.226700
    43  0.12524629    3.408125   78.593297       2.492321   2.479189  -2.300080
    44  0.18629069    5.069227  116.899268       2.630307  -0.714994  -0.234098
    45  0.11866846    3.229133   74.465643       2.963913   1.867615  -3.343409
    46  0.12194699    3.318346   76.522957       2.962692   3.253835  -1.820376
    47 -0.00373879   -0.101738   -2.346127       3.792666   0.985449   3.513430
    48  0.11927253    3.245571   74.844706       3.906296   2.195480  -3.654952
    49  0.11156966    3.035965   70.011078       4.217838   3.698996  -2.285055
    50  0.13086436    3.561000   82.118692       4.266680   0.211066  -1.707036
    51  0.12413993    3.378019   77.899050       4.255189   1.660727  -0.156891
    52  0.11353557    3.089460   71.244705       4.552411   3.121541  -3.141131
    53  0.12906906    3.512148   80.992127       4.875371   2.736792   0.225346
    54  0.12256873    3.335265   76.913105       4.976098  -1.248756  -0.320858
    55  0.12691616    3.453564   79.641161       5.143898   0.539065  -2.020466
    56  0.10286760    2.799170   64.550445       5.425061  -3.999390   1.301149
    57  0.13419567    3.651650   84.209124       5.375595   2.529371  -4.004881
    58  0.11214207    3.051541   70.370271       5.417954   1.936705  -0.688363
    59  0.09468744    2.576576   59.417314       5.816198  -1.361553   1.428145
    60  0.11659000    3.172575   73.161392       5.805370   1.460598  -1.491289
    61  0.11115034    3.024555   69.747953       5.908149  -1.305167  -0.890813
    62  0.12382057    3.369329   77.698643       6.331385   2.465803  -1.096062
    63  0.10241869    2.786954   64.268753       6.438397  -4.069071  -0.576570
    64  0.09908418    2.696218   62.176312       6.385631  -4.103562   0.650534
    65  0.11223527    3.054077   70.428751       6.483545  -4.000925   1.830926
    66  0.10266905    2.793767   64.425856       6.703219  -1.423394  -0.444416
    67  0.09534065    2.594351   59.827212       6.758980  -1.470527   0.781107
    68  0.11487530    3.125916   72.085400       7.511021  -4.043092   0.223004
 
 Number of surface maxima:    68
   #       a.u.         eV      kcal/mol           X/Y/Z coordinate(Angstrom)
     1  0.17006187    4.627619  106.715523     -10.405706  -0.683469  -1.165578
     2  0.12720271    3.461362   79.820970      -9.475461  -1.575746  -0.103038
     3  0.17666115    4.807194  110.856635      -9.211637  -2.459330   1.286891
     4  0.12510833    3.404371   78.506730      -9.078590  -0.053523  -2.087464
     5  0.17165159    4.670877  107.713090      -8.325408   0.751652  -3.323870
     6  0.14143341    3.848599   88.750882      -7.181534  -1.652534  -1.243430
     7  0.13408495    3.648637   84.139644      -7.183851  -0.328934  -0.321959
     8  0.20577646    5.599462  129.126789      -5.925663  -2.831703   1.594640
     9  0.19611292    5.336504  123.062816      -5.139582  -2.276561   0.493126
    10  0.19208030    5.226771  120.532308      -5.061674   0.335604  -2.925004
    11  0.24852173    6.762620  155.949869      -4.934412  -4.025791   0.079147
    12  0.18576222    5.054847  116.567654      -4.850939   0.211066  -0.300640
    13  0.20417343    5.555841  128.120866      -4.619547  -0.036100  -1.349117
    14  0.05932752    1.614384   37.228609      -3.654926   0.672843   2.742129
    15  0.22094337    6.012175  138.644177      -3.212683  -3.930936   0.085205
    16  0.24116204    6.562353  151.331594      -2.926054  -1.336024   0.533568
    17  0.25908656    7.050104  162.579406      -2.805601  -1.532575  -1.020872
    18  0.13732820    3.736890   86.174816      -2.799644   3.662713   0.626955
    19  0.17425134    4.741620  109.344456      -2.642049   0.781574   0.269868
    20  0.20161952    5.486346  126.518267      -2.587910   0.284621  -1.491289
    21  0.13461580    3.663082   84.472761      -1.957449   1.687275   0.523075
    22  0.27745272    7.549872  174.104356      -1.672725  -4.419235   0.291218
    23  0.07807810    2.124613   48.994790      -1.470817   4.509563  -0.367855
    24  0.18106363    4.926992  113.619237      -1.348488  -0.322134   0.873167
    25  0.10682155    2.906762   67.031591      -1.188646   2.628500   1.972548
    26  0.26421871    7.189757  165.799883      -0.921756  -3.090520  -0.422216
*   27  0.28701447    7.810061  180.104448      -0.558753  -3.761513  -2.027558
    28  0.12879949    3.504812   80.822967      -0.491395   0.740243   2.530902
    29  0.15342998    4.175042   96.278846      -0.307235   1.666303  -0.485179
    30  0.19423568    5.285422  121.884830       0.229378   0.078772   0.189038
    31  0.16843725    4.583411  105.696061       0.731675   2.587324   0.862925
    32  0.17857914    4.859386  112.060196       0.767328   4.294268  -2.960392
    33  0.23687512    6.445700  148.641509       1.040896  -3.758688  -1.757302
    34  0.26922807    7.326068  168.943305       1.090548  -2.519341   0.673193
    35  0.14622635    3.979021   91.758500       1.075244   0.897642   1.434828
    36  0.20415767    5.555413  128.110980       1.334684  -1.353478   2.113888
    37  0.26729944    7.273588  167.733071       1.314823  -1.364147  -0.439139
    38  0.04443255    1.209071   27.881868       1.478536   3.023448   3.820106
    39  0.23510571    6.397552  147.531186       1.589405  -0.178073  -2.142084
    40  0.20292420    5.521848  127.336963       1.573352   0.081625   1.024003
    41  0.17210602    4.683243  107.998248       1.700395   1.529974  -1.361299
    42  0.17462031    4.751660  109.575993       1.775298   5.838478  -0.326776
    43  0.19305498    5.253293  121.143931       2.472221   3.592677   1.096556
    44  0.26685562    7.261511  167.454568       2.630307  -4.231386  -1.964912
    45  0.18915814    5.147255  118.698627       2.640924   1.276121   0.636367
    46  0.18342168    4.991158  115.098939       2.888453  -0.054411  -2.949580
    47  0.18267078    4.970725  114.627739       3.126373   3.250027   0.080690
    48  0.22253060    6.055365  139.640174       3.178225  -2.559930  -1.365388
    49  0.22001716    5.986971  138.062970       3.224407  -1.973014   1.484109
    50  0.20901284    5.687529  131.157646       3.432055  -0.975022   0.629019
    51  0.16934303    4.608058  106.264444       3.660898   2.407277  -2.417349
    52  0.19970888    5.434355  125.319321       3.816195  -2.561820   2.885789
    53  0.23843649    6.488187  149.621281       3.833855  -2.294029  -2.677463
    54  0.22229286    6.048896  139.490991       3.926296  -0.505301  -4.192071
    55  0.20087134    5.465987  126.048773       4.343696   4.179430   0.359653
    56  0.17340082    4.718476  108.810750       4.493806   1.394744  -1.470880
    57  0.16820232    4.577018  105.548636       5.084997   0.607949  -3.872586
    58  0.15866736    4.317559   99.565358       5.376979  -3.422532   0.096243
    59  0.15405684    4.192100   96.672210       5.286692   3.787001  -0.826444
    60  0.15616851    4.249561   97.997301       5.641695  -1.824025   0.085706
    61  0.15597707    4.244352   97.877170       6.382077   2.495017  -2.788884
    62  0.20505789    5.579909  128.675876       6.517839   1.452712  -4.137175
    63  0.19493622    5.304484  122.324426       6.771551   3.808793  -1.865182
    64  0.18162685    4.942318  113.972664       7.105818  -2.975856   2.952237
    65  0.19985747    5.438398  125.412562       7.128313  -2.668884  -2.754668
    66  0.14651278    3.986815   91.938234       7.657490  -2.862536  -1.162052
    67  0.13869582    3.774105   87.033017       7.688710  -2.940421   1.302036
    68  0.18524849    5.040868  116.245277       8.775727  -3.049483   0.003223
