 Number of surface minima:    72
   #       a.u.         eV      kcal/mol           X/Y/Z coordinate(Angstrom)
     1  0.10464862    2.847634   65.668058      -7.621737  -1.406484  -2.209708
     2  0.10876301    2.959592   68.249873      -7.484177  -2.724160   0.176856
     3  0.09781947    2.661803   61.382694      -7.426139   0.537324  -1.863196
     4  0.08969706    2.440781   56.285800      -7.002281   1.570035   0.650624
     5  0.09894633    2.692467   62.089810      -6.757172  -1.888788   1.780887
     6  0.10957472    2.981680   68.759233      -6.486631  -0.520153  -3.064256
     7  0.08452814    2.300128   53.042256      -6.492584   0.535507   2.002552
     8  0.08203459    2.232275   51.477528      -5.336392   1.556409   1.272595
     9  0.07167429    1.950357   44.976335      -5.152013   2.922526  -1.855582
    10  0.17526993    4.769337  109.983633      -4.634126  -2.522615  -1.739820
    11  0.16456862    4.478140  103.268456      -4.217753  -1.445423  -1.970303
    12  0.16638291    4.527509  104.406941      -3.943193  -0.378657  -1.957596
    13  0.14205782    3.865590   89.142702      -3.732051  -1.607904   0.609453
    14  0.04703877    1.279990   29.517298      -3.346116   2.103967   1.237779
    15  0.15881981    4.321707   99.661017      -2.685427  -5.044481  -1.362627
    16  0.05125375    1.394685   32.162240      -2.593622   2.960160   0.569404
    17  0.07390944    2.011178   46.378913      -2.155618   3.227434  -1.412325
    18  0.15175086    4.129351   95.225183      -1.964140  -1.839642   0.545687
    19 -0.00361412   -0.098345   -2.267895      -1.760091   0.502655   3.891928
    20  0.07391159    2.011237   46.380263      -1.791741   2.835981  -1.212849
    21  0.04987570    1.357187   31.297502      -1.687696   3.190321   0.393104
    22  0.15302401    4.163995   96.024096      -1.468087  -4.638258   0.107915
    23  0.05754920    1.565993   36.112697      -1.400293   2.103967  -0.392381
    24  0.17723623    4.822843  111.217505      -1.269683  -2.557037  -3.795312
    25  0.17112104    4.656440  107.380166      -1.127794  -4.834614  -1.669009
*   26 -0.01376213   -0.374487   -8.635872      -0.412127   0.781277   4.472222
    27  0.04629107    1.259644   29.048112      -0.536276   5.284688   0.641001
    28  0.16939752    4.609541  106.298639      -0.276713  -1.202027  -4.258717
    29  0.10819451    2.944122   67.893134      -0.101633   3.182736  -0.763932
    30  0.01374371    0.373985    8.624313       0.130694  -1.328206   2.645289
    31  0.17109515    4.655736  107.363915       0.279049  -3.008550  -4.340951
    32  0.20152685    5.483825  126.460116       0.414018  -3.003427  -0.948260
    33  0.19211353    5.227675  120.553164       0.495252  -0.450439  -1.622739
    34  0.03178323    0.864866   19.944297       0.436041   3.449658   2.143830
    35  0.02855505    0.777022   17.918580       0.773668  -1.576388   3.166252
    36  0.10111341    2.751436   63.449675       1.256619   3.559205   0.483605
    37  0.18586131    5.057543  116.629828       1.419246  -3.231739  -1.491106
    38  0.18894288    5.141397  118.563548       1.595451  -0.650003  -1.990849
    39  0.03750895    1.020670   23.537242       2.031231   1.338222   1.754605
    40  0.17846048    4.856157  111.985734       2.368592  -3.192017  -0.922790
    41  0.17491828    4.759768  109.762970       2.371017  -3.054058   0.109206
    42  0.18299342    4.979504  114.830203       2.544626  -0.618590  -1.440364
    43  0.03146121    0.856103   19.742221       2.430465  -0.145036   3.152863
    44  0.19194941    5.223209  120.450175       2.616146  -3.215902  -2.277658
    45  0.16751422    4.558294  105.116851       2.608634  -0.412099   0.224224
    46  0.12745344    3.468184   79.978308       2.768017   3.623505  -1.243797
    47  0.12152643    3.306902   76.259053       3.164900   3.476803  -0.104602
    48  0.15656440    4.260334   98.245726       3.429489   1.110689  -1.772126
    49  0.11811042    3.213948   74.115471       3.561783   4.030844  -2.164241
    50  0.06831095    1.858835   42.865804       3.694403  -3.581766   2.887205
    51  0.12114084    3.296410   76.017086       3.680667   3.098545   1.143534
    52  0.13751362    3.741936   86.291174       4.208277   1.514526  -2.828227
    53  0.14322277    3.897290   89.873721       4.274264  -0.226321  -3.146254
    54  0.10822181    2.944865   67.910269       4.381259   3.738432   0.157028
    55  0.12194620    3.318325   76.522463       4.462858  -4.685148  -0.958137
    56  0.14422974    3.924691   90.505602       4.607722   1.315287   0.897516
    57  0.11528872    3.137165   72.344822       4.496991   4.218462  -2.008059
    58  0.10362524    2.819786   65.025872       4.760257  -0.773789   1.707716
    59  0.14126027    3.843887   88.642232       4.873871   2.085329  -3.651999
    60  0.12715438    3.460047   79.790642       5.045659   1.213829  -0.397580
    61  0.11267467    3.066034   70.704480       4.999868   4.063242  -0.688990
    62  0.13038095    3.547846   81.815351       5.281609   1.762068  -2.613103
    63  0.12071157    3.284729   75.747717       5.572459  -4.069960  -1.962710
    64  0.12873474    3.503051   80.782339       5.567886   0.159193  -1.984123
    65  0.13215863    3.596219   82.930860       5.619753  -1.600273  -3.064969
    66  0.12765595    3.473695   80.105385       5.662387   1.552240  -1.217239
    67  0.11078993    3.014747   69.521791       5.808330  -3.978615  -0.155553
    68  0.11644741    3.168695   73.071913       5.912710  -0.018606   0.622383
    69  0.13097235    3.563939   82.186459       5.914581   4.293387  -1.801610
    70  0.13348887    3.632417   83.765600       6.075375   1.631309   0.007941
    71  0.10790788    2.936323   67.713274       6.316245  -1.736536   1.012635
    72  0.14038311    3.820019   88.091805       6.472258   2.175889  -2.165199
 
 Number of surface maxima:    96
   #       a.u.         eV      kcal/mol           X/Y/Z coordinate(Angstrom)
     1  0.16123778    4.387503  101.178316      -8.388456  -0.552433  -1.112050
     2  0.16393734    4.460962  102.872322      -8.053812  -1.578886   0.922567
     3  0.15484705    4.213602   97.168072      -7.870062   0.240722   1.130475
     4  0.11651154    3.170440   73.112154      -7.264178  -0.650278  -2.759396
     5  0.14065637    3.827454   88.263279      -7.155741  -0.668451  -0.020649
     6  0.12048227    3.278489   75.603829      -6.757172  -3.055511   0.975419
     7  0.13825640    3.762148   86.757272      -6.874267  -1.858475  -0.944249
     8  0.12524118    3.407986   78.590093      -6.812486   0.461122  -0.710144
     9  0.09744037    2.651487   61.144806      -6.342607   1.470870   1.445478
    10  0.12642259    3.440134   79.331441      -6.217065  -0.797231   1.314653
    11  0.18127688    4.932795  113.753053      -6.095701  -2.196055  -2.562835
    12  0.16249752    4.421782  101.968819      -6.080478   0.937583  -2.650416
    13  0.19006076    5.171816  119.265027      -5.963407  -3.397396  -0.760969
    14  0.15030369    4.089971   94.317069      -5.852342   2.199957  -0.168096
    15  0.16599148    4.516858  104.161316      -5.074073  -2.424490   1.820954
    16  0.19045249    5.182476  119.510844      -5.148980  -1.984383  -1.069394
    17  0.13842964    3.766862   86.865982      -4.981160   0.151118   2.150695
    18  0.23964212    6.520994  150.377824      -4.799031  -3.651066  -0.882344
    19  0.16358472    4.451367  102.651048      -4.663018  -2.273001   0.331921
    20  0.15880410    4.321279   99.651160      -4.492492  -1.189555   0.659838
    21  0.17396417    4.733806  109.164257      -4.615136  -0.670845  -1.869113
    22  0.21893290    5.957467  137.382586      -4.585441   0.968341  -0.419083
    23  0.06640809    1.807056   41.671743      -3.724432  -0.017618   2.483867
    24  0.18819161    5.120954  118.092116      -3.847772   2.901469  -1.343003
    25  0.06903040    1.878413   43.317267      -3.729801   3.152950   1.025763
    26  0.22430266    6.103586  140.752164      -3.482343   0.903279  -2.058093
    27  0.21137369    5.751771  132.639102      -3.314880  -3.583467  -1.212120
    28  0.21640923    5.888795  135.798958      -2.937073  -4.957230   0.110094
    29  0.21613524    5.881339  135.627025      -2.780412  -1.196827   0.108594
    30  0.24528196    6.674461  153.916880      -2.682212  -0.950066  -1.525293
    31  0.19107047    5.199292  119.898633      -2.553506   1.241533   0.041426
    32  0.23389610    6.364637  146.772144      -2.162815  -4.259849  -2.859625
    33  0.14404258    3.919598   90.388159      -1.994577   3.536815   2.697192
    34  0.12787166    3.479565   80.240744      -1.839755   1.457597   1.046815
    35  0.10707154    2.913565   67.188461      -1.705129   2.372620  -2.514173
    36  0.17473678    4.754830  109.649075      -1.508401  -5.101019  -1.225858
    37  0.24009196    6.533234  150.660106      -1.584045  -1.078316  -3.324492
    38  0.17341198    4.718780  108.817751      -1.350048  -0.281146   0.777890
    39  0.08470404    2.304914   53.152634      -1.068517   4.431765   1.412707
    40  0.11126377    3.027641   69.819131      -0.936223   1.755532   2.804428
    41  0.25084371    6.825804  157.406937      -0.829375  -2.408234  -1.631825
    42  0.24147887    6.570974  151.530404      -0.651042  -3.951330  -3.311328
    43  0.22168012    6.032223  139.106490      -0.662884  -2.770118  -0.404603
    44  0.18498505    5.033699  116.079968      -0.703376  -2.408128  -4.315748
    45  0.23224608    6.319737  145.736738      -0.666862  -1.060997  -1.994454
    46  0.11678898    3.177990   73.286254      -0.528870  -0.152395   2.644898
    47  0.18488637    5.031014  116.018048      -0.366728   4.771033  -1.966296
    48  0.23524441    6.401326  147.618219      -0.043040  -3.990240  -0.702979
    49  0.19370091    5.270870  121.549261       0.002122   1.724812   0.102662
    50  0.19899082    5.414816  124.868732       0.368877   0.111698   0.209617
    51  0.23225216    6.319903  145.740554       0.436665   1.731684  -1.956670
    52  0.11232557    3.056534   70.485420       0.795125   2.109082   1.833921
    53  0.25195478    6.856038  158.104144       1.203663  -2.495232  -0.401418
    54  0.14600859    3.973096   91.621851       1.089773   0.275556   1.728962
    55  0.23707466    6.451130  148.766721       1.253126  -1.758381  -4.520206
    56  0.22503445    6.123499  141.211368       1.461632  -2.617743  -3.040581
    57  0.24961225    6.792295  156.634182       1.461378  -0.915605  -0.799785
    58  0.03477793    0.946356   21.823497       1.553052   1.247007   4.677200
    59  0.20234536    5.506097  126.973736       1.709663  -0.879443   1.756984
    60  0.22772347    6.196671  142.898753       1.696851   0.590739  -0.972932
    61  0.23125230    6.292695  145.113134       1.645213   2.338119  -3.394007
    62  0.16000397    4.353929  100.404088       1.723378   2.815823   0.273688
    63  0.21062087    5.731285  132.166702       1.775088   1.707084  -1.941190
    64  0.22320173    6.073628  140.061321       1.946604  -2.988561   1.367693
    65  0.17867540    4.862005  112.120602       2.025524   5.330303   0.002650
    66  0.16110831    4.383980  101.097073       2.382071   2.386123   0.513216
    67  0.18622020    5.067309  116.855040       2.929733  -3.149667  -0.526158
*   68  0.26190061    7.126678  164.345250       2.903324  -2.392379  -3.463089
    69  0.18264264    4.969959  114.610084       3.012023  -2.273901   3.113981
    70  0.19510733    5.309140  122.431798       3.123425  -1.084882  -2.144024
    71  0.19358156    5.267622  121.474364       3.137817  -0.588741  -0.961894
    72  0.20919590    5.692510  131.272519       3.561783  -2.308537  -2.053407
    73  0.23781699    6.471329  149.232539       3.489959  -1.631726   1.036154
    74  0.18485693    5.030213  115.999569       3.829155   1.840516   1.839028
    75  0.20035942    5.452057  125.727542       3.888735  -3.879079  -2.535792
    76  0.19511249    5.309281  122.435041       3.958666   0.731859  -1.897356
    77  0.17026300    4.633092  106.841734       3.958666   3.352454  -1.155011
    78  0.18287648    4.976322  114.756818       4.354324   1.837581  -1.477818
    79  0.17259121    4.696446  108.302707       4.358173  -4.376868   0.504293
    80  0.17823920    4.850135  111.846882       4.372060   0.535263   0.780881
    81  0.20766436    5.650835  130.311462       4.653653   3.323630  -4.477715
    82  0.15519616    4.223102   97.387142       4.969258  -0.281069  -0.827775
    83  0.12987282    3.534019   81.496493       5.149315  -4.569092  -1.240123
    84  0.14805816    4.028868   92.907978       5.070702  -0.355943  -3.143582
    85  0.15305196    4.164756   96.041638       5.082539   2.236262   0.969379
    86  0.16126024    4.388114  101.192416       5.263030  -2.261745   1.922293
    87  0.16122041    4.387030  101.167418       5.662650   3.287837  -3.178007
    88  0.16168760    4.399743  101.460584       5.756870  -1.879255  -1.114729
    89  0.12207538    3.321840   76.603519       5.869540  -0.517150   1.227203
    90  0.14425125    3.925276   90.519103       6.075375   1.921584  -2.160200
    91  0.15704247    4.273343   98.545722       6.560692   3.019848  -0.841884
    92  0.17781630    4.838628  111.581508       6.691144  -3.197895  -1.376770
    93  0.18823449    5.122121  118.119023       6.631833  -0.918617  -2.121743
    94  0.19600834    5.333658  122.997194       6.693928   2.754165   0.750433
    95  0.17846367    4.856243  111.987737       6.856680  -0.944639  -0.395115
    96  0.20145720    5.481929  126.416409       7.090658   3.540856  -2.403498
