 Number of surface minima:    68
   #       a.u.         eV      kcal/mol           X/Y/Z coordinate(Angstrom)
     1  0.07850530    2.136238   49.262863      -6.500530  -3.393342   0.939302
     2  0.07891228    2.147312   49.518242      -6.617997  -3.053553  -0.171609
     3  0.11764783    3.201360   73.825190      -6.084712   5.178842  -2.000246
     4  0.08170180    2.223219   51.268698      -5.851585  -5.476583  -0.984695
     5  0.08350127    2.272185   52.397882      -5.809562  -2.596906  -0.645559
     6  0.08116113    2.208507   50.929420      -5.684839  -5.796856   0.110787
     7  0.08171039    2.223453   51.274086      -5.574470  -3.243764   1.485763
     8  0.09929410    2.701930   62.308041      -5.661957   4.407360  -0.808315
     9  0.09955652    2.709071   62.472711      -5.275976   3.999575  -0.019703
    10  0.08715854    2.371705   54.692858      -5.014961  -4.978887  -1.572303
    11  0.10062912    2.738258   63.145781      -5.131031   4.012226  -1.997161
    12  0.09226442    2.510643   57.896846      -4.912998  -2.437092  -0.189278
    13  0.09177128    2.497224   57.587398      -4.815410  -2.826403   1.013877
    14  0.08891687    2.419551   55.796224      -4.738053  -5.640777   0.638501
    15  0.11538520    3.139791   72.405369      -4.588747   6.803512  -1.857544
    16  0.09776896    2.660429   61.351001      -4.436396  -1.083962  -0.168522
    17  0.11097647    3.019823   69.638844      -4.336590   3.168382  -0.027894
    18  0.09820520    2.672299   61.624747      -4.369731   3.310071  -2.144520
    19  0.11055804    3.008437   69.376274      -3.969587   2.915855  -1.083611
    20  0.09606339    2.614018   60.280740      -3.851913   6.348199  -0.695972
    21  0.09685069    2.635441   60.774777      -3.528751   6.011388   0.126119
    22  0.09598159    2.611792   60.229405      -3.332657   5.948804  -1.894587
    23  0.11793215    3.209097   74.003603      -3.289975   2.669200  -2.395562
    24  0.09140393    2.487227   57.356881      -3.087840   0.121380   0.449857
    25  0.09073830    2.469115   56.939193      -2.571944   5.280306  -2.047123
    26  0.13942931    3.794064   87.493285      -2.417748  -1.992968   0.995014
    27  0.10464681    2.847585   65.666922      -2.496304   5.059421  -0.018568
    28  0.16712565    4.547720  104.873018      -2.109050  -2.894673  -1.457622
    29  0.14744570    4.012202   92.523654      -2.042528  -3.058151   1.356668
    30  0.09976879    2.714847   62.605914      -2.116672   4.767198  -0.951110
    31  0.16846085    4.584053  105.710866      -1.894809  -5.038233  -0.476507
    32  0.15955497    4.341712  100.122342      -1.879561  -3.979873  -1.099331
    33  0.16783082    4.566909  105.315516      -1.693210  -4.464020   1.608666
    34  0.11487662    3.125952   72.086229      -1.761205   2.902839  -1.514405
    35  0.10666517    2.902507   66.933461      -1.684813   4.151086  -2.124958
    36  0.16616584    4.521602  104.270726      -0.789808  -4.220457  -0.933227
    37  0.01991114    0.541810   12.494437      -0.843316   0.645823   3.478717
    38  0.02821209    0.767690   17.703367      -0.811875   2.217644  -1.414228
    39  0.14926928    4.061824   93.667963      -0.803718  -3.312535   1.550368
    40  0.04361203    1.186744   27.366984      -0.417533   2.778756   2.881507
    41  0.14891857    4.052280   93.447895      -0.042720  -2.524258   1.381632
    42  0.02849662    0.775432   17.881914      -0.087198   0.192340  -1.888348
    43  0.04738328    1.289365   29.733484       0.132095   4.260337   0.364352
    44  0.03249059    0.884114   20.388168       0.880572   4.692414   2.939520
    45  0.03169110    0.862359   19.886484       0.961744  -0.610839   2.477364
    46  0.02837604    0.772151   17.806249       1.624018   3.094204   1.022127
*   47  0.01394376    0.379429    8.749851       1.656493   3.302159  -0.573048
    48  0.15189948    4.133395   95.318442       1.884430  -1.458397  -1.573340
    49  0.17547201    4.774836  110.110441       2.559773  -3.045929   0.424946
    50  0.14841780    4.038654   93.133652       2.892365  -1.681712  -2.020642
    51  0.07281485    1.981393   45.692048       3.024660   1.925900   1.022127
    52  0.16430593    4.470992  103.103615       3.533388  -3.178223   0.049476
    53  0.13766046    3.745932   86.383317       3.533414   0.071045  -0.888083
    54  0.14198742    3.863674   89.098524       3.869750  -0.877895  -1.704729
    55  0.15892498    4.324569   99.727016       4.363575  -2.397407   0.386331
    56  0.15870294    4.318527   99.587682       4.342173  -1.851797  -2.277258
    57  0.15776881    4.293108   99.001504       4.347603  -1.538208   1.022127
    58  0.17298992    4.707295  108.552907       4.736458  -3.304445  -0.704203
    59  0.08942615    2.433409   56.115803       5.442135   0.817607   1.309979
    60  0.09060874    2.465589   56.857893       6.664199  -0.861627   0.757538
    61  0.07798551    2.122094   48.936688       6.845464   0.390493  -2.287953
    62  0.07522372    2.046942   47.203636       6.960898   1.044057   0.307831
    63  0.08546798    2.325702   53.632009       7.486562  -1.736847  -1.816547
    64  0.08052731    2.191259   50.531690       7.549608  -1.173388   0.794289
    65  0.07527220    2.048261   47.234061       7.887815   0.058133  -2.285231
    66  0.07273404    1.979194   45.641336       8.022229   0.647828   0.312754
    67  0.07698066    2.094750   48.306132       8.164112  -1.082966  -2.030002
    68  0.07498214    2.040368   47.052044       8.381418  -0.467351   0.557936
 
 Number of surface maxima:    72
   #       a.u.         eV      kcal/mol           X/Y/Z coordinate(Angstrom)
     1  0.16924475    4.605384  106.202774      -8.255505  -5.169536   0.073167
     2  0.12544880    3.413635   78.720377      -7.303423  -4.505654  -1.232758
     3  0.12492822    3.399470   78.393706      -7.029707  -5.162638   1.208906
     4  0.17489451    4.759122  109.748053      -6.968363  -3.807730  -2.753064
     5  0.17336763    4.717573  108.789924      -6.368236  -5.427226   2.701971
     6  0.18421853    5.012841  115.598970      -5.974297   6.347940   0.897053
     7  0.18499952    5.034093  116.089051      -5.979774   6.621914  -2.424965
     8  0.11978107    3.259409   75.163820      -5.898756   4.832032  -1.915905
     9  0.14016360    3.814045   87.954060      -5.706764   6.300926  -0.850537
    10  0.13343023    3.630821   83.728805      -5.357723  -3.310517   0.228361
    11  0.13699223    3.727748   85.963997      -4.918316  -4.781248  -0.309176
    12  0.14520074    3.951113   91.114917      -4.780704   5.197948   1.328345
    13  0.14016501    3.814084   87.954944      -4.851776   5.553201  -3.017774
    14  0.15271085    4.155474   95.827586      -4.381438   3.967759  -0.955701
    15  0.18534087    5.043382  116.303250      -4.103712   0.385838  -1.222594
    16  0.19508412    5.308509  122.417235      -3.871017  -2.654715  -2.677451
    17  0.19690430    5.358039  123.559418      -3.862840   4.358992   2.331832
    18  0.18320800    4.985343  114.964854      -3.925316   4.790615  -4.208023
    19  0.17081578    4.648134  107.188613      -3.457761  -1.940290   0.143351
    20  0.19510205    5.308997  122.428489      -3.233112  -4.375161   2.589879
    21  0.19497905    5.305650  122.351304      -3.238166  -2.389459  -1.114350
    22  0.14901968    4.055032   93.511338      -3.312859   5.161313  -0.826646
    23  0.13810621    3.758061   86.663028      -3.034527   3.878482  -3.166184
    24  0.17891409    4.868500  112.270383      -2.946891   1.977901   0.480362
    25  0.17498907    4.761695  109.807388      -2.932220   3.569584   1.425384
    26  0.18407622    5.008969  115.509671      -2.734378  -4.104283   1.084038
    27  0.05835398    1.587893   36.617707      -2.461064  -0.461700   2.944884
    28  0.19001196    5.170488  119.234406      -2.398080   3.038860   2.212238
    29  0.17731580    4.825008  111.267438      -1.876309   2.866744  -2.835016
    30  0.23567257    6.412977  147.886897      -1.755139  -5.739505   0.874535
    31  0.17303133    4.708422  108.578893      -1.706094  -0.473836   0.154568
    32  0.19276294    5.245346  120.960672      -1.605641  -1.193808  -1.545075
    33  0.14016664    3.814128   87.955967      -1.681783   3.492644  -0.906135
    34  0.17121634    4.659034  107.439966      -1.477200   5.693845   2.345585
    35  0.14280480    3.885916   89.611442      -1.456922   0.679217   0.247003
    36  0.22708246    6.179228  142.496514      -1.115885  -2.397237   0.701003
    37  0.15897417    4.325907   99.757880      -1.076464   2.043792   1.349253
    38  0.24207105    6.587088  151.902006      -0.962563  -2.793136  -0.843726
    39  0.13750757    3.741771   86.287378      -0.687744   3.037514   0.883356
    40  0.20479239    5.572684  128.509273      -0.385140  -4.976902   0.625244
    41  0.13382157    3.641470   83.974373      -0.289765   1.199468  -0.965914
    42  0.17219270    4.685602  108.052643      -0.150403  -0.664631   0.779897
    43  0.13600663    3.700929   85.345523       0.083820   2.636360   0.226398
    44  0.14293383    3.889427   89.692405       0.402490   0.680503   2.114361
    45  0.16611753    4.520288  104.240414       1.205389   0.024258  -0.258158
    46  0.25811010    7.023533  161.966670       1.297943  -4.753758   0.757973
    47  0.23424862    6.374229  146.993349       1.308540  -3.443983  -0.300362
    48  0.15367648    4.181750   96.433527       1.329561   6.092146   0.787267
    49  0.15511107    4.220787   97.333750       1.550417   1.711854   3.387853
    50  0.13018975    3.542643   81.695368       1.653327   1.309795   0.860736
*   51  0.25835413    7.030173  162.119801       1.895894  -4.174695  -1.826465
    52  0.16857073    4.587043  105.779821       2.441158   0.603987   0.570919
    53  0.05644605    1.535975   35.420458       2.625843   2.113868  -1.889046
    54  0.22745871    6.189466  142.732612       2.757744  -1.054023  -0.834600
    55  0.18579360    5.055701  116.587343       3.045347  -0.778290   1.709590
    56  0.23837130    6.486413  149.580373       3.064456  -1.987574   0.400452
    57  0.20397529    5.550450  127.996533       3.310106  -3.535479  -1.728597
    58  0.16850182    4.585168  105.736577       4.369843   1.766257   2.394661
    59  0.18020270    4.903565  113.078996       4.548459   0.329991  -0.168522
    60  0.16968121    4.617261  106.476657       4.761345  -0.654253   1.030685
    61  0.16996648    4.625023  106.655667       4.867658   1.878389  -1.078366
    62  0.23419636    6.372807  146.960559       4.996167  -3.277686  -2.146470
    63  0.18628929    5.069189  116.898394       5.273663  -2.395889  -0.571807
    64  0.20146801    5.482223  126.423193       6.169513  -3.486091   0.084641
    65  0.12392651    3.372212   77.765125       6.487828   1.892521  -1.215741
    66  0.13112598    3.568119   82.282863       6.987888  -0.666323  -1.499536
    67  0.12814627    3.487037   80.413063       7.235307  -0.274416   0.062226
    68  0.16524903    4.496655  103.695419       8.026985   2.587854  -1.505123
    69  0.11880308    3.232796   74.550118       8.871924   1.198896  -1.342109
    70  0.17275905    4.701013  108.408029       9.395901  -2.789400  -0.292221
    71  0.12182742    3.315093   76.447924       9.514083  -1.188393  -0.693278
    72  0.16467558    4.481050  103.335572      10.303328   0.264931  -1.091301
