 Number of surface minima:    73
   #       a.u.         eV      kcal/mol           X/Y/Z coordinate(Angstrom)
     1  0.10441823    2.841365   65.523484      -8.019569   0.899758   0.113665
     2  0.10933051    2.975034   68.605987      -7.868265   0.945979  -2.365566
     3  0.10475384    2.850497   65.734083      -7.623471  -0.629331   1.061568
     4  0.10738465    2.922085   67.384944      -7.106473  -0.502713  -3.436467
     5  0.10282384    2.797979   64.522985      -6.894248  -2.814533  -0.653715
     6  0.11057024    3.008769   69.383929      -6.814063   0.843144   1.338020
     7  0.10174966    2.768749   63.848927      -6.409546  -2.596214  -2.495940
     8  0.10826370    2.946005   67.936551      -5.241388  -3.089755  -1.419773
     9  0.16406715    4.464494  102.953779      -4.976800   2.201179  -1.656575
    10  0.14975732    4.075104   93.974214      -4.726057   1.593020  -0.452622
    11  0.15153733    4.123540   95.091191      -4.572753   0.823309   0.448403
    12  0.08386600    2.282110   52.626751      -4.479656  -0.639506   3.801791
    13  0.16010980    4.356809  100.470503      -4.032574   0.724308  -3.001151
    14  0.15558580    4.233705   97.631647      -4.063720   2.256099  -0.710056
    15  0.08793533    2.392842   55.180301      -3.817190  -4.074568   0.391088
    16  0.14534403    3.955012   91.204833      -3.783844  -0.238584  -2.113700
    17  0.14839605    4.038062   93.120005      -3.641712  -1.018265  -1.177458
    18  0.06528415    1.776472   40.966455      -3.214666  -1.955439   3.622010
    19  0.06484498    1.764522   40.690873      -2.615425  -3.423296   1.818943
    20  0.14872075    4.046897   93.323759      -2.729384   0.688532  -2.377212
    21  0.07887835    2.146389   49.496956      -2.330914  -3.241942  -0.088098
    22  0.14974698    4.074823   93.967728      -1.782845   0.812525  -1.850495
    23  0.16649677    4.530607  104.478386      -1.537148  -0.030363  -0.845348
    24  0.01636734    0.445378   10.270670      -1.388403   0.306249   2.411754
    25  0.05472235    1.489071   34.338823      -0.969356  -3.133020   0.135489
    26  0.05414940    1.473480   33.979287      -0.763638  -3.950803  -2.285921
    27  0.02484208    0.675987   15.588651      -0.845311  -3.801552   1.734600
    28  0.12546394    3.414047   78.729874      -0.722988   2.429182   1.358403
    29  0.15238226    4.146532   95.621390      -0.458120   4.281902  -0.890328
    30  0.12701812    3.456339   79.705137      -0.275104   3.407728   1.595288
    31  0.15893510    4.324844   99.733365      -0.018924   5.453042  -0.326140
    32  0.14636792    3.982874   91.847334       0.210222   4.682255   1.764895
*   33 -0.00732086   -0.199211   -4.593914       0.257013  -1.748810   3.579702
    34  0.06025938    1.639741   37.813363       0.459012  -1.789189  -1.848939
    35  0.04681714    1.273959   29.378222       0.417141  -0.033609  -1.774654
    36  0.07850975    2.136359   49.265654       0.685123  -3.954152  -0.048667
    37  0.14695742    3.998915   92.217252       0.651513   4.466640  -0.978646
    38 -0.00429646   -0.116913   -2.696075       0.844150  -0.632496   3.506735
    39  0.12408337    3.376480   77.863554       1.008479   3.631905   1.506821
    40  0.15240204    4.147070   95.633801       1.250135   3.616389  -1.316471
    41  0.12210524    3.322653   76.622258       1.266215  -3.653268   0.290138
    42  0.10378168    2.824043   65.124045       1.547216   0.722643  -2.885197
    43  0.12373658    3.367044   77.645942       1.611666   2.793081   1.154418
    44  0.05748849    1.564341   36.074604       1.779698  -0.096553  -0.784106
    45  0.05982796    1.628002   37.542643       2.143110  -0.818061  -0.653715
    46  0.10592887    2.882471   66.471428       2.301442   7.575377   0.406279
    47  0.06684578    1.818966   41.946397       2.408819  -0.904987   1.287656
    48  0.10374172    2.822956   65.098965       2.351858   0.318320  -0.204362
    49  0.11518859    3.134441   72.281989       2.682103   5.182889  -2.661470
    50  0.10100208    2.748406   63.379816       2.794615   6.763320   2.063083
    51  0.10601626    2.884849   66.526266       2.962488   6.639344  -1.837386
    52  0.10902339    2.966677   68.413265       3.093153   0.084952  -2.979036
    53  0.06647406    1.808851   41.713137       3.028078   0.584416   1.330699
    54  0.10624332    2.891028   66.668743       3.202635  -4.392071  -0.973638
    55  0.10857462    2.954466   68.131662       3.158215   1.681569  -3.564190
    56  0.10842066    2.950276   68.035049       3.317586  -3.417112  -1.599246
    57  0.09533162    2.594105   59.821545       4.148555  -5.263725  -1.184282
    58  0.09783266    2.662162   61.390970       4.258619  -3.208935  -2.436389
    59  0.10182961    2.770924   63.899096       4.331983   3.252220   1.727582
    60  0.09526008    2.592159   59.776655       4.321534   4.825564   2.271950
    61  0.10845871    2.951312   68.058927       4.300117   5.328304  -1.983998
    62  0.10067326    2.739459   63.173478       4.589455  -3.241694   0.953601
    63  0.10163153    2.765535   63.774804       4.724492  -2.308515   0.316152
    64  0.09494229    2.583511   59.577236       4.871430  -5.105199  -1.785913
    65  0.09253758    2.518076   58.068259       4.849683   1.106623   0.970521
    66  0.09792758    2.664745   61.450535       4.952501  -3.936849  -2.504692
    67  0.10176418    2.769144   63.858038       5.275329   4.327861   0.801522
    68  0.09085028    2.472162   57.009459       5.506452  -4.182845   0.846251
    69  0.09451587    2.571908   59.309651       5.585206  -2.094663  -0.398724
    70  0.11386981    3.098555   71.454442       6.065626  -4.936209  -2.443837
    71  0.09198672    2.503086   57.722585       6.279481  -3.935243   0.141879
    72  0.09528000    2.592701   59.789153       6.304986  -2.848660  -0.505054
    73  0.11253296    3.062177   70.615555       7.249686  -3.884444  -0.862894
 
 Number of surface maxima:   107
   #       a.u.         eV      kcal/mol           X/Y/Z coordinate(Angstrom)
     1  0.16478111    4.483922  103.401797      -8.570346  -0.509270  -0.270074
     2  0.16769851    4.563308  105.232489      -8.289487  -0.501821  -2.510739
     3  0.16334341    4.444800  102.499620      -7.810844  -2.232916  -1.744838
     4  0.11791282    3.208571   73.991472      -7.560966   0.487578   1.127831
     5  0.14498043    3.945118   90.976672      -7.287607  -0.777298  -1.220129
     6  0.13887315    3.778931   87.144290      -7.310376   0.690447  -1.157684
     7  0.12327702    3.354538   77.357560      -7.086288   0.829468  -3.421049
     8  0.17510707    4.764906  109.881439      -6.702260   2.003924   0.137581
     9  0.18243366    4.964272  114.478943      -6.538507   2.181074  -2.219528
    10  0.13778605    3.749349   86.462126      -6.318353  -1.168121  -2.537214
    11  0.17375346    4.728072  109.032033      -6.143634  -0.607525   1.763049
    12  0.11506232    3.131005   72.202759      -6.047219  -3.165780  -1.584114
    13  0.17872361    4.863317  112.150851      -5.858599  -1.660112   1.094199
    14  0.16908853    4.601133  106.104746      -5.516538  -2.866253   0.258584
    15  0.17876151    4.864348  112.174636      -5.427310   0.000444  -3.828779
    16  0.17540637    4.773050  110.069250      -5.458769   1.219624  -1.421278
    17  0.17243959    4.692320  108.207566      -5.109094  -0.323271   0.449276
    18  0.22776382    6.197769  142.924076      -4.951114   1.900488  -3.131695
    19  0.14425236    3.925306   90.519798      -4.932774  -2.176003   3.607029
    20  0.17112338    4.656504  107.381632      -4.875139   0.224199  -2.373541
    21  0.17024264    4.632538  106.828961      -4.848665  -2.217756  -2.786430
    22  0.17508822    4.764393  109.869610      -4.550116  -1.282607  -0.360649
    23  0.14489359    3.942755   90.922174      -4.374092  -3.998617   1.859876
    24  0.15761488    4.288919   98.904912      -4.315328   0.778365   2.763057
    25  0.15975314    4.347104  100.246696      -3.813310  -3.020565  -1.057963
    26  0.08747812    2.380401   54.893394      -3.827102  -0.646915   3.910550
    27  0.21876649    5.952939  137.278158      -3.518695   1.231140  -0.117944
    28  0.19579839    5.327945  122.865445      -3.616613   2.410273  -2.468592
    29  0.09337534    2.540872   58.593959      -3.011748  -3.966493   0.399545
    30  0.21949745    5.972829  137.736846      -2.833681   0.206728  -1.137434
    31  0.24036949    6.540787  150.834261      -2.672621   4.130099   0.566551
    32  0.17190136    4.677674  107.869823      -2.449661  -1.138971   0.150207
    33  0.20521388    5.584154  128.773762      -2.237771   2.665948   0.248877
    34  0.20625243    5.612414  129.425463      -2.280672   2.807156  -0.074296
*   35  0.24684464    6.716984  154.897482      -2.227004   3.267799  -2.505836
    36  0.20950598    5.700948  131.467098      -2.072228   2.940937  -0.660416
    37  0.10521948    2.863168   66.026278      -1.987550  -1.175843   3.286678
    38  0.20029188    5.450219  125.685160      -2.043156  -1.154077  -1.560213
    39  0.11448955    3.115419   71.843338      -1.667207  -2.218994   0.803183
    40  0.20881683    5.682195  131.034647      -1.404854   2.542567  -1.376904
    41  0.12948969    3.523594   81.256073      -1.271902  -1.690476   0.802191
    42  0.18758626    5.104482  117.712253      -1.204858   4.859272   0.604635
    43  0.18884587    5.138757  118.502670      -0.992816  -0.222506  -0.236380
    44  0.10359507    2.818965   65.006944      -0.620311  -4.210475  -0.512573
    45  0.11719630    3.189074   73.541853      -0.478794  -0.655080   2.207119
    46  0.04336392    1.179992   27.211292      -0.373445  -3.733423   3.182819
    47  0.17411677    4.737958  109.260017      -0.293185   0.853471   0.669228
    48  0.21991991    5.984325  138.001942      -0.214205   6.043465   0.995062
    49  0.17004369    4.627124  106.704114      -0.048654  -5.879902  -0.761273
    50  0.21767873    5.923340  136.595581       0.191920   3.092684  -0.792796
    51  0.19793745    5.386152  124.207726       0.430749   2.669009   0.774503
    52  0.15692940    4.270266   98.474769       0.578700  -2.476314   0.538156
    53  0.17925975    4.877906  112.487284       0.732803   6.921653  -0.113534
    54  0.13657157    3.716301   85.700023       0.976609  -1.030111  -0.653448
    55  0.17193151    4.678494  107.888741       1.101335   5.333052  -0.140503
    56  0.17699454    4.816266  111.065845       1.239954   1.615034  -1.448866
    57  0.17775757    4.837029  111.544650       1.219822   2.408705  -1.588575
    58  0.15887694    4.323261   99.696868       1.217217   4.914195   1.288286
    59  0.11386895    3.098532   71.453905       1.304564  -1.558556   1.791113
    60  0.16834912    4.581013  105.640759       1.505621   5.821545   2.604049
    61  0.17644776    4.801388  110.722735       1.466923   5.969540  -2.128617
    62  0.13672414    3.720453   85.795762       1.582029  -0.159205   0.509298
    63  0.17634603    4.798619  110.658897       1.768059  -4.207622   1.479151
    64  0.15893662    4.324885   99.734320       1.770210   1.169137   0.140050
    65  0.17741511    4.827711  111.329758       1.649141   2.417776  -3.288928
    66  0.17810449    4.846470  111.762350       1.840016  -4.234754  -2.770424
    67  0.05952822    1.619845   37.354551       1.833719   1.375736   3.114034
    68  0.11786704    3.207325   73.962745       1.770833   7.304813   1.461477
    69  0.15744827    4.284385   98.800364       2.151046  -0.527744  -2.247941
    70  0.11162421    3.037449   70.045309       2.331994  -0.079499   0.426432
    71  0.17429075    4.742692  109.369188       2.544477   3.600921  -0.949824
    72  0.13729966    3.736114   86.156907       2.541274   6.474439  -0.534379
    73  0.16528820    4.497721  103.720001       2.693481  -4.209283   0.820923
    74  0.15029612    4.089765   94.312315       2.676462  -2.232155  -0.827048
    75  0.11855667    3.226091   74.395499       2.721692   0.691957  -3.431426
    76  0.17114998    4.657228  107.398324       2.867711   3.234059   0.159833
    77  0.16561546    4.506626  103.925356       3.022732  -2.456568   1.524867
    78  0.18798823    5.115420  117.964494       3.225447  -5.527386   1.410251
    79  0.15605013    4.246340   97.923020       3.225447   3.897681   2.711075
    80  0.13100965    3.564954   82.209863       3.197621   5.521830   1.664077
    81  0.13012254    3.540814   81.653192       3.371712  -0.747140   0.150757
    82  0.12130155    3.300783   76.117937       3.334400   5.573701  -2.539606
    83  0.14655523    3.987971   91.964872       3.415765  -1.765121   0.167462
    84  0.19041974    5.181585  119.490293       3.622330  -0.678171  -1.579776
    85  0.13689862    3.725201   85.905252       3.631008   0.570943  -1.307475
    86  0.18212715    4.955932  114.286609       3.640933   3.755172  -2.232097
    87  0.14275530    3.884569   89.580380       3.665370   5.892965   0.161559
    88  0.16465866    4.480590  103.324958       3.742970   7.301911   0.926015
    89  0.14845703    4.039721   93.158272       3.902215   2.036769   1.737233
    90  0.14727360    4.007518   92.415655       4.151507   1.804883  -1.391399
    91  0.18537481    5.044305  116.324550       4.115249   3.315877  -1.319860
    92  0.14918283    4.059471   93.613721       4.350943  -4.005007  -1.315187
    93  0.16546496    4.502531  103.830918       4.374813   6.634610  -1.075713
    94  0.10098292    2.747885   63.367792       4.472431   0.293564   0.857857
    95  0.17251074    4.694256  108.252217       4.508828   1.076445  -2.931194
    96  0.13857419    3.770796   86.956691       4.609204  -5.731160   0.597748
    97  0.17153373    4.667670  107.639128       4.695730   2.961128   0.015602
    98  0.14600416    3.972975   91.619072       4.877720  -1.493815  -2.044211
    99  0.11059296    3.009387   69.398186       4.879288   3.931819   1.661597
   100  0.16035760    4.363552  100.625999       5.043435   5.843438   1.177149
   101  0.14644139    3.984873   91.893436       5.172953  -3.285233  -0.146607
   102  0.16417364    4.467392  103.020600       5.353409   0.826992  -0.780506
   103  0.17940388    4.881828  112.577729       6.008945  -6.587432   0.010247
   104  0.18825638    5.122717  118.132759       6.304646  -1.679653  -2.907885
   105  0.13622964    3.706997   85.485462       6.529383  -5.395871  -1.047676
   106  0.13985954    3.805772   87.763262       6.658468  -3.282603  -2.361791
   107  0.18234468    4.961851  114.423108       7.528449  -4.733620  -2.171663
