 Number of surface minima:    53
   #       a.u.         eV      kcal/mol           X/Y/Z coordinate(Angstrom)
     1  0.11317257    3.079582   71.016918      -7.605900   0.359600  -0.056897
     2  0.11535713    3.139027   72.387756      -7.346768  -1.309977   1.392884
     3  0.09260453    2.519897   58.110266      -6.330534   0.242942  -0.780131
     4  0.09444960    2.570104   59.268067      -6.333344   1.148594   0.296722
     5  0.09673789    2.632372   60.703993      -6.093200  -1.754387   0.944955
     6  0.09958074    2.709730   62.487911      -6.096046  -0.872430   2.004107
     7  0.08669113    2.358986   54.399554      -5.540831  -0.040887  -1.293717
     8  0.09406488    2.559636   59.026653      -5.520121   1.550249   0.602211
     9  0.10280077    2.797351   64.508513      -5.253868  -0.519263   2.268696
    10  0.09223438    2.509825   57.877998      -5.144928  -2.129106   0.300037
    11  0.10220661    2.781183   64.135669      -4.383479  -0.624951  -1.832428
    12  0.09782705    2.662009   61.387453      -4.431131   0.491894  -0.850957
    13  0.10147421    2.761254   63.676084      -4.384586   1.231211   0.019692
    14  0.11528874    3.137166   72.344835      -4.210786  -0.835570   1.626872
    15  0.10628700    2.892216   66.696154      -4.166124  -2.286286  -0.453656
    16  0.02361966    0.642724   14.821572      -3.375301   3.431040  -0.324304
    17  0.15489924    4.215023   97.200825      -2.369833   1.487188   0.416575
    18  0.11439319    3.112797   71.782872      -2.259325  -1.371459   1.677779
    19  0.02511614    0.683445   15.760630      -2.181458  -1.171850  -1.644052
    20  0.11099147    3.020232   69.648258      -1.307052  -0.288501   2.137980
    21  0.05642409    1.535378   35.406682      -1.037368  -2.679270   0.551202
    22  0.12446165    3.386774   78.100932      -0.908457   1.155694   0.156208
    23  0.06860732    1.866900   43.051779      -0.680705  -2.867345   2.930167
    24  0.01358278    0.369606    8.523327      -0.475280  -3.699091  -1.303251
    25 -0.00224896   -0.061197   -1.411246      -0.323249  -1.757109  -3.490084
    26  0.01057303    0.287707    6.634679      -0.231526  -0.299403  -3.551071
    27  0.08674804    2.360534   54.435264       0.440323   0.227306   1.671956
    28  0.09621563    2.618161   60.376273       0.700401  -0.940313   1.888295
    29  0.19968979    5.433835  125.307337       0.791418   4.037110   0.883410
    30  0.18687417    5.085105  117.265410       0.777782   4.448513  -1.748356
    31  0.19876190    5.408586  124.725081       0.802153   5.223983   0.269565
    32  0.18742822    5.100181  117.613081       1.748915  -1.085024   0.804612
    33  0.19750877    5.374487  123.938726       1.893099   4.614413   0.721246
    34  0.18033840    4.907257  113.164151       1.966423   3.789464  -1.746257
    35  0.03345584    0.910380   20.993876       2.230398  -1.417441  -2.021937
    36  0.20287572    5.520529  127.306546       2.525056   0.227306   2.079644
*   37 -0.01025578   -0.279074   -6.435604       2.692595  -5.046491  -1.666528
    38  0.18791276    5.113366  117.917136       2.792907   1.952982  -1.169869
    39  0.18753314    5.103036  117.678922       2.917954  -2.283617   1.746462
    40  0.18557898    5.049861  116.452665       2.953192   3.067571  -1.505754
    41  0.20568595    5.596999  129.069988       2.955553   3.963574   0.954614
    42  0.19464633    5.296596  122.142522       3.045558   4.457275  -1.713437
    43  0.20412959    5.554649  128.093359       3.093218   5.140904   0.332957
    44  0.19901779    5.415549  124.885652       3.299079  -0.310560   2.822372
    45  0.21696087    5.903806  136.145117       3.451116   0.860759   3.005102
    46  0.19298515    5.251393  121.100113       3.498310  -1.577621   2.665578
    47  0.19429306    5.286983  121.920837       3.875072  -2.922874   2.284336
    48  0.20428001    5.558742  128.187750       4.377176  -0.963343   3.541089
    49  0.19338180    5.262186  121.349011       4.889213  -1.757227   0.142851
    50  0.20660102    5.621900  129.644204       5.322028   0.103943   1.212063
    51  0.19607729    5.335534  123.040462       5.450791  -2.547253   0.953859
    52  0.19722278    5.366705  123.759268       5.513857  -1.120428   1.078047
    53  0.20697370    5.632041  129.878067       6.027344  -0.667331   2.268696
 
 Number of surface maxima:    49
   #       a.u.         eV      kcal/mol           X/Y/Z coordinate(Angstrom)
     1  0.18268310    4.971060  114.635475      -8.522401  -0.501196   0.813458
     2  0.13575003    3.693946   85.184500      -7.452541  -1.238124  -0.142978
     3  0.14015059    3.813692   87.945899      -7.397017   0.413582   1.661206
     4  0.11473326    3.122051   71.996270      -7.314412   0.574499  -0.029997
     5  0.17550820    4.775821  110.133152      -7.032412  -2.161909  -1.452485
     6  0.18718637    5.093600  117.461318      -6.867839   1.465823   2.845741
     7  0.14654622    3.987725   91.959220      -5.408836   0.370411   0.013783
     8  0.12954549    3.525112   81.291089      -5.304425  -1.902538  -1.322096
     9  0.15142663    4.120528   95.021724      -5.137043  -0.806102   1.065972
    10  0.16526624    4.497123  103.706216      -3.806015  -1.980555  -1.806586
    11  0.20775657    5.653344  130.369326      -3.545178   1.688631   2.536128
    12  0.18778168    5.109799  117.834881      -3.135027  -2.399623   2.815106
    13  0.16871089    4.590857  105.867770      -2.369833  -1.027648   1.013742
    14  0.17590769    4.786692  110.383836      -2.393248   1.105738  -0.377190
    15  0.22234529    6.050323  139.523891      -1.733213   1.229797   1.551360
    16  0.12402307    3.374839   77.825715      -1.074935  -0.840498  -1.878059
    17  0.12610752    3.431560   79.133731      -1.029886  -1.881974  -0.498429
    18  0.20219643    5.502045  126.880281      -0.983545  -0.503115   4.316455
    19  0.16716803    4.548873  104.899609      -0.782301   0.661515  -0.623028
    20  0.21164761    5.759224  132.810992      -0.635296  -0.299789   0.569083
    21  0.04025974    1.095523   25.263391      -0.373074  -3.592812  -3.013177
    22  0.14111192    3.839851   88.549139      -0.179490  -0.889708   2.904107
    23  0.20512113    5.581630  128.715560      -0.176692   1.758976  -0.565347
    24  0.23755160    6.464108  149.066002      -0.247779   4.320391  -0.374104
    25  0.08248419    2.244509   51.759655       0.042962   2.011129  -3.155371
    26  0.23689318    6.446191  148.652838      -0.041682   2.423162   0.945753
    27  0.26288849    7.153560  164.965155       0.467244   5.710269  -1.038662
    28  0.14031694    3.818218   88.050282       1.069819  -0.853482  -2.012685
    29  0.20667925    5.624028  129.693293       1.048092   4.706206   0.653988
    30  0.20363611    5.541220  127.783693       1.466702  -0.416834   0.452539
    31  0.19915360    5.419245  124.970874       1.457727   0.753996  -0.655077
    32  0.19222074    5.230592  120.620439       1.557270  -3.080052   0.793631
    33  0.26556370    7.226356  166.643876       1.903254   2.641628  -0.852093
    34  0.28297159    7.700049  177.567502       1.831257   3.128195   0.631076
    35  0.21808339    5.934351  136.849507       2.056473  -1.978111   0.108011
    36  0.22680277    6.171617  142.321004       2.055882   5.314492  -0.774073
    37  0.27686149    7.533784  173.733356       3.054233  -0.863498   1.543441
    38  0.21552671    5.864780  135.245167       3.626993  -1.457157  -0.853282
    39  0.26747206    7.278285  167.841394       3.707354   5.518187  -0.898521
    40  0.27897386    7.591265  175.058886       3.858314   1.821204   0.949143
    41  0.23161636    6.302602  145.341579       4.189204  -3.135730   0.681164
    42  0.28072628    7.638950  176.158546       4.240556  -0.559967   0.555733
    43  0.23830354    6.484569  149.537856       4.128023   3.940210  -0.234217
*   44  0.29729873    8.089910  186.557928       4.303417   2.137960   2.591819
    45  0.24405944    6.641195  153.149737       4.932689   0.637440   2.810969
    46  0.26373586    7.176618  165.496888       5.170942  -3.422168   2.004107
    47  0.29210579    7.948603  183.299303       5.089636   2.647984   0.051106
    48  0.23065247    6.276373  144.736730       5.249117  -1.889403   2.611459
    49  0.27262043    7.418379  171.072044       5.754603  -0.671415   3.646122
