 Number of surface minima:    54
   #       a.u.         eV      kcal/mol           X/Y/Z coordinate(Angstrom)
     1  0.13134659    3.574122   82.421296      -6.771018   0.813248  -1.114612
     2  0.12233930    3.329022   76.769137      -6.439093  -1.305800  -1.043569
     3  0.12975099    3.530704   81.420041      -6.089659   0.824249  -3.202200
     4  0.11272038    3.067278   70.733168      -5.973022  -0.277918  -0.638634
     5  0.12013971    3.269168   75.388872      -5.697646  -1.165047  -3.209027
     6  0.11251072    3.061572   70.601603      -5.474239  -1.052305  -0.488016
     7  0.11854044    3.225649   74.385311      -5.564257   0.949652  -0.454825
     8  0.10997722    2.992632   69.011808      -5.061258  -0.131902  -3.131191
     9  0.11603229    3.157399   72.811424      -4.620584   0.965258  -2.923328
    10  0.10819749    2.944203   67.895005      -4.538891  -1.047930  -2.988209
    11  0.12062779    3.282449   75.695143      -4.538787   1.067528  -0.077356
    12  0.12425288    3.381093   77.969928      -4.190786  -0.978801  -0.048320
    13  0.12767671    3.474260   80.118412      -3.837671   0.021889   0.112033
    14  0.11776842    3.204642   73.900861      -3.724019   1.180307  -2.618398
    15  0.11982192    3.260520   75.189456      -3.299616  -0.887338  -2.528419
    16  0.12449713    3.387739   78.123195      -2.930253   0.119942  -2.354052
    17  0.10543659    2.869076   66.162517      -2.649759  -1.174151   1.142828
    18  0.05093736    1.386076   31.963704      -2.399928  -2.885741   3.251037
    19  0.19101180    5.197695  119.861813      -2.513382   3.335902   0.094274
    20  0.10389590    2.827151   65.195714      -1.488671  -0.005713   0.828401
    21  0.17880038    4.865406  112.199025      -1.489687   4.249030   1.801324
    22  0.18192751    4.950499  114.161331      -1.431795   3.230487  -0.821740
    23  0.05711398    1.554150   35.839593      -1.210427  -0.702927   2.671262
    24  0.07140369    1.942993   44.806528      -1.145463   0.346695   2.794824
    25  0.18964646    5.160543  119.005050      -1.103323   4.319853  -1.434265
    26  0.02887538    0.785739   18.119590      -0.656875  -3.258767   1.688973
    27  0.17344912    4.719791  108.841059      -0.619642   3.518402   1.997701
    28  0.08781302    2.389514   55.103549      -0.340949   0.092855  -1.163257
    29  0.17874695    4.863952  112.165495      -0.312913   3.123951  -1.439519
    30  0.17285121    4.703521  108.465865      -0.308188   4.459780   1.219254
    31  0.18658292    5.077179  117.082646      -0.226935   5.366346   0.273700
    32  0.17743037    4.828126  111.339329       0.442195   2.198942  -1.306173
    33  0.03146484    0.856202   19.744504       0.802132   0.439053   2.768293
    34  0.19024375    5.176796  119.379855       0.743626   3.313182  -1.952839
    35  0.18034737    4.907502  113.169781       0.752422   4.463763   0.561764
    36  0.03137635    0.853794   19.688970       1.149033   0.535332   2.689420
    37  0.00284061    0.077297    1.782512       1.359380  -3.951686   0.404777
    38  0.02760542    0.751182   17.322679       1.404996  -1.367288  -1.697340
    39  0.03128356    0.851269   19.630746       1.412552   0.533290   2.551080
    40  0.18956846    5.158420  118.956104       1.409555   3.661987   0.686049
*   41  0.00106459    0.028969    0.668041       2.481348  -3.178033   1.402285
    42  0.03926388    1.068424   24.638475       2.500818  -2.496265  -1.367737
    43  0.15617005    4.249603   97.998269       3.271875   1.589516   0.964935
    44  0.17336607    4.717531  108.788943       4.087794   2.532947  -1.631450
    45  0.16036902    4.363863  100.633164       4.254403   0.450507  -2.375025
    46  0.13464098    3.663767   84.488562       4.326828  -0.525674   0.047654
    47  0.15426673    4.197811   96.803915       4.315574   1.604675   0.813096
    48  0.08493412    2.311175   53.297008       4.699468  -1.720507  -2.826501
    49  0.16072387    4.373519  100.855833       4.768904   1.472380  -2.111595
    50  0.14405926    3.920052   90.398626       5.007473   0.546343   0.348615
    51  0.16168883    4.399777  101.461358       5.367848   0.399791  -2.353166
    52  0.17589193    4.786263  110.373944       5.536582   2.530735  -1.568183
    53  0.15022681    4.087879   94.268828       5.662430  -0.355828  -0.329087
    54  0.16708618    4.546646  104.848250       5.778249   1.724269   0.425051
 
 Number of surface maxima:    54
   #       a.u.         eV      kcal/mol           X/Y/Z coordinate(Angstrom)
     1  0.19852259    5.402074  124.574913      -7.279435   1.346555  -2.422106
     2  0.19281000    5.246627  120.990203      -6.934785  -1.845134  -2.450358
     3  0.15172517    4.128652   95.209064      -6.766875  -0.247473  -2.297401
     4  0.16037123    4.363923  100.634551      -5.840728   2.052821  -1.872377
     5  0.15349166    4.176720   96.317551      -5.342850  -2.236444  -1.918162
     6  0.21500316    5.850533  134.916633      -4.659506   3.309221  -1.507420
     7  0.16945685    4.611155  106.335866      -4.649166   0.019076  -0.722325
     8  0.19655074    5.348418  123.337558      -4.253196  -0.985369   2.388820
     9  0.16611360    4.520181  104.237942      -4.120902   0.117377  -2.235636
    10  0.20252854    5.511082  127.088687      -4.019602  -3.204379  -1.514570
    11  0.17716066    4.820787  111.170085      -3.758492  -3.956710   1.386879
    12  0.25979451    7.069368  163.023656      -3.541019   0.286100   4.185097
    13  0.18140546    4.936294  113.833738      -2.992990  -2.231860  -1.003515
    14  0.25470939    6.930995  159.832689      -2.857759   4.250561   1.142328
    15  0.16503755    4.490900  103.562713      -2.413891  -0.534514   0.429960
    16  0.17304809    4.708878  108.589408      -2.346180   0.204333  -0.125719
    17  0.20669764    5.624529  129.704836      -2.335654   2.728451   1.274623
    18  0.19157260    5.212955  120.213721      -2.212889  -2.969734  -0.948611
    19  0.19804499    5.389078  124.275214      -2.137404   2.795032  -0.048825
    20  0.17455444    4.749868  109.534655      -1.944479   0.209151  -1.238969
    21  0.23147761    6.298826  145.254516      -1.954441   2.014677  -0.545252
    22  0.21516564    5.854955  135.018588      -1.736162   4.656169   0.084774
    23  0.18752955    5.102939  117.676669      -1.607310  -1.150737  -1.854664
    24  0.09101792    2.476724   57.114655      -1.350290  -2.235474   3.378732
    25  0.19413170    5.282592  121.819582      -1.010688   3.788828  -1.371264
    26  0.18223221    4.958791  114.352536      -0.972929   4.191909   1.745149
    27  0.17065384    4.643727  107.086993      -0.874843  -1.896276   0.316867
    28  0.25615168    6.970242  160.737739      -0.877934   5.705798  -1.038771
    29  0.18855471    5.130835  118.319969      -0.812759   0.811113   1.010311
    30  0.14441199    3.929650   90.619970      -0.649114  -0.224464   1.142328
    31  0.25454729    6.926584  159.730967      -0.342417   2.370934  -0.238665
    32  0.15262039    4.153012   95.770820       0.243937  -1.173824  -0.974688
    33  0.18719165    5.093744  117.464635       0.229709   0.414026   0.047772
    34  0.05523403    1.502994   34.659904       0.349290  -4.274140  -1.429129
    35  0.25276683    6.878135  158.613714       0.342840   3.130260   0.998474
    36  0.14909325    4.057034   93.557503       0.482748  -2.113653   3.722545
    37  0.22054469    6.001326  138.394001       0.533186   4.696177  -1.238969
    38  0.14063493    3.826871   88.249826       0.929258  -0.757283   2.100960
    39  0.10363760    2.820122   65.033628       0.914446  -2.614791   1.286194
    40  0.12251801    3.333885   76.881275       1.909760  -1.702683  -0.180615
    41  0.17092416    4.651083  107.256622       1.896092   0.047577   0.544607
*   42  0.27030008    7.355239  169.616003       1.975661   4.284637  -1.773187
    43  0.24400924    6.639829  153.118238       2.295938   3.258920  -0.445203
    44  0.15913809    4.330368   99.860744       2.735854  -1.072160  -0.456365
    45  0.24391282    6.637205  153.057734       3.419874   1.310673  -1.419720
    46  0.26512016    7.214286  166.365551       3.436021   4.139316   0.360332
    47  0.22850527    6.217945  143.389345       3.674298   0.829409   0.076436
    48  0.23324836    6.347011  146.365681       3.849175  -4.286227  -2.896453
    49  0.05357758    1.457920   33.620470       3.949749  -1.702187   2.068990
    50  0.20973869    5.707280  131.613125       4.765863   3.226797  -0.161890
    51  0.17939338    4.881542  112.571140       5.007405  -0.713427  -1.837245
    52  0.19458266    5.294864  122.102567       6.078462   1.347327  -1.102982
    53  0.22934191    6.240711  143.914341       6.460214  -0.242538  -1.631172
    54  0.24153122    6.572399  151.563259       6.383091   2.848066  -0.419771
