 Number of surface minima:    70
   #       a.u.         eV      kcal/mol           X/Y/Z coordinate(Angstrom)
     1  0.09826041    2.673802   61.659387      -8.108836   0.613892   0.667597
     2  0.10657846    2.900147   66.879049      -8.089460   0.996823  -1.961675
     3  0.09304776    2.531958   58.388397      -7.540010  -1.111019   1.240926
     4  0.10488432    2.854047   65.815959      -7.284704  -0.317039  -3.147245
     5  0.10009309    2.723671   62.809413      -6.844800   0.380392   1.800465
     6  0.08845780    2.407059   55.508156      -6.469211  -2.958054  -0.562883
     7  0.09200198    2.503501   57.732163      -6.274369  -2.630918  -2.282990
     8  0.16970068    4.617790  106.488877      -5.278562   2.253481  -1.235126
     9  0.10098536    2.747951   63.369324      -5.242524  -2.007234   1.112940
    10  0.15559902    4.234065   97.639939      -4.880925   1.669447  -0.101432
    11  0.08580708    2.334929   53.844801      -4.747596  -2.692979  -1.289603
    12  0.15686997    4.268649   98.437476      -4.738424   0.885187   0.712049
    13  0.16428241    4.470352  103.088856      -4.341211   0.916216  -2.727344
    14  0.16427979    4.470280  103.087212      -4.101963   2.441401  -0.424032
    15  0.14394768    3.917016   90.328610      -3.817942  -0.036314  -1.806217
    16  0.13607019    3.702658   85.385403      -3.556994  -0.839619  -0.889712
    17  0.15129493    4.116944   94.939081      -3.029559   0.794174  -2.165256
    18  0.04691497    1.276621   29.439610      -2.563968  -1.767405   1.956589
    19  0.15343142    4.175081   96.279749      -2.116091   0.855797  -1.748023
    20  0.01947085    0.529829   12.218155      -1.971205  -0.576756   2.366721
    21  0.00369633    0.100582    2.319484      -1.447800  -3.357450   0.302904
*   22 -0.00792870   -0.215751   -4.975337      -1.117383  -3.691764   1.551053
    23  0.04441037    1.208468   27.867954      -1.045145  -1.454499  -2.032632
    24  0.16213504    4.411919  101.741360      -0.657463   2.593988   1.211518
    25  0.04631335    1.260250   29.062092      -0.398566  -0.316792  -1.690465
    26  0.16066342    4.371874  100.817904       0.018936   3.523868   1.369017
    27  0.17253195    4.694833  108.265523      -0.002062   4.177684  -1.180583
    28 -0.00260381   -0.070853   -1.633916       0.384879  -2.169624   3.594603
    29  0.17231406    4.688904  108.128798       0.817406   4.723526   1.373050
    30  0.17813503    4.847301  111.781510       0.740820   5.178037  -0.758006
    31  0.14631819    3.981521   91.816130       1.174238  -1.154180  -1.296794
    32  0.02507362    0.682288   15.733944       1.203858  -0.973639   3.140683
    33  0.16757416    4.559925  105.154459       1.219743   4.068275  -1.266146
    34  0.15764376    4.289705   98.923038       1.306162   3.461828   1.296164
    35  0.02545019    0.692535   15.970247       1.757910  -2.561171   1.544959
    36  0.17338215    4.717968  108.799032       1.751067   3.011378  -1.528144
    37  0.09013811    2.452783   56.562567       1.865781   1.275931   1.755604
    38  0.15569885    4.236781   97.702586       1.883829   2.218132   0.987283
    39  0.10194549    2.774078   63.971815       1.997624   0.248951   0.890655
    40  0.10824372    2.945461   67.924017       2.950335  -4.242508  -1.263118
    41  0.11402559    3.102794   71.552197       2.882978  -2.573096   0.940489
    42  0.05522422    1.502727   34.653749       2.896559  -1.292723   1.701091
    43  0.11295507    3.073664   70.880437       2.938114   0.110021   0.427091
    44  0.04529340    1.232496   28.422064       2.894852   0.729026   3.588202
    45  0.10282569    2.798029   64.524147       3.128656  -4.208320  -0.260265
    46  0.10666759    2.902573   66.934980       3.427587  -3.950666   1.094114
    47  0.11627046    3.163880   72.960874       3.554834   6.761954  -0.228829
    48  0.11866308    3.228986   74.462266       3.705966   3.652733  -2.760958
    49  0.11396361    3.101108   71.513307       3.646349   6.231446   1.552190
    50  0.09989475    2.718274   62.684955       3.825850  -4.735542  -2.225617
    51  0.12536254    3.411288   78.666250       4.113768  -1.899777  -1.548110
    52  0.10976079    2.986743   68.875993       3.983183   2.341585   2.027370
    53  0.11680238    3.178354   73.294661       4.215124  -1.953906   0.949912
    54  0.13297269    3.618371   83.441695       4.191205   1.794805  -0.792948
    55  0.11244761    3.059855   70.561998       4.253800   5.257081  -2.203662
    56  0.09247509    2.516375   58.029044       4.251018  -4.677047   0.171534
    57  0.12027445    3.272834   75.473418       4.287806  -1.858521  -0.471893
    58  0.10657147    2.899957   66.874664       4.634958   3.918372   2.281522
    59  0.09941659    2.705263   62.384902       4.738810  -5.086193  -1.819607
    60  0.09835288    2.676318   61.717414       4.944806  -5.038056  -0.474802
    61  0.11065786    3.011154   69.438916       5.015534  -2.354732  -2.490721
    62  0.10443847    2.841915   65.536183       5.336087  -2.250805  -0.067815
    63  0.11239477    3.058417   70.528843       5.218085   3.656661  -1.788944
    64  0.11117529    3.025234   69.763609       5.445273   2.867366   0.962914
    65  0.12009122    3.267848   75.358445       5.619053  -2.908571  -3.271598
    66  0.10778353    2.932939   67.635242       5.844756  -2.690550  -2.074317
    67  0.11846806    3.223680   74.339889       6.066622  -5.392032  -1.432863
    68  0.10745211    2.923921   67.427272       6.027960  -2.631959  -0.725514
    69  0.11576548    3.150139   72.643999       6.257883  -2.814127   0.458542
    70  0.12351713    3.361072   77.508236       6.974466  -3.377857  -1.556602
 
 Number of surface maxima:    92
   #       a.u.         eV      kcal/mol           X/Y/Z coordinate(Angstrom)
     1  0.15827007    4.306748   99.316050      -8.613128  -0.717143   0.017292
     2  0.16480327    4.484525  103.415697      -8.479183  -0.453297  -2.097968
     3  0.15588033    4.241720   97.816469      -7.645644  -2.408093  -1.533118
     4  0.10900488    2.966174   68.401652      -7.661148   0.083063   1.486432
     5  0.13533725    3.682714   84.925481      -7.468390   0.613892  -0.758006
     6  0.12222793    3.325991   76.699249      -7.376173   1.030071  -2.965980
     7  0.13960417    3.798823   87.603011      -7.314419  -0.850171  -1.055954
     8  0.16994686    4.624489  106.643355      -6.886147   1.771931   0.822219
     9  0.18216427    4.956942  114.309900      -6.833179   2.246477  -1.657454
    10  0.12310841    3.349950   77.251760      -6.733800  -1.502817  -0.027007
    11  0.13181125    3.586766   82.712875      -6.459211  -0.959835  -2.338393
    12  0.15415354    4.194731   96.732887      -6.212199  -0.962419   2.015737
    13  0.10090031    2.745637   63.315953      -5.782636  -3.056915  -1.532853
    14  0.17819096    4.848823  111.816609      -5.679868   0.356016  -3.523349
    15  0.17936235    4.880698  112.551669      -5.615988   1.407658  -1.154889
    16  0.23501613    6.395114  147.474970      -5.272786   2.215762  -2.725077
    17  0.14484590    3.941457   90.892250      -5.168706  -2.825760   0.246405
    18  0.17617112    4.793860  110.549142      -5.103469  -0.290423   0.697231
    19  0.17417650    4.739584  109.297496      -5.079767   0.481598  -2.146742
    20  0.15854363    4.314192   99.487716      -4.881680  -1.798440  -2.800934
    21  0.17047484    4.638856  106.974670      -4.638163  -1.144710  -0.104816
    22  0.15606002    4.246609   97.929225      -4.282449  -2.226529   2.487111
    23  0.20558296    5.594197  129.005361      -3.842181   2.598307  -2.260869
    24  0.23713463    6.452761  148.804349      -3.554058   1.426686   0.045511
    25  0.18226835    4.959774  114.375211      -3.262382   0.412460   1.554154
    26  0.22486837    6.118979  141.107148      -3.009757   0.376189  -0.985162
    27  0.16109386    4.383587  101.088010      -2.500207  -0.973376   0.433144
    28  0.26016212    7.079371  163.254330      -2.397294   3.453617  -2.345538
*   29  0.26021102    7.080702  163.285016      -2.106223   4.584410   0.301931
    30  0.06649927    1.809537   41.728956      -2.043219  -2.799929  -1.756080
    31  0.23625470    6.428817  148.252188      -1.971205   3.029178  -0.606737
    32  0.23615368    6.426069  148.188798      -1.829507   2.994038  -0.888447
    33  0.11613986    3.160326   72.878924      -1.597936  -1.508756   1.078385
    34  0.16760002    4.560629  105.170690      -1.279395  -0.288185  -0.188414
    35  0.03126954    0.850888   19.621951      -0.892613  -3.494995   3.506953
    36  0.13924480    3.789044   87.377504      -0.678241  -0.586455   2.240543
    37  0.21027373    5.721839  131.948866      -0.555289   4.927328   0.289923
    38  0.18690477    5.085937  117.284614      -0.119085   0.768125   0.744186
    39  0.11217187    3.052352   70.388972       0.182535  -2.642830   0.595720
    40  0.17411877    4.738013  109.261268       0.015045   1.410863   2.947100
    41  0.17822812    4.849834  111.839926       0.536869  -1.372358  -0.633884
    42  0.23875111    6.496748  149.818708       0.564344   2.483767   0.595330
    43  0.24728819    6.729054  155.175815       0.515049   2.862895  -0.950498
    44  0.24129122    6.565868  151.412655       0.675823   5.907096   0.566445
    45  0.20282769    5.519222  127.276402       1.189603  -1.907532  -2.371309
    46  0.11834976    3.220461   74.265657       1.103336  -1.635111   1.787358
    47  0.20523722    5.584789  128.788405       1.332748   1.274808  -1.552434
    48  0.17277045    4.701323  108.415188       1.412066  -3.411318  -0.785909
    49  0.15607771    4.247091   97.940326       1.404789  -0.508120   0.432643
    50  0.18942464    5.154507  118.865856       1.493895   0.655199   0.168054
    51  0.19089642    5.194556  119.789412       1.746648   4.854197  -0.496659
    52  0.18457652    5.022583  115.823612       1.841786   4.444819   0.954534
    53  0.19102204    5.197974  119.868240       1.917779   6.434842  -0.837851
    54  0.18580511    5.056014  116.594565       2.049721   5.667985   2.020174
    55  0.18567753    5.052542  116.514504       2.272410  -2.419786  -2.199680
    56  0.20668527    5.624192  129.697073       2.520250  -2.803008  -3.671611
    57  0.19113799    5.201129  119.940998       2.497594  -1.176294  -1.022595
    58  0.14191444    3.861688   89.052733       2.530582  -3.218933   0.297578
    59  0.18359527    4.995881  115.207871       2.689161   4.988002  -2.593348
    60  0.19884754    5.410917  124.778817       2.923684   2.663165  -0.957736
    61  0.13031770    3.546125   81.775660       2.906305   6.804876   0.824119
    62  0.12541532    3.412724   78.699369       3.055979   0.746187   1.556805
    63  0.19521938    5.312190  122.502116       2.968757   2.357150   0.213127
    64  0.17104655    4.654413  107.333422       3.055979   3.458329   2.615608
    65  0.19548824    5.319506  122.670828       3.146998   2.454737  -0.122961
    66  0.19788576    5.384745  124.175294       3.145288   2.589639  -0.522245
    67  0.14793834    4.025607   92.832789       3.513768   5.437394  -1.022595
    68  0.17445143    4.747065  109.470016       3.746046  -2.784209   1.944310
    69  0.14494273    3.944092   90.953012       3.782075   4.779640   1.423327
    70  0.15283508    4.158854   95.905540       4.013988  -3.422646  -3.603895
    71  0.20229712    5.504785  126.943469       3.936661   0.084715  -1.287183
    72  0.15224573    4.142817   95.535716       4.187650  -4.207680  -1.154889
    73  0.16291782    4.433219  102.232562       4.173269  -1.370522   3.931230
    74  0.17919385    4.876113  112.445930       4.253245   2.344543  -2.073439
    75  0.12612426    3.432016   79.144232       4.436687   4.111310  -2.610126
    76  0.15457219    4.206123   96.995593       4.489533   4.707755   0.021716
    77  0.17891001    4.868389  112.267823       4.608701   1.623968   0.555911
    78  0.14311228    3.894283   89.804385       4.634136   3.400047  -0.362021
    79  0.15963653    4.343931  100.173519       4.760216  -2.696256  -1.297906
    80  0.18590444    5.058717  116.656896       4.814194   0.784575   1.647743
    81  0.12153205    3.307055   76.262575       4.908099   2.794020   1.887880
    82  0.17576715    4.782867  110.295646       4.829624   6.224072   0.459638
    83  0.13889250    3.779457   87.156433       5.071648  -3.338119   1.275542
    84  0.19050858    5.184002  119.546037       5.412970  -4.155829  -4.232577
    85  0.17306942    4.709458  108.602790       5.516032   5.058360  -1.180184
    86  0.12008759    3.267749   75.356161       5.690997  -5.357559  -1.424073
    87  0.17127960    4.660755  107.479660       5.690836   4.447419   1.086566
    88  0.14542986    3.957348   91.258694       6.239164  -4.277443  -2.743388
    89  0.18432624    5.015772  115.666561       6.527544  -3.995679   1.371139
    90  0.14330220    3.899451   89.923567       6.692672  -4.280997  -0.296376
    91  0.12627086    3.436005   79.236229       6.654966  -3.079376  -1.533846
    92  0.18880175    5.137557  118.474989       7.446742  -4.793605  -1.678077
