 Number of surface minima:    65
   #       a.u.         eV      kcal/mol           X/Y/Z coordinate(Angstrom)
     1  0.13984101    3.805267   87.751631      -6.783544   0.071484   2.136173
     2  0.12924353    3.516895   81.101610      -6.559015   1.909040   1.190377
     3  0.12255063    3.334772   76.901744      -6.083517   0.747603   1.256695
     4  0.13319495    3.624419   83.581165      -5.994749   0.855924   3.980516
     5  0.12297660    3.346364   77.169048      -5.740563  -0.810937  -0.597053
     6  0.12677292    3.449667   79.551274      -5.726796  -3.236806   0.668968
     7  0.13280989    3.613941   83.339534      -5.538911  -0.396996   1.536714
     8  0.12143847    3.304509   76.203856      -5.539100   1.587229   0.673590
     9  0.12374423    3.367252   77.650745      -5.342870  -4.699572  -0.384471
    10  0.12102934    3.293376   75.947121      -5.307295  -0.842177  -2.465089
    11  0.11271841    3.067224   70.731927      -5.106431   1.720801   3.522216
    12  0.13116160    3.569089   82.305217      -4.549914   0.126613  -1.247035
    13  0.11124002    3.026995   69.804225      -4.576890   2.434061   3.005833
    14  0.11811197    3.213990   74.116443      -4.519324   0.610944   3.757658
    15  0.11736628    3.193699   73.648512      -4.332149  -4.571728  -3.040009
    16  0.11652213    3.170728   73.118802      -4.374241  -2.955716  -3.781038
    17  0.13736143    3.737795   86.195671      -4.363414   1.276783   0.330913
    18  0.11745193    3.196029   73.702258      -3.479514   0.350999   3.459625
    19  0.11999936    3.265349   75.300796      -3.322811   2.202275   2.574830
    20  0.16527186    4.497276  103.709743      -2.941686  -0.690554   0.846273
    21  0.12264238    3.337269   76.959319      -2.943656  -3.891007  -3.533730
    22  0.12381772    3.369251   77.696855      -2.849052   1.248081   2.783928
    23  0.18543746    5.046010  116.363859      -2.433205  -3.260147   1.298563
    24  0.17660446    4.805652  110.821064      -2.424732  -2.044131   0.688611
    25  0.16998384    4.625496  106.666562      -2.310615  -1.012747  -0.031279
    26  0.17789058    4.840649  111.628119      -2.180247  -0.115978  -0.933988
    27  0.07477153    2.034637   46.919884      -2.040742   2.310412  -2.108181
    28  0.18186441    4.948782  114.121737      -1.737218  -4.525869  -0.370137
    29  0.17073228    4.645861  107.136210      -1.622028  -3.609755  -1.279163
    30  0.17014939    4.630000  106.770446      -1.669537  -2.637804  -2.027038
    31  0.13385295    3.642324   83.994062      -1.639439   2.730123  -0.608216
    32  0.03226080    0.877861   20.243975      -1.759090   4.173752  -3.294575
    33  0.17705042    4.817787  111.100907      -1.540701  -1.269742  -2.681836
    34  0.17493699    4.760278  109.774711      -1.263499  -2.328882   1.310180
    35  0.12380128    3.368804   77.686544      -1.138956   2.964030   0.656230
    36  0.17181448    4.675310  107.815302      -0.700803  -3.876502  -0.765818
    37  0.02348087    0.638947   14.734484      -0.744300   4.554379  -0.797571
    38  0.07298212    1.985944   45.797008      -0.452300   0.467360   1.331869
    39  0.18680325    5.083175  117.220908      -0.290686  -2.810042   1.785101
    40  0.17294899    4.706181  108.527219      -0.326548  -1.674956   1.157988
    41  0.18268410    4.971087  114.636101       0.212681  -3.316677  -0.853791
    42  0.01796493    0.488851   11.273173       0.385056   3.542556  -2.347053
    43  0.03283528    0.893493   20.604468       1.138741  -0.221869  -2.543081
    44  0.02447978    0.666129   15.361304       1.560691   1.439109   1.652993
*   45 -0.00357358   -0.097242   -2.242455       1.608102   4.236425  -0.252470
    46  0.17545841    4.774466  110.101909       2.361875  -2.423194   1.377792
    47 -0.00163009   -0.044357   -1.022899       2.452623   3.355628  -1.843854
    48  0.15424748    4.197287   96.791833       2.570907  -1.849496  -1.178530
    49  0.16171514    4.400493  101.477869       3.370859  -2.723044   1.441596
    50  0.11746525    3.196392   73.710620       3.396121   0.979712  -0.232213
    51  0.14887833    4.051185   93.422643       3.561435  -2.149077  -1.125919
    52  0.15355691    4.178496   96.358498       3.946935  -0.730942   1.924298
    53  0.13151940    3.578825   82.529740       4.071758  -0.057354  -0.605999
    54  0.15418998    4.195723   96.755753       4.161593  -1.930991   1.700894
    55  0.14273225    3.883942   89.565917       4.353741  -1.356625  -0.861742
    56  0.16738949    4.554900  105.038582       4.679231  -3.112240   1.263573
    57  0.16156974    4.396536  101.386629       4.842982  -2.697050  -0.876991
    58  0.10498312    2.856736   65.877959       5.372159   0.305103   3.400490
    59  0.08395385    2.284500   52.681879       5.497949   1.007298  -1.316272
    60  0.09666624    2.630422   60.659032       6.529904   1.327503   2.512540
    61  0.08813477    2.398269   55.305448       6.715507   1.812396  -0.233941
    62  0.09945159    2.706215   62.406870       6.956582  -0.325414   3.318262
    63  0.09011103    2.452046   56.545573       7.297881   0.566244  -1.310825
    64  0.10350187    2.816429   64.948458       7.908849  -2.308008   1.620307
    65  0.10145106    2.760624   63.661553       8.025387  -1.925849  -0.253761
 
 Number of surface maxima:    94
   #       a.u.         eV      kcal/mol           X/Y/Z coordinate(Angstrom)
     1  0.20387047    5.547598  127.930760      -7.118831  -0.092464   3.584065
     2  0.19676851    5.354343  123.474208      -7.062414   2.841891   2.261246
     3  0.15706729    4.274018   98.561297      -6.774828   1.268405   2.796294
     4  0.18334475    4.989064  115.050662      -6.352676  -3.617110  -0.732289
     5  0.18186041    4.948673  114.119228      -6.335577  -1.802745  -1.746142
     6  0.16617243    4.521782  104.274859      -5.659381  -0.914350   3.187182
     7  0.17797140    4.842848  111.678836      -5.592311  -3.629923  -3.021507
     8  0.15862046    4.316282   99.535927      -5.474211   3.103130   1.472425
     9  0.13626701    3.708014   85.508911      -5.211385  -0.143477  -1.412339
    10  0.14018746    3.814695   87.969030      -5.137113  -4.228616   0.805884
    11  0.16254239    4.423003  101.996973      -5.121149  -2.857409  -1.598850
    12  0.15903609    4.327592   99.796736      -5.079091  -2.139871  -0.206162
    13  0.21832444    5.940910  137.000767      -4.567877  -2.102509   3.304133
    14  0.18886626    5.139312  118.515466      -4.517636  -0.269741   0.341026
    15  0.18069188    4.916876  113.385960      -4.650757   0.602826   1.339755
    16  0.15300789    4.163556   96.013980      -4.472870  -2.053886  -2.556724
    17  0.15527699    4.225302   97.437867      -4.391075  -4.160251  -1.417886
    18  0.20430457    5.559410  128.203159      -4.408231  -2.713906   1.600128
    19  0.20826889    5.667285  130.690811      -4.282434   3.891644   0.684421
    20  0.17062272    4.642880  107.067462      -4.087598   1.186611   2.723438
    21  0.12995156    3.536162   81.545905      -3.776374  -3.921318  -3.704425
    22  0.20050839    5.456111  125.821019      -3.547858  -5.096654  -0.014556
    23  0.19862548    5.404874  124.639476      -3.492586  -0.334151  -2.501920
    24  0.18026826    4.905349  113.120134      -3.359265  -1.315972   2.393416
    25  0.17522430    4.768096  109.955002      -3.480998   4.697827  -1.177128
    26  0.16624476    4.523750  104.320248      -3.241403  -0.609696   0.797159
    27  0.19015631    5.174416  119.324989      -3.269375   2.576415   0.366597
    28  0.19577777    5.327384  122.852510      -3.094677  -3.098852   0.435860
    29  0.18972387    5.162649  119.053625      -3.156524  -2.248027   0.347154
    30  0.19444385    5.291086  122.015461      -2.962382  -0.913201  -1.066940
    31  0.20208278    5.498952  126.808964      -2.845497  -3.802309  -0.523258
    32  0.20917970    5.692069  131.262355      -2.847385  -1.659665  -1.984911
    33  0.18926993    5.150297  118.768771      -2.827594  -4.967973  -2.234888
    34  0.18783554    5.111265  117.868682      -2.821384  -2.185864  -3.683249
    35  0.20503481    5.579281  128.661396      -2.717901   1.513769  -0.393476
    36  0.25021109    6.808590  157.009961      -2.470806  -4.714466   0.932512
    37  0.19332741    5.260706  121.314884      -2.489957   3.502475   0.122348
    38  0.24893526    6.773873  156.209367      -2.426596  -0.198047  -2.495722
    39  0.18268561    4.971128  114.637046      -2.173086  -3.283377  -1.729249
    40  0.18957949    5.158720  118.963027      -2.286952  -2.833156   1.223332
    41  0.12071118    3.284718   75.747470      -2.255469   3.415623  -1.178530
    42  0.17183752    4.675937  107.829761      -1.947590   0.709947   1.710105
    43  0.23038898    6.269203  144.571390      -1.872608  -1.138664   1.880160
    44  0.18279768    4.974178  114.707374      -1.627039   2.205709   1.740200
    45  0.12402443    3.374876   77.826571      -1.663622   3.098091  -0.687652
    46  0.19399513    5.278876  121.733883      -1.271709   0.017123  -1.189070
    47  0.24180064    6.579730  151.732322      -1.110262  -1.651121   0.196035
    48  0.21510129    5.853204  134.978214      -0.956415  -4.127161   1.070473
    49  0.16603912    4.518154  104.191208      -0.874912   0.848109  -1.064251
    50  0.14468112    3.936973   90.788850      -0.922610   6.336013  -2.369179
    51  0.24397523    6.638904  153.096895      -0.715370  -2.584111  -1.048657
    52  0.19043271    5.181937  119.498428      -0.842983  -1.125745  -2.364718
    53  0.16516130    4.494267  103.640365      -0.730744   1.374015  -3.572351
    54  0.16099920    4.381011  101.028609      -0.779286   2.444121  -0.252470
    55  0.07533144    2.049873   47.271230      -0.402215   4.739700  -2.369179
    56  0.18759193    5.104636  117.715812      -0.051908  -0.009542  -0.060247
    57  0.14371480    3.910679   90.182475       0.223280   1.526344   0.951957
*   58  0.26479079    7.205324  166.158870       0.578661  -4.160566   1.591436
    59  0.14300449    3.891350   89.736750       0.654355   1.156671  -2.180798
    60  0.04512269    1.227851   28.314937       0.839634   4.420886   1.677019
    61  0.09791785    2.664480   61.444428       1.016709   2.996819  -1.168250
    62  0.20128515    5.477247  126.308442       1.011140  -1.784695  -1.322443
    63  0.20333803    5.533109  127.596644       1.052624  -1.260120   1.202767
    64  0.24228034    6.592783  152.033336       1.273401  -3.107106   0.280391
    65  0.16463874    4.480048  103.312458       1.704025   0.212763  -0.739020
    66  0.11680843    3.178519   73.298455       1.990639   1.808214   0.070251
    67  0.25973782    7.067825  162.988078       2.162630  -4.364221  -0.398578
    68  0.15364749    4.180961   96.415337       2.674804   0.937414   0.092944
    69  0.17328232    4.715252  108.736388       2.840992  -0.074836   1.839430
    70  0.23146236    6.298411  145.244947       2.916456  -1.524708   1.128362
    71  0.22064612    6.004086  138.457646       3.123156  -1.150571  -0.426918
    72  0.20282642    5.519188  127.275610       3.592506  -3.773711  -0.019313
    73  0.21334692    5.805465  133.877328       3.897477   1.616439   1.195675
    74  0.05323577    1.448619   33.405977       3.860726   1.754168  -2.236885
    75  0.18267931    4.970957  114.633092       4.816046   0.454940   0.922180
    76  0.16934402    4.608085  106.265068       4.836008   1.397593   2.125050
    77  0.15253277    4.150628   95.715840       5.001252   1.667390   0.149111
    78  0.23261598    6.329803  145.968856       5.284561  -3.773711   0.037399
    79  0.17700473    4.816544  111.072240       5.262293  -2.301077   1.079323
    80  0.17392621    4.732773  109.140438       5.504831  -2.054011  -0.120442
    81  0.17088631    4.650053  107.232866       5.542577  -1.354290   3.451770
    82  0.15689214    4.269252   98.451389       6.134665  -0.404506  -1.972296
    83  0.11200780    3.047887   70.286016       6.148119   0.444600   3.441170
    84  0.17836392    4.853529  111.925141       6.351207  -3.191546   1.864239
    85  0.12632171    3.437388   79.268133       6.370771   0.929142   1.171918
    86  0.17486020    4.758188  109.726527       6.614955  -2.663209  -0.994088
    87  0.09923977    2.700451   62.273947       6.711520   1.281366  -1.189891
    88  0.13542938    3.685221   84.983289       6.868858  -1.235330   2.037995
    89  0.13068062    3.556000   82.003394       7.098653  -0.860057  -0.386857
    90  0.13837286    3.765317   86.830356       7.292892  -0.265447   1.040012
    91  0.11803175    3.211807   74.066101       7.748633  -2.836632   0.545851
    92  0.15903813    4.327648   99.798015       7.907203   0.474896   2.406382
    93  0.15447921    4.203593   96.937251       8.099674   0.978006   0.115235
    94  0.16168705    4.399728  101.460240       8.649519  -1.136410   1.049907
