 Number of surface minima:    74
   #       a.u.         eV      kcal/mol           X/Y/Z coordinate(Angstrom)
     1  0.07049755    1.918336   44.237916      -8.368802   0.118200   0.479343
     2  0.07082454    1.927234   44.443104      -8.342422   1.172016  -1.977848
     3  0.06885192    1.873556   43.205266      -8.210148  -0.944693   0.005227
     4  0.06921344    1.883393   43.432124      -8.081613   0.245956  -2.381671
     5  0.07770759    2.114531   48.762287      -7.605939   0.846732   0.818223
     6  0.07872301    2.142162   49.399476      -7.596577   1.823384  -1.666273
     7  0.07387037    2.010115   46.354398      -7.062056  -1.223540  -0.084772
     8  0.07336902    1.996473   46.039797      -7.033586  -0.136311  -2.532100
     9  0.07097195    1.931245   44.535607      -5.130887  -3.129587   0.847513
    10  0.15840895    4.310527   99.403199      -4.798113   3.071670  -1.057962
    11  0.14883189    4.049922   93.393498      -4.380610   1.606468   0.784193
    12  0.14616423    3.977331   91.719517      -4.254412   1.591540  -2.551823
    13  0.14726508    4.007287   92.410312      -4.395687   2.361576   0.083568
    14  0.08432258    2.294534   52.913260      -4.262791   0.254892   4.066270
    15  0.12750319    3.469538   80.009527      -3.743371   0.613333  -1.784394
    16  0.12543792    3.413339   78.713548      -3.584003  -0.240593  -0.930573
    17  0.15376957    4.184283   96.491943      -3.620513   3.000222  -0.243140
    18  0.05414689    1.473412   33.977714      -3.554267  -3.061402   1.990471
    19  0.06724244    1.829760   42.195306      -3.342876  -1.539640   3.657099
    20  0.05136441    1.397697   32.231681      -3.276231  -2.597874   0.019503
    21  0.13447785    3.659328   84.386194      -2.921794   1.328600  -2.155348
    22  0.04001771    1.088937   25.111515      -1.912150  -1.004560   1.937273
    23  0.13542883    3.685206   84.982946      -1.862018   1.219137  -1.719847
    24  0.00899571    0.244786    5.644898      -1.637010  -3.351093  -0.453094
    25  0.03716138    1.011213   23.319136      -1.461035   0.006166   2.506141
*   26  0.00659332    0.179413    4.137376      -1.424569  -3.788981   1.077400
    27  0.01440752    0.392049    9.040863      -0.296774  -2.266576   3.392807
    28  0.02686533    0.731043   16.858264      -0.197958  -0.156878  -1.912865
    29  0.15320686    4.168971   96.138836      -0.140375   2.389166   1.444747
    30  0.15993864    4.352152  100.363093       0.499049   4.230023  -0.716894
    31  0.15015864    4.086024   94.226047       0.633901   3.165234   1.693836
    32  0.03939381    1.071960   24.720008       0.909391  -2.250843  -1.475059
    33  0.03993145    1.086590   25.057387       0.890542  -1.341576   2.916230
    34  0.09853230    2.681200   61.830006       1.196536   0.541387  -3.200097
    35  0.16769061    4.563094  105.227534       1.318491   5.140845  -0.119552
    36  0.15665741    4.262865   98.304091       1.583653   3.981906  -0.929643
    37  0.15752298    4.286418   98.847243       1.575999   4.236456   1.839268
    38  0.14646885    3.985620   91.910668       1.927246   3.011295   1.502680
    39  0.15980479    4.348509  100.279103       1.979080   3.186218  -1.329061
    40  0.09291178    2.528258   58.303074       2.260019  -2.485690   2.225362
    41  0.11615663    3.160783   72.889449       2.303352  -0.426929  -0.995737
    42  0.14991598    4.079421   94.073779       2.328413   1.953742   0.979484
    43  0.09963725    2.711267   62.523370       2.440014  -4.522042  -1.526989
    44  0.11092763    3.018494   69.608198       2.386570  -3.559761  -2.543027
    45  0.08719692    2.372749   54.716942       2.427437   0.063025   1.011213
    46  0.10056069    2.736395   63.102835       2.604034  -5.179381  -0.712149
    47  0.10338776    2.813324   64.876851       2.630415  -0.376480  -3.580052
    48  0.10653702    2.899020   66.853043       2.874956  -0.388685   0.537894
    49  0.10545646    2.869616   66.174982       2.890559   1.306194  -4.017441
    50  0.09942171    2.705402   62.388115       3.162337  -2.119170   1.173781
    51  0.05987635    1.629318   37.573009       3.111640  -0.473127   3.467194
    52  0.09148544    2.489445   57.408029       3.261397  -4.651181  -2.566965
    53  0.09233399    2.512536   57.940502       3.566291  -6.094654  -0.689602
    54  0.12532394    3.410238   78.642027       3.783303  -2.036116  -1.642385
    55  0.10980342    2.987903   68.902744       3.933311  -1.415436  -1.047061
    56  0.09496148    2.584033   59.589277       4.004945  -5.371065  -2.455322
    57  0.09339626    2.541442   58.607088       4.172016  -6.169855  -1.435769
    58  0.11321630    3.080772   71.044363       4.114188  -2.748231  -0.527736
    59  0.11219207    3.052902   70.401646       4.241572  -3.428268   0.371841
    60  0.08961876    2.438651   56.236669       4.361315   5.857334   0.801643
    61  0.10332507    2.811618   64.837512       4.923286  -2.865192  -1.475092
    62  0.08706130    2.369058   54.631837       5.002192   4.079014   2.061682
    63  0.09115871    2.480555   57.203002       5.093643   4.556964  -1.424788
    64  0.11387359    3.098658   71.456819       5.179680  -6.180744  -2.405832
    65  0.10049231    2.734535   63.059928       5.184923  -4.323381   0.482036
    66  0.11016517    2.997747   69.129749       5.161002   0.008630  -0.290341
    67  0.08191047    2.228897   51.399638       5.388548   5.739465   1.212950
    68  0.10272105    2.795182   64.458486       5.637313  -3.593994  -1.378950
    69  0.08172002    2.223715   51.280127       5.661643   4.885094   1.806459
    70  0.09994775    2.719716   62.718210       5.789049  -4.383012  -0.310857
    71  0.11162283    3.037412   70.044443       5.965586  -5.262544   0.397602
    72  0.08457780    2.301479   53.073416       6.072368   4.510197  -1.061298
    73  0.08491194    2.310571   53.283093       6.434581   3.531526  -0.363883
    74  0.11818853    3.216073   74.164484       6.577148  -4.782007  -1.371416
 
 Number of surface maxima:    92
   #       a.u.         eV      kcal/mol           X/Y/Z coordinate(Angstrom)
     1  0.15989110    4.350858  100.333267     -10.420713  -0.217166  -1.137837
     2  0.11637947    3.166847   73.029284      -9.582538   1.165925  -0.589851
     3  0.16756128    4.559574  105.146378      -9.435946   2.640886   0.088583
     4  0.11377442    3.095959   71.394588      -9.054682  -1.125680  -1.512909
     5  0.16146270    4.393624  101.319459      -8.124364  -2.443096  -2.163850
     6  0.12359595    3.363217   77.557695      -7.206482   0.775133  -1.554315
     7  0.12302841    3.347773   77.201555      -7.162533   0.125688  -0.042747
     8  0.12065868    3.283290   75.714529      -6.530911  -1.803216  -1.793284
     9  0.19202965    5.225393  120.500529      -6.144190   3.234316   0.427628
    10  0.15736117    4.282015   98.745710      -5.999041  -0.003369   1.541253
    11  0.16929301    4.606697  106.233058      -5.256997   2.230370  -0.840907
    12  0.16781469    4.566470  105.305394      -5.258287   2.167079  -0.375021
    13  0.13231954    3.600598   83.031837      -5.195079  -2.924663   2.459658
    14  0.14086411    3.833107   88.393640      -5.062702  -1.076987   3.987041
    15  0.14446489    3.931090   90.653162      -4.908744  -2.245321  -0.670039
    16  0.11917197    3.242834   74.781602      -5.037094  -1.184925   2.349144
    17  0.15861539    4.316144   99.532741      -4.930408   0.889699   0.835842
    18  0.21983973    5.982143  137.951628      -4.949862   3.011487  -2.473645
    19  0.16972114    4.618347  106.501715      -4.924534  -1.735309  -1.768504
    20  0.16249764    4.421786  101.968891      -4.784082  -0.411901  -0.043802
    21  0.07569582    2.059788   47.499883      -4.307624  -3.387973   0.865391
    22  0.16139672    4.391828  101.278058      -3.496686   1.532965   3.119071
    23  0.09122898    2.482467   57.247097      -3.375439  -0.031945   4.129286
    24  0.19017746    5.174992  119.338257      -3.342876   3.201499  -2.031556
    25  0.21949808    5.972846  137.737237      -3.204782   1.831330   0.213201
    26  0.15229280    4.144098   95.565256      -2.681404  -0.730079   0.588754
    27  0.20468700    5.569816  128.443137      -2.794998   0.783314  -0.931020
    28  0.08570994    2.332286   53.783846      -2.560646  -3.040394   0.884026
    29  0.06048679    1.645929   37.956069      -2.362110  -2.345224  -2.109144
    30  0.08955104    2.436808   56.194170      -2.372837  -2.091363   0.902799
    31  0.11469272    3.120948   71.970830      -2.023020  -1.067176   3.390508
    32  0.24617058    6.698642  154.474503      -1.822043   3.883497  -2.031556
    33  0.11845382    3.223292   74.330958      -1.618513  -1.605969   0.747895
*   34  0.24848801    6.761703  155.928711      -1.598237   4.498059   0.880769
    35  0.21613112    5.881227  135.624439      -1.388162   3.229197  -0.576318
    36  0.16686087    4.540515  104.706867      -1.108649   0.109160  -0.334356
    37  0.04351431    1.184084   27.305662      -0.957584  -3.842756   2.989397
    38  0.13715096    3.732067   86.063599      -0.449386  -0.817234   2.046189
    39  0.19646879    5.346188  123.286128      -0.016930   4.768322   0.892265
    40  0.11557847    3.145050   72.526646      -0.024545  -2.794795   0.219665
    41  0.18947075    5.155761  118.894791       0.125104   0.563434   0.667220
    42  0.13695024    3.726606   85.937647       0.347354  -1.356557  -1.011356
    43  0.19074290    5.190378  119.693076       0.625953   1.240756   2.572363
    44  0.22703333    6.177891  142.465686       0.872026   2.891842  -0.751165
    45  0.16317259    4.440152  102.392432       1.013492  -2.117952   1.267543
    46  0.22184283    6.036650  139.208595       1.006892   2.223906   0.719767
    47  0.16440463    4.473677  103.165549       1.129233  -4.041957  -0.190685
    48  0.17205977    4.681984  107.969225       1.174533   4.779877  -0.453551
    49  0.18071611    4.917535  113.401166       1.353186   1.370072  -1.701206
    50  0.22829392    6.212193  143.256715       1.384748   5.613716   1.264879
    51  0.14388510    3.915313   90.289336       1.470877  -0.798743   0.126750
    52  0.15042655    4.093315   94.394167       1.656205  -0.878829  -2.759457
    53  0.17657265    4.804786  110.801106       1.602520   2.280877  -3.354499
    54  0.18187275    4.949009  114.126969       1.792200  -4.046473   1.878262
    55  0.17399473    4.734637  109.183430       1.827594   0.504935  -0.166729
    56  0.14326194    3.898356   89.898300       1.973647  -3.177485  -1.228791
    57  0.11441348    3.113349   71.795602       2.245148   0.531362  -3.972833
    58  0.18289784    4.976903  114.770223       2.341506   4.630276  -0.175686
    59  0.18871632    5.135232  118.421381       2.604789  -1.989771  -2.576734
    60  0.20194014    5.495071  126.719459       2.539374   5.802316  -1.346584
    61  0.16992877    4.623997  106.632004       2.654690  -4.093757   1.187830
    62  0.15983778    4.349407  100.299808       2.809256  -2.201042   0.284041
    63  0.15877730    4.320550   99.634345       2.911175  -1.689054  -0.278400
    64  0.17331733    4.716204  108.758359       2.914622   2.799213  -1.237790
    65  0.19282325    5.246987  120.998517       3.112532  -5.320812   1.950751
    66  0.13789232    3.752241   86.528808       3.417845  -0.266745  -2.021663
    67  0.18514708    5.038108  116.181643       3.357058   2.084716   0.062991
    68  0.17569549    4.780917  110.250675       3.522761  -2.927377   3.788839
    69  0.14694579    3.998598   92.209955       3.611468  -4.970776  -1.295044
    70  0.14443737    3.930341   90.635895       3.864132  -2.865992  -2.957616
    71  0.16935380    4.608351  106.271202       4.115035   0.405939  -3.751382
    72  0.14835467    4.036936   93.094041       4.143655   0.745278  -2.031556
    73  0.19467449    5.297362  122.160191       4.215144   1.342054   1.672685
    74  0.14240391    3.875007   89.359878       4.461528  -5.834945   1.008646
    75  0.12494489    3.399923   78.404170       4.462488  -0.988598  -0.047141
    76  0.18023424    4.904423  113.098786       4.432840   0.498933   1.090336
    77  0.17857718    4.859332  112.058964       4.406225   2.438696  -1.666056
    78  0.13596226    3.699721   85.317678       4.571050   4.597526   0.993353
    79  0.15346940    4.176115   96.303584       4.602883  -3.851014  -0.706665
    80  0.19025090    5.176990  119.384341       4.978696  -1.204339   1.542407
    81  0.18755068    5.103514  117.689930       5.115120  -3.456956  -4.001575
    82  0.17128892    4.661009  107.485509       5.123959  -0.570590  -1.821043
    83  0.14015973    3.813940   87.951629       5.115019   3.802940  -0.342263
    84  0.17647522    4.802135  110.739966       5.640423   7.100710  -1.115189
    85  0.18236552    4.962418  114.436188       5.785431  -6.838728   0.482036
    86  0.14136629    3.846772   88.708758       5.684453  -4.629873  -2.964515
    87  0.13905127    3.783778   87.256064       5.987213  -6.104171  -1.002473
    88  0.12715896    3.460171   79.793518       6.537553   6.049921  -0.183651
    89  0.18488445    5.030962  116.016839       6.724165  -5.854171  -2.437172
    90  0.17742076    4.827864  111.333304       7.130407   2.639009   2.089849
    91  0.12747477    3.468765   79.991692       7.238442   4.102472   1.141458
    92  0.17084134    4.648829  107.204652       7.897302   5.535893   0.611177
