 Number of surface minima:    63
   #       a.u.         eV      kcal/mol           X/Y/Z coordinate(Angstrom)
     1  0.13013621    3.541186   81.661772      -7.039439  -1.931948  -0.736476
     2  0.11676227    3.177263   73.269490      -6.470935  -0.830594  -0.786443
     3  0.11851353    3.224917   74.368425      -6.336879  -1.391846   0.106327
     4  0.12004175    3.266502   75.327400      -5.822348  -2.084085   1.379159
     5  0.13192524    3.589868   82.784404      -5.506464  -3.122597  -1.887797
     6  0.11080100    3.015048   69.528733      -5.392620  -1.024343   1.144650
     7  0.17103289    4.654042  107.324848      -5.225712   1.772293  -2.416975
     8  0.04651136    1.265639   29.186345      -4.883404  -1.459794   2.950068
     9  0.04686657    1.275304   29.409239      -4.832155  -2.012994   2.901846
    10  0.04643334    1.263515   29.137383      -4.807986  -1.138182   2.975046
    11  0.11576051    3.150004   72.640879      -4.618815  -2.265709  -2.089264
    12  0.15453288    4.205053   96.970924      -4.486703   2.170169  -1.357869
    13  0.12345342    3.359338   77.468257      -4.441364  -2.812851  -1.048875
    14  0.12017022    3.269998   75.408017      -4.313173  -3.254891   0.666848
    15  0.16868405    4.590126  105.850926      -3.692755   0.690743  -3.533080
    16  0.10536384    2.867096   66.116865      -3.499641  -2.593419   0.289731
    17  0.14910828    4.057443   93.566937      -2.634400   0.891191  -2.768899
    18  0.01144202    0.311353    7.179980      -2.176486  -1.870916   2.406652
    19  0.08543168    2.324714   53.609232      -2.140766  -1.416923  -1.244347
    20  0.00225312    0.061310    1.413852      -2.093467  -0.072957   2.235517
    21  0.05113417    1.391432   32.087203      -1.738936  -3.387185  -2.345972
    22  0.02698846    0.734393   16.935530      -1.600549  -3.397673   0.453070
    23  0.12930214    3.518490   81.138385      -1.043191   3.628309   1.561214
    24  0.15193321    4.134313   95.339606      -1.043563   4.819378  -0.821706
    25  0.15472468    4.210273   97.091285      -0.649986   4.916588   1.889558
    26  0.16589305    4.514179  104.099546      -0.678890   5.873416  -0.098619
    27  0.07648394    2.081234   47.994440       0.143780  -2.800727  -1.433634
*   28 -0.01173299   -0.319271   -7.362571       0.266930  -1.404631   3.268439
    29 -0.00808239   -0.219933   -5.071779       0.680273  -0.327037   3.264754
    30  0.11151737    3.034542   69.978263       1.084083  -2.719627   0.753439
    31  0.03902087    1.061812   24.485987       1.202391   0.584451  -1.619345
    32  0.15320300    4.168866   96.136415       1.120878   4.204628  -1.094032
    33  0.05389581    1.466579   33.820157       1.768966   0.472909  -1.601066
    34  0.10486358    2.853483   65.802946       2.102917   2.169175   0.704513
    35  0.02628179    0.715164   16.492088       2.464948  -0.139957   0.962548
    36  0.10570232    2.876306   66.329265       2.680069   4.334688   1.732952
    37  0.11672836    3.176340   73.248214       2.633170   5.608827  -0.613550
    38  0.11852065    3.225111   74.372891       2.925365   3.637095  -1.631578
    39  0.10290938    2.800307   64.576664       3.035372   2.420980   0.724788
    40  0.12131654    3.301191   76.127339       3.184034   4.692997  -1.097703
    41  0.06764109    1.840608   42.445460       3.312275   2.022077  -2.796285
    42  0.11432399    3.110914   71.739445       3.391217  -0.668926   0.301285
    43  0.10992425    2.991191   68.978569       3.420134   3.492119   1.224005
    44  0.11563871    3.146689   72.564449       3.750407  -2.826031  -1.709473
    45  0.13062699    3.554541   81.969742       3.729346   5.734903  -0.409824
    46  0.09974316    2.714149   62.589830       3.959640  -3.398848   0.854025
    47  0.11639914    3.167382   73.041622       4.152812  -1.764127  -1.438195
    48  0.09749570    2.652993   61.179526       4.225565  -2.338882   1.122471
    49  0.11438088    3.112462   71.775143       4.167044  -0.344416  -0.775008
    50  0.12945915    3.522763   81.236910       4.115260   3.757266  -1.491287
    51  0.10579864    2.878927   66.389702       4.481125  -1.016244   1.242907
    52  0.10163516    2.765633   63.777079       4.642611  -3.651569  -2.019580
    53  0.09246720    2.516160   58.024091       4.839550  -4.313245   0.558970
    54  0.10306153    2.804447   64.672140       5.338377  -1.369573  -1.443452
    55  0.11199121    3.047436   70.275605       5.452250  -4.564457  -2.130466
    56  0.08938383    2.432258   56.089250       5.422990  -2.070767   1.134047
    57  0.10074689    2.741462   63.219683       5.572181  -3.383478  -2.006704
    58  0.09300712    2.530853   58.362900       5.763134  -4.048657   0.556493
    59  0.09397705    2.557246   58.971540       6.071617  -2.871884   0.849233
    60  0.10315339    2.806947   64.729784       6.030729  -2.130536  -1.689503
    61  0.11460060    3.118441   71.913020       6.471643  -1.059144  -1.226326
    62  0.11820976    3.216651   74.177807       7.023084  -3.254891  -1.826973
    63  0.11367716    3.093313   71.333553       7.134733  -3.784068   0.310508
 
 Number of surface maxima:    69
   #       a.u.         eV      kcal/mol           X/Y/Z coordinate(Angstrom)
     1  0.20164598    5.487066  126.534871      -6.998607  -3.254293  -1.622799
     2  0.16452880    4.477056  103.243467      -6.395035  -1.824243  -2.341074
     3  0.22025254    5.993376  138.210670      -6.239031  -0.635732  -3.480171
     4  0.15630383    4.253243   98.082215      -6.103399  -3.135825  -0.171830
     5  0.18938413    5.153404  118.840436      -5.698445  -3.572038   1.287266
     6  0.18409577    5.009501  115.521937      -5.152522  -0.599263  -0.282108
     7  0.20002990    5.443090  125.520763      -5.086700   0.246053  -2.884859
     8  0.24068583    6.549395  151.032766      -4.960846   1.405048  -3.817360
     9  0.13143157    3.576435   82.474626      -4.373241  -2.725714   1.370206
    10  0.18610471    5.064167  116.782566      -4.089638  -1.550023  -0.976892
    11  0.17666359    4.807261  110.858168      -3.851409  -3.790715  -0.977794
    12  0.20052222    5.456487  125.829699      -3.829438   2.317056  -2.956437
    13  0.23252870    6.327428  145.914084      -3.743001   1.243115  -0.564854
    14  0.17255488    4.695457  108.279913      -3.428166   0.117060   1.087271
    15  0.24415062    6.643676  153.206958      -3.280039   4.298579   0.371643
    16  0.19983830    5.437877  125.400530      -3.061199  -1.813703   4.939708
    17  0.22527136    6.129945  141.360030      -2.766695   0.371652  -1.436318
    18  0.11888303    3.234972   74.600290      -2.642262  -2.453486  -0.960692
*   19  0.25085807    6.826195  157.415948      -2.634400   3.492119  -2.751763
    20  0.15752798    4.286554   98.850382      -2.502106  -0.956019   0.361206
    21  0.22663697    6.167106  142.216967      -2.505114   3.098881  -0.830749
    22  0.15793243    4.297560   99.104182      -2.314891  -0.873593   0.151538
    23  0.19264845    5.242231  120.888831      -1.840635   5.122848   0.668992
    24  0.13343733    3.631015   83.733262      -1.385702  -1.344721   0.656468
    25  0.17372258    4.727232  109.012655      -1.251794   0.081005  -0.505191
    26  0.16692544    4.542272  104.747384      -1.046869  -5.449231  -0.934202
    27  0.11942788    3.249798   74.942187      -0.756052  -0.324083   1.981144
    28  0.23294431    6.338737  146.174885      -0.795110   6.349477   1.263852
    29  0.16250778    4.422062  101.975257      -0.541019   1.235609   0.591541
    30  0.11065798    3.011157   69.438989      -0.471811  -3.784068  -0.938834
    31  0.03985939    1.084629   25.012169      -0.282935  -3.448650   2.874797
    32  0.17889643    4.868020  112.259301      -0.235374  -0.862460  -2.645927
    33  0.20918909    5.692325  131.268248      -0.119051   3.108978   0.748013
    34  0.23163058    6.302988  145.350502      -0.129520   3.624413  -0.717277
    35  0.19305340    5.253250  121.142941       0.516443   5.738360   0.874950
    36  0.15352529    4.177636   96.338654       0.673971  -2.064084   0.229579
    37  0.15821904    4.305359   99.284029       0.693908  -0.599094  -0.836036
    38  0.18960787    5.159492  118.980833       1.131223  -3.651774  -0.330435
    39  0.10197858    2.774978   63.992582       1.180972  -1.017487   1.624586
    40  0.18392040    5.004729  115.411891       1.178313   2.162004  -1.396928
    41  0.12554782    3.416330   78.782510       1.285965   0.429032   0.482176
    42  0.15437660    4.200801   96.872858       1.334429   1.583578   0.096617
    43  0.05556750    1.512069   34.869165       1.436177   1.847620   2.996983
    44  0.21494048    5.848828  134.877301       1.579541   6.772086   1.408338
    45  0.18471154    5.026256  115.908336       2.002541   4.160841  -0.689101
    46  0.18557749    5.049820  116.451732       2.061533  -2.064242  -1.292988
    47  0.15814999    4.303480   99.240701       2.243349  -2.608417   1.111363
    48  0.17819155    4.848839  111.816977       2.241044   3.481500   0.724350
    49  0.17426513    4.741995  109.353114       2.417439  -3.383137  -0.827376
    50  0.19603847    5.334478  123.016103       2.576935  -5.055154  -0.909880
    51  0.16079556    4.375470  100.900823       3.038496   6.003559   1.014183
    52  0.13845396    3.767524   86.881242       3.284483  -1.411090   0.705571
    53  0.23787444    6.472893  149.268593       3.739863  -0.697647  -3.299383
    54  0.14911621    4.057659   93.571915       3.996175   2.160441  -0.818585
    55  0.14820058    4.032743   92.997345       4.051867   2.301470  -1.022479
    56  0.14371513    3.910687   90.182679       4.224933  -5.141625  -1.101288
    57  0.12482679    3.396710   78.330056       4.254391  -0.995397  -1.205134
    58  0.17998025    4.897512  112.939408       4.288094   0.239860   0.379036
    59  0.15834262    4.308722   99.361577       4.644474   4.288500   0.099395
    60  0.20051868    5.456391  125.827476       4.705932   5.805267   0.859465
    61  0.15290987    4.160889   95.952473       4.928374  -2.574537  -1.195535
    62  0.14582771    3.968174   91.508346       5.014007  -3.131887   0.321869
    63  0.20044117    5.454282  125.778841       5.273606   3.086360  -0.717279
    64  0.18323907    4.986189  114.984352       5.689970  -5.915310  -1.365314
    65  0.13984381    3.805343   87.753387       5.674474  -0.521630   0.086290
    66  0.13922397    3.788477   87.364435       6.628447  -4.578312  -1.092823
    67  0.14023311    3.815937   87.997680       7.359430  -2.209799  -0.471645
    68  0.18512964    5.037634  116.170699       7.303877  -0.601771  -0.025997
    69  0.18443991    5.018865  115.737891       8.081438  -3.712332  -0.854988
