 Number of surface minima:    72
   #       a.u.         eV      kcal/mol           X/Y/Z coordinate(Angstrom)
     1  0.07229849    1.967342   45.368025      -6.760272  -2.964682  -0.601799
     2  0.07393426    2.011854   46.394490      -6.475649  -3.822723  -1.206537
     3  0.07071527    1.924260   44.374538      -6.162847  -4.314506   1.620322
     4  0.07468718    2.032342   46.866953      -6.029499  -2.241951  -0.363038
     5  0.07293485    1.984658   45.767345      -5.876216  -5.218524   0.980893
     6  0.07857638    2.138172   49.307462      -5.545529  -4.028206  -1.598894
     7  0.11358259    3.090739   71.274209      -5.617864   6.122220  -1.466600
     8  0.07201461    1.959617   45.189890      -5.358182  -3.509841   1.895811
     9  0.08057711    2.192615   50.562942      -5.022313  -5.399044   0.638497
    10  0.08281983    2.253642   51.970271      -5.044346  -2.385802  -0.712243
    11  0.09750729    2.653308   61.186797      -5.080377   4.837917  -1.069717
    12  0.09293647    2.528930   58.318567      -4.861157   5.841480  -0.288730
    13  0.08787123    2.391098   55.140078      -4.847625  -3.300305  -1.297873
    14  0.09831654    2.675329   61.694613      -4.626959   3.994804  -0.906777
    15  0.07436911    2.023686   46.667362      -4.595583  -1.160646  -1.047331
    16  0.09116907    2.480837   57.209506      -4.178557   5.739737   0.517815
    17  0.11383135    3.097509   71.430309      -3.931028   6.779195  -2.770668
    18  0.10174707    2.768679   63.847307      -3.813122   3.711560  -0.022121
    19  0.10002187    2.721733   62.764721      -3.621147   4.611678   0.650109
    20  0.11995663    3.264186   75.273985      -3.255702   2.561468  -0.672834
    21  0.09739824    2.650341   61.118370      -3.090962   5.538714  -2.657249
    22  0.09443590    2.569732   59.259472      -2.836619   6.552498  -1.863483
    23  0.14752551    4.014373   92.573732      -2.646120  -2.510748  -1.485372
    24  0.05784392    1.574013   36.297637      -2.744122   0.813687  -0.518053
    25  0.09625141    2.619134   60.398721      -2.698538   4.573870  -2.657249
    26  0.11568564    3.147966   72.593896      -2.238172   3.373216  -2.333854
    27  0.09441764    2.569235   59.248011      -2.254382   6.482437  -1.178156
    28  0.14866890    4.045487   93.291224      -2.118741  -3.701368  -1.222289
    29  0.12468816    3.392937   78.243066      -2.091436  -3.024789   1.331008
    30  0.03189824    0.867995   20.016464      -2.078241   1.477749  -0.515150
    31  0.16419546    4.467986  103.034290      -1.919261  -4.965809  -0.618512
    32  0.10570504    2.876380   66.330970      -1.847494   4.507917  -1.589082
    33  0.10421123    2.835732   65.393588      -1.651265   5.356554  -0.937423
    34  0.02748954    0.748028   17.249963      -1.380170   0.668524  -1.402364
    35  0.15870099    4.318473   99.586456      -1.150072  -3.903451  -1.143685
    36  0.13220836    3.597572   82.962069      -1.088940  -3.180347   1.379290
    37 -0.00776545   -0.211309   -4.872895      -0.989553   0.825654   3.486259
    38  0.13294089    3.617506   83.421738      -0.232334  -2.358176   1.207064
*   39 -0.01253960   -0.341220   -7.868726      -0.113680   1.767862   3.683103
    40  0.11733450    3.192834   73.628574      -0.202239   4.013985   0.677038
    41  0.05227336    1.422430   32.802056       0.253287   2.118864  -1.610919
    42  0.06701727    1.823633   42.054010       0.641452   4.098402   0.340330
    43  0.14399004    3.918168   90.355187       0.777747  -5.987454   0.507684
    44  0.15706614    4.273987   98.560574       0.954365  -4.352412  -2.648476
    45  0.14537834    3.955946   91.226363       1.061116  -2.757324  -3.586593
    46  0.13594946    3.699373   85.309644       1.354981  -4.604175   1.739854
    47  0.15295768    4.162190   95.982473       1.438400  -0.964723  -1.598894
    48  0.00258378    0.070308    1.621347       1.571737   0.079791   2.574968
    49  0.03438409    0.935639   21.576361       1.944037   2.771424   0.509059
    50  0.01395939    0.379854    8.759658       1.957113   3.041193   1.944924
    51  0.15311697    4.166525   96.082432       2.019292  -5.134308   0.133831
    52  0.04739313    1.289633   29.739662       2.127244   3.846600  -1.862864
    53  0.17839900    4.854484  111.947159       2.500315  -3.843327  -1.259025
    54  0.17441771    4.746147  109.448859       2.459613  -2.903422  -0.076173
    55  0.14972037    4.074098   93.951029       2.533565  -4.075827  -3.302129
    56  0.15528856    4.225617   97.445127       2.676319  -1.019847  -2.136966
    57  0.03325238    0.904843   20.866203       2.566599   1.087592   2.369935
    58  0.15062091    4.098603   94.516125       3.636899  -0.389831  -1.677067
    59  0.14813538    4.030969   92.956433       3.730403   0.436347  -0.540540
    60  0.16842058    4.582957  105.685597       3.991118  -1.325242  -2.633945
    61  0.15557645    4.233451   97.625779       4.051311  -1.641123   0.914698
    62  0.15045920    4.094203   94.414651       4.244249  -2.448110  -0.143657
    63  0.16245160    4.420533  101.940001       4.655048  -2.772563  -1.195107
    64  0.08452332    2.299997   53.039231       5.932223   0.619862   0.374196
    65  0.08902347    2.422452   55.863119       5.953025   0.783623  -0.815461
    66  0.07948069    2.162780   49.874931       6.780756   1.094632  -1.449811
    67  0.07621996    2.074051   47.828789       6.890135   0.728786   0.842665
    68  0.08150641    2.217902   51.146090       7.412251  -1.855380   0.378240
    69  0.07504248    2.042010   47.089907       7.670756   1.178500  -0.941401
    70  0.07364571    2.004002   46.213417       7.800251   1.006017   0.224324
    71  0.07824000    2.129019   49.096382       8.213078  -1.392877  -1.411292
    72  0.07753396    2.109806   48.653333       8.345767  -1.579478  -0.142714
 
 Number of surface maxima:    79
   #       a.u.         eV      kcal/mol           X/Y/Z coordinate(Angstrom)
     1  0.16386946    4.459115  102.829726      -8.501789  -4.764774   0.355737
     2  0.11738301    3.194154   73.659013      -7.712110  -3.432600   0.914698
     3  0.16452516    4.476957  103.241185      -7.520902  -1.986313   1.834513
     4  0.11991172    3.262964   75.245804      -7.168625  -5.425421  -0.428733
     5  0.17109504    4.655733  107.363849      -6.303773  -6.583134  -1.312257
     6  0.12094254    3.291014   75.892652      -5.870035  -1.772690   1.516252
     7  0.12477822    3.395388   78.299584      -5.614954  -3.369730  -0.540540
     8  0.18292305    4.977589  114.786044      -5.490017   6.941868  -2.734031
     9  0.12528535    3.409188   78.617810      -5.145341  -4.209527   0.771595
*   10  0.25135511    6.839720  157.727846      -5.212849   1.462290  -1.625093
    11  0.18941329    5.154198  118.858733      -5.010355   3.846240  -3.582388
    12  0.14054027    3.824295   88.190426      -4.982484   5.451916  -2.908595
    13  0.16326527    4.442674  102.450591      -4.519662  -0.974471   1.565410
    14  0.13639197    3.711414   85.587327      -4.553033   7.283239  -1.364159
    15  0.14780960    4.022104   92.752001      -3.951408   3.190911  -2.519337
    16  0.14684857    3.995953   92.148948      -3.968958   4.897556  -0.517930
    17  0.17897930    4.870274  112.311299      -3.805033   8.236699  -0.128184
    18  0.16640911    4.528222  104.423382      -3.561115  -1.735472   0.329196
    19  0.15805100    4.300786   99.178581      -3.510473  -2.085804  -1.019075
    20  0.19852922    5.402255  124.579069      -3.164232  -5.512812  -1.562397
    21  0.18480447    5.028785  115.966656      -3.045605   2.054702  -2.103305
    22  0.13786075    3.751382   86.509001      -2.923625   7.016074   0.509914
    23  0.17682057    4.811532  110.956675      -2.833073  -4.424384  -0.473970
    24  0.13894986    3.781018   87.192426      -2.786959   2.878706  -0.154452
    25  0.14825093    4.034113   93.028941      -2.751450   5.313602  -1.469802
    26  0.05581435    1.518786   35.024063      -2.646706  -0.523623   2.898860
    27  0.16186827    4.404660  101.573959      -2.488703   3.319254   1.305148
    28  0.22378608    6.089529  140.428001      -2.001559  -5.609596   0.650109
    29  0.14641445    3.984140   91.876532      -1.854829  -0.323643   0.227784
    30  0.16952796    4.613090  106.380488      -1.733958  -0.919008  -1.514806
    31  0.16359747    4.451714  102.659048      -1.712430   4.901538   1.046030
    32  0.18685538    5.084593  117.253617      -1.738778   6.345099   1.517385
    33  0.14364787    3.908857   90.140476      -1.703722   3.190702  -0.926827
    34  0.12602325    3.429267   79.080851      -1.558940   0.822858   0.404716
    35  0.20290833    5.521416  127.327007      -1.323151  -2.247046   0.631744
    36  0.22454161    6.110088  140.902106      -1.171146  -2.623677  -0.931585
    37  0.11535393    3.138940   72.385742      -1.047523   2.033533   1.750530
    38  0.14376770    3.912118   90.215672      -0.914579   3.579360  -0.672011
    39  0.17328870    4.715425  108.740391      -0.794933   4.635532   1.703229
    40  0.19374984    5.272201  121.579962      -0.621974  -4.980517   0.144203
    41  0.12851200    3.496989   80.642567      -0.507757   1.467383  -0.662133
    42  0.15411772    4.193756   96.710410      -0.376156  -0.654419   0.803183
    43  0.17430653    4.743122  109.379089      -0.156441   5.005548  -2.400426
    44  0.21790538    5.929507  136.737805      -0.118232  -3.165562  -2.522972
    45  0.15670156    4.264066   98.331799      -0.020787   2.727749   0.635610
    46  0.20144661    5.481641  126.409761       0.120881  -5.609619   1.840758
    47  0.11240847    3.058790   70.537436       0.333620   0.536229   2.295840
    48  0.20246547    5.509365  127.049104       0.671195  -2.237736  -1.599359
    49  0.21846785    5.944813  137.090763       1.038887  -5.606891  -1.127300
    50  0.22367810    6.086591  140.360243       1.085954  -3.145920  -0.792539
    51  0.17719642    4.821760  111.192525       1.079444   0.145885  -0.124221
    52  0.04299981    1.170084   26.982813       1.167741   3.436644   3.498836
    53  0.16397469    4.461978  102.895757       1.344479  -4.077032  -3.310543
    54  0.19797723    5.387234  124.232692       1.236554  -2.883368   0.552888
    55  0.15796962    4.298572   99.127519       1.739995  -5.411937   0.659610
    56  0.16477539    4.483766  103.398208       1.930534   5.763289  -0.076075
    57  0.22044173    5.998525  138.329390       2.294156  -4.978804  -1.965375
    58  0.16657205    4.532656  104.525626       2.259835   0.589978   0.544833
    59  0.19672873    5.353261  123.449247       2.392129   0.719999  -1.282830
    60  0.21341987    5.807450  133.923104       2.413032  -3.673080   0.804305
    61  0.21151238    5.755544  132.726131       2.521833  -2.771789  -4.099023
    62  0.22091874    6.011505  138.628720       2.644211  -0.654419  -0.835557
    63  0.22998208    6.258131  144.316057       2.921306  -1.913799   0.120932
    64  0.20077332    5.463320  125.987268       3.318189  -2.967145  -2.324088
    65  0.15900872    4.326847   99.779560       4.463428   0.386725   0.116186
    66  0.23302988    6.341065  146.228580       4.666468  -2.599472  -2.750181
    67  0.22797227    6.203441  143.054879       4.567439   2.579245   3.486890
    68  0.18236161    4.962312  114.433733       4.773426  -1.051302  -1.921759
    69  0.17920555    4.876431  112.453276       4.755633  -0.793202   0.909744
    70  0.20018205    5.447231  125.616238       5.141224  -0.404213  -3.244288
    71  0.18252125    4.966656  114.533911       5.567192  -1.183597   2.311144
    72  0.12786148    3.479288   80.234358       6.743472   0.380402  -0.421223
    73  0.12929576    3.518317   81.134384       7.128922  -0.800299   1.918251
    74  0.13196103    3.590842   82.806865       7.160441  -1.178781  -0.668142
    75  0.17277649    4.701487  108.418973       8.282928   0.341491  -3.451014
    76  0.16881987    4.593822  105.936157       8.812229  -0.554085   2.175320
    77  0.12240650    3.330850   76.811303       9.014158   0.146476  -1.863161
    78  0.12080112    3.287166   75.803910       9.197602  -0.228716   0.576278
    79  0.16610657    4.519990  104.233531      10.190164   0.267939  -0.677387
