 Number of surface minima:    75
   #       a.u.         eV      kcal/mol           X/Y/Z coordinate(Angstrom)
     1  0.08323550    2.264953   52.231106      -6.576452  -2.870971  -0.519417
     2  0.08414241    2.289631   52.800205      -6.317320  -3.683219  -1.185016
     3  0.12143432    3.304396   76.201252      -6.395615   4.723031  -1.798549
     4  0.08256045    2.246584   51.807510      -5.915428  -4.350062   1.601547
     5  0.08818415    2.399613   55.336436      -5.862630  -2.087487  -0.207210
     6  0.11351768    3.088973   71.233480      -5.830405   4.115085   0.251146
     7  0.08372646    2.278313   52.539194      -5.683924  -5.262550   0.873362
     8  0.10464425    2.847515   65.665311      -5.630246   3.879815  -0.901644
     9  0.09006697    2.450847   56.517926      -5.371096  -3.810824  -1.591435
    10  0.10521595    2.863072   66.024062      -5.336624   3.797607  -2.194795
    11  0.11708291    3.185988   73.470694      -5.211778   6.568339  -1.570162
    12  0.08633448    2.349281   54.175750      -5.078020  -3.542724   1.900343
    13  0.10137558    2.758570   63.614193      -4.983204   3.378411  -0.129294
    14  0.11794227    3.209372   74.009954      -5.130148   4.000314  -3.448155
    15  0.09845038    2.678971   61.778599      -4.898770  -2.219781  -0.605452
    16  0.10785045    2.934760   67.677236      -4.601890   3.337999  -2.653335
    17  0.10705721    2.913175   67.179468      -4.432869  -1.133871  -1.045109
    18  0.09665216    2.630039   60.650195      -4.135320   6.057265  -0.700024
    19  0.11578880    3.150774   72.658633      -4.047599   2.818512  -0.521798
    20  0.11351403    3.088874   71.231186      -3.976772   2.930531   0.780980
    21  0.12153734    3.307199   76.265894      -3.855079   2.798707  -1.624138
    22  0.09790428    2.664111   61.435913      -3.843242   5.977065  -2.012373
    23  0.09073790    2.469104   56.938941      -3.514829   5.598123   0.009283
    24  0.04721576    1.284806   29.628362      -3.280710   0.034156   3.436488
    25  0.10949179    2.979423   68.707194      -3.054705   0.681789   0.197936
    26  0.09832170    2.675469   61.697849      -3.088589   5.516464  -2.328058
    27  0.05361293    1.458882   33.642647      -2.838452   2.062362   1.709889
    28  0.10493630    2.855462   65.848575      -2.856418   4.801323   0.935768
    29  0.10097387    2.747639   63.362112      -2.565895   4.980805  -0.379187
    30  0.16867119    4.589776  105.842856      -2.375564  -2.490776  -1.494289
    31  0.15076414    4.102501   94.606007      -2.257442  -1.619833   0.986894
    32  0.10054266    2.735905   63.091522      -2.229097   0.447461   0.783096
    33  0.10625066    2.891227   66.673351      -2.342376   4.928981  -1.456369
    34  0.09216924    2.508053   57.837121      -2.220536  -0.763600   1.710992
    35  0.14900871    4.054733   93.504453      -1.938300  -2.864037   1.343208
    36  0.16310706    4.438369  102.351310      -1.886685  -3.967833   1.445300
    37  0.16549173    4.503259  103.847715      -1.839094  -3.552449  -1.205038
    38  0.17757018    4.831930  111.427065      -1.726482  -4.742135  -0.589765
    39  0.02255796    0.613833   14.155344      -1.532518   3.132594   1.505903
    40  0.02460949    0.669658   15.442699      -1.326821   1.344340   3.118044
    41  0.14077108    3.830576   88.335261      -1.035057   1.551621  -1.232955
    42  0.15641683    4.256318   98.153127      -0.917960  -3.018167   1.421466
    43  0.17402019    4.735330  109.199409      -0.780241  -3.823358  -1.080989
    44 -0.00388167   -0.105626   -2.435787      -0.329294   2.322516   3.694303
    45  0.18454035    5.021598  115.800914      -0.048757  -3.085602  -1.272641
    46  0.15634878    4.254467   98.110424       0.122095  -2.231165   1.260104
    47  0.04388243    1.194102   27.536666       0.429453   0.568390  -1.603573
    48  0.15248057    4.149207   95.683085       0.980619  -5.750335   0.544557
    49  0.04327291    1.177516   27.154184       1.221780   1.497273  -1.857493
    50  0.16213028    4.411789  101.738373       1.280290  -4.137852  -2.625698
    51  0.14880868    4.049290   93.378936       1.261142  -2.456850  -3.534688
    52  0.14601952    3.973393   91.628712       1.587104  -4.347789   1.798249
*   53 -0.01106615   -0.301125   -6.944122       1.558616   3.681249   1.842183
    54  0.14324377    3.897861   89.886898       1.716981  -0.632250  -1.525364
    55  0.01496416    0.407195    9.390159       1.768932   0.441889   2.538143
    56  0.00039309    0.010697    0.246671       1.802463   3.395919   0.446286
    57  0.15973711    4.346668  100.236634       2.354457  -4.733373   0.122357
    58  0.04180814    1.137657   26.235027       2.582168   1.484459   2.239066
    59  0.15150306    4.122608   95.069687       2.801478  -3.738967  -3.338916
    60  0.14610759    3.975790   91.683977       2.811112  -0.640173  -1.968316
    61  0.12926840    3.517572   81.117211       3.467718   0.687556  -0.538264
    62  0.13766479    3.746050   86.386034       3.714441   0.039022  -1.467607
    63  0.16291224    4.433067  102.229058       4.138684  -0.867529  -2.532612
    64  0.15794168    4.297812   99.109986       4.234824  -1.426015   0.862818
    65  0.15087009    4.105384   94.672493       4.531044  -2.095366  -0.133406
    66  0.16243006    4.419947  101.926486       4.918187  -2.422921  -1.271431
    67  0.08007804    2.179034   50.249772       5.963929   1.216950  -0.683441
    68  0.07839977    2.133366   49.196640       6.077412   0.895386   0.459344
    69  0.07196584    1.958290   45.159283       6.731910   1.560873  -1.210407
    70  0.07033118    1.913809   44.133522       7.036424   0.954907   0.915900
    71  0.07945296    2.162025   49.857528       7.696367  -1.493786   0.054587
    72  0.06839826    1.861211   42.920591       7.715812   1.641379  -0.790517
    73  0.06741130    1.834355   42.301264       7.964433   1.361664   0.261332
    74  0.07475082    2.034073   46.906889       8.317195  -0.824407  -1.609062
    75  0.07426902    2.020963   46.604552       8.514327  -1.130272  -0.521906
 
 Number of surface maxima:    81
   #       a.u.         eV      kcal/mol           X/Y/Z coordinate(Angstrom)
     1  0.17186292    4.676628  107.845704      -8.222753  -4.742121   0.358335
     2  0.12733553    3.464976   79.904317      -7.424675  -3.426493   1.034880
     3  0.17591035    4.786764  110.385502      -7.258193  -2.061926   1.993041
     4  0.12887366    3.506831   80.869512      -6.839578  -5.386189  -0.529082
     5  0.18710264    5.091322  117.408775      -6.580475   6.247547  -1.984469
     6  0.12400207    3.374268   77.812537      -6.172692   4.418227  -1.707523
     7  0.17927145    4.878224  112.494630      -5.998883  -6.389841  -1.534111
     8  0.18284294    4.975409  114.735771      -5.929946   5.431016   1.127592
     9  0.14127397    3.844260   88.650827      -6.014870   5.585583  -0.511724
    10  0.13717361    3.732684   86.077814      -5.637844  -1.767607   1.615106
    11  0.14373590    3.911253   90.195717      -5.468018   5.453288  -2.987661
    12  0.13734824    3.737436   86.187391      -5.287461  -3.278136  -0.595175
    13  0.18531730    5.042740  116.288459      -5.117538   0.303814   1.322698
    14  0.13770705    3.747199   86.412552      -4.937728  -4.204196   0.717692
    15  0.11857251    3.226522   74.405436      -4.770446   6.455827  -1.612054
    16  0.18886891    5.139384  118.517128      -4.630055   5.176610  -4.415326
    17  0.13693369    3.726155   85.927260      -4.501042   4.518754   1.143158
    18  0.16378474    4.456809  102.776563      -4.346032   2.251916   3.677702
    19  0.15821133    4.305149   99.279194      -4.374306   3.726552  -1.353253
    20  0.18147307    4.938133  113.876169      -4.309190  -0.885826   1.609065
    21  0.19522215    5.312265  122.503849      -4.063513   0.681316  -1.463489
    22  0.17262266    4.697302  108.322447      -3.415882   3.732200   1.847172
    23  0.15120599    4.114524   94.883271      -3.422904   4.127642  -3.724858
    24  0.15138212    4.119317   94.993795      -3.525969   5.065231  -1.194939
    25  0.19315747    5.256082  121.208246      -3.335306  -1.558310   0.254652
    26  0.18282814    4.975007  114.726486      -3.217450  -2.020877  -1.133976
    27  0.20911448    5.690294  131.221427      -2.890953  -5.239143  -1.713653
    28  0.19147636    5.210337  120.153330      -2.622588  -4.251607  -0.426097
    29  0.18764818    5.106167  117.751112      -2.333372   1.784634  -1.049924
    30  0.18359320    4.995825  115.206566      -1.945008   2.951683  -2.237654
    31  0.20524179    5.584913  128.791277      -2.038763   3.336579  -3.714177
    32  0.14036291    3.819469   88.079132      -1.994406   3.856363   0.197884
    33  0.23696046    6.448022  148.695059      -1.714555  -5.425361   0.642725
    34  0.18431621    5.015499  115.660267      -1.719197  -0.134765   0.114343
    35  0.20013086    5.445838  125.584115      -1.547847  -0.753028  -1.562577
    36  0.15409924    4.193254   96.698815      -1.445353   0.952192   0.375962
*   37  0.24373256    6.632300  152.944619      -1.014208  -2.455385  -0.924649
    38  0.23000963    6.258880  144.333342      -1.049358  -2.108164   0.633496
    39  0.11782162    3.206089   73.934247      -1.035057   2.084441   1.780694
    40  0.17079808    4.647652  107.177500      -0.925439   3.817850  -0.817035
    41  0.20193464    5.494921  126.716004      -0.862352   2.292205  -2.342294
    42  0.17459581    4.750994  109.560619      -0.638174  -1.208119   2.900538
    43  0.20639132    5.616194  129.512619      -0.395734  -4.768457   0.246655
    44  0.17592288    4.787105  110.393370      -0.433370   1.717139  -0.598899
    45  0.18066056    4.916024  113.366310      -0.232358  -0.499955   0.803764
    46  0.22639192    6.160437  142.063194       0.125548  -3.020693  -2.410353
    47  0.10975422    2.986564   68.871873       0.123450   2.885332   0.637916
    48  0.21225128    5.775651  133.189802       0.322500  -5.377924   1.836933
    49  0.13739335    3.738663   86.215701       0.398451   0.679025   2.332373
    50  0.20945609    5.699590  131.435793       0.845748  -1.928985  -1.555783
    51  0.16343321    4.447244  102.555971       1.110105   0.316600  -0.109896
    52  0.02912313    0.792481   18.275053       0.992333   3.504787   3.713298
    53  0.22558543    6.138492  141.557114       1.334809  -5.284378  -1.121697
    54  0.23045135    6.270900  144.610526       1.334711  -2.925789  -0.691945
    55  0.20845269    5.672286  130.806145       1.452722  -2.630442   0.589327
    56  0.16769638    4.563251  105.231156       1.619465  -3.805477  -3.316414
    57  0.11440113    3.113013   71.787851       1.620597   1.497763   1.192317
    58  0.16581605    4.512084  104.051233       2.007712  -5.183684   0.620464
    59  0.15591497    4.242662   97.838203       2.414723   0.835447   0.791779
    60  0.06440746    1.752616   40.416328       2.397039   2.676475  -1.582878
    61  0.22345835    6.080611  140.222347       2.547100  -4.709270  -1.983973
    62  0.22065037    6.004202  138.460311       2.656934  -3.414031   0.906668
    63  0.21181619    5.763812  132.916777       2.681908  -0.378427  -0.778780
    64  0.21208659    5.771170  133.086455       2.801478  -2.454255  -4.059843
    65  0.23287040    6.336726  146.128503       3.067368  -1.690933   0.123398
    66  0.17873968    4.863754  112.160937       3.076462  -0.753493   1.729620
    67  0.20200341    5.496792  126.759163       3.462950  -2.687923  -2.330199
    68  0.15044227    4.093742   94.404026       4.399917   1.766738   2.776446
    69  0.15498952    4.217479   97.257473       4.556555   0.725944   0.141718
    70  0.23135816    6.295576  145.179557       4.918187  -2.242624  -2.714330
    71  0.17633987    4.798452  110.655030       4.907559  -0.637758  -1.881866
    72  0.18083206    4.920691  113.473929       4.853177  -0.432671   0.983407
    73  0.19166178    5.215382  120.269683       5.107492   0.322517  -3.127990
    74  0.18386468    5.003212  115.376927       5.844247  -1.161427   2.177472
    75  0.12161577    3.309333   76.315109       6.997998   0.771800  -0.285644
    76  0.12886986    3.506727   80.867125       7.226843  -0.764544  -0.803703
    77  0.16815700    4.575785  105.520199       8.271582   1.133614  -3.449589
    78  0.16502675    4.490606  103.555936       9.063890  -0.475770   2.019057
    79  0.11794622    3.209480   74.012432       9.037921   0.833908  -1.983087
    80  0.11659845    3.172805   73.166691       9.428252   0.169960   0.394377
    81  0.16201527    4.408660  101.666202      10.315648   0.817544  -0.820965
