 Number of surface minima:    53
   #       a.u.         eV      kcal/mol           X/Y/Z coordinate(Angstrom)
     1  0.12839097    3.493696   80.566620      -6.736295   2.622358  -0.662277
     2  0.10842875    2.950496   68.040126      -6.326504   1.413025  -0.328432
     3  0.10749533    2.925097   67.454396      -6.074823   0.370475  -0.276015
     4  0.12717387    3.460577   79.802875      -6.103022   2.715395  -2.749289
     5  0.10639425    2.895135   66.763457      -5.571149   1.528335  -2.871268
     6  0.11457127    3.117643   71.894619      -5.413352   2.358557  -0.003875
     7  0.10384037    2.825640   65.160873      -5.273647   0.480669  -2.816656
     8  0.11777411    3.204797   73.904434      -4.874604  -0.046478   0.093323
     9  0.11228856    3.055527   70.462193      -4.619586   2.352288  -2.527901
    10  0.11616385    3.160979   72.893975      -4.516388   2.056790   0.291778
    11  0.12112613    3.296010   76.007857      -4.218608   0.747042   0.337100
    12  0.11417920    3.106974   71.648590      -4.081752   0.084912  -2.418649
    13  0.04441025    1.208464   27.867875      -3.896581  -2.898506   2.986461
    14  0.11299795    3.074831   70.907347      -3.693526   2.127454  -2.245002
    15  0.09497421    2.584380   59.597268      -3.457014  -0.908397   1.266635
    16  0.11860736    3.227470   74.427304      -3.427932   0.879602  -2.166515
    17  0.02199519    0.598520   13.802204      -2.436508  -3.687436   1.200709
    18  0.17663071    4.806366  110.837538      -2.250623   2.722963   1.257192
    19  0.09771916    2.659073   61.319748      -2.078935  -0.163542   0.904166
    20  0.04643206    1.263481   29.136582      -1.938086  -1.327283   2.607696
    21  0.05774022    1.571191   36.232563      -1.440894  -0.439586   3.121871
    22  0.07666392    2.086131   48.107373      -0.915345  -0.181858  -1.057737
    23  0.16911742    4.601919  106.122875      -0.852279   3.320860   2.652644
    24 -0.00633918   -0.172498   -3.977896      -0.650757  -4.751329  -0.392361
    25  0.13646117    3.713297   85.630749      -0.543690   4.568779  -1.564782
    26  0.15497660    4.217128   97.249367      -0.190760   2.527142   2.652692
    27  0.15045871    4.094190   94.414343      -0.059752   5.639091  -2.111190
    28  0.01349729    0.367280    8.469682       0.248872  -2.041619  -1.953999
    29  0.01936829    0.527038   12.153797       0.341151  -0.975624   2.787720
    30  0.16347080    4.448267  102.579564       0.298578   1.417883  -0.978614
    31  0.16745299    4.556628  105.078428       0.382994   3.592670   1.733805
    32  0.14179469    3.858430   88.977586       0.426456   4.202390  -2.291362
*   33 -0.00794861   -0.216293   -4.987830       0.648609  -4.589692   0.596470
    34  0.02471214    0.672452   15.507116       0.936775  -3.459000  -1.854617
    35  0.13302811    3.619879   83.476468       0.974529   3.160348  -2.420034
    36  0.13595221    3.699448   85.311374       1.171092   5.368823   0.323666
    37  0.15026924    4.089034   94.295451       1.309800   6.243613  -0.510141
    38  0.14859333    4.043430   93.243802       1.529235   4.114843  -3.035794
    39  0.14457769    3.934159   90.723948       2.122184   4.975328  -0.455701
    40  0.13965460    3.800195   87.634658       2.702668   3.965332  -0.539418
    41  0.14300963    3.891490   89.739975       2.852603  -0.382739   1.134341
    42  0.15186962    4.132583   95.299706       3.036589   4.709378  -1.524892
    43  0.13988001    3.806329   87.776102       3.428993  -1.119898  -2.470836
    44  0.14138843    3.847375   88.722653       3.911285  -0.647000   1.002046
    45  0.15050555    4.095464   94.443740       4.342626  -1.651124  -2.491777
    46  0.15288883    4.160317   95.939270       4.436925  -0.253654  -1.847930
    47  0.12024432    3.272014   75.454510       4.516901   0.892451   2.188371
    48  0.13417356    3.651048   84.195252       4.614788   2.542327   0.075986
    49  0.14658701    3.988835   91.984816       5.440582   3.143685   0.858791
    50  0.12707754    3.457956   79.742425       5.537400   0.611908   2.003914
    51  0.13696432    3.726989   85.946482       5.716429   2.067145  -0.154329
    52  0.11592743    3.154546   72.745621       5.970351  -0.320167   1.412520
    53  0.12492289    3.399325   78.390364       6.275434   1.141085  -0.803187
 
 Number of surface maxima:    65
   #       a.u.         eV      kcal/mol           X/Y/Z coordinate(Angstrom)
     1  0.18947922    5.155992  118.900108      -7.823453   0.470253  -2.193168
     2  0.14900426    4.054612   93.501665      -7.059554   1.934851  -1.933925
     3  0.19642835    5.345087  123.260753      -6.868676   3.648216  -1.895394
     4  0.14921562    4.060364   93.634296      -6.452456  -0.557506  -1.757077
     5  0.17274481    4.700625  108.399097      -5.603275  -3.017668   0.977822
     6  0.19749735    5.374176  123.931562      -5.662880  -1.899082  -1.640034
     7  0.18609336    5.063858  116.775446      -4.863501  -0.409715   2.626309
     8  0.16401329    4.463029  102.919982      -5.008623   1.144361  -0.457157
     9  0.16189085    4.405274  101.588130      -4.487291   1.241423  -1.971301
    10  0.17572932    4.781838  110.271908      -4.268442  -1.418246  -1.136155
    11  0.21434391    5.832594  134.502949      -3.921582   4.366527  -0.824944
    12  0.18495099    5.032772  116.058595      -3.810970  -2.424544  -1.106530
    13  0.24628067    6.701638  154.543581      -3.633533   0.052587   4.838581
    14  0.17385130    4.730734  109.093429      -3.098332   2.926927  -0.519469
    15  0.08361215    2.275202   52.467462      -2.665768  -2.827744   3.057115
    16  0.16511304    4.492954  103.610082      -2.718981   0.501809  -0.007824
    17  0.17940496    4.881857  112.578408      -2.502877  -0.813224  -1.848345
    18  0.16624970    4.523884  104.323350      -2.366596   0.481570  -0.980086
*   19  0.24774999    6.741620  155.465593      -2.090981   4.042328   2.050271
    20  0.16050955    4.367687  100.721349      -2.094153  -2.158081   0.084101
    21  0.19215340    5.228760  120.578178      -1.973700   2.394756   2.255718
    22  0.04613114    1.255292   28.947750      -1.802322  -4.393434  -2.121507
    23  0.22135314    6.023325  138.901306      -1.723658   2.059024  -0.330665
    24  0.23338309    6.350677  146.450226      -1.429484   5.758140   0.593885
    25  0.13859355    3.771322   86.968836      -1.312228  -0.794158   1.183512
    26  0.17563512    4.779275  110.212791      -1.224003   0.205527   1.373958
    27  0.21332853    5.804964  133.865784      -1.188689   4.208151   0.880536
    28  0.14114979    3.840881   88.572906      -1.021492  -3.475438   3.281268
    29  0.14216505    3.868508   89.209992      -0.921831  -1.640492  -1.125954
    30  0.09547467    2.597998   59.911310      -0.681223  -3.553559   0.737458
    31  0.17490494    4.759405  109.754597      -0.314585  -0.212975   0.147569
    32  0.23898552    6.503127  149.965806      -0.369937   1.681313   0.216558
    33  0.18080379    4.919921  113.456187      -0.279873   6.001542  -0.594617
    34  0.12844677    3.495214   80.601632      -0.114493  -2.032816   1.929959
    35  0.17820764    4.849277  111.827078       0.048589   0.897805   2.627452
    36  0.20250046    5.510318  127.071066       0.349381   3.494145  -1.172880
    37  0.10809149    2.941319   67.828491       0.539892  -2.793765  -0.551506
    38  0.24257969    6.600929  152.221180       0.566227   2.090262   1.414875
    39  0.21782016    5.927188  136.684327       0.683275   6.853695  -1.764812
    40  0.15542617    4.229361   97.531476       1.116538  -1.334297   0.483162
    41  0.20572413    5.598038  129.093947       1.360984   3.942406  -0.037114
    42  0.22027985    5.994120  138.227810       1.504023  -5.190360  -3.856362
    43  0.14359345    3.907377   90.106329       1.575971  -2.352213  -0.730698
    44  0.17669527    4.808123  110.878050       1.665716   5.574267  -2.173017
    45  0.16851053    4.585405  105.742040       1.838482  -1.111887  -2.189497
    46  0.21837611    5.942316  137.033194       1.862835   1.340464  -1.047578
    47  0.21365893    5.813955  134.073117       2.238843   1.264755   1.096530
    48  0.04525045    1.231327   28.395107       2.442811  -3.886099   1.582023
    49  0.22635986    6.159565  142.043075       2.435218   1.713468  -0.033818
    50  0.23716440    6.453572  148.823034       2.543616   2.709671   1.656041
    51  0.18294110    4.978081  114.797370       2.826383   3.274507  -2.173017
    52  0.21855121    5.947081  137.143072       2.920852   4.845450  -2.966327
    53  0.21332246    5.804799  133.861976       3.053484  -1.025473   0.075986
    54  0.23135232    6.295417  145.175894       3.073274  -0.164901  -1.212762
    55  0.23625293    6.428769  148.251078       3.069418   1.788249  -2.050929
    56  0.16522636    4.496038  103.681191       3.843328  -2.467798  -2.191274
    57  0.18562080    5.050999  116.478909       4.795253   0.215025   1.045144
    58  0.19556167    5.321504  122.716901       4.773310   1.141085  -0.255264
    59  0.22182646    6.036205  139.198320       5.434781  -2.524192  -1.869465
    60  0.19050505    5.183906  119.543823       5.567076  -1.298464  -1.040619
    61  0.21328076    5.803665  133.835809       5.697569   3.257576   2.324320
    62  0.16747472    4.557219  105.092063       6.626981   2.067835   1.531588
    63  0.21252247    5.783030  133.359975       7.160026  -1.232526  -0.843089
    64  0.16475256    4.483145  103.383878       7.257987   0.074043   0.190082
    65  0.20629042    5.613448  129.449301       8.009273   1.334279   1.062946
