 Number of surface minima:    65
   #       a.u.         eV      kcal/mol           X/Y/Z coordinate(Angstrom)
     1  0.08901440    2.422205   55.857429      -6.401135  -3.067535  -0.867008
     2  0.11704893    3.185063   73.449373      -6.477638   4.511646  -1.733974
     3  0.09006998    2.450929   56.519813      -6.059839  -4.125889  -1.430561
     4  0.08951716    2.435886   56.172914      -5.934435  -4.258183   1.473024
     5  0.09900724    2.694124   62.128031      -5.775358   4.155571  -0.563822
     6  0.08979857    2.443543   56.349501      -5.663145  -5.257405   0.950548
     7  0.09390418    2.555263   58.925810      -5.570235  -2.273769  -0.653107
     8  0.10042315    2.732653   63.016530      -5.558941   3.445929  -1.604066
     9  0.10044212    2.733169   63.028434      -5.237614   4.058184   0.225293
    10  0.09521417    2.590909   59.747844      -5.084618  -4.258183  -1.674259
    11  0.09347291    2.543527   58.655183      -5.166724  -3.450954   1.715291
    12  0.11299334    3.074705   70.904449      -5.060806   6.060772  -2.488962
    13  0.09764479    2.657050   61.273084      -4.696000  -5.448832   0.688300
    14  0.09841976    2.678138   61.759383      -4.736664   2.680674  -1.622176
    15  0.11095797    3.019320   69.627234      -4.225049   3.192288   0.253577
    16  0.10952287    2.980269   68.726695      -4.030843   2.607840  -0.567115
    17  0.09271840    2.522996   58.181720      -4.085212   5.978012  -1.489882
    18  0.09370813    2.549928   58.802788      -3.882597   5.265538  -2.542071
    19  0.09969025    2.712710   62.556626      -3.678309  -1.023566  -1.430328
    20  0.11869063    3.229736   74.479554      -3.728518   1.962471  -1.881102
    21  0.09975528    2.714479   62.597436      -3.535843  -0.980509  -1.622176
    22  0.09191977    2.501264   57.680575      -3.510122   5.923202  -0.593861
    23  0.06477043    1.762493   40.644092      -3.340980   0.107529   3.065638
    24  0.09204195    2.504589   57.757242      -3.212229   1.432273   0.629760
    25  0.08914935    2.425877   55.942110      -3.113123   4.589147  -2.552400
    26  0.10030306    2.729385   62.941176      -2.553241   4.999354  -0.684139
    27  0.09762054    2.656390   61.257865      -2.378421   4.377446  -1.601101
    28  0.16781331    4.566432  105.304533      -2.129034  -2.257786   1.052122
    29  0.10602183    2.885001   66.529756      -2.177421  -0.821107   1.668205
    30  0.10708577    2.913952   67.197391      -2.221070   3.476442  -2.548236
    31  0.10586213    2.880655   66.429544      -2.114375   0.131290   0.543279
    32  0.08147461    2.217037   51.126134      -2.086629   0.171231  -1.161591
    33  0.11674284    3.176734   73.257297      -2.006776   2.493325  -1.614502
    34  0.17002368    4.626580  106.691559      -1.793404  -3.741526  -1.287286
    35  0.16065546    4.371657  100.812909      -1.884203  -3.200002   1.288224
    36  0.17290603    4.705012  108.500263      -1.655059  -4.535366   1.372255
    37  0.18459308    5.023033  115.834007      -1.375782  -5.064642  -0.709439
    38  0.04745081    1.291202   29.775857      -1.252905   1.368431   2.813789
    39  0.03227904    0.878357   20.255420      -0.900726   2.018605  -1.489882
    40  0.16443105    4.474396  103.182127      -0.582016  -3.484590   1.414528
    41  0.17331041    4.716016  108.754016      -0.457946  -4.134500  -1.135756
    42  0.18294799    4.978268  114.801693       0.201705  -3.391469  -1.284639
    43  0.16849868    4.585082  105.734606       0.218423  -2.674799   1.268797
    44  0.02902067    0.789692   18.210758       0.230966   0.239823  -1.954700
    45  0.01914406    0.520936   12.013091       1.882655   0.568569   2.278515
    46  0.00186640    0.050787    1.171183       1.921759   3.232582  -0.043673
*   47 -0.00390241   -0.106190   -2.448801       1.886615   3.350709   1.420593
    48  0.15457047    4.206076   96.994513       2.087939  -1.359349  -1.603333
    49  0.03975216    1.081711   24.944880       2.929284   1.430472   1.685181
    50  0.15035070    4.091250   94.346565       3.158603  -1.480003  -1.979558
    51  0.14337437    3.901415   89.968852       3.786540   0.107529  -0.998638
    52  0.16589915    4.514346  104.103378       3.846417  -3.067535   0.008860
    53  0.14231297    3.872533   89.302815       4.067501  -0.623750  -1.622176
    54  0.16092357    4.378953  100.981151       4.596678  -1.612297  -2.222358
    55  0.15865239    4.317151   99.555959       4.704133  -2.141474   0.436212
    56  0.06994517    1.903305   43.891294       4.800235   1.104852   1.756444
    57  0.17624881    4.795974  110.597892       4.993561  -3.138025  -0.696116
    58  0.09177256    2.497258   57.588197       6.744336  -0.661333   0.934758
    59  0.07618413    2.073076   47.806305       6.832924   1.160681  -1.775327
    60  0.07212057    1.962501   45.256381       6.971244   1.288637   0.890127
    61  0.08113148    2.207700   50.910816       7.811585  -0.918812   0.944483
    62  0.07452498    2.027928   46.765170       8.003859   0.888528  -1.806770
    63  0.07145478    1.944384   44.838592       8.015845   1.025263   0.858105
    64  0.07726619    2.102520   48.485309       8.419483  -0.294700  -1.776418
    65  0.07540759    2.051945   47.319016       8.430034  -0.158267   0.886361
 
 Number of surface maxima:    72
   #       a.u.         eV      kcal/mol           X/Y/Z coordinate(Angstrom)
     1  0.17674790    4.809555  110.911072      -8.141880  -4.795126   0.073603
     2  0.13340582    3.630157   83.713488      -7.365163  -3.346457   0.597758
     3  0.18288147    4.976458  114.759949      -7.242441  -1.876886   1.355667
     4  0.13378701    3.640530   83.952687      -6.741441  -5.554810  -0.542814
     5  0.18386725    5.003282  115.378535      -6.576679   5.735548  -2.608872
     6  0.11906742    3.239989   74.715997      -6.264404   4.205344  -1.631413
     7  0.13867460    3.773528   87.019699      -5.941836   5.928478  -1.070903
     8  0.18261117    4.969103  114.590336      -5.854572   6.557016   0.469383
     9  0.18318567    4.984735  114.950837      -5.846326  -6.770694  -1.224380
    10  0.13946258    3.794970   87.514161      -5.561084   4.491759  -3.066201
    11  0.14575361    3.966157   91.461846      -5.078350  -3.471301  -0.721634
    12  0.19734322    5.369982  123.834842      -4.960963   0.234195   0.871885
    13  0.14532829    3.954584   91.194956      -4.864049  -4.258183   0.691290
    14  0.18363396    4.996934  115.232145      -4.811175   3.409513  -4.161072
    15  0.15173808    4.129003   95.217165      -4.537875   3.675537  -0.814042
    16  0.14287135    3.887727   89.653204      -4.515231   5.547369   1.027124
    17  0.19685694    5.356750  123.529696      -4.171063  -0.880914   1.142540
    18  0.18544566    5.046233  116.369008      -4.243488   2.508443   3.019449
    19  0.13904754    3.783676   87.253723      -3.635564   2.864600  -3.096112
    20  0.14657743    3.988575   91.978801      -3.541656   4.801742  -1.357588
    21  0.11389776    3.099316   71.471986      -3.453725  -0.035354  -1.088110
    22  0.19409195    5.281510  121.794637      -3.301865   5.028919   2.003372
    23  0.21435385    5.832865  134.509185      -3.080416  -1.851517   0.247357
    24  0.17322222    4.713616  108.698675      -2.794632   3.834094   1.184349
    25  0.21489070    5.847473  134.846065      -2.679509  -5.778228  -1.250808
    26  0.15048526    4.094912   94.431007      -2.755325   2.016127   0.125094
    27  0.14966022    4.072462   93.913284      -2.655212   2.232847  -0.673218
    28  0.20172150    5.489121  126.582260      -2.411850  -4.521493  -0.562772
    29  0.18114638    4.929244  113.671166      -2.420502   1.957746  -2.688264
    30  0.13456321    3.661651   84.439758      -2.079397   1.501406   0.697761
    31  0.18619028    5.066495  116.836260      -1.858183   3.732162   2.002457
    32  0.13965142    3.800108   87.632662      -1.884472   3.149646  -1.225503
    33  0.24623215    6.700317  154.513134      -1.632151  -5.732940   0.620650
    34  0.21730513    5.913173  136.361140      -1.653585  -1.494189  -1.672332
    35  0.19966050    5.433038  125.288959      -1.584413  -0.508767   0.114914
    36  0.14936191    4.064344   93.726094      -1.335950   0.660917   0.117807
    37  0.16665589    4.534937  104.578238      -1.091977   2.069931   1.237531
    38  0.16608230    4.519329  104.218303      -1.176770   3.991564  -0.008803
    39  0.25283245    6.879921  158.654889      -0.800625  -2.763669  -0.945620
    40  0.24681160    6.716085  154.876744      -0.817723  -2.407705   0.619702
    41  0.18638974    5.071923  116.961428      -0.555019  -1.089058   2.882441
    42  0.21369005    5.814802  134.092644      -0.165917  -4.980099   0.362238
    43  0.13724182    3.734540   86.120614      -0.171743   1.297628  -0.963148
    44  0.18564746    5.051724  116.495639      -0.058252  -0.696921   0.717956
    45  0.11812963    3.214471   74.127522       0.098672   2.753415   0.414748
    46  0.14531904    3.954332   91.189153       0.496773   0.637754   2.083722
    47  0.04044778    1.100640   25.381384       0.908421   3.687520   3.172536
    48  0.16169974    4.400074  101.468204       1.302313   0.111646  -0.278327
*   49  0.26470187    7.202904  166.103070       1.511216  -4.787360   0.475489
    50  0.24320799    6.618026  152.615447       1.550998  -3.344118  -0.450635
    51  0.20574753    5.598675  129.108635       1.494766  -1.876886   1.096861
    52  0.11487040    3.125783   72.082327       1.696575   1.437462   0.899478
    53  0.26236626    7.139349  164.637453       2.317269  -4.046203  -1.896664
    54  0.17286459    4.703885  108.474258       2.513418   0.677595   0.521593
    55  0.06027306    1.640113   37.821948       2.698930   2.337098  -1.754471
    56  0.23277099    6.334021  146.066121       2.926660  -0.901018  -0.828410
    57  0.24196605    6.584231  151.836119       3.284426  -1.873467   0.370777
    58  0.20260021    5.513032  127.133659       3.326704  -0.633268   1.685181
    59  0.07380390    2.008306   46.312687       4.336797   1.453305   1.957512
    60  0.19016639    5.174691  119.331310       4.568906   0.572194  -0.034645
    61  0.16346334    4.448064  102.574881       4.853641   2.247455  -0.419773
    62  0.23793771    6.474614  149.308291       5.316195  -3.009489  -2.093308
    63  0.18964611    5.160533  119.004829       5.530997  -2.144172  -0.555084
    64  0.11972578    3.257904   75.129121       6.471082   2.383374  -0.545810
    65  0.20558485    5.594248  129.006550       6.494873  -3.153754  -0.275999
    66  0.13044042    3.549464   81.852668       7.172685  -0.094644  -1.225293
    67  0.12841383    3.494318   80.580959       7.275430  -0.005957   0.404983
    68  0.16233745    4.417427  101.868375       7.877845   3.237465  -0.575914
    69  0.11756182    3.199020   73.771221       8.894672   1.891931  -0.531074
    70  0.17338687    4.718097  108.801996       9.714562  -2.141474  -0.453060
    71  0.12222759    3.325982   76.699037       9.686264  -0.491540  -0.531200
    72  0.16460059    4.479010  103.288514      10.372990   1.024495  -0.592814
