 Number of surface minima:    67
   #       a.u.         eV      kcal/mol           X/Y/Z coordinate(Angstrom)
     1  0.10271628    2.795052   64.455493      -6.212801  -0.463858  -2.166122
     2  0.10739255    2.922300   67.389898      -6.076604   0.594497  -1.625926
     3  0.11585961    3.152700   72.703066      -6.129279   1.710048  -0.918152
     4  0.09204668    2.504718   57.760213      -5.945023  -1.654506   0.224938
     5  0.09429127    2.565796   59.168713      -5.806589  -0.463858   0.765661
     6  0.08381766    2.280794   52.596419      -5.790683   3.241248   1.727242
     7  0.10424953    2.836774   65.417624      -5.256781   1.242853  -1.430892
     8  0.08018407    2.181920   50.316306      -4.995827   4.378577   1.040803
     9  0.08371980    2.278132   52.535013      -4.889100   0.197614   1.013041
    10  0.07477306    2.034678   46.920841      -4.447741   3.387156   2.415279
    11  0.16147132    4.393858  101.324870      -4.164296  -2.559873  -3.261685
    12  0.15311994    4.166605   96.084293      -3.929673  -3.618780  -1.323551
    13  0.09147545    2.489173   57.401757      -3.875629  -0.199269   0.731223
    14  0.08722545    2.373525   54.734840      -3.672884   4.245363  -1.344508
    15  0.09159633    2.492463   57.477611      -3.402118   1.271262   1.325442
    16  0.09700456    2.639628   60.871334      -3.422709   2.705902  -2.528747
    17  0.14841704    4.038633   93.133178      -3.036854  -1.786801  -3.221781
    18  0.13200993    3.592173   82.837550      -2.744389  -3.100726  -0.926064
    19  0.11811105    3.213965   74.115865      -2.565320  -0.811531   0.404791
    20  0.16583108    4.512493  104.060662      -2.472514   0.452012  -1.820341
    21  0.09284106    2.526334   58.258697      -2.356529   0.738315   0.690946
    22  0.08868883    2.413346   55.653126      -2.094484   1.944795  -0.793737
    23  0.09321650    2.536550   58.494285      -1.817362   2.979120  -1.046087
    24 -0.00340663   -0.092699   -2.137697      -1.579056  -1.137746   3.659487
    25  0.05054906    1.375510   31.720038      -1.419913   1.782962  -0.644811
    26  0.06952508    1.891874   43.627685      -1.505274   2.605270   0.720279
    27  0.04687278    1.275473   29.413141      -0.763346   4.429726   2.383740
    28  0.02411362    0.656165   15.131538      -0.604893  -2.426551   1.210778
*   29 -0.00416658   -0.113378   -2.614570      -0.170299  -0.665513   4.109031
    30  0.04128699    1.123476   25.907999       0.111827   2.288448   2.998853
    31  0.16326184    4.442581  102.448437       0.312728   0.087828  -2.095724
    32  0.07465159    2.031373   46.844618       0.315541   1.144076  -0.754550
    33  0.08260789    2.247875   51.837278       0.324664   3.161863   0.193976
    34  0.08426837    2.293059   52.879246       0.354921  -4.432687   1.362739
    35  0.16460587    4.479154  103.291831       0.960662   0.200520  -2.502473
    36  0.13846908    3.767935   86.890731       1.137861   2.182028   1.860028
    37  0.15939466    4.337349  100.021744       1.342509  -2.333688  -3.308900
    38  0.12484356    3.397166   78.340585       1.620669  -0.056039   0.937292
    39  0.09944268    2.705973   62.401276       1.647685  -5.209636  -0.097348
    40  0.18631581    5.069911  116.915035       2.044345   0.252697  -3.564039
    41  0.08419063    2.290944   52.830465       2.165096  -5.629375   1.473213
    42  0.12353739    3.361623   77.520945       2.147637   3.363763  -0.784672
    43  0.17742157    4.827886  111.333807       2.399254  -1.848780  -3.985690
    44  0.11698875    3.183426   73.411611       2.677243   3.722811  -1.998733
    45  0.12282812    3.342323   77.075876       2.677243   3.675723   0.027076
    46  0.06696458    1.822199   42.020941       2.813141  -2.708878   3.982613
    47  0.10958783    2.982037   68.767461       3.438301  -1.058483   1.265402
    48  0.13545333    3.685873   84.998319       3.603303   1.171825  -0.894834
    49  0.11785370    3.206962   73.954377       3.483207   4.187716  -2.099917
    50  0.07825173    2.129338   49.103743       3.654402  -4.564981   3.366365
    51  0.11722697    3.189908   73.561099       3.699082  -3.298466  -0.134866
    52  0.11334358    3.084236   71.124229       3.893573   4.414967  -0.132380
    53  0.13123568    3.571104   82.351698       4.019248   1.416179  -1.973691
    54  0.13121230    3.570468   82.337031       4.207200   1.520557   0.007908
    55  0.11364169    3.092348   71.311299       4.264775   4.636256  -1.080541
    56  0.12374445    3.367258   77.650879       4.401349  -0.592181   0.408813
    57  0.12257616    3.335467   76.917767       4.552992  -2.945401  -0.768691
    58  0.12382156    3.369356   77.699267       4.537426  -0.059945  -0.909974
    59  0.12793593    3.481314   80.281074       4.699383  -3.326048   0.566306
    60  0.11863420    3.228201   74.444150       4.637679  -2.617370  -1.719062
    61  0.12931985    3.518972   81.149498       4.926246   1.968768  -2.082713
    62  0.13337056    3.629197   83.691358       4.856510   4.758178  -2.241096
    63  0.11926568    3.245384   74.840404       5.190835   2.083640  -0.107476
    64  0.12111780    3.295783   76.002633       5.579226   2.328029  -1.045964
    65  0.13846510    3.767827   86.888236       5.643692  -0.407884  -0.364769
    66  0.13959430    3.798554   87.596820       6.056197   2.915097  -2.241096
    67  0.12911174    3.513309   81.018905       6.144120   2.868638  -0.121130
 
 Number of surface maxima:    93
   #       a.u.         eV      kcal/mol           X/Y/Z coordinate(Angstrom)
     1  0.18675644    5.081901  117.191534      -8.239248  -0.564479  -0.521270
     2  0.14170637    3.856026   88.922163      -7.152518   0.594497  -0.147578
     3  0.14754941    4.015024   92.588733      -7.107840  -1.651715  -1.180485
     4  0.18025398    4.904960  113.111178      -6.788515   1.976872   0.464222
     5  0.20495686    5.577160  128.612479      -6.476469  -3.036270  -2.035328
     6  0.14777438    4.021145   92.729899      -6.103215   3.490237  -0.015846
     7  0.12010709    3.268280   75.368397      -5.234371   1.579947   0.933968
     8  0.13673109    3.720642   85.800126      -5.252492   2.071161   2.557650
     9  0.08923727    2.428270   55.997281      -5.389405   3.775391   1.733091
    10  0.13580283    3.695383   85.217637      -5.173442   2.049734  -0.302002
    11  0.15996611    4.352899  100.380334      -4.825883  -0.828308  -0.076764
    12  0.16796103    4.570452  105.397228      -4.885463  -0.066975  -1.505798
    13  0.14997593    4.081053   94.111398      -4.772010   3.362404  -2.135829
    14  0.22838935    6.214790  143.316602      -4.497420  -3.908878  -2.786862
    15  0.11267024    3.065913   70.701699      -4.134618   3.637266  -0.256681
    16  0.16468879    4.481410  103.343860      -3.963884  -2.183683  -3.228134
    17  0.15413223    4.194151   96.719513      -3.702117  -3.507219  -1.180817
    18  0.14016498    3.814083   87.954927      -3.569048   4.507842   1.583119
    19  0.05072738    1.380362   31.831935      -3.441969  -1.529670   2.630214
    20  0.09739994    2.650387   61.119436      -3.431464   2.566644   1.664340
    21  0.11222916    3.053911   70.424923      -3.070287   3.313802   0.510529
    22  0.19108202    5.199606  119.905879      -2.891415  -3.511692  -2.780921
    23  0.22582291    6.144954  141.706137      -2.874153  -0.986314  -2.099794
    24  0.20757030    5.648275  130.252437      -2.737410  -1.793057  -0.770502
    25  0.15156341    4.124250   95.107556      -2.866150   0.335556   0.273972
    26  0.17904885    4.872167  112.354942      -2.754630   0.857820  -1.040520
    27  0.10604506    2.885633   66.544336      -2.832420   3.504972  -2.194398
    28  0.12216482    3.324274   76.659649      -2.350521   1.273634   1.207720
    29  0.14953648    4.069095   93.835636      -2.225570   2.058704   3.336176
    30  0.15345878    4.175826   96.296919      -2.259532   4.422752  -0.544188
    31  0.16910827    4.601670  106.117131      -2.085352   1.824646  -2.201595
    32  0.10092787    2.746387   63.333247      -2.148766   2.711206  -0.320095
    33  0.13093279    3.562862   82.161635      -1.953058   0.774250   1.246015
    34  0.10218452    2.780582   64.121807      -1.949604   2.184239   0.538750
    35  0.15735487    4.281844   98.741753      -1.436483  -0.865587   0.403402
    36  0.09018541    2.454070   56.592247      -1.423881   3.287510   2.536508
    37  0.24629651    6.702069  154.553522      -1.165653  -3.671361  -3.058959
    38  0.22786908    6.200633  142.990125      -0.861768  -1.761219  -2.855935
    39  0.10816170    2.943229   67.872548      -0.909739   0.435155   2.863673
    40  0.17963388    4.888086  112.722056      -0.609082   5.113636  -0.213806
*   41  0.25505219    6.940323  160.047799      -0.519112  -0.873423  -4.401429
    42  0.16033708    4.362994  100.613124      -0.394537   1.466782   0.404791
    43  0.12321488    3.352847   77.318568      -0.323323  -1.257623   2.034525
    44  0.18144973    4.937498  113.861520       0.030385  -0.200527  -0.380046
    45  0.17428948    4.742658  109.368390       0.520027  -3.909632  -0.407973
    46  0.09524144    2.591651   59.764954       0.687922  -3.630718   1.470700
    47  0.10958100    2.981851   68.763172       0.687768  -2.446674   2.391562
    48  0.15981394    4.348758  100.284845       0.837896   1.265374   1.746016
    49  0.14010790    3.812530   87.919107       0.955557  -5.358517   2.396640
    50  0.20806799    5.661818  130.564743       1.124830  -0.829858  -4.179651
    51  0.23774514    6.469374  149.187451       1.252681  -2.126664  -1.787193
    52  0.10354638    2.817640   64.976389       1.320121  -5.419801   0.392568
    53  0.18553160    5.048572  116.422935       1.290750  -2.511822   0.272496
    54  0.22641252    6.160998  142.076120       1.275154  -0.543003  -1.526475
    55  0.22343821    6.080063  140.209714       1.294390   1.328352  -2.398405
    56  0.16976083    4.619427  106.526618       1.454565  -0.749860   0.380599
    57  0.17092542    4.651117  107.257410       1.498727   2.059464  -0.645371
    58  0.10515857    2.861510   65.988053       1.751183  -3.903509   2.583408
    59  0.18197114    4.951687  114.188710       1.762333   4.834697   1.999739
    60  0.04982027    1.355678   31.262716       2.079960  -0.298593   4.040925
    61  0.19011267    5.173229  119.297601       2.128639   0.297294  -3.043170
    62  0.13306284    3.620824   83.498264       2.280360  -4.300392   4.059612
    63  0.08326429    2.265736   52.249172       2.163371  -2.595359   3.174183
    64  0.17527538    4.769486  109.987052       2.240273   0.973027  -0.553945
    65  0.19547944    5.319266  122.665302       2.462869   2.072118   2.439420
    66  0.19623991    5.339960  123.142509       2.677243   0.639409   0.826194
    67  0.17777482    4.837499  111.555475       2.596203   1.939951  -2.983607
    68  0.11093147    3.018599   69.610607       2.809537  -4.509740   1.992322
    69  0.25095680    6.828882  157.477901       2.809537  -0.489291  -4.531252
    70  0.18708776    5.090917  117.399438       3.087824   2.326132   1.483481
    71  0.15369558    4.182269   96.445511       3.197726  -5.218646   0.152684
    72  0.18241564    4.963782  114.467641       3.438853  -2.362917  -1.061150
    73  0.20766684    5.650902  130.313019       3.376112  -0.831160  -3.276658
    74  0.18830342    5.123997  118.162281       3.370894  -0.844315  -0.490241
    75  0.21610028    5.880388  135.605084       3.449634   2.570907  -4.261366
    76  0.16980654    4.620671  106.555299       3.471009   3.552190  -1.003228
    77  0.14175360    3.857312   88.951803       3.766039  -3.247976   1.080129
    78  0.13389117    3.643364   84.018051       3.835341  -2.114664   1.796753
    79  0.08917866    2.426675   55.960501       4.132480  -3.573076   3.712148
    80  0.14092920    3.834879   88.434485       4.067280  -1.719707   3.418401
    81  0.20676251    5.626294  129.745541       4.117809   2.969808   2.233206
    82  0.17561471    4.778719  110.199985       4.276430   2.176727  -1.053289
    83  0.15093684    4.107200   94.714379       4.731482  -4.300392   2.062146
    84  0.22838654    6.214714  143.314841       4.799982  -0.584919  -3.535392
    85  0.16512604    4.493308  103.618240       4.737440   3.316166  -3.299450
    86  0.15882955    4.321972   99.667130       5.122455   3.568886   0.997882
    87  0.19261696    5.241374  120.869071       5.422416  -2.585070   1.701773
    88  0.16981072    4.620785  106.557922       5.505875  -0.955443  -2.082216
    89  0.15903625    4.327596   99.796834       5.741330  -1.902616   0.284695
    90  0.15716595    4.276703   98.623204       6.013459   4.053121  -1.296230
    91  0.20350499    5.537653  127.701419       6.075194   4.149974  -3.034861
    92  0.19773269    5.380580  124.079243       6.461240   4.378494   0.249631
    93  0.20589728    5.602750  129.202602       6.737159  -1.266830  -0.811846
