 Number of surface minima:    66
   #       a.u.         eV      kcal/mol           X/Y/Z coordinate(Angstrom)
     1  0.11298822    3.074566   70.901241      -6.099568   1.189875   1.810712
     2  0.12375275    3.367483   77.656085      -5.959843  -0.013548   1.981345
     3  0.13362471    3.636113   83.850843      -5.871296  -1.356540   2.457261
     4  0.11903241    3.239037   74.694027      -5.334607  -0.946755   1.542869
     5  0.13191032    3.589462   82.775048      -4.957790  -5.067535  -1.202840
     6  0.12546846    3.414170   78.732713      -4.957790  -3.769049  -0.629849
     7  0.12016512    3.269859   75.404817      -4.931718  -2.676854  -0.281029
     8  0.14133569    3.845940   88.689559      -4.492800   2.177427   0.141030
     9  0.10605838    2.885995   66.552692      -4.241990   1.601510   3.699198
    10  0.11545293    3.141634   72.447868      -4.031730  -4.745294  -0.530897
    11  0.11688815    3.180688   73.348481      -4.128460   0.390610   3.795547
    12  0.11757383    3.199347   73.778753      -3.899436  -3.083120  -2.919786
    13  0.10940079    2.976947   68.650091      -3.876421  -2.015476  -2.666163
    14  0.13349974    3.632713   83.772420      -3.729780   2.624005  -0.683482
    15  0.10957950    2.981810   68.762229      -3.473793  -0.407560   3.401679
    16  0.10760541    2.928092   67.523471      -3.105670  -3.981883  -2.921329
    17  0.09542884    2.596751   59.882550      -3.059905   2.915889  -3.320964
    18  0.09006599    2.450820   56.517310      -2.841082   4.660568  -3.234435
    19  0.13146563    3.577362   82.495995      -2.676290   1.165622   2.222128
    20  0.09145633    2.488653   57.389760      -2.359091   6.309776  -1.032619
    21  0.13332651    3.627999   83.663718      -1.915021  -2.392657  -1.993837
    22  0.13385694    3.642433   83.996568      -1.915021  -1.363294  -1.718284
    23  0.13291844    3.616895   83.407649      -1.993982   0.513963   1.713788
    24  0.14579848    3.967378   91.490005      -1.802918  -4.020056   0.432854
    25  0.10490679    2.854659   65.830060      -1.851662   2.933483   1.194636
    26  0.08626924    2.347505   54.134813      -1.345289   3.423723  -3.631318
    27  0.09395400    2.556618   58.957077      -1.164024   2.473241  -2.326709
    28  0.02785469    0.757965   17.479094      -0.878771   0.482363  -2.343874
    29  0.13915654    3.786642   87.322121      -0.724373  -3.612297   0.948850
    30  0.08220907    2.237022   51.587011      -0.709969   5.796725   0.087208
    31  0.09256068    2.518704   58.082754      -0.442878   3.541161  -0.054383
    32  0.10983726    2.988824   68.923976       0.094128  -2.807544  -1.470547
    33  0.02445409    0.665430   15.345186       0.209432   0.103889   1.796449
    34  0.10408379    2.832264   65.313618       0.598570  -2.950826   3.174568
    35  0.01864844    0.507450   11.702080       0.725532  -0.029680  -3.502580
    36  0.01680792    0.457367   10.547138       1.142884   1.414886   2.489978
    37  0.10126256    2.755494   63.543268       1.235719  -1.547520   1.660454
    38  0.03766413    1.024893   23.634619       1.392336   3.375443  -0.656992
    39  0.10524869    2.863963   66.044608       1.764125  -2.036496  -0.761645
    40  0.10667120    2.902671   66.937243       2.060008  -5.193241  -1.112578
    41  0.10211837    2.778782   64.080296       1.970793  -4.092195   2.851103
    42  0.10061905    2.737984   63.139458       2.059410  -2.130248   2.994629
*   43  0.01280539    0.348452    8.035510       1.934859   3.141857   1.140490
    44  0.03035170    0.825912   19.045994       2.442473   0.604027   1.517790
    45  0.05170434    1.406947   32.444991       2.715279   1.925224  -2.619520
    46  0.10319122    2.807976   64.753521       2.820712  -5.245033   0.457996
    47  0.11947470    3.251072   74.971567       3.005235  -0.029259  -1.642114
    48  0.03810473    1.036882   23.911100       3.138273   3.016634   0.123936
    49  0.09663672    2.629619   60.640508       3.244456  -4.090337  -1.066589
    50  0.03326695    0.905240   20.875346       3.222757   4.193067  -2.354610
    51  0.11065538    3.011086   69.437360       4.411982   0.587711   2.442005
    52  0.11504841    3.130626   72.194028       4.858027  -1.494344   0.603579
    53  0.10271477    2.795011   64.454547       5.209503   0.985227   1.388949
    54  0.11316840    3.079469   71.014302       5.331030  -1.294116  -0.387076
    55  0.10347930    2.815815   64.934294       5.471118  -1.930258   1.652482
    56  0.10716322    2.916060   67.245994       5.648446   1.182833   0.487996
    57  0.09365771    2.548556   58.771152       5.790144   0.630178   2.352642
    58  0.10415511    2.834205   65.358371       6.534050  -2.054281   1.521953
    59  0.10132186    2.757108   63.580480       6.657915  -1.503996  -0.482108
    60  0.09842658    2.678324   61.763665       6.807563   0.488343   2.184894
    61  0.09821623    2.672600   61.631668       7.057271   1.011599   0.313282
    62  0.10134840    2.757830   63.597134       7.139915  -1.833547   0.396435
    63  0.09770564    2.658706   61.311266       7.521966   0.678755   1.157197
    64  0.11291164    3.072482   70.853183       7.752661  -1.478237  -0.577895
    65  0.11979379    3.259755   75.171801       7.986624  -2.054975   1.521714
    66  0.11709847    3.186411   73.480459       8.243369   0.038994   2.179025
 
 Number of surface maxima:    89
   #       a.u.         eV      kcal/mol           X/Y/Z coordinate(Angstrom)
     1  0.19813993    5.391662  124.334790      -6.763889   1.043388   4.306340
     2  0.20247131    5.509524  127.052770      -6.487389  -2.421648  -2.250442
     3  0.15740207    4.283128   98.771370      -5.952884  -0.373973   3.777163
     4  0.15577075    4.238738   97.747706      -6.014362   2.078894   3.250333
     5  0.15790257    4.296748   99.085443      -5.578171  -3.863237  -2.284329
     6  0.20290588    5.521350  127.325468      -5.477281  -2.011812   3.785899
     7  0.20557172    5.593891  128.998310      -5.523440   3.613245   2.575055
     8  0.19926920    5.422391  125.043419      -5.289922  -5.464417  -2.598705
     9  0.18260902    4.969044  114.588985      -4.835700   0.486462   1.520866
    10  0.22061475    6.003233  138.437964      -4.693202  -0.088112  -1.008747
    11  0.16633850    4.526301  104.379074      -4.271017  -1.892471   2.624991
    12  0.18034860    4.907535  113.170549      -4.422572   3.132162   1.662648
    13  0.16077893    4.375017  100.890389      -4.051007   3.923211  -2.321161
    14  0.21593575    5.875911  135.501842      -4.023144   4.451431   1.004102
    15  0.17385670    4.730881  109.096818      -3.789817   0.741453   2.672413
    16  0.15794242    4.297832   99.110449      -3.651367  -5.493990  -2.049867
    17  0.18424550    5.013575  115.615891      -3.651956  -3.268836  -0.588549
    18  0.16642810    4.528739  104.435298      -3.743535   5.401896  -0.308366
    19  0.20835731    5.669691  130.746295      -3.278366  -0.973177   0.311535
    20  0.21603666    5.878656  135.565164      -3.284532   1.393369  -0.105939
    21  0.19911183    5.418108  124.944665      -3.126996  -0.437234  -0.776475
    22  0.16698924    4.544008  104.787418      -3.112386   3.814060  -0.344728
    23  0.17453199    4.749257  109.520570      -3.096062  -2.936014  -2.025958
*   24  0.22254727    6.055819  139.650639      -3.105102  -2.420648   1.661202
    25  0.10264574    2.793133   64.411229      -2.638323   3.633175  -3.693148
    26  0.15034566    4.091113   94.343405      -2.600996   4.134061   0.543094
    27  0.20046458    5.454919  125.793529      -2.438155  -1.091482   1.146561
    28  0.12285416    3.343032   77.092212      -2.444199   4.890342  -1.779198
    29  0.19960263    5.431464  125.252649      -2.262368   1.570804   1.048519
    30  0.10253476    2.790113   64.341585      -2.194213   6.288398   0.063524
    31  0.20850197    5.673627  130.837072      -2.175138  -6.116826  -1.643143
    32  0.17014424    4.629860  106.767213      -2.173013   2.079262  -1.514292
    33  0.14843225    4.039047   93.142719      -1.932354   1.918114  -3.244560
    34  0.21962801    5.976382  137.818770      -1.499062  -2.544936   0.370540
    35  0.18418556    5.011944  115.578280      -1.490412  -4.874018  -1.000991
    36  0.14708627    4.002421   92.298103      -1.364526   5.137568   1.425717
    37  0.14908376    4.056775   93.551552      -1.353553   5.013771  -3.482173
    38  0.20260914    5.513275  127.139263      -1.088600  -2.132236  -1.080583
    39  0.12250343    3.333488   76.872128      -1.038798   4.672407  -1.779198
    40  0.14883554    4.050021   93.395793      -0.928104   6.370633  -1.453751
    41  0.14994182    4.080124   94.089989      -0.785226   2.329275  -0.227614
    42  0.10798618    2.938453   67.762407      -0.810823   3.567733  -2.409027
    43  0.15454069    4.205266   96.975826      -0.540484   1.045537   0.389106
    44  0.22161434    6.030433  139.065214      -0.156747  -5.416528  -0.691799
    45  0.15772763    4.291987   98.975667      -0.140444  -0.412336  -0.930681
    46  0.17536197    4.771842  110.041388       0.180190  -2.046262   1.253741
    47  0.13210931    3.594877   82.899911       0.167418   2.295152  -0.599259
    48  0.13056388    3.552824   81.930143       0.190886   3.661838  -1.370632
    49  0.05163526    1.405067   32.401643       0.353304   3.179425   2.349350
    50  0.16930136    4.606924  106.238298       0.366503  -4.524039   2.463484
    51  0.17488158    4.758770  109.739942       0.387165  -4.141474   0.258401
    52  0.15479543    4.212198   97.135678       0.586159  -1.536059   2.831977
    53  0.14053321    3.824103   88.185991       0.496965   1.022983  -2.036173
    54  0.15273534    4.156140   95.842956       0.882998  -1.484028  -0.335656
    55  0.15588991    4.241980   97.822478       0.789908   2.504522  -3.307686
    56  0.17504814    4.763302  109.844459       1.071512  -5.652947   0.307149
    57  0.12988305    3.534297   81.502910       1.280290   0.509117   1.029906
    58  0.11372776    3.094690   71.365307       1.499114  -3.094161   3.338893
    59  0.05450047    1.483033   34.199593       1.541913  -1.859985  -3.069655
    60  0.14168661    3.855489   88.909767       1.586071  -0.640382  -0.292348
    61  0.15565901    4.235697   97.677586       2.044671  -4.145008  -2.058589
    62  0.13494799    3.672122   84.681214       2.104230  -4.141474   1.313994
    63  0.13845261    3.767487   86.880397       2.169680   1.808203  -0.069239
    64  0.15475642    4.211136   97.111199       2.501004   0.671434  -1.250021
    65  0.11316630    3.079412   71.012985       2.655240  -5.199829  -0.720843
    66  0.16553446    4.504422  103.874527       2.659364  -1.516749   0.061473
    67  0.13977765    3.803543   87.711873       2.745059  -2.929006   0.883485
    68  0.16771045    4.563633  105.239982       3.260352  -3.203357   2.595463
    69  0.17961969    4.887700  112.713151       3.506513  -0.834334  -0.721971
    70  0.18515775    5.038399  116.188338       3.441363  -0.600309   2.718808
    71  0.15300805    4.163561   96.014082       3.613731   5.329884  -0.113203
    72  0.14262260    3.880958   89.497105       3.882623   0.610099   1.103843
    73  0.11375459    3.095420   71.382142       3.905928   2.298204  -1.532698
    74  0.16543025    4.501586  103.809135       3.907951  -4.135308   0.470557
    75  0.19050561    5.183921  119.544175       4.144165   0.744096  -2.086827
    76  0.16375148    4.455904  102.755690       4.106586   1.547181  -0.255597
    77  0.14334388    3.900585   89.949718       4.964282  -0.966411   3.036014
    78  0.17620362    4.794744  110.569531       4.899953   0.556792  -1.250021
    79  0.17078618    4.647328  107.170036       5.434096   3.002418  -1.514609
    80  0.15555474    4.232860   97.612154       5.989770  -1.164132   0.668967
    81  0.19762079    5.377535  124.009023       6.004843   0.473854  -2.226377
    82  0.18660881    5.077884  117.098895       6.162228  -1.357335   4.058386
    83  0.15165316    4.126692   95.163875       6.235444   0.351584   1.119026
    84  0.14605167    3.974268   91.648883       7.324642   0.082650  -1.232059
    85  0.14262730    3.881086   89.500055       7.404627  -1.231000   2.910150
    86  0.11876094    3.231650   74.523679       7.941510   0.224238   2.124090
    87  0.14145171    3.849097   88.762361       8.602744  -0.899896   0.800909
    88  0.18523939    5.040620  116.239572       8.922139  -0.430216  -0.852851
    89  0.18654588    5.076172  117.059405       9.002991  -1.245725   2.295077
