 Number of surface minima:    68
   #       a.u.         eV      kcal/mol           X/Y/Z coordinate(Angstrom)
     1  0.13411871    3.649556   84.160831      -6.694335  -1.429396  -2.428717
     2  0.12411804    3.377424   77.885311      -6.153713  -3.279565  -1.650823
     3  0.12230916    3.328202   76.750222      -6.059157   2.131275  -0.591265
     4  0.11525755    3.136317   72.325267      -5.892181  -2.092885  -1.483450
     5  0.12161325    3.309265   76.313532      -5.833155   1.420594   1.137205
     6  0.12248504    3.332988   76.860589      -5.647794  -0.853602  -1.586941
     7  0.13117083    3.569340   82.311005      -5.515500  -1.772886  -4.226052
     8  0.11437196    3.112219   71.769549      -5.322254  -2.759757  -0.979504
     9  0.12162735    3.309648   76.322376      -5.300221   4.358929  -1.425697
    10  0.13024210    3.544068   81.728218      -5.016931   0.668717  -0.215706
    11  0.12571539    3.420890   78.887662      -4.816694  -0.488784  -1.118976
    12  0.11550167    3.142960   72.478453      -4.783132   3.590370   3.060222
    13  0.11810466    3.213791   74.111853      -4.704501   5.596545  -0.173158
    14  0.11090381    3.017846   69.593250      -4.457145  -2.519089  -3.676916
    15  0.11245948    3.060178   70.569451      -4.298775   5.078746   2.345421
    16  0.12696220    3.454817   79.670053      -4.192557  -2.258391  -0.379069
    17  0.11649812    3.170075   73.103733      -4.168980  -1.299790  -3.728756
    18  0.13302837    3.619886   83.476632      -4.008186  -1.304519  -0.450327
    19  0.10898191    2.965549   68.387241      -3.860628  -3.221594  -3.161167
    20  0.14259523    3.880213   89.479931      -3.594792  -0.045283   2.327853
    21  0.11690474    3.181140   73.358895      -3.350290  -0.859135  -3.312301
    22  0.11876800    3.231842   74.528105      -3.166506   4.106107   3.061378
    23  0.10553350    2.871713   66.223326      -2.863796  -1.973640   1.153194
    24  0.12043496    3.277202   75.574142      -2.811706  -2.759757  -2.567036
    25  0.13246044    3.604432   83.120253      -2.812640   1.133752   3.443181
    26  0.12409594    3.376822   77.871446      -2.605025  -1.650177  -2.648105
    27  0.17070155    4.645025  107.116931      -2.619720   1.206202  -0.192713
    28  0.04676311    1.272489   29.344321      -2.448272  -3.368914   3.570816
    29  0.11289520    3.072035   70.842865      -2.353708  -3.312708   1.079438
    30  0.16660906    4.533663  104.548853      -2.364517   2.080947  -1.165984
    31  0.17500956    4.762252  109.820250      -2.141825   3.127510  -1.971541
    32  0.16190335    4.405614  101.595974      -1.746770   2.993388   1.534088
    33  0.15801610    4.299837   99.156682      -1.570633   3.801745   0.687108
    34  0.17187558    4.676972  107.853643      -1.577670   4.584074  -0.382683
    35  0.05940752    1.616561   37.278815      -1.306601  -1.338486   3.246778
    36  0.16209215    4.410752  101.714443      -1.260683   2.182558  -1.725844
    37  0.03405775    0.926758   21.371577      -0.616292  -3.686313   2.066729
    38  0.08025016    2.183718   50.357775      -0.493634  -0.658640  -1.097974
    39  0.16156410    4.396383  101.383091      -0.558222   3.917347   0.141238
    40  0.16036995    4.363888  100.633745      -0.259557   1.463526  -1.437990
    41  0.17353614    4.722159  108.895663      -0.086757   2.406845  -2.167644
    42  0.17047300    4.638806  106.973515       0.208504   3.343263   0.388082
    43  0.02568940    0.699044   16.120358       0.885234   0.571271   2.510755
    44  0.03738903    1.017407   23.461988       1.363804  -1.768581  -1.311272
*   45  0.00059112    0.016085    0.370933       1.528742  -4.189907   1.312940
    46  0.02748062    0.747786   17.244362       1.690417  -3.421228  -1.314363
    47  0.02749889    0.748283   17.255829       1.892981  -3.498960  -1.189531
    48  0.13659968    3.717066   85.717667       2.401789   1.727378   1.101783
    49  0.00322026    0.087628    2.020744       2.598436  -2.836445   2.365191
    50  0.07351688    2.000496   46.132579       2.497766  -2.372553  -0.883566
    51  0.09915167    2.698054   62.218662       3.232734  -1.689390   0.497504
    52  0.15247892    4.149163   95.682049       3.334426   2.525460  -1.531909
    53  0.13390333    3.643695   84.025681       3.411413   2.066033   1.068105
    54  0.12228004    3.327409   76.731946       4.014538   0.149959   0.616937
    55  0.14827257    4.034702   93.042519       3.986463   0.801349  -1.944299
    56  0.14472918    3.938281   90.819007       4.141947   1.737453  -1.768698
    57  0.10058396    2.737029   63.117439       4.261737  -2.734903  -0.704075
    58  0.12730599    3.464172   79.885783       4.247112   1.209073   0.818621
    59  0.15912842    4.330104   99.854672       4.671162   2.928898  -1.315864
    60  0.15013242    4.085311   94.209594       4.781936   2.521510   0.832684
    61  0.08350037    2.272161   52.397316       5.751921  -1.156872   1.265474
    62  0.10658377    2.900292   66.882382       5.645841   0.174189  -3.576771
    63  0.09909081    2.696398   62.180472       6.907288  -0.953472  -2.721172
    64  0.08952063    2.435980   56.175092       7.052459  -1.780296  -0.000044
    65  0.09905971    2.695552   62.160961       7.169041   0.890503  -3.228507
    66  0.08706597    2.369185   54.634765       7.399040  -0.515683   1.246789
    67  0.09786368    2.663006   61.410440       7.888579   1.891367   0.518088
    68  0.10182554    2.770814   63.896545       7.868186   2.552401  -1.232502
 
 Number of surface maxima:    93
   #       a.u.         eV      kcal/mol           X/Y/Z coordinate(Angstrom)
     1  0.20056908    5.457762  125.859104      -6.887988  -1.318819  -3.914215
     2  0.17892236    4.868725  112.275573      -6.573854   2.741546   0.685264
     3  0.19407424    5.281029  121.783524      -6.203683  -4.269197  -2.843684
     4  0.15357825    4.179077   96.371890      -6.282697  -2.604237  -3.209528
     5  0.17931169    4.879319  112.519878      -5.978836   4.714565  -0.053444
     6  0.16263476    4.425517  102.054936      -5.725519  -0.246165  -3.341560
     7  0.13677801    3.721919   85.829571      -5.754595   1.090331  -0.039003
     8  0.17505804    4.763572  109.850672      -5.719998   4.384136   2.094549
     9  0.15876832    4.320306   99.628705      -5.159681   3.590370   0.716992
    10  0.21693441    5.903086  136.128514      -4.958365   1.261605  -3.082268
    11  0.15422933    4.196794   96.780447      -4.961513   3.076444  -0.835590
    12  0.20019431    5.447564  125.623933      -4.704326   1.619225  -1.618575
    13  0.15504553    4.219003   97.292619      -4.710568  -4.212300  -1.899502
    14  0.19344438    5.263889  121.388284      -4.580929   0.432597   1.261533
    15  0.17135468    4.662798  107.526774      -4.590938  -1.573294  -1.378212
    16  0.13424893    3.653099   84.242544      -4.457145   5.225563  -1.376387
    17  0.19139826    5.208211  120.104320      -4.408011  -1.652267   2.773871
    18  0.20777429    5.653826  130.380442      -4.192557   1.407511   2.526292
    19  0.14912746    4.057965   93.578974      -4.186475   4.780240   0.875924
    20  0.19686096    5.356859  123.532221      -3.906895   3.620007  -2.260450
    21  0.12654459    3.443453   79.407993      -4.047467   4.250224   3.120524
    22  0.16701556    4.544724  104.803931      -3.795674  -1.856168  -2.756207
    23  0.18318091    4.984606  114.947853      -3.692842  -4.493790   1.506883
    24  0.17794482    4.842125  111.662157      -3.670460   0.668086  -2.173405
    25  0.18714760    5.092545  117.436994      -3.554557   2.399721   3.200867
    26  0.20431418    5.559672  128.209190      -3.484850  -4.744171  -0.933269
    27  0.19302780    5.252553  121.126873      -3.323558   1.594586   0.969198
    28  0.19251351    5.238559  120.804154      -3.337270   2.028447   1.401793
    29  0.14610612    3.975750   91.683051      -3.169834   0.140987   2.998894
    30  0.18816415    5.120207  118.074889      -3.026068   3.181619  -1.028581
    31  0.19023498    5.176557  119.374351      -2.931715   5.697911  -0.357309
    32  0.18500480    5.034237  116.092360      -2.817146  -3.368761  -0.530154
    33  0.18811643    5.118908  118.044944      -2.729964  -0.897536   1.275568
    34  0.17546031    4.774518  110.103097      -2.605025  -1.461203   0.275635
    35  0.17766167    4.834420  111.484477      -2.592289  -0.890981  -0.440767
    36  0.18516516    5.038600  116.192987      -2.596236   4.127718  -0.044426
    37  0.18135251    4.934853  113.800514      -2.652949   5.155146   1.926367
    38  0.13915783    3.786677   87.322931      -2.332405  -1.308689   1.939779
    39  0.18080186    4.919869  113.454977      -2.243015   0.617897   0.200453
    40  0.22794375    6.202665  143.036983      -2.327836   0.816012  -1.372622
    41  0.23801281    6.476658  149.355420      -2.190412   4.645653  -1.762534
    42  0.19344421    5.263885  121.388175      -1.781332  -4.041703  -0.158442
    43  0.17130001    4.661310  107.492469      -1.885964  -1.114635  -1.508681
    44  0.18430059    5.015074  115.650460      -1.429048   0.147373   0.988461
    45  0.18156192    4.940551  113.931919      -1.498239   0.835944   3.699228
    46  0.08674338    2.360407   54.432339      -1.303647  -2.892051   3.605810
    47  0.18603700    5.062324  116.740080      -1.254237  -2.358673  -1.604586
    48  0.23305909    6.341860  146.246907      -1.250552   1.635453  -0.438078
    49  0.15688840    4.269151   98.449043      -1.020418  -0.901046   1.274644
    50  0.18400937    5.007150  115.467723      -0.968283   1.628828   2.112475
    51  0.16386762    4.459065  102.828573      -0.816941  -2.559204   0.543991
    52  0.20388210    5.547914  127.938057      -0.747787   3.864645  -1.776050
    53  0.22963403    6.248660  144.097650      -0.718467   2.714763   0.619470
    54  0.18094669    4.923810  113.545856      -0.204656  -0.096382   0.105598
    55  0.14936000    4.064292   93.724895       0.278003  -1.842795  -0.626528
    56  0.14338184    3.901618   89.973540       0.373630  -2.627462   3.983566
    57  0.13635154    3.710314   85.561958       0.503437  -0.841943   2.393547
*   58  0.25274816    6.877627  158.601998       0.821832   3.717587  -2.165608
    59  0.10394628    2.828522   65.227332       0.966921  -2.694096   1.864337
    60  0.04601902    1.252241   28.877393       1.190889  -4.804291  -0.593087
    61  0.22205727    6.042486  139.343159       1.283665   2.981054  -0.714915
    62  0.16463488    4.479943  103.310034       1.473013  -0.035909   0.818283
    63  0.12554126    3.416151   78.778394       1.962705  -1.763973   0.343439
    64  0.24675151    6.714450  154.839040       2.072307   4.251842   0.211145
    65  0.16998321    4.625478  106.666163       2.485343  -1.864167  -2.567036
    66  0.15318202    4.168295   96.123252       2.580488  -0.988358   0.078850
    67  0.17529292    4.769963  109.998061       2.474334  -0.326284  -1.721095
    68  0.22010721    5.989422  138.119473       2.979214   1.341367  -1.185642
    69  0.20288185    5.520696  127.310391       3.101410   0.959308   0.369243
    70  0.13477322    3.667366   84.571544       3.488998  -2.765042   0.228205
    71  0.19162506    5.214383  120.246641       3.539703   3.649560  -0.024752
    72  0.05226138    1.422104   32.794539       3.659725  -1.018031   2.771654
    73  0.11429977    3.110255   71.724249       3.974737  -2.680660  -1.651279
    74  0.16959462    4.614904  106.422317       4.803456  -0.326090  -1.456312
    75  0.22224312    6.047543  139.459777       5.173568   3.669813  -0.066210
    76  0.17093012    4.651245  107.260361       5.242698  -1.262160  -2.812460
    77  0.16045984    4.366334  100.690157       5.315286   1.861130   0.307551
    78  0.16967377    4.617058  106.471985       5.256173   2.155746  -1.111798
    79  0.18143948    4.937219  113.855088       5.411916  -1.833696  -1.773270
    80  0.15379654    4.185017   96.508868       5.572594  -2.143336  -0.195744
    81  0.17001903    4.626453  106.688643       5.729516   1.791774  -3.307278
    82  0.14969015    4.073276   93.932068       6.148899   0.175518   1.934977
    83  0.16811869    4.574742  105.496159       6.361748   2.525790   1.230145
    84  0.17630415    4.797480  110.632615       6.310958   3.325781  -1.588711
    85  0.11335532    3.084555   71.131594       6.508371  -0.008463  -3.548863
    86  0.09847625    2.679675   61.794830       6.920165  -1.379249   1.004910
    87  0.13242016    3.603336   83.094972       6.957780   1.511276  -1.905564
    88  0.12547506    3.414350   78.736858       7.162674   0.799727   0.430027
    89  0.13598600    3.700367   85.332577       7.379970   0.415307  -0.979504
    90  0.11532623    3.138186   72.368365       7.565995   2.926249  -0.196735
    91  0.15823924    4.305909   99.296705       8.119671  -0.110077  -2.435399
    92  0.15300132    4.163378   96.009856       8.298539  -0.731829  -0.147749
    93  0.15980258    4.348449  100.277715       8.649451   1.346655  -0.714042
