 Number of surface minima:    61
   #       a.u.         eV      kcal/mol           X/Y/Z coordinate(Angstrom)
     1  0.13715247    3.732108   86.064545      -6.159904  -4.502406  -1.201723
     2  0.12287737    3.343663   77.106779      -5.625559  -3.415130  -0.672546
     3  0.15196952    4.135301   95.362396      -5.461858   0.943712   0.240468
     4  0.14625037    3.979675   91.773567      -5.532275   2.405819   0.805178
     5  0.12571822    3.420967   78.889442      -5.371000  -4.473485  -0.011074
     6  0.13100613    3.564858   82.207658      -5.002565  -5.645180   0.518103
     7  0.15267854    4.154594   95.807308      -4.850771  -0.341655  -3.124798
     8  0.11657971    3.172295   73.154936      -4.616405  -4.587682   0.906609
     9  0.15564528    4.235323   97.668969      -4.566849   1.031254  -2.392372
    10  0.13653234    3.715234   85.675410      -4.485498   1.215170   1.898575
    11  0.15326600    4.170580   96.175945      -4.207983  -2.597883   0.518103
    12  0.12027086    3.272737   75.471168      -3.721462  -4.011491  -2.459555
    13  0.13128578    3.572468   82.383143      -3.801461   6.403507  -0.884839
    14  0.16747934    4.557345  105.094962      -3.724709  -0.632572   0.381205
    15  0.12374845    3.367367   77.653390      -3.460350  -5.000066  -1.732133
    16  0.11679383    3.178122   73.289293      -3.545722   5.205631  -1.158277
    17  0.12689532    3.452997   79.628079      -3.209784   6.368943   1.284233
    18  0.14566519    3.963752   91.406366      -3.142532   0.289110  -3.268679
    19  0.10850219    2.952495   68.086212      -2.809805   5.177498   1.418581
    20  0.11466233    3.120121   71.951756      -2.749831  -5.221679  -0.891563
    21  0.16539596    4.500653  103.787616      -2.658140   1.744361  -1.324760
    22  0.11989879    3.262612   75.237692      -2.569956   5.892956  -1.403108
    23  0.15018062    4.086622   94.239841      -2.325370  -3.209687  -1.128574
    24  0.13544035    3.685519   84.990173      -2.160247   2.921516   1.263496
    25  0.14793588    4.025540   92.831245      -2.114019   3.747482  -1.437320
    26  0.12044421    3.277454   75.579946      -1.902181   1.465673   1.253966
    27  0.11282481    3.070119   70.798698      -1.896689   5.965645   1.132049
    28  0.14241977    3.875439   89.369830      -1.651074  -0.901538  -1.334017
    29  0.11251916    3.061802   70.606895      -1.459310   5.592395  -1.712483
    30  0.12690069    3.453143   79.631454      -1.490207   6.762503  -1.494850
    31  0.12886380    3.506562   80.863326      -1.362360   3.594918   1.038488
    32  0.10353489    2.817328   64.969181      -0.826828   5.706183   0.886632
    33  0.00441573    0.120158    2.770913      -0.683020  -0.771159   2.892237
    34  0.14535225    3.955236   91.209991      -0.617491  -2.957045   0.976188
    35  0.12287955    3.343723   77.108145      -0.398215   3.345780   0.805580
    36  0.16320502    4.441034  102.412782       0.379661   2.641872  -1.790092
    37  0.16323752    4.441919  102.433177       0.516152   2.417544  -1.719526
    38  0.03376579    0.918814   21.188370       1.072269   0.438517  -1.606714
    39  0.04012789    1.091935   25.180650       1.282603  -3.018247   0.870826
    40 -0.01053491   -0.286669   -6.610759       1.548161   0.804580   3.384612
    41  0.05333665    1.451364   33.469280       1.700370  -1.560925  -1.461944
*   42 -0.01639728   -0.446193  -10.289455       1.720081  -0.462958   3.718930
    43  0.01241283    0.337770    7.789175       1.863558  -3.093924   2.294547
    44  0.04616867    1.256313   28.971302       1.993957  -4.061188  -1.441874
    45  0.04032649    1.097340   25.305275       2.298449   0.685993  -0.870467
    46  0.05657424    1.539463   35.500901       3.135592  -2.760727   0.643877
    47  0.11375381    3.095399   71.381651       3.522602  -1.885715   0.768761
    48  0.10175769    2.768968   63.853970       4.854214  -0.780015  -1.750789
    49  0.09573049    2.604959   60.071838       5.251604   1.297829  -0.193004
    50  0.10202214    2.776164   64.019913       5.420736  -1.412060  -1.058944
    51  0.09166182    2.494245   57.518707       5.373095  -0.255661  -2.686878
    52  0.08902165    2.422402   55.861974       5.769215   1.859090  -1.098942
    53  0.09528996    2.592972   59.795400       5.909097   0.639919   0.509726
    54  0.09344335    2.542723   58.636639       6.312756  -0.374266  -2.796118
    55  0.09144251    2.488277   57.381089       6.695399  -1.621195  -1.212045
    56  0.09110256    2.479027   57.167765       6.823594   1.680068  -1.212036
    57  0.09114299    2.480127   57.193139       7.033801  -1.135972  -1.974310
    58  0.08689711    2.364591   54.528805       7.089187   0.490738   0.375172
    59  0.08828778    2.402433   55.401463       7.548553   1.003466  -0.487367
    60  0.11067423    3.011599   69.449185       7.794169  -0.365015  -2.918706
    61  0.10926362    2.973214   68.564014       8.224954   1.378595  -1.574286
 
 Number of surface maxima:    77
   #       a.u.         eV      kcal/mol           X/Y/Z coordinate(Angstrom)
     1  0.20446501    5.563776  128.303836      -6.113397  -5.138531  -2.530553
     2  0.21798099    5.931564  136.785251      -5.706598   0.035776  -1.729288
     3  0.16873748    4.591580  105.884454      -5.499872  -3.574398  -2.524666
     4  0.15723410    4.278557   98.665970      -5.558404   1.354978   0.785054
     5  0.21461971    5.840099  134.676013      -5.496383   2.111780  -0.859935
     6  0.22452223    6.109561  140.889945      -5.389558  -2.040457  -3.002113
     7  0.21730659    5.913213  136.362056      -5.183163   4.122950   0.669689
     8  0.16027261    4.361240  100.572666      -5.128215  -5.747944  -1.311862
     9  0.20043960    5.454239  125.777852      -4.779816   2.750153   2.053085
    10  0.20009000    5.444726  125.558475      -4.538704  -6.895532  -0.155197
    11  0.19847210    5.400701  124.543230      -4.594379  -1.391179  -1.566108
    12  0.21305526    5.797529  133.694308      -4.539234  -0.149013   0.902976
    13  0.18632944    5.070282  116.923586      -4.382933  -3.505044  -0.100988
    14  0.18505498    5.035602  116.123852      -4.382933  -0.575654  -0.478956
    15  0.16303780    4.436484  102.307852      -4.475456   0.553699  -3.014072
    16  0.16124683    4.387749  101.183999      -4.382933   5.503710   0.440930
    17  0.19814369    5.391764  124.337147      -4.200471   7.168414   0.385809
    18  0.19183990    5.220229  120.381457      -4.108358   3.077735  -0.007710
    19  0.19288459    5.248657  121.037012      -3.888620  -1.703627  -2.311173
    20  0.21054870    5.729321  132.121413      -3.709829  -1.150006  -3.708924
    21  0.18222302    4.958541  114.346768      -3.721462   3.112920   0.960615
    22  0.16040764    4.364914  100.657400      -3.482126  -5.847030   0.650397
    23  0.21140787    5.752701  132.660550      -3.395404   0.553699  -0.572180
    24  0.18399931    5.006876  115.461409      -3.206371  -3.834643  -1.121958
    25  0.22802783    6.204953  143.089742      -3.133992  -1.531742   0.518103
    26  0.21664641    5.895249  135.947789      -3.083291   1.556818  -2.272372
    27  0.18714820    5.092562  117.437370      -3.050192   0.423374   0.796423
    28  0.15371138    4.182699   96.455431      -2.604715   7.168414  -0.217271
    29  0.20937675    5.697431  131.386005      -2.355475  -5.399545   1.751795
    30  0.19307249    5.253770  121.154921      -2.384724   0.438038  -1.434604
    31  0.17964204    4.888308  112.727174      -2.248578   4.671387  -0.911833
    32  0.19831146    5.396329  124.442424      -2.133930  -3.885502   1.311869
    33  0.22377712    6.089285  140.422381      -2.001636  -1.902139  -0.482498
    34  0.17122433    4.659251  107.444977      -1.888951   4.777459   0.614525
    35  0.22458948    6.111391  140.932146      -1.671682   2.338890  -1.004063
    36  0.20391392    5.548780  127.958025      -1.334859   2.305062   0.525413
    37  0.22251292    6.054885  139.629083      -1.083300  -3.523151   2.217215
    38  0.19538533    5.316705  122.606251      -1.061849   7.849762  -0.527360
    39  0.19580330    5.328079  122.868530      -0.693349  -2.360342  -1.080835
    40  0.16714342    4.548204  104.884165      -0.568153  -2.098949   1.034416
    41  0.17728938    4.824289  111.250859      -0.392043  -0.982921   0.039837
    42  0.15226301    4.143287   95.546563      -0.281810   0.751629   0.848327
    43  0.17234691    4.689798  108.149413      -0.243107   2.303421  -1.811636
    44  0.15566552    4.235874   97.681672      -0.243991   6.391514  -0.665242
    45  0.17206434    4.682109  107.972092       0.102252   1.986531  -1.648497
    46  0.10753407    2.926151   67.478705       0.392190  -0.230190   2.386625
    47  0.19455743    5.294177  122.086733       0.296965   3.910655  -0.937134
    48  0.14986745    4.078101   94.043321       0.786029   1.750283  -0.137713
    49  0.20830094    5.668157  130.710921       1.030108   5.313922  -1.055091
    50  0.05170299    1.406910   32.444143       1.137445   2.878109   2.491167
    51  0.12748155    3.468949   79.995946       1.440889   0.954814   0.255972
    52  0.13118252    3.569658   82.318344       1.455427  -0.368512  -0.645453
*   53  0.23036039    6.268425  144.553446       1.495239   2.992219  -1.012206
    54  0.09455519    2.572978   59.334328       2.179184  -3.864611   0.385809
    55  0.03456235    0.940490   21.688223       2.405777  -2.494646   3.704256
    56  0.15332188    4.172100   96.211011       2.385875  -1.303642   0.793650
    57  0.11550562    3.143068   72.480930       2.424115  -0.080445   1.636497
    58  0.18759484    5.104715  117.717639       3.334924   1.479759  -2.082995
    59  0.16188142    4.405018  101.582212       3.554725  -4.952223   0.385809
    60  0.14876989    4.048234   93.354592       3.607953  -1.377487  -0.487023
    61  0.14077463    3.830672   88.337488       3.706128  -0.228651  -1.060462
    62  0.13800197    3.755225   86.597617       3.870834   0.818288  -0.381743
    63  0.15738279    4.282604   98.759277       4.139737   0.421405   1.235410
    64  0.17186254    4.676618  107.845463       4.367333  -3.007024  -1.989837
    65  0.16837188    4.581632  105.655040       4.403688  -1.640107   1.708752
    66  0.13941949    3.793797   87.487124       4.808265   1.479759  -2.726363
    67  0.15921599    4.332487   99.909623       5.009962  -1.326662   0.764935
    68  0.15936695    4.336595  100.004354       5.063710  -1.166127   0.968734
    69  0.18290344    4.977056  114.773740       5.959353   2.008936  -3.798585
    70  0.14386221    3.914690   90.274975       5.937122  -0.503467  -1.597897
    71  0.18327623    4.987200  115.007670       6.358723  -1.827598   1.498900
    72  0.14179638    3.858476   88.978649       6.250899   0.736281  -0.622258
    73  0.13606450    3.702503   85.381834       7.262843   1.220993  -3.059312
    74  0.13497501    3.672857   84.698169       7.461862  -1.298421   0.456411
    75  0.13298082    3.618592   83.446797       8.575061  -0.224133  -1.595232
    76  0.17963853    4.888213  112.724972       8.841278   0.704355  -2.892986
    77  0.17640672    4.800271  110.696980       9.035463  -1.166127  -0.218991
