 Number of surface minima:    79
   #       a.u.         eV      kcal/mol           X/Y/Z coordinate(Angstrom)
     1  0.09168115    2.494771   57.530839      -7.893064   0.798212   0.601407
     2  0.09965654    2.711792   62.535473      -7.908593   2.518038  -1.383008
     3  0.08660153    2.356547   54.343325      -7.514236  -1.002685   0.098781
     4  0.10047153    2.733969   63.046889      -7.459142   1.712202  -3.152010
     5  0.08888851    2.418779   55.778432      -6.534341  -1.767911  -2.191139
     6  0.09158721    2.492215   57.471889      -6.405320  -0.537800  -3.686359
     7  0.09114831    2.480272   57.196478      -6.405536  -0.142637   1.342934
     8  0.07148863    1.945305   44.859832      -5.893950  -2.390522   2.160754
     9  0.06917920    1.882462   43.410639      -5.774946  -3.038323   1.102615
    10  0.07777288    2.116308   48.803262      -5.737563  -1.325624   2.175252
    11  0.07669950    2.087099   48.129702      -5.523887  -2.641440   0.230214
    12  0.09120311    2.481763   57.230867      -4.919574  -1.245827  -3.030164
    13  0.15722910    4.278421   98.662834      -4.993472   3.179510  -1.118419
    14  0.14481184    3.940530   90.870875      -4.654985   2.314107  -0.131701
    15  0.14680443    3.994752   92.121251      -4.653255   1.326133   0.466709
    16  0.15133017    4.117903   94.961192      -4.133257   2.114526  -2.841681
    17  0.15076262    4.102460   94.605054      -3.861219   3.103338  -0.268530
    18  0.12535636    3.411120   78.662369      -3.596631   0.064521  -1.587522
    19  0.13116040    3.569056   82.304465      -3.717248   0.942100  -2.175714
    20  0.06558322    1.784610   41.154127      -3.206580  -3.542081   1.654342
    21  0.06819023    1.855550   42.790049      -3.309222  -2.756016   2.731087
    22  0.06909464    1.880161   43.357578      -3.107334  -1.594268   2.695517
    23  0.06273195    1.707023   39.364926      -2.884045  -3.038323   0.494184
    24  0.13462354    3.663293   84.477615      -2.806583   1.824112  -2.324545
    25  0.06569011    1.787519   41.221200      -2.704678  -2.120799  -0.743624
    26  0.13686649    3.724327   85.885094      -1.889640   1.701402  -1.835999
    27  0.02034600    0.553643   12.767320      -1.345411   0.425380   2.192585
    28  0.02273618    0.618683   14.267178      -0.980364  -3.311806   0.061654
*   29  0.00746674    0.203180    4.685451      -0.924932  -3.004878  -1.493623
    30  0.03152740    0.857904   19.783759      -0.741950  -4.779757   2.056644
    31  0.13761845    3.744788   86.356952      -0.549239   2.654906   1.537673
    32  0.02546655    0.692980   15.980517      -0.047007  -2.522789   2.570285
    33  0.01055534    0.287225    6.623583       0.116304  -0.913505   3.253209
    34  0.01980807    0.539005   12.429762       0.167539   0.328964  -1.912185
    35  0.13500132    3.673573   84.714680       0.212574   3.444098   1.867940
    36  0.15414353    4.194459   96.726605       0.271938   4.566369  -0.525326
    37  0.15653159    4.259441   98.225137       0.881549   4.626297   2.156692
    38  0.16457886    4.478418  103.274879       0.824395   5.560807   0.127544
    39  0.06402721    1.742269   40.177712       0.940943  -3.924816   0.204524
    40  0.01802372    0.490450   11.310064       1.145839  -1.856027  -1.550491
    41  0.15203427    4.137063   95.403024       1.313277   4.514644  -0.561535
    42  0.13624569    3.707434   85.495533       1.448477   3.349219   1.792055
    43  0.13221784    3.597830   82.968019       1.935472   2.518038   1.478354
    44  0.15148708    4.122173   95.059658       1.961939   3.454688  -0.991757
    45  0.09897710    2.693304   62.109122       2.133827  -3.790286  -2.024092
    46  0.11379309    3.096467   71.406300       2.282681   6.486867  -1.099247
    47  0.09214009    2.507259   57.818825       2.587987  -4.234261  -0.876568
    48  0.08433171    2.294782   52.918990       2.612051   0.399424   1.542962
    49  0.07637773    2.078344   47.927789       2.856232  -0.265020  -1.799797
    50  0.10438323    2.840412   65.501520       2.894096   4.510217   3.392271
    51  0.09602771    2.613047   60.258348       3.062404  -4.449241   0.094920
    52  0.08461853    2.302587   53.098971       3.161312  -4.754117  -1.905402
    53  0.10658962    2.900451   66.886054       3.295148  -1.962568  -2.165243
    54  0.10734119    2.920902   67.357668       3.304655   7.177842   0.221288
    55  0.10334101    2.812052   64.847517       3.648271   6.077436   2.823289
    56  0.08571129    2.332323   53.784690       3.760595  -0.972869  -1.541682
    57  0.12518308    3.406405   78.553633       3.930758   2.363627   0.685256
    58  0.08962609    2.438850   56.241266       4.036662  -5.292201  -1.677744
    59  0.10097203    2.747589   63.360959       4.020979  -2.035428  -1.147488
    60  0.09447907    2.570906   59.286563       3.995842  -1.134505  -0.563373
    61  0.10260520    2.792030   64.385790       4.002016   6.280150  -1.250714
    62  0.09074113    2.469192   56.940968       4.161192  -5.162324   0.304488
    63  0.09996835    2.720277   62.731140       4.357467   1.997624  -0.184158
    64  0.10731419    2.920168   67.340728       4.502063  -2.232770  -0.173028
    65  0.09038597    2.459527   56.718097       4.613650  -5.548924  -0.584117
    66  0.09657221    2.627864   60.600030       4.682751  -2.564305  -2.072892
    67  0.08687272    2.363927   54.513502       4.715952   1.679229  -1.924279
    68  0.09868147    2.685259   61.923610       4.617550   4.511214   2.988806
    69  0.09518771    2.590189   59.731241       5.017551   2.507914  -0.328101
    70  0.11013644    2.996965   69.111718       5.407790  -5.947131  -1.643290
    71  0.08093787    2.202432   50.789325       5.443780   1.107199  -1.625386
    72  0.09467894    2.576345   59.411982       5.524277   4.124786  -0.955131
    73  0.10099558    2.748230   63.375737       5.616951  -3.177285  -1.944496
    74  0.10176762    2.769238   63.860198       5.634514  -2.950790   0.061760
    75  0.08172397    2.223822   51.282609       5.773355   0.882394  -0.469978
    76  0.09447627    2.570830   59.284804       5.874158   3.680332   0.811594
    77  0.10053812    2.735781   63.088674       6.120210  -3.375849  -0.822895
    78  0.11628494    3.164274   72.969961       6.685261  -4.117159  -1.784101
    79  0.11264646    3.065266   70.686782       6.611582  -3.808002   0.227565
 
 Number of surface maxima:   108
   #       a.u.         eV      kcal/mol           X/Y/Z coordinate(Angstrom)
     1  0.15214026    4.139947   95.469533      -8.527301  -0.004095  -0.609102
     2  0.15912142    4.329914   99.850284      -8.510041   1.188203  -2.056898
     3  0.15280345    4.157993   95.885692      -7.712415  -0.793078  -2.851169
     4  0.10168999    2.767125   63.811486      -7.444545  -0.103346   1.030735
     5  0.11511994    3.132573   72.238913      -7.300762   2.916170  -2.441905
     6  0.13320960    3.624817   83.590354      -7.279075   0.295637  -1.624153
     7  0.12854404    3.497861   80.662668      -7.168577   1.520451  -0.528474
     8  0.11863595    3.228248   74.445245      -6.750380  -0.751057  -1.098646
     9  0.12690154    3.453166   79.631985      -6.530785   0.788136  -2.880221
    10  0.16279286    4.429819  102.154148      -6.535738   1.531805   1.334999
    11  0.17249702    4.693883  108.243603      -6.539031   3.375650  -0.789985
    12  0.14340238    3.902177   89.986428      -6.133408  -1.494280   0.589381
    13  0.10250432    2.789284   64.322485      -5.962908  -1.431230  -3.224495
    14  0.17348715    4.720825  108.864919      -5.852711   2.385342  -3.489239
    15  0.16302351    4.436095  102.298880      -5.316457   2.462110  -1.042053
    16  0.15870120    4.318479   99.586591      -5.079819  -4.689930   3.114998
    17  0.12291513    3.344691   77.130476      -5.069917  -1.851901   1.118790
    18  0.15859381    4.315557   99.519201      -5.051868   0.401329   0.264301
    19  0.16870817    4.590783  105.866063      -5.026474   1.613694  -2.272340
    20  0.11379120    3.096416   71.405113      -4.889524  -3.038323   3.563120
    21  0.14912544    4.057910   93.577704      -5.036258  -2.083007  -1.775926
    22  0.22250265    6.054605  139.622635      -4.917776   3.454769  -2.578878
    23  0.11090284    3.017820   69.592639      -4.772983  -4.473206   1.408472
    24  0.16382687    4.457956  102.803000      -4.907248  -1.721336   4.568048
    25  0.16565740    4.507767  103.951674      -4.855528  -0.328391  -0.657490
    26  0.15807522    4.301445   99.193780      -4.916053   0.274867  -3.765968
    27  0.15800912    4.299647   99.152300      -4.419017  -4.948691  -0.118313
    28  0.11332976    3.083860   71.115557      -4.195976  -3.373079  -0.721536
    29  0.18493518    5.032342  116.048677      -4.118593   0.937810   2.725129
    30  0.15862246    4.316337   99.537179      -3.767419  -2.259059  -1.840689
    31  0.11904796    3.239460   74.703786      -3.468008  -2.101428   1.531962
    32  0.17903478    4.871784  112.346118      -3.506126   0.652862   1.197202
    33  0.21644198    5.889686  135.819506      -3.344961   1.886701   0.078791
    34  0.20516830    5.582913  128.745163      -2.805543   1.165207  -1.264755
    35  0.14714147    4.003923   92.332744      -2.538276  -0.615413  -0.150747
    36  0.14418173    3.923384   90.475479      -2.485046  -2.215181   1.924350
    37  0.04973640    1.353396   31.210086      -2.075931  -1.744497  -2.705951
    38  0.24498624    6.666415  153.731317      -2.010735   4.369623  -1.775969
*   39  0.24532143    6.675535  153.941648      -2.009696   4.768290   0.867345
    40  0.12695947    3.454743   79.668338      -1.624425  -1.324898   0.195633
    41  0.21804822    5.933394  136.827438      -1.691383   3.576392  -0.302339
    42  0.07375721    2.007036   46.283387      -1.318469  -3.686706   1.944057
    43  0.15693529    4.270426   98.478463      -1.203108   0.283703  -0.562125
    44  0.12207666    3.321875   76.604325      -0.834340  -0.795170   1.769323
    45  0.19363856    5.269173  121.510135      -0.421470   5.164142   0.998443
    46  0.16150503    4.394775  101.346021      -0.117880   0.947627   0.733701
    47  0.10947431    2.978947   68.696222       0.140915  -2.334288  -0.306591
    48  0.15652249    4.259194   98.219428       0.610554  -6.001397   0.151924
    49  0.20678461    5.626895  129.759410       0.647428   2.659340   1.013155
    50  0.22001616    5.986944  138.062341       0.643951   3.331427  -0.462017
    51  0.12254587    3.334643   76.898756       0.643257  -0.787651  -1.104446
    52  0.11610475    3.159371   72.856889       0.884481  -2.817866   0.424981
    53  0.22970291    6.250534  144.140873       0.890094   6.072504   1.518465
    54  0.15604341    4.246157   97.918798       1.033670  -1.776226   1.130584
    55  0.13463755    3.663674   84.486411       1.410870  -0.266923   0.454692
    56  0.15371478    4.182792   96.457560       1.539396   0.930506   0.409747
    57  0.16722042    4.550299  104.932487       1.562847   5.230884   0.006896
    58  0.18763144    5.105711  117.740603       1.562847   6.542035   0.524281
    59  0.13086368    3.560982   82.118270       1.585835  -3.293609  -0.048149
    60  0.18417379    5.011624  115.570894       1.673028   1.980236  -1.287752
    61  0.16517985    4.494772  103.652007       1.878486  -4.850341   2.861581
    62  0.18086524    4.921594  113.494748       1.882941   5.693101   2.585821
    63  0.13229718    3.599989   83.017802       1.987112  -3.013612  -0.839679
    64  0.18013343    4.901680  113.035528       2.018694   5.222888   1.189548
    65  0.16633170    4.526116  104.374803       2.195286  -2.513403  -2.859651
    66  0.18833902    5.124965  118.184620       2.096645   1.991103  -2.966381
    67  0.16286029    4.431654  102.196464       2.106031   4.238471  -0.721909
    68  0.16294270    4.433896  102.248175       2.341859   4.098582  -0.743862
    69  0.18380358    5.001550  115.338583       2.617407  -2.361416   2.187157
    70  0.17256577    4.695753  108.286744       2.787251   5.317447  -1.999085
    71  0.16617347    4.521810  104.275511       3.040056   3.060191  -0.468380
    72  0.12000684    3.265552   75.305489       2.990822   6.883750  -0.912106
    73  0.17052065    4.640103  107.003412       3.093911   2.635453   0.705190
    74  0.16372188    4.455099  102.737120       3.151853  -1.318001   0.469883
    75  0.13187968    3.588628   82.755815       3.413518  -3.429866  -3.103289
    76  0.13284322    3.614848   83.360449       3.408494   0.927622  -3.113766
    77  0.16908557    4.601052  106.102884       3.454894  -2.623212   1.302804
    78  0.13208234    3.594143   82.882989       3.484527  -0.058288  -0.721536
    79  0.17644470    4.801305  110.720815       3.540969   1.179893   2.445284
    80  0.16436105    4.472492  103.138204       3.686185   3.194596   3.107031
    81  0.11055384    3.008323   69.373641       3.786313  -2.036404  -1.926074
    82  0.11377885    3.096080   71.397365       3.680914   5.164281   3.379664
    83  0.14224568    3.870702   89.260588       3.941107  -4.494004  -0.723434
    84  0.13228864    3.599757   83.012447       4.143655   4.899335  -0.786615
    85  0.19483737    5.301794  122.262397       4.311457  -3.361820   2.394618
    86  0.16092845    4.379086  100.984210       4.316737   3.302690  -1.689078
    87  0.13397527    3.645652   84.070820       4.487909   0.150455   1.680237
    88  0.14059958    3.825909   88.227642       4.413052   5.368243   0.837128
    89  0.17925459    4.877766  112.484051       4.563786  -4.243376  -4.092654
    90  0.13256130    3.607176   83.183542       4.500634   1.222407  -0.706784
    91  0.17571449    4.781434  110.262597       4.602835   0.001302  -3.896697
    92  0.12905799    3.511847   80.985182       4.657803   4.134573   1.579654
    93  0.14875011    4.047696   93.342182       4.836199  -3.173360  -0.881032
    94  0.16382542    4.457916  102.802088       4.751562   6.767270   0.086578
    95  0.15761674    4.288970   98.906082       5.133880   2.387620   1.261150
    96  0.16168148    4.399577  101.456743       5.067038   5.889935   2.221152
    97  0.12900638    3.510442   80.952793       5.267088  -0.606825  -2.523456
    98  0.14317256    3.895923   89.842211       5.320700  -4.199354   1.448785
    99  0.13626980    3.708090   85.510660       5.536841  -4.764084  -2.850594
   100  0.18118586    4.930318  113.695937       5.799116  -0.921614   1.576422
   101  0.10583409    2.879892   66.411947       5.736901   3.311804  -0.324653
   102  0.13155990    3.579927   82.555152       5.910792  -0.894891  -0.067712
   103  0.15695286    4.270905   98.489492       5.950223   5.173573   0.217828
   104  0.13737610    3.738194   86.204879       6.482384  -5.167544  -0.572749
   105  0.11846098    3.223487   74.335451       6.397654  -3.759877  -1.779891
   106  0.17621306    4.795001  110.575460       6.448094  -1.424894  -1.632975
   107  0.18265996    4.970430  114.620953       6.701331  -5.167622   1.073644
   108  0.18177484    4.946345  114.065529       6.846503  -5.545693  -2.170604
