 Number of surface minima:    70
   #       a.u.         eV      kcal/mol           X/Y/Z coordinate(Angstrom)
     1  0.10504834    2.858511   65.918884      -8.050856  -0.682460  -1.347489
     2  0.09764831    2.657146   61.275291      -7.757425  -0.990377   1.234072
     3  0.10244341    2.787627   64.284265      -7.125330  -1.996606  -2.521029
     4  0.09034035    2.458286   56.689470      -6.626765  -2.530172   1.792558
     5  0.10028385    2.728862   62.929119      -6.251395  -0.789742   2.257782
     6  0.08689094    2.364423   54.524933      -5.493244  -3.909448  -1.706916
     7  0.16928733    4.606543  106.229493      -5.525532   0.994038  -1.117916
     8  0.08205536    2.232840   51.490561      -5.411725  -4.119536   0.118637
     9  0.15317493    4.168102   96.118799      -5.047365   0.738418  -0.054666
    10  0.16126135    4.388145  101.193112      -4.663864   0.135821   0.802048
    11  0.18282277    4.974861  114.723117      -4.012738   2.724787  -1.225850
    12  0.07676543    2.088894   48.171078      -3.905735  -3.503969  -0.873156
    13  0.15183371    4.131605   95.277174      -3.995006   2.987116  -3.231943
    14  0.16216962    4.412860  101.763061      -3.766839   4.028351   0.188261
    15  0.13330867    3.627513   83.652522      -3.605509  -0.903295  -1.560011
    16  0.13236029    3.601707   83.057403      -3.269012  -1.447645  -0.781419
    17  0.14381673    3.913452   90.246434      -3.082463  -0.095336  -1.935957
    18  0.14889034    4.051512   93.430177      -2.944038   3.804260   1.851672
    19  0.16278501    4.429605  102.149220      -2.785123   3.809718  -2.547242
    20  0.15508690    4.220129   97.318578      -2.843360   5.317250   0.591868
    21  0.03216987    0.875387   20.186913      -2.371269  -2.181026   1.836150
    22  0.14815353    4.031463   92.967823      -2.150272   2.225545  -3.458356
    23  0.14078968    3.831082   88.346930      -1.920236   0.318550  -1.539566
    24  0.01431990    0.389664    8.985883      -1.621095  -0.990377   2.383000
    25 -0.00300032   -0.081643   -1.882729      -0.959616  -3.641132   0.075970
    26  0.15802472    4.300071   99.162094      -0.933979   2.207953   1.297618
    27  0.18499553    5.033984  116.086544      -0.930051   3.137523  -1.212599
*   28 -0.01445487   -0.393337   -9.070576      -0.727263  -3.918306   1.498940
    29  0.17673010    4.809071  110.899907      -0.442421   4.030776  -1.005858
    30  0.16191471    4.405923  101.603100      -0.315375   3.232915   1.497836
    31  0.03690129    1.004135   23.155928      -0.230223  -0.393271  -1.711459
    32  0.18021811    4.903984  113.088666       0.106602   5.242641  -0.460539
    33  0.17376576    4.728407  109.039754       0.333166   4.500018   1.594299
    34  0.16800750    4.571716  105.426384       0.650415   4.190686  -1.087480
    35 -0.00376971   -0.102579   -2.365533       0.869909  -2.456716   3.465543
    36  0.15697056    4.271386   98.500597       0.861980   3.507629   1.462829
    37  0.16434083    4.471941  103.125514       1.447777   2.713864   1.185379
    38  0.00920037    0.250355    5.773326       1.491731  -3.301617   0.671967
    39  0.03327367    0.905423   20.879561       1.790463  -1.176774   2.850913
    40  0.09672366    2.631985   60.695062       1.829411   1.273124   1.933722
    41  0.10143571    2.760206   63.651924       2.567851  -3.503969   0.312556
    42  0.12366995    3.365230   77.604131       2.636300   1.143267  -1.747921
    43  0.11855217    3.225969   74.392675       2.611558   7.079149  -0.190026
    44  0.09690866    2.637019   60.811152       2.848829  -4.570459  -0.604309
    45  0.11790881    3.208462   73.988956       2.866314   0.741299   0.203041
    46  0.11656961    3.172020   73.148596       2.885866   6.553042   1.661335
    47  0.12379229    3.368559   77.680897       3.170279   3.962349  -2.647612
    48  0.09567732    2.603512   60.038475       3.342888  -3.699463  -1.578000
    49  0.08206104    2.232994   51.494121       3.301489  -1.385539   1.530720
    50  0.05630986    1.532269   35.335002       3.430928   0.515373   3.166014
    51  0.12813058    3.486610   80.403221       3.624162   2.043191  -0.618351
    52  0.11119030    3.025642   69.773025       3.679967   2.706696   2.078583
    53  0.11595137    3.155197   72.760646       3.599441   5.553102  -2.176271
    54  0.10425653    2.836964   65.422012       3.741202  -2.904267  -2.176271
    55  0.10081457    2.743304   63.262153       3.835888  -3.736867   1.139560
    56  0.08407153    2.287703   52.755725       3.992740  -4.769437  -1.457325
    57  0.10962922    2.983163   68.793432       4.226214   4.326541   2.332333
    58  0.10102983    2.749161   63.397226       4.443737  -2.716011   0.594201
    59  0.11707379    3.185740   73.464977       4.659353   4.099423  -1.716772
    60  0.09083890    2.471852   57.002319       4.969422  -4.835976  -1.956276
    61  0.09622086    2.618303   60.379554       4.920155  -3.048257  -2.778913
    62  0.10903585    2.967016   68.421085       4.901849  -1.879615  -0.041351
    63  0.11467542    3.120477   71.959972       5.016309   3.387199   1.132948
    64  0.08788514    2.391476   55.148807       5.233064  -3.778206   0.687825
    65  0.09387389    2.554438   58.906803       5.460350  -3.831005  -2.705448
    66  0.09332662    2.539546   58.563386       6.126560  -3.826266   0.205027
    67  0.10020714    2.726775   62.880983       6.120212  -1.980494  -0.652796
    68  0.11140317    3.031434   69.906602       6.286507  -4.967519  -2.358875
    69  0.09651684    2.626357   60.565285       6.615280  -2.820205  -0.541884
    70  0.11289103    3.071921   70.840247       7.289143  -4.127111  -0.572738
 
 Number of surface maxima:    91
   #       a.u.         eV      kcal/mol           X/Y/Z coordinate(Angstrom)
     1  0.16259248    4.424366  102.028409      -8.190548  -2.172286  -1.363865
     2  0.15643749    4.256881   98.166090      -7.906874  -2.513561   0.833616
     3  0.12042796    3.277011   75.569748      -7.463575  -0.598701  -2.460488
     4  0.13466912    3.664533   84.506222      -7.222523  -0.885823  -0.191856
     5  0.18143243    4.937027  113.850664      -7.153298   0.760332  -1.231963
     6  0.10831888    2.947506   67.971177      -7.058010  -1.248590   2.077386
     7  0.15205253    4.137560   95.414484      -6.843831  -3.925647  -0.733290
     8  0.13683655    3.723512   85.866305      -6.804807  -2.318678  -0.473929
     9  0.17090452    4.650548  107.244292      -6.782203   0.472729   1.132446
    10  0.12860330    3.499474   80.699858      -6.139192  -2.344625  -1.788870
    11  0.11952089    3.252329   75.000556      -5.986166  -2.713102   0.606198
    12  0.17604032    4.790301  110.467061      -5.722218  -1.018802  -3.155261
    13  0.17695023    4.815061  111.038037      -5.650092   0.200272  -0.985622
    14  0.23350935    6.354113  146.529453      -5.512842   0.861743  -2.628366
    15  0.15124342    4.115543   94.906759      -5.261008  -1.916437   2.386062
    16  0.17210079    4.683101  107.994968      -5.082460  -0.638805  -1.824699
    17  0.09466569    2.575985   59.403669      -4.909298  -4.172000  -0.990041
    18  0.17377047    4.728535  109.042707      -4.650852  -1.623080   0.724614
    19  0.15227184    4.143528   95.552105      -4.399275  -2.811622  -2.385596
    20  0.20317989    5.528806  127.497411      -4.330758   1.787804  -2.107753
    21  0.13536464    3.683459   84.942667      -4.161788  -3.640075   0.715889
    22  0.22387014    6.091816  140.480752      -4.134687   3.861655  -1.797034
    23  0.17214095    4.684193  108.020166      -3.896585  -1.959802   0.063499
    24  0.22250221    6.054593  139.622362      -3.682722   2.636651   0.998793
    25  0.23819026    6.481486  149.466768      -3.566046   0.729449   0.205027
    26  0.21071674    5.733894  132.226860      -3.550868   1.678323  -3.973750
    27  0.16838178    4.581901  105.661254      -3.534706   4.565984   0.734204
    28  0.19857624    5.403534  124.608575      -3.466201  -0.188333   1.661836
    29  0.16751620    4.558348  105.118090      -2.953894   3.372330  -3.235868
    30  0.22700440    6.177104  142.447534      -2.969039   4.830572  -1.043499
    31  0.21551036    5.864335  135.234903      -2.812729  -0.205193  -0.858286
    32  0.20977219    5.708192  131.634146      -2.295566   2.196395   0.620782
    33  0.23187513    6.309643  145.503964      -2.215233   2.581569  -0.695353
    34  0.16768184    4.562855  105.222031      -2.136863  -1.390797   0.608532
    35  0.21604282    5.878824  135.569031      -2.046143   5.219666   1.875177
    36  0.06312420    1.717697   39.611065      -1.848003  -2.941085  -1.760192
    37  0.20983905    5.710011  131.676101      -1.571489   1.969703  -1.514799
    38  0.22704269    6.178146  142.471561      -1.243419   3.103527  -2.320161
    39  0.16737858    4.554603  105.031735      -1.095445  -0.462458  -0.197304
    40  0.20944274    5.699227  131.427415      -1.165212   4.830572   0.264027
    41  0.02603103    0.708340   16.334730      -0.288944  -3.773152   3.396172
    42  0.13911879    3.785615   87.298434      -0.271978  -0.704713   2.223338
    43  0.24369458    6.631267  152.920788      -0.165858   5.827787   0.839942
    44  0.17843081    4.855349  111.967119       0.084048   0.569201   0.801448
*   45  0.25003970    6.803926  156.902414       0.108791   2.858341  -0.830753
    46  0.23523961    6.401195  147.615206       0.189598   2.420185   0.726526
    47  0.09960208    2.710311   62.501303       0.422976  -2.782841   0.529272
    48  0.17505022    4.763359  109.845766       0.374126   0.883271   3.266873
    49  0.15780285    4.294034   99.022868       0.738579  -1.260546  -0.751409
    50  0.19153969    5.212060  120.193071       1.026708   4.976758  -0.334687
    51  0.19361533    5.268541  121.495554       1.109202   6.545012  -0.743357
    52  0.18857625    5.131421  118.333484       1.208570   4.720636   1.050277
    53  0.22444013    6.107327  140.838426       1.408640   1.783367  -1.535726
    54  0.11060261    3.009650   69.404246       1.486448  -1.784143   1.592743
    55  0.20325346    5.530808  127.543576       1.553968   0.914119   0.205027
    56  0.18939033    5.153573  118.844327       1.441654   5.766127   2.184061
    57  0.17943364    4.882638  112.596402       1.628153  -0.651603   0.173847
    58  0.18758925    5.104563  117.714131       2.020760   5.165070  -2.503245
    59  0.17620059    4.794662  110.567631       2.194500  -1.920804  -1.656098
    60  0.13275877    3.612550   83.307457       2.092879   7.084922   0.874861
    61  0.20688566    5.629645  129.822823       2.551258   2.551687   0.408550
    62  0.15839584    4.310170   99.394976       2.735307  -4.580801   0.882393
    63  0.15455806    4.205739   96.986725       2.630072   0.327664  -0.855891
    64  0.17570046    4.781053  110.253794       2.744617   3.754298   2.815048
    65  0.21298266    5.795553  133.648751       2.874000  -0.067631  -1.370416
    66  0.20380876    5.545918  127.892033       2.780803   2.863685  -0.182725
    67  0.15188175    4.132913   95.307319       2.887686   5.763119  -0.848613
    68  0.13805068    3.756550   86.628183       3.167470  -2.577908   0.521105
    69  0.13712082    3.731247   86.044687       3.141500   0.929234   1.131087
    70  0.14265241    3.881769   89.515813       3.242619  -1.666605   0.676566
    71  0.14826666    4.034541   93.038811       3.245815   5.164944   1.465458
    72  0.18703507    5.089483  117.366376       3.790008   2.695601  -1.919206
    73  0.13048710    3.550734   81.881958       3.802972   4.455841  -2.530037
    74  0.15799940    4.299382   99.146202       3.853456   5.145645   0.097133
    75  0.17791019    4.841182  111.640422       4.011952   6.759379   0.574472
    76  0.12543538    3.413270   78.711955       4.174640  -5.156159   0.337321
    77  0.14779920    4.021821   92.745475       4.121395   3.772218  -0.296118
    78  0.18800329    5.115830  117.973942       4.213161   2.044600   0.598825
    79  0.21128909    5.749468  132.586016       4.596737  -0.263968  -2.308565
    80  0.12376823    3.367905   77.665801       4.504447   3.266212   1.964857
    81  0.14572168    3.965289   91.441811       4.655961  -3.577039  -1.720164
    82  0.19841535    5.399156  124.507619       4.751289   1.147077   0.749125
    83  0.17112041    4.656423  107.379772       4.920987  -1.387260   2.778280
    84  0.17619545    4.794522  110.564410       4.873082   5.498740  -1.110554
    85  0.17418495    4.739813  109.302796       5.127159   4.963436   1.131743
    86  0.17280859    4.702361  108.439120       5.394218  -6.255249   0.219469
    87  0.14793902    4.025626   92.833217       5.309990  -2.951702  -0.404663
    88  0.13336020    3.628916   83.684862       6.313289  -5.372098  -0.852224
    89  0.13903644    3.783374   87.246756       7.211366  -3.511312  -2.200859
    90  0.18752510    5.102817  117.673874       7.325511  -1.934862  -2.970037
    91  0.18090733    4.922739  113.521158       7.711505  -4.959206  -1.779388
