 Number of surface minima:    59
   #       a.u.         eV      kcal/mol           X/Y/Z coordinate(Angstrom)
     1  0.12201414    3.320174   76.565092      -6.906951   0.778826  -1.850961
     2  0.12727176    3.463241   79.864300      -6.967737   1.176465   0.398749
     3  0.13290435    3.616511   83.398807      -6.359292   2.778924  -2.090806
     4  0.13806923    3.757055   86.639822      -6.375733   3.085617   0.058897
     5  0.11204163    3.048808   70.307244      -5.989967   1.436923  -2.132614
     6  0.11978926    3.259631   75.168958      -6.001316   1.830316   0.495654
     7  0.11000898    2.993496   69.031733      -5.839570   0.395633  -1.980300
     8  0.11928018    3.245779   74.849506      -5.855429   0.776302   0.649450
     9  0.11767415    3.202077   73.841707      -4.927890   2.227175  -2.250202
    10  0.12827108    3.490434   80.491388      -4.946872   2.621658   0.356589
    11  0.13439254    3.657007   84.332661      -4.639243   0.395698   0.685656
    12  0.11943508    3.249994   74.946704      -4.563549  -0.028691  -1.914680
    13  0.11675828    3.177154   73.266986      -3.970156   1.857048  -2.213872
    14  0.13268637    3.610580   83.262024      -3.983707   2.243468   0.412805
    15  0.13941500    3.793675   87.484306      -3.829064   1.068918   0.574500
    16  0.12281055    3.341845   77.064846      -3.751620   0.638966  -2.017653
    17  0.04320099    1.175559   27.109056      -3.395669  -3.119658   3.176929
    18  0.06071726    1.652201   38.100686      -3.095088  -3.326632   1.039618
    19  0.12289402    3.344116   77.117228      -2.774589  -2.214558  -1.007860
    20  0.10361225    2.819433   65.017723      -2.629397  -0.765854   1.896082
    21  0.16076397    4.374610  100.880998      -2.545923   1.571226   0.264108
    22  0.06160304    1.676304   38.656525      -2.242789  -3.829702   0.310472
    23  0.16385018    4.458590  102.817625      -1.958649   0.139631   1.508475
    24  0.15777046    4.293152   99.002538      -1.920548   1.294883   0.917523
    25  0.17872424    4.863334  112.151248      -1.466381   2.508155   0.272970
    26  0.06912878    1.881090   43.379000      -1.083961  -0.146478  -1.258130
    27  0.03509568    0.955002   22.022891      -1.049583  -2.904576   2.665815
    28  0.16272216    4.427895  102.109783      -0.687731   0.517256   3.176726
    29  0.14219509    3.869325   89.228842      -0.811891   4.488185  -0.920888
*   30 -0.00431717   -0.117476   -2.709067      -0.636784  -4.726485  -1.321077
    31  0.15458172    4.206383   97.001575      -0.310335   5.663833  -1.376757
    32  0.15477737    4.211706   97.124345      -0.284060   1.842214   2.913182
    33  0.02107453    0.573467   13.224478       0.142048  -1.845055  -2.332271
    34  0.16834081    4.580786  105.635543       0.202994   1.301021  -0.810097
    35  0.17026865    4.633246  106.845279       0.209453   3.015532   2.192116
    36  0.14568687    3.964341   91.419970       0.176168   4.324449  -1.717960
    37 -0.00146643   -0.039904   -0.920198       0.554759  -4.857885  -0.241634
    38  0.02338751    0.636406   14.675894       0.822245  -1.679924   2.304955
    39  0.13665893    3.718679   85.754844       0.833424   3.358439  -2.049578
    40  0.13802237    3.755780   86.610416       0.866635   5.138939   1.042383
    41  0.15239186    4.146793   95.627413       1.055916   6.085592   0.287415
    42  0.15132587    4.117786   94.958496       1.312727   4.364980  -2.489083
    43  0.14637595    3.983092   91.852370       1.876594   4.903876   0.184240
    44  0.10907517    2.968086   68.445763       2.327246  -2.987502  -1.056489
    45  0.14680023    3.994637   92.118610       2.391113  -1.833149  -2.992350
    46  0.14154534    3.851644   88.821114       2.534598   3.976254  -0.083816
    47  0.14894911    4.053111   93.467057       2.900911  -0.643076   0.917455
    48  0.15361899    4.180185   96.397454       2.766949   4.890611  -0.915875
    49  0.11201157    3.047990   70.288382       3.157684  -2.666958  -0.640825
    50  0.14037764    3.819870   88.088374       3.314313  -1.009328  -2.713104
    51  0.14567525    3.964025   91.412679       3.944906  -0.942317   0.657404
    52  0.15562082    4.234658   97.653623       4.346385  -0.265110  -2.119073
    53  0.12247502    3.332715   76.854301       4.623982   0.683498   2.109447
    54  0.13585841    3.696895   85.252510       4.611593   2.361497   0.016415
    55  0.14756411    4.015424   92.597954       5.538351   2.917657   0.807210
    56  0.12831225    3.491554   80.517221       5.683876   0.293305   1.721692
    57  0.13805725    3.756729   86.632308       5.805181   1.988811  -0.268140
    58  0.11745924    3.196228   73.706848       6.105825  -0.629761   0.973820
    59  0.12590576    3.426070   79.007122       6.211386   1.087917  -1.056489
 
 Number of surface maxima:    68
   #       a.u.         eV      kcal/mol           X/Y/Z coordinate(Angstrom)
     1  0.19579335    5.327808  122.862282      -8.026720   0.848421  -0.691623
     2  0.15606591    4.246769   97.932916      -7.104649   2.234819  -0.859344
     3  0.20292459    5.521859  127.337208      -6.882101   3.813071  -1.179944
     4  0.15680942    4.267001   98.399481      -6.705652  -0.211808  -0.460347
     5  0.20493901    5.576674  128.601278      -5.927305  -1.682464  -0.262723
     6  0.16506778    4.491723  103.581684      -5.218600   3.770667  -1.070208
     7  0.19194553    5.223103  120.447738      -4.887839  -1.046425   2.400126
     8  0.16978558    4.620100  106.542147      -4.774504   1.187928  -1.567205
     9  0.17690937    4.813949  111.012399      -4.764083   1.456116   0.001613
    10  0.18759275    5.104658  117.716328      -4.407412  -1.079790   0.015014
    11  0.19459961    5.295325  122.113200      -4.042907  -2.404137  -0.295838
    12  0.21806753    5.933919  136.839557      -3.572383   4.358559  -1.173684
    13  0.19343716    5.263693  121.383755      -3.326792  -0.804518   0.794007
    14  0.18187941    4.949190  114.131146      -3.032957  -1.045134  -1.670617
    15  0.17817317    4.848338  111.805443      -2.832975   2.890770  -0.943724
    16  0.08359495    2.274734   52.456667      -2.764286  -3.678923   2.273102
    17  0.18219046    4.957655  114.326337      -2.607590  -1.102965   4.696069
    18  0.17719964    4.821847  111.194543      -2.599002   0.455190   0.074357
    19  0.12969671    3.529227   81.385981      -2.425959  -0.447579   2.902637
    20  0.16957850    4.614466  106.412207      -2.529551   0.386910  -1.193259
*   21  0.25073770    6.822920  157.340413      -2.284908   3.318826   2.529282
    22  0.15368173    4.181893   96.436822      -2.199208  -2.187785  -0.290090
    23  0.04063531    1.105743   25.499062      -2.067976  -4.040967  -2.776315
    24  0.13838797    3.765728   86.839835      -1.857673  -4.881535   1.341987
    25  0.22379825    6.089860  140.435642      -1.973008   0.155124   3.044635
    26  0.20715285    5.636916  129.990485      -1.885683   1.589170   2.545204
    27  0.23532037    6.403393  147.665883      -1.708554   5.299010   1.333392
    28  0.22727535    6.184477  142.617555      -1.577692   1.994987  -0.901978
    29  0.16742054    4.555745  105.058064      -1.348550  -1.224199   1.010620
    30  0.21507953    5.852612  134.964556      -1.348550   3.732081   1.475580
    31  0.18476217    5.027634  115.940107      -1.215970  -0.278680   1.324884
    32  0.14066934    3.827808   88.271421      -0.970826  -1.601715  -1.363477
    33  0.11116650    3.024994   69.758093      -0.776058  -3.792150   0.170438
    34  0.18366021    4.997648  115.248616      -0.568904   5.769138   0.251972
    35  0.23886369    6.499811  149.889351      -0.458621   1.415013   0.388192
    36  0.17953170    4.885306  112.657935      -0.292941  -0.411067  -0.004333
    37  0.18192819    4.950518  114.161760      -0.026283   0.251743   2.647232
    38  0.12291117    3.344583   77.127986       0.082530  -2.453540   1.531339
    39  0.20595896    5.604428  129.241307       0.170691   3.455152  -0.727896
    40  0.22003431    5.987438  138.073728       0.217602   6.824015  -0.803104
    41  0.11259762    3.063937   70.656134       0.438833  -2.924659  -1.056489
    42  0.24552648    6.681115  154.070324       0.496779   1.703264   1.585864
    43  0.16239434    4.418975  101.904071       1.167065  -1.733448   0.135018
    44  0.20756051    5.648009  130.246296       1.229827   3.754841   0.398749
    45  0.17884413    4.866596  112.226479       1.305822   5.685316  -1.445468
    46  0.14830998    4.035720   93.065993       1.546208  -2.427955  -1.066928
    47  0.17111272    4.656214  107.374942       1.700641  -1.199080  -2.378098
    48  0.22181715    6.035951  139.192477       1.819241   1.304909  -0.935726
    49  0.20815516    5.664190  130.619443       2.065773  -3.113359  -2.700427
    50  0.21788303    5.928899  136.723780       2.358186   0.943195   1.065054
    51  0.23354689    6.355134  146.553008       2.337725   1.569811  -0.010267
    52  0.04843511    1.317986   30.393517       2.416290  -4.379896   0.723936
    53  0.18528557    5.041877  116.268550       2.620279   3.557762  -1.769752
    54  0.22073813    6.006590  138.515383       2.600782   5.136888  -2.371899
    55  0.23880014    6.498082  149.849476       2.621312   2.366710   1.854639
    56  0.21640367    5.888643  135.795464       2.996103  -1.204833  -0.183188
    57  0.23479258    6.389031  147.334692       3.017162  -0.220762  -1.395361
    58  0.23846381    6.488930  149.638424       3.017162   2.009138  -1.811348
    59  0.18188965    4.949469  114.137574       3.543432  -2.549741  -2.393236
    60  0.18701196    5.088854  117.351872       4.754309  -0.000995   0.818893
    61  0.19731549    5.369228  123.817444       4.747386   1.049901  -0.396990
    62  0.22637311    6.159926  142.051391       5.279283  -2.542259  -2.388889
    63  0.19241452    5.235865  120.742037       5.530754  -1.295780  -1.412025
    64  0.21411484    5.826361  134.359205       5.725431   2.958673   2.313251
    65  0.16849342    4.584939  105.731304       6.654047   1.902875   1.324809
    66  0.21367686    5.814443  134.084365       7.126822  -1.202205  -1.320404
    67  0.16576150    4.510600  104.016999       7.246962   0.002474  -0.247439
    68  0.20691020    5.630313  129.838222       8.031137   1.171288   0.785479
