 Number of surface minima:    68
   #       a.u.         eV      kcal/mol           X/Y/Z coordinate(Angstrom)
     1  0.13945013    3.794631   87.506351      -6.564228   1.427104  -2.643433
     2  0.12844883    3.495270   80.602925      -6.593531   2.323862  -0.630614
     3  0.11074794    3.013605   69.495440      -6.177426  -1.327704   0.956918
     4  0.12170175    3.311673   76.369067      -6.003379   1.433297  -1.436098
     5  0.11819184    3.216164   74.166562      -5.870669  -0.089683  -0.505975
     6  0.10901987    2.966582   68.411060      -5.737351  -4.084896   0.850233
     7  0.12383873    3.369823   77.710042      -5.696792   4.154086  -1.668568
     8  0.11934050    3.247420   74.887358      -5.673435   1.788720  -0.366025
     9  0.12927642    3.517790   81.122247      -5.463164  -3.153298  -2.752469
    10  0.11655045    3.171499   73.136574      -5.349280  -4.802963  -0.694712
    11  0.13148984    3.578020   82.511188      -5.321717  -1.097562  -2.615028
    12  0.13025219    3.544342   81.734552      -5.267002   0.739916  -2.218146
    13  0.11306900    3.076764   70.951930      -5.000453   3.652351  -2.482734
    14  0.11502960    3.130115   72.182223      -4.768793  -0.058151   1.007331
    15  0.11244873    3.059886   70.562703      -4.601196   3.919313  -1.556674
    16  0.13668659    3.719431   85.772203      -4.462503   0.486061  -1.953557
    17  0.13619322    3.706006   85.462606      -4.424085   1.409126   0.030858
    18  0.11766117    3.201723   73.833562      -4.357082  -4.871159   0.598609
    19  0.11730079    3.191917   73.607416      -4.252748   2.947957  -3.268124
    20  0.14386134    3.914666   90.274430      -4.155315  -2.234528  -3.445218
    21  0.07163527    1.949295   44.951846      -3.866479  -2.458650   3.526723
    22  0.14951180    4.068423   93.820147      -3.733953   0.685181  -0.762561
    23  0.12204349    3.320972   76.583509      -3.365967   3.526797  -1.159791
    24  0.11669166    3.175342   73.225186      -3.229807   2.614776  -3.026471
    25  0.12472716    3.393999   78.267542      -2.697298   2.903478  -1.830558
    26  0.16902103    4.599296  106.062384      -2.481091  -0.575297  -0.171286
    27  0.04517805    1.229357   28.349676      -2.473415   0.623029   3.011454
    28  0.18714945    5.092595  117.438149      -2.352715  -3.886573  -1.498147
    29  0.17230681    4.688707  108.124247      -2.309366  -3.079167   0.692329
    30  0.17731766    4.825059  111.268602      -2.273060  -1.153741  -1.418209
    31  0.17515747    4.766277  109.913066      -2.146653  -3.492230  -0.233731
    32  0.12627345    3.436075   79.237853      -1.617476   0.817496   1.309874
    33  0.17912931    4.874356  112.405432      -1.300027  -1.299213  -1.900697
    34  0.18120773    4.930913  113.709663      -1.218921  -3.676223  -0.759238
    35  0.10004235    2.722291   62.777572      -1.183234   3.359419  -0.875109
    36  0.03129362    0.851543   19.637059      -0.903535  -0.717566   3.362284
    37  0.07431751    2.022282   46.634981      -0.704604   1.093081  -1.010071
    38  0.19618055    5.338344  123.105259      -0.285848  -3.261020  -0.245096
    39  0.01568187    0.426725    9.840528      -0.162844  -0.642449   2.813554
    40  0.16529602    4.497933  103.724904       0.193614  -4.275642  -3.287903
    41  0.02875685    0.782514   18.045212       0.220715   3.966302   1.688827
    42  0.04541489    1.235802   28.498297       0.241950   5.450852  -0.229067
    43  0.16141578    4.392347  101.290018       0.525821  -2.489862  -3.889879
*   44 -0.00697608   -0.189829   -4.377559       0.568068   1.977116   3.936228
    45  0.04959288    1.349491   31.120027       0.824296   3.198793  -0.895202
    46  0.03840550    1.045067   24.099834       1.174616   1.770917  -1.303459
    47  0.16676578    4.537928  104.647196       1.349199  -5.079547  -0.309824
    48  0.14938147    4.064877   93.738368       1.619737  -4.341982   1.415950
    49  0.17086592    4.649498  107.220074       1.679791  -3.399655  -2.869181
    50 -0.00127289   -0.034637   -0.798751       1.822176   1.546979   3.538521
    51  0.14408393    3.920723   90.414107       2.020438  -1.630128   1.022885
    52  0.15507215    4.219728   97.309322       2.949503  -5.135748   0.132046
    53  0.14483173    3.941072   90.883360       3.122815  -1.834670   1.055671
    54  0.13654095    3.715468   85.680809       3.865220  -1.166919   0.956918
    55  0.15906035    4.328252   99.811959       4.051035  -0.644211  -1.851192
    56  0.06187363    1.683667   38.826319       4.059388   2.780591   0.376600
    57  0.15635382    4.254604   98.113583       4.193676  -1.845835  -1.569230
    58  0.06038533    1.643168   37.892398       4.318475   3.436054  -0.637288
    59  0.06634862    1.805438   41.634422       4.658852   2.066640  -3.276500
    60  0.16905768    4.600293  106.085385       4.747728  -2.761271  -1.040648
    61  0.07692431    2.093217   48.270771       4.868821   0.680098   2.011093
    62  0.09104498    2.477460   57.131633       5.974610   0.817496  -2.431423
    63  0.08796580    2.393671   55.199418       6.498036  -0.085198   2.457714
    64  0.08370775    2.277804   52.527452       6.518783   1.412979   1.552402
    65  0.10560436    2.873641   66.267791       7.407658  -2.074380   1.230286
    66  0.09066815    2.467206   56.895173       7.457797   1.293639  -1.027497
    67  0.09484111    2.580758   59.513746       7.639682  -0.228731  -2.212467
    68  0.10565783    2.875096   66.301343       7.726516  -2.357568  -0.811812
 
 Number of surface maxima:    98
   #       a.u.         eV      kcal/mol           X/Y/Z coordinate(Angstrom)
     1  0.19672859    5.353257  123.449155      -7.133178   3.727970  -1.004720
     2  0.17845161    4.855915  111.980172      -6.785020  -1.435737  -0.635583
     3  0.20306015    5.525548  127.422275      -6.736033   2.160565  -3.897050
     4  0.15676324    4.265745   98.370501      -6.645298   2.803553  -2.350814
     5  0.17554456    4.776810  110.155969      -6.555842  -3.823367  -0.523364
     6  0.18777106    5.109510  117.828217      -6.445480  -2.026094  -2.249441
     7  0.12718042    3.460755   79.806987      -5.794188  -0.108565   0.427741
     8  0.16066633    4.371953  100.819729      -5.622907  -2.498215  -0.918589
     9  0.15709214    4.274695   98.576890      -5.705447   3.485923  -0.081208
    10  0.14220083    3.869481   89.232443      -5.465421  -2.495074   0.442033
    11  0.16490203    4.487213  103.477676      -5.254724   1.413666  -3.870979
    12  0.12618997    3.433804   79.185465      -5.068547  -4.874438   0.316395
    13  0.16664505    4.534642  104.571433      -5.094913  -1.048135   1.956778
    14  0.15708058    4.274380   98.569632      -4.924834  -0.982698  -1.424380
    15  0.15466487    4.208645   97.053753      -4.908529  -3.543662  -1.553561
    16  0.14723240    4.006397   92.389801      -4.780819  -2.082557  -3.392181
    17  0.20457981    5.566900  128.375879      -4.644502   3.618784   1.228455
    18  0.16922299    4.604792  106.189115      -4.494739  -3.915407   1.795796
    19  0.18143424    4.937077  113.851799      -4.534812   0.538057  -0.737280
    20  0.17736284    4.826288  111.296955      -4.577351   1.457314  -1.296795
    21  0.21533350    5.859522  135.123923      -3.971444   0.604942  -4.547408
    22  0.16968720    4.617423  106.480413      -3.989472   2.816971  -1.964870
    23  0.20720245    5.638265  130.021607      -3.740663  -3.710469  -2.908619
    24  0.20683602    5.628294  129.791671      -3.608167  -0.770625  -2.880480
    25  0.19200141    5.224624  120.482804      -3.593637  -4.867865  -1.026403
    26  0.18505804    5.035685  116.125771      -3.469596   2.855820   0.746239
    27  0.23891984    6.501340  149.924591      -3.464355  -1.294105   1.092389
    28  0.20617400    5.610280  129.376247      -3.228361  -3.207492  -1.348244
    29  0.18620510    5.066899  116.845564      -3.205008  -1.191057   3.287015
    30  0.17674218    4.809399  110.907484      -3.064726   0.597148  -3.143309
    31  0.19141836    5.208758  120.116933      -3.062381  -1.047685  -1.014673
    32  0.18436296    5.016771  115.689600      -2.802538  -3.400212   0.036476
    33  0.19140006    5.208260  120.105452      -2.890502  -1.828390  -2.035934
    34  0.19366072    5.269776  121.524038      -2.902759   1.119744   0.824623
    35  0.19367589    5.270189  121.533555      -2.808125   3.119974   1.671865
*   36  0.25558707    6.954878  160.383442      -2.572819  -3.425778  -2.931418
    37  0.22256251    6.056234  139.660203      -2.105351  -2.571882   2.047582
    38  0.17454748    4.749678  109.530288      -2.221361   5.769972   0.692329
    39  0.17104779    4.654447  107.334199      -1.886595   1.876823  -1.159737
    40  0.21017409    5.719128  131.886343      -1.766432  -0.374797   1.474454
    41  0.22317755    6.072970  140.046145      -1.617476   0.485871  -2.417475
    42  0.04534934    1.234018   28.457166      -1.619789   2.273049   4.126893
    43  0.18109096    4.927736  113.636389      -1.471564   4.798287  -2.198840
    44  0.24050326    6.544426  150.918200      -1.332748  -1.260055  -0.751157
    45  0.25022882    6.809072  157.021085      -1.092229  -2.630148   0.052358
    46  0.14565198    3.963392   91.398076      -1.156913   0.748881   1.549775
    47  0.23070784    6.277880  144.771478      -0.881523  -3.311137  -3.995785
    48  0.07084529    1.927798   44.456127      -0.952598  -2.220031   3.737517
    49  0.16865414    4.589313  105.832159      -0.900972   2.405027   1.089212
    50  0.18795180    5.114429  117.941633      -0.318085   0.100543   0.107671
    51  0.14886341    4.050779   93.413277       0.082525   1.733592  -0.391745
    52  0.23095659    6.284648  144.927569       0.221912  -4.080448   0.287405
    53  0.12290964    3.344541   77.127029       0.471320   0.420613   2.483940
    54  0.21692921    5.902944  136.125248       0.896116  -2.754451   0.356348
    55  0.22355824    6.083329  140.285028       0.852600  -1.607317  -1.688968
    56  0.23705791    6.450674  148.756209       1.044303  -4.714670  -2.075118
    57  0.24334814    6.621840  152.703391       1.028410  -2.810291  -0.918367
    58  0.10265822    2.793472   64.419061       1.004952   2.400706   2.137645
    59  0.17861032    4.860234  112.079760       1.035084  -3.539996  -3.548437
    60  0.08615379    2.344364   54.062364       1.083812   4.577139   0.059856
    61  0.17238043    4.690710  108.170441       1.393288  -0.108565   0.755861
    62  0.07965217    2.167446   49.982532       1.689862   2.674038  -2.346039
    63  0.17078096    4.647186  107.166763       1.746754  -5.211170   0.295446
    64  0.23161033    6.302437  145.337796       1.761850  -1.850152  -2.890932
    65  0.14025777    3.816608   88.013153       1.780573   1.722582   0.546945
    66  0.22966114    6.249398  144.114664       2.469861  -4.897253  -1.486596
    67  0.15422932    4.196793   96.780440       2.541725   3.653754   0.721134
    68  0.24007594    6.532799  150.650052       2.857354  -1.305534  -1.194338
    69  0.21138712    5.752136  132.647534       2.855455  -1.042903   0.386242
    70  0.22741835    6.188368  142.707291       2.836582   0.658365  -2.121252
    71  0.20446538    5.563786  128.304073       2.947673   1.743556  -0.366025
    72  0.21267203    5.787100  133.453827       3.123216  -4.606571   1.557662
    73  0.20688196    5.629545  129.820501       3.550666  -3.666816  -0.095580
    74  0.06512401    1.772114   40.865967       3.701109   0.574220   2.427615
    75  0.18339744    4.990498  115.083731       4.046473   2.480924  -2.085851
    76  0.16583267    4.512536  104.061658       4.732650  -1.237227  -1.626982
    77  0.16583163    4.512508  104.061006       4.659214  -1.034625  -1.688968
    78  0.23157616    6.301508  145.316357       4.683184   0.670922  -1.056901
    79  0.09321006    2.536375   58.490242       4.852139   0.664585  -3.452893
    80  0.23286848    6.336674  146.127300       4.872886  -3.669853   0.170706
    81  0.17565445    4.779801  110.224923       5.129533  -2.157392  -0.827322
    82  0.17264548    4.697922  108.336764       5.064093  -1.761537   0.626889
    83  0.15402829    4.191323   96.654292       5.143605  -1.022639   2.420138
    84  0.13806165    3.756849   86.635068       5.132879   1.883484   1.092528
    85  0.08208367    2.233610   51.508325       5.197781   2.641802   0.099105
    86  0.18010966    4.901033  113.020615       5.823488  -2.989720   1.373274
    87  0.09601804    2.612784   60.252280       6.080787   0.737511   2.332170
    88  0.18138630    4.935772  113.821717       6.297265  -3.069221  -1.474562
    89  0.16407069    4.464591  102.956000       6.294546  -0.777563  -2.922553
    90  0.14813114    4.030853   92.953771       6.200893   2.005161  -1.419467
    91  0.12949188    3.523653   81.257449       6.694225  -1.172413   1.212632
    92  0.11968223    3.256719   75.101799       6.835109   0.682624   0.022714
    93  0.12275403    3.340307   77.029383       7.246242  -3.089941   0.163152
    94  0.13715512    3.732181   86.066209       7.225000  -0.377887   0.146840
    95  0.10494131    2.855598   65.851722       7.311856   0.750815  -2.218146
    96  0.15261278    4.152805   95.766048       7.792861   0.301311   1.496438
    97  0.16396865    4.461814  102.891966       8.426758  -1.436685   0.288795
    98  0.15583744    4.240552   97.789549       8.422800   0.020434  -0.773654
