 Number of surface minima:    74
   #       a.u.         eV      kcal/mol           X/Y/Z coordinate(Angstrom)
     1  0.07561015    2.057457   47.446124      -8.108497  -1.863525   0.758958
     2  0.07277239    1.980238   45.665404      -8.102676  -0.414119  -1.477239
     3  0.07220840    1.964891   45.311494      -7.995400  -0.937664   1.382537
     4  0.06907773    1.879701   43.346968      -7.961183   0.545234  -0.834838
     5  0.07876445    2.143290   49.425481      -7.294218  -0.937664  -1.846070
     6  0.07345283    1.998753   46.092387      -6.943216  -0.540781   1.633476
     7  0.07075404    1.925315   44.398865      -6.941180   0.914456  -0.610672
     8  0.08831336    2.403129   55.417517      -6.356965  -0.616821  -1.622603
     9  0.08135804    2.213865   51.052986      -6.138403   0.385279  -0.992047
    10  0.05718604    1.556111   35.884815      -5.595253   2.042884  -2.151781
    11  0.05745392    1.563401   36.052910      -5.462959   2.050270  -2.416369
    12  0.17625565    4.796160  110.602182      -4.370683  -3.289672  -0.814063
    13  0.16404346    4.463850  102.938914      -3.977808  -2.105560  -1.449469
    14  0.13786969    3.751625   86.514610      -3.855644  -1.319435   1.050250
    15  0.16222016    4.414235  101.794770      -3.900929  -0.946990  -1.797433
    16  0.04991548    1.358269   31.322464      -3.486657   2.233996   0.612602
    17  0.05341837    1.453588   33.520564      -3.419278   3.355020  -0.961132
    18  0.17339004    4.718183  108.803985      -3.243904  -2.716200  -1.284430
    19  0.14530613    3.953981   91.181050      -3.111757  -1.925952   1.225644
    20  0.15648110    4.258067   98.193458      -2.503615  -5.254507   0.519255
    21  0.14741203    4.011285   92.502521      -1.887154  -1.575574   1.160625
    22 -0.00165944   -0.045156   -1.041318      -1.868706   1.714584   3.538980
    23  0.05464221    1.486890   34.288533      -1.736960   1.867106  -1.996344
    24  0.17316553    4.712074  108.663102      -1.436851  -3.526271  -2.623678
    25  0.15005218    4.083127   94.159242      -1.292438  -4.245022   1.754152
    26  0.03736431    1.016735   23.446480      -1.223198   1.588373  -1.494346
    27  0.04664072    1.269158   29.267516      -1.251457   3.022535  -1.002537
    28  0.16881675    4.593737  105.934198      -0.964953  -5.097047   0.201319
*   29 -0.00656283   -0.178584   -4.118240      -0.568070   2.207798   3.875487
    30  0.04508972    1.226954   28.294252      -0.579656   5.437936  -0.686144
    31  0.16296972    4.434632  102.265131      -0.239217  -2.593226  -3.675048
    32  0.03407740    0.927293   21.383908      -0.196522   4.202817   1.268973
    33  0.16762968    4.561436  105.189301       0.132853  -4.328558  -3.058820
    34  0.01552310    0.422405    9.740899       0.239063  -0.397108   2.893420
    35  0.19918251    5.420032  124.989018       0.459155  -3.111150   0.097223
    36  0.07643135    2.079803   47.961436       0.593491   1.035021  -1.015495
    37  0.09217368    2.508173   57.839904       0.774616   3.204026  -1.330057
    38  0.03017210    0.821024   18.933291       1.153766  -0.145771   3.536286
    39  0.18555935    5.049327  116.440350       1.421535  -3.566683  -0.442269
    40  0.18236368    4.962368  114.435033       1.442595  -1.280318  -1.754898
    41  0.12286076    3.343211   77.096357       1.665335   1.169069   1.257512
    42  0.17912120    4.874136  112.400342       2.350553  -3.298609   0.109423
    43  0.17274951    4.700753  108.402045       2.474699  -2.734292   1.078775
    44  0.17158504    4.669066  107.671327       2.481420  -0.391488  -0.156204
    45  0.04536643    1.234483   28.467890       2.474699   1.162472   2.823496
    46  0.19213584    5.228282  120.567162       2.475481  -3.838934  -1.219720
    47  0.17752768    4.830774  111.400392       2.577841  -1.133353  -1.358015
    48  0.12432212    3.382977   78.013375       2.559600   2.766576  -2.199174
    49  0.18777270    5.109555  117.829245       2.903032  -1.964569  -2.151781
    50  0.11676410    3.177313   73.270640       3.067163   2.237399  -3.322884
    51  0.12292574    3.344979   77.137131       3.147255   3.557462  -1.614324
    52  0.11773963    3.203858   73.882796       4.109916   2.634282  -3.559332
    53  0.06370813    1.733586   39.977486       4.258957  -1.731430   3.601307
    54  0.12817041    3.487694   80.428214       4.276437   0.385279  -1.805280
    55  0.14066490    3.827687   88.268630       4.326819   1.790922  -0.035072
    56  0.11395630    3.100909   71.508715       4.335142   3.954375  -2.012454
    57  0.11426216    3.109231   71.700647       4.802180   3.560342  -2.867069
    58  0.10387732    2.826646   65.184060       4.906194  -2.763854   0.941186
    59  0.09986543    2.717476   62.666554       4.977042  -1.605346   1.135475
    60  0.13953930    3.797057   87.562306       5.017042   2.796065   0.368325
    61  0.12590828    3.426139   79.008707       5.175854   0.705136  -2.096512
    62  0.12497648    3.400783   78.423989       5.496238   2.105105  -0.489685
    63  0.13344516    3.631227   83.738172       5.521857   2.895445  -3.862044
    64  0.10679419    2.906018   67.014421       5.661761  -3.043383  -1.870724
    65  0.09363495    2.547937   58.756866       5.794730  -3.440142   0.775881
    66  0.10703750    2.912639   67.167102       5.754299  -0.805370  -1.549684
    67  0.12576998    3.422375   78.921919       5.837359   1.575927  -1.435007
    68  0.09102359    2.476878   57.118212       5.971276  -1.202253   1.080208
    69  0.13985845    3.805742   87.762575       6.358812   1.179044  -2.765674
    70  0.09886341    2.690210   62.037781       6.579461  -2.528516  -1.880454
    71  0.10058312    2.737006   63.116914       6.597376  -1.447508  -1.725182
    72  0.13351274    3.633066   83.780580       6.488146   2.634282  -0.916514
    73  0.08891166    2.419409   55.792957       6.832305  -2.926005   0.744996
    74  0.08771039    2.386721   55.039148       6.859883  -1.713998   0.917488
 
 Number of surface maxima:    84
   #       a.u.         eV      kcal/mol           X/Y/Z coordinate(Angstrom)
     1  0.16322048    4.441455  102.422481     -10.296787  -0.494218   0.136672
     2  0.12063170    3.282555   75.697595      -9.336550  -1.607477  -0.718551
     3  0.17294264    4.706008  108.523234      -8.981338  -3.018084  -1.595649
     4  0.11556443    3.144668   72.517833      -9.034084   0.385596   0.758669
     5  0.16061889    4.370662  100.789959      -8.219050   1.726450   1.563641
     6  0.12912463    3.513660   81.026998      -7.024080  -1.281963   0.494106
     7  0.12638613    3.439141   79.308559      -7.050491  -0.361743  -0.828837
     8  0.11797404    3.210237   74.029891      -6.621888   1.240980   1.217513
     9  0.07853197    2.136964   49.279599      -5.877532   0.910189  -2.561048
    10  0.20446210    5.563697  128.302015      -5.724576  -3.329784  -1.757363
    11  0.16051597    4.367862  100.725377      -5.090485   1.395102   1.278425
    12  0.18848829    5.129027  118.278284      -4.972741  -2.412839  -0.730245
    13  0.23489484    6.391814  147.398863      -4.753536  -3.800187   0.521197
    14  0.21133380    5.750685  132.614071      -4.515886   0.791873  -0.440493
    15  0.17946153    4.883396  112.613902      -4.007722   2.292555  -2.019486
    16  0.21391352    5.820883  134.232874      -3.587597   0.167815  -2.236949
    17  0.06382537    1.736777   40.051058      -3.700056   0.679847   2.507432
    18  0.07204218    1.960367   45.207190      -3.597546   3.180349   0.107683
    19  0.20899642    5.687082  131.147344      -3.209624  -3.846514   0.099286
    20  0.21284551    5.791821  133.562689      -2.817073  -4.641905   1.875165
    21  0.21560969    5.867038  135.297239      -2.833678  -1.076098   0.467198
    22  0.24285202    6.608340  152.392072      -2.682232  -1.466309  -1.093203
    23  0.18774275    5.108740  117.810451      -2.644180   1.078440  -0.276834
    24  0.14892312    4.052404   93.450748      -2.617256   3.824931   0.890988
    25  0.23264724    6.330653  145.988472      -2.048798  -5.057942  -1.110268
    26  0.08700984    2.367658   54.599547      -2.023307   1.418683  -3.260583
    27  0.13414975    3.650400   84.180309      -1.875763   1.726077   0.504739
    28  0.23306605    6.342050  146.251276      -1.548489  -1.996019  -2.836723
    29  0.17252304    4.694591  108.259931      -1.361836  -5.223569   0.626400
    30  0.17223698    4.686807  108.080429      -1.361836  -0.011604   0.817162
    31  0.08474544    2.306041   53.178614      -1.347584   4.612956  -0.160837
    32  0.10969491    2.984950   68.834651      -1.097247   2.579847   2.027203
    33  0.24604384    6.695193  154.394971      -0.858155  -2.830608  -0.704494
    34  0.24089802    6.555169  151.165918      -0.796343  -4.762825  -1.747112
    35  0.18092611    4.923250  113.532944      -0.774995  -3.691463  -3.284766
    36  0.21866546    5.950190  137.214763      -0.703365  -2.652073   0.623562
    37  0.22524045    6.129104  141.340633      -0.725393  -1.731430  -1.552560
    38  0.12009698    3.268005   75.362059      -0.408344   0.674220   2.512741
    39  0.15315156    4.167466   96.104137      -0.173701   1.845054  -0.440676
    40  0.23287983    6.336982  146.134421       0.072499  -3.985789   0.746281
    41  0.18880248    5.137577  118.475445       0.243539   0.140736   0.123610
    42  0.17836373    4.853524  111.925024       0.606966   4.480786  -2.970280
    43  0.16655460    4.532181  104.514677       0.757665   2.634858   0.891542
    44  0.23199270    6.312842  145.577739       1.151756  -3.436579  -3.705870
    45  0.14607920    3.975017   91.666157       1.087257   0.899666   1.524743
    46  0.25375910    6.905136  159.236373       1.262728  -2.438871   0.347577
    47  0.06759873    1.839455   42.418880       1.296997  -1.560554   4.060926
    48  0.22037835    5.996800  138.289616       1.426442  -3.441966  -2.146173
    49  0.24554344    6.681577  154.080962       1.480248  -1.138349  -0.564249
    50  0.22538426    6.133017  141.430874       1.625591   0.197642  -2.310360
    51  0.04565981    1.242467   28.651988       1.564489   2.775022   3.936690
    52  0.21276810    5.789714  133.514109       1.747999  -0.076833   1.619526
    53  0.17191191    4.677961  107.876446       1.746101   1.808464  -1.292847
    54  0.17984390    4.893801  112.853847       1.997336   5.728865  -0.380140
    55  0.21953261    5.973786  137.758909       2.352271  -2.119898   2.217422
    56  0.19698742    5.360300  123.611575       2.496780   3.697105   1.158632
*   57  0.25615410    6.970308  160.739259       2.871582  -3.348073  -2.622516
    58  0.17494275    4.760434  109.778327       2.975277   0.369550  -3.103864
    59  0.19096802    5.196504  119.834345       2.880001   1.584792   0.759349
    60  0.20622634    5.611704  129.409090       3.268465  -3.273960  -0.806604
    61  0.18750837    5.102362  117.663380       3.233269   3.276117   0.333028
    62  0.18275584    4.973039  114.681117       3.332851  -0.511587   3.336672
    63  0.23596810    6.421018  148.072340       3.579346  -0.784559   1.155577
    64  0.21713226    5.908469  136.252662       3.726925  -4.712622  -0.634966
    65  0.16942496    4.610288  106.315855       3.816153   2.766576  -2.243012
    66  0.21350614    5.809797  133.977235       4.032454   0.102771  -4.422785
    67  0.20055844    5.457473  125.852426       4.197478   0.772219   0.225830
    68  0.20677397    5.626606  129.752735       4.347223   4.249465   0.640009
    69  0.17823509    4.850023  111.844300       4.532351   1.575927  -1.417071
    70  0.08848569    2.407818   55.525654       4.746533  -2.372881   2.482278
    71  0.16347633    4.448417  102.583029       5.248789   1.141896  -3.886860
    72  0.15990338    4.351192  100.340971       5.441188   3.864052  -0.536844
    73  0.15397675    4.189920   96.621950       5.579249  -1.964712  -1.163940
    74  0.14537309    3.955803   91.223065       5.718020  -2.192350   0.430069
    75  0.15141007    4.120078   95.011334       5.745738   0.381695  -0.057409
    76  0.14270295    3.883145   89.547529       6.098654   1.098759  -2.416369
    77  0.15887265    4.323145   99.694176       6.504963   2.828011  -2.548663
    78  0.20380241    5.545746  127.888049       6.700121   1.986052  -3.977572
    79  0.19946335    5.427674  125.165245       6.912327   3.946221  -1.393770
    80  0.18632702    5.070216  116.922070       7.105000  -4.996201  -0.941895
    81  0.19096945    5.196543  119.835240       7.452736   0.642450  -0.198695
    82  0.13759641    3.744189   86.343126       7.713805  -3.451256  -0.828837
    83  0.13896953    3.781553   87.204771       7.879002  -0.945427  -0.446041
    84  0.18114018    4.929075  113.667275       8.932089  -2.267026  -0.712725
