 Number of surface minima:    90
   #       a.u.         eV      kcal/mol           X/Y/Z coordinate(Angstrom)
     1  0.05235186    1.424567   32.851318      -6.686737  -0.288920  -4.918571
     2  0.13341974    3.630536   83.722220      -6.286861   0.952068   3.983103
     3  0.04927308    1.340789   30.919353      -6.211159   1.802016  -4.201354
     4  0.12208396    3.322074   76.608907      -6.010097   2.805493   3.198887
     5  0.09454594    2.572726   59.328523      -5.849824  -1.401744  -2.071501
     6  0.11435845    3.111852   71.761072      -5.791581   1.591368   3.016010
     7  0.10107535    2.750400   63.425792      -5.497283  -1.621057  -1.223525
     8  0.12400589    3.374372   77.814934      -5.405759   0.397059   2.942539
     9  0.11215665    3.051938   70.379417      -5.350618   2.409089   2.405207
    10  0.09125624    2.483209   57.264202      -5.182468  -1.525387  -3.124765
    11  0.13102555    3.565386   82.219841      -4.730566   0.267119   2.357199
    12  0.12984167    3.533172   81.476948      -4.760835   3.363924   1.930047
    13  0.10355397    2.817847   64.981149      -4.444408   0.821023  -1.050118
    14  0.11979215    3.259710   75.170772      -4.473503   3.142790   4.863265
    15  0.11383410    3.097583   71.432036      -4.378381  -1.938205  -1.260725
    16  0.12292462    3.344949   77.136430      -4.349317   2.076327   1.547799
    17  0.09146700    2.488944   57.396457      -4.179990  -1.881804  -3.157631
    18  0.08307039    2.260460   52.127503      -4.266973   0.959466  -2.875339
    19  0.13068121    3.556017   82.003769      -4.040930   1.083643   1.470545
    20  0.11032795    3.002176   69.231890      -3.946389   2.116653   4.861202
    21  0.03681581    1.001809   23.102292      -3.958249   3.206478  -2.559139
    22  0.11771886    3.203293   73.869761      -3.586805   0.852922   4.808980
    23  0.09773284    2.659446   61.328333      -3.472949   2.037253  -0.240938
    24  0.10775068    2.932045   67.614628      -3.485952   2.808345   4.264413
    25  0.18030323    4.906300  113.142080      -3.351460  -1.767834   1.407879
    26  0.07909544    2.152296   49.633182      -3.286801   0.625252  -2.813751
    27  0.12757088    3.471380   80.052002      -3.201920   3.742286   3.474680
    28  0.16303695    4.436461  102.307318      -2.908227  -3.371651  -0.076779
    29  0.05514427    1.500552   34.603584      -2.841305   1.185972  -2.092889
    30  0.15013186    4.085296   94.209241      -2.736798  -4.353181   3.207127
    31  0.08597424    2.339478   53.949696      -2.757378   0.360909  -1.921405
    32  0.11951404    3.252143   74.996258      -2.800301   0.572358   4.144933
    33  0.11807644    3.213023   74.094145      -2.567814   2.410368   3.466357
    34  0.15522901    4.223996   97.407756      -2.151679  -2.999740  -0.623025
    35  0.09826374    2.673892   61.661479      -2.272126   0.703277  -0.095600
    36  0.12372777    3.366804   77.640412      -2.251576   1.506532   3.380952
    37  0.15609324    4.247513   97.950072      -1.746400  -3.639399   0.197785
    38  0.17423042    4.741051  109.331329      -1.656486  -1.464197   1.744232
    39  0.01548166    0.421277    9.714897      -1.657957   3.687068  -1.965899
    40  0.16818700    4.576601  105.539027      -0.582835  -3.559185   0.375485
    41  0.14263078    3.881181   89.502241      -0.334939  -2.806228   4.926953
    42  0.12314431    3.350927   77.274285      -0.105691  -0.294762   3.542422
    43  0.16993257    4.624100  106.634385       0.060400  -3.069846  -0.158722
    44  0.15098728    4.108573   94.746029       0.059035  -0.937876   1.477328
    45  0.02686124    0.730932   16.855699       0.146942  -0.306718  -2.555072
    46  0.13568314    3.692126   85.142528       0.259321  -4.043112   4.715513
    47  0.12991648    3.535207   81.523889       0.488633  -5.525473   3.340326
    48  0.11360355    3.091310   71.287364       0.528201  -0.857495   5.209816
*   49 -0.01135897   -0.309093   -7.127868       0.617369   4.334631  -1.617963
    50  0.10918181    2.970988   68.512677       1.204632  -6.260626  -2.583231
    51  0.13451915    3.660452   84.412113       1.278840  -5.859207   1.722282
    52  0.03065338    0.834121   19.235300       1.387014   2.238783   0.684843
    53 -0.00789199   -0.214752   -4.952302       1.348003   3.275641  -2.645453
    54  0.09893497    2.692157   62.082682       1.604050  -5.629826  -4.140733
    55  0.12964726    3.527881   81.354949       1.679113  -1.158055  -1.684988
    56  0.09438418    2.568324   59.227014       1.919712  -3.021160  -4.900676
    57  0.09292351    2.528577   58.310435       1.808581  -1.689274  -3.803976
    58  0.14152979    3.851221   88.811358       2.144224  -4.888280  -0.100230
    59  0.14439872    3.929289   90.611643       2.216353  -4.329760   1.884195
    60  0.10988158    2.990030   68.951790       2.271719  -4.267478   5.456131
    61  0.10746756    2.924341   67.436971       2.308020  -2.488520   5.709638
    62  0.16256941    4.423739  102.013931       2.403680   0.031415   1.156904
    63  0.05374519    1.462481   33.725645       2.411813   2.941889   0.106683
    64  0.04732831    1.287869   29.698988       2.416449   3.721827   0.802544
    65  0.16457118    4.478210  103.270061       2.724577  -1.823428   0.689877
    66  0.10264163    2.793021   64.408651       2.787348  -6.583300  -3.142999
    67  0.05459068    1.485488   34.256195       2.926891   2.941889  -0.923308
    68  0.05308179    1.444429   33.309353       2.938973   4.515896   0.536832
    69  0.09773250    2.659437   61.328123       3.125299  -2.099225  -4.583317
    70  0.11392071    3.099940   71.486386       3.320278  -3.378293   4.587094
    71  0.11742828    3.195386   73.687420       3.327785   0.492828  -1.755525
    72  0.05060337    1.376988   31.754120       3.469908   3.867950  -1.182786
    73  0.05403316    1.470317   33.906347       3.507349   4.655869  -0.510691
    74  0.13003492    3.538430   81.598216       3.992840  -5.192243   0.561241
    75  0.12277262    3.340813   77.041044       4.048317  -4.738048  -3.015969
    76  0.03199486    0.870624   20.077094       3.976992   7.043013   0.348918
    77  0.14185860    3.860169   89.017689       4.260323  -0.132679   0.632250
    78  0.14291252    3.888847   89.679035       4.382610  -1.159234   0.357653
    79  0.12131462    3.301139   76.126137       4.586198  -5.195299  -1.026290
    80  0.07654197    2.082813   48.030853       4.718492   2.869392   1.884184
    81  0.04051975    1.102598   25.426546       5.133035   6.263838   2.569668
    82  0.14570158    3.964742   91.429197       5.151137  -0.065945   0.177462
    83  0.07364069    2.003865   46.210270       5.178308   3.666295   1.682529
    84  0.13488196    3.670325   84.639781       5.643685  -4.070232  -2.072938
    85  0.07263491    1.976496   45.579134       5.768100   3.753759   0.556228
    86  0.07649478    2.081529   48.001240       5.797154   3.086621  -0.089953
    87  0.13018473    3.542507   81.692221       6.180784  -2.478743  -2.084769
    88  0.03886724    1.057632   24.389585       6.503462   5.984658   1.420151
    89  0.03868534    1.052682   24.275435       6.559541   6.114118   0.951060
    90  0.03862415    1.051016   24.237038       6.483372   6.270958   0.561241
 
 Number of surface maxima:   122
   #       a.u.         eV      kcal/mol           X/Y/Z coordinate(Angstrom)
     1  0.11883599    3.233692   74.570771      -7.847680   0.959808  -4.332405
     2  0.19325082    5.258622  121.266823      -7.041719   0.300409  -0.359008
     3  0.13176138    3.585409   82.681582      -6.658818   0.482955  -1.897693
     4  0.20065011    5.459967  125.909951      -6.182271   0.538914   5.456131
     5  0.19196963    5.223759  120.462861      -5.980759   3.625930   4.558537
     6  0.15257973    4.151906   95.745305      -5.795533   2.015829   4.794659
     7  0.12341634    3.358329   77.444988      -5.343657  -0.368634  -4.204328
     8  0.17904208    4.871983  112.350698      -5.366387   2.009641  -0.521463
     9  0.16419851    4.468069  103.036209      -5.081205  -0.370228   4.541920
    10  0.15143430    4.120737   95.026539      -4.674404   3.813157   3.314946
    11  0.15091224    4.106531   94.698937      -4.549977  -1.305497  -1.955448
    12  0.21814570    5.936046  136.888609      -4.563647  -0.904873   1.321657
    13  0.17090961    4.650687  107.247491      -4.489269   1.248194   2.598496
    14  0.16320968    4.441161  102.415705      -4.258508   4.950771  -0.615784
    15  0.22296811    6.067271  139.914717      -4.169666  -1.728449   4.121240
*   16  0.24117313    6.562655  151.338550      -4.021189  -3.013666   1.107135
    17  0.17568829    4.780721  110.246157      -4.041485  -0.376309  -5.171645
    18  0.14605904    3.974468   91.653506      -4.073383   0.235552  -1.820056
    19  0.19824178    5.394433  124.398696      -3.780502   4.529421   2.219529
    20  0.19492863    5.304278  122.319665      -3.483755  -1.449890   0.500492
    21  0.16602296    4.517715  104.181070      -3.435990   1.507480   3.784069
    22  0.18367242    4.997981  115.256281      -3.219166  -0.959792   2.942539
    23  0.13771539    3.747426   86.417783      -2.954578  -0.915903  -3.982671
    24  0.16175922    4.401692  101.505531      -3.031717   1.674101   0.449993
    25  0.08100564    2.204275   50.831847      -2.979567   2.401184  -2.924596
    26  0.17620262    4.794717  110.568903      -2.945535   3.326751   1.633658
    27  0.21824305    5.938695  136.949695      -2.667363  -2.896325   3.859406
    28  0.16770660    4.563529  105.237571      -2.699474   0.765119   1.203341
    29  0.20416330    5.555566  128.114509      -2.667592  -3.261930   1.903529
    30  0.20810620    5.662858  130.588722      -2.455352  -5.318115   2.004702
    31  0.18336409    4.989591  115.062801      -2.429006  -1.322801   1.600337
    32  0.18291815    4.977456  114.782966      -2.140650   4.025993   1.106385
    33  0.22221900    6.046886  139.444644      -1.943960  -0.894645   2.016479
    34  0.16302387    4.436105  102.299107      -1.830655  -4.533318   3.736305
    35  0.16797510    4.570835  105.406052      -1.896209  -0.100790  -0.495424
    36  0.17092243    4.651036  107.255535      -1.806123   0.957475   1.998607
    37  0.19460600    5.295499  122.117214      -1.724695  -1.397723  -1.687762
    38  0.18876638    5.136594  118.452792      -1.482778  -2.048154   2.569025
    39  0.18736821    5.098548  117.575427      -1.536363  -1.447632  -3.407588
    40  0.14310061    3.893966   89.797066      -1.575307   0.732233  -0.732549
    41  0.14679458    3.994484   92.115069      -1.541624   1.870105  -3.869102
    42  0.20486677    5.574708  128.555947      -1.477303  -1.275490   2.954997
    43  0.15677924    4.266180   98.380538      -1.367046   2.617694  -0.261444
    44  0.18310307    4.982488  114.899006      -1.253179   2.275939   2.138125
    45  0.22085287    6.009712  138.587382      -1.142758  -1.301532   0.896312
    46  0.16083406    4.376517  100.924984      -0.970163  -3.567849   4.196720
    47  0.15837348    4.309561   99.380941      -0.848600  -5.261300   2.804549
    48  0.22478413    6.116687  141.054289      -0.861107  -2.531709  -0.149763
    49  0.19102093    5.197944  119.867546      -0.543881  -4.146457   1.410553
    50  0.13145869    3.577173   82.491641      -0.637985  -0.562468   4.465365
    51  0.18287711    4.976339  114.757217      -0.425392  -5.387492   4.793592
    52  0.17860053    4.859968  112.073617      -0.571760  -1.952277   5.852595
    53  0.17460608    4.751273  109.567058      -0.428661   0.296003   0.055607
    54  0.13089631    3.561870   82.138742      -0.471434   1.079515  -2.402392
    55  0.08853323    2.409112   55.555487      -0.126880   2.859112  -2.035127
    56  0.20027558    5.449776  125.674927       0.060926  -5.325268   0.628625
    57  0.14287587    3.887850   89.656036       0.008687   2.068619   0.614031
    58  0.15229182    4.144071   95.564641       0.220486  -3.143648   4.839658
    59  0.16898440    4.598299  106.039403       0.350239  -5.103194  -3.278101
    60  0.14540293    3.956615   91.241794       0.372278  -5.788422   2.432266
    61  0.21134239    5.750919  132.619465       0.482128  -4.071127  -0.490148
    62  0.03958956    1.077287   24.842842       0.474648   5.057810   0.425329
    63  0.16400315    4.462753  102.913619       0.647107  -2.856846  -3.919123
    64  0.19491978    5.304037  122.314114       0.940610  -2.423524  -0.835343
    65  0.15517424    4.222506   97.373387       1.013933   0.423776  -1.159985
    66  0.15637969    4.255308   98.129820       1.278840  -4.515558   3.736305
    67  0.16980677    4.620677  106.555444       1.161054  -3.403850   6.270840
    68  0.14405793    3.920016   90.397791       1.212356  -2.019484   4.926953
    69  0.14543823    3.957576   91.263944       1.395886  -3.809411  -2.490677
    70  0.20947338    5.700061  131.446641       1.404506  -2.598612   0.299570
    71  0.19953600    5.429651  125.210838       1.389642  -1.565778   1.181684
    72  0.17958145    4.886660  112.689154       1.362302  -0.256146   3.996172
    73  0.11094864    3.019066   69.621378       1.354042   2.091031  -0.789718
    74  0.15382003    4.185656   96.523604       1.675723  -4.492903   1.169791
    75  0.15599484    4.244835   97.888323       1.583326  -1.913102   3.360823
    76  0.11434892    3.111592   71.755090       1.703779  -6.440296  -3.248574
    77  0.13042501    3.549045   81.842997       1.916009  -4.261462  -3.863929
    78  0.16002499    4.354501  100.417279       2.056247  -4.894034  -1.166739
    79  0.16558646    4.505837  103.907158       2.114819  -3.648170   2.852458
    80  0.13876372    3.775953   87.075619       2.154312   1.486652  -0.679996
    81  0.10394149    2.828392   65.224323       2.339275  -2.082671  -4.595068
    82  0.18765636    5.106389  117.756243       2.336433   1.619498   2.554645
    83  0.17789674    4.840816  111.631983       2.437452  -6.508165  -1.423173
    84  0.19491437    5.303890  122.310715       2.366051  -5.511876   2.835153
    85  0.05201306    1.415347   32.638715       2.412914   1.589031  -3.539882
    86  0.15136773    4.118925   94.984764       2.591090  -4.318420   0.591609
    87  0.19627878    5.341017  123.166898       2.632590  -0.471305  -1.248351
    88  0.18264412    4.969999  114.611010       2.762312  -4.816931   3.915142
    89  0.18441855    5.018284  115.724487       2.734670   0.960067   0.963006
    90  0.19077404    5.191225  119.712615       2.912728  -6.140061  -0.208037
    91  0.12050815    3.279194   75.620070       2.954982  -3.413015   5.301086
    92  0.21094005    5.739971  132.366990       2.889345  -2.466219   1.634624
    93  0.21608543    5.879984  135.595768       2.998666  -0.832506   0.296653
    94  0.12826338    3.490224   80.486556       2.998666   3.094965   2.585905
    95  0.17494450    4.760482  109.779423       3.106913  -1.753383   4.385067
    96  0.15912573    4.330031   99.852988       3.203174  -5.849615  -4.393729
    97  0.16708659    4.546657  104.848505       3.263255   4.499978   3.272160
    98  0.14802245    4.027896   92.885568       3.373303  -5.298889  -1.695416
    99  0.16406130    4.464335  102.950107       3.306525  -1.248258  -3.123239
   100  0.11312046    3.078164   70.984217       3.388539   3.602188   0.025146
   101  0.13736524    3.737898   86.198063       3.527843  -4.350773  -3.447131
   102  0.15799926    4.299378   99.146113       3.527843  -3.607582  -5.062170
   103  0.16032569    4.362684  100.605975       3.595975  -1.620280  -2.413396
   104  0.18145531    4.937650  113.865023       3.988594  -2.746766  -0.168657
   105  0.19517062    5.310863  122.471514       4.166876  -3.591457   1.171788
   106  0.16595173    4.515776  104.136372       4.321609   1.143684  -1.236964
   107  0.10824902    2.945606   67.927344       4.332269   5.076178   2.156201
   108  0.14273036    3.883891   89.564728       4.481248  -3.517283  -2.976650
   109  0.13816848    3.759756   86.702103       4.535166  -4.995769  -0.123265
   110  0.12834862    3.492544   80.540042       4.710690   2.966151   0.687478
   111  0.18026416    4.905237  113.117563       4.861646   1.876764  -2.486944
   112  0.14691102    3.997652   92.188136       5.175557  -3.937414  -0.833814
   113  0.18710555    5.091401  117.410602       5.379964  -1.953000  -3.325673
   114  0.18199390    4.952306  114.202990       5.252319  -1.156485  -1.289641
   115  0.17153357    4.667666  107.639028       5.393655  -5.272446  -2.492225
   116  0.10435468    2.839635   65.483602       5.532537   7.476428   1.375119
   117  0.10633667    2.893568   66.727322       5.640109   5.189784  -0.215802
   118  0.14643366    3.984663   91.888585       5.706658  -3.408237  -2.216939
   119  0.09472899    2.577707   59.443386       5.840903   4.661715   0.926891
   120  0.16153665    4.395636  101.365865       5.899449   4.920338  -1.812629
   121  0.21598467    5.877242  135.532542       5.926038   0.172365  -1.155398
   122  0.19437368    5.289177  121.971427       6.322950  -2.735142  -0.488465
