 Number of surface minima:    63
   #       a.u.         eV      kcal/mol           X/Y/Z coordinate(Angstrom)
     1  0.13483105    3.668940   84.607834      -6.469952  -1.022499  -2.726336
     2  0.11602606    3.157230   72.807514      -6.050693   1.247536  -0.330151
     3  0.11574397    3.149554   72.630501      -5.812117  -1.678068  -1.781650
     4  0.11240962    3.058821   70.538162      -5.740508   1.163394   1.638223
     5  0.12299371    3.346829   77.179785      -5.676380   3.477203  -1.536406
     6  0.12500744    3.401625   78.443417      -5.426797  -0.481323  -1.912687
     7  0.11400992    3.102368   71.542363      -5.281432  -2.373780  -1.200903
     8  0.13071896    3.557044   82.027455      -5.281432  -1.487131  -4.514148
     9  0.11871078    3.230285   74.492205      -5.149137   4.991295  -0.417020
    10  0.11913555    3.241843   74.758748      -4.720018   0.097672   0.378012
    11  0.10842590    2.950419   68.038334      -4.812997   3.342296   3.032717
    12  0.10966778    2.984212   68.817630      -4.619960   4.869209   2.141270
    13  0.13183712    3.587470   82.729111      -4.563367  -0.305350  -1.404546
    14  0.11008198    2.995483   69.077546      -4.358841  -2.342780  -3.903089
    15  0.12514065    3.405250   78.527010      -4.090783  -1.976898  -0.539488
    16  0.11577504    3.150399   72.649997      -3.958489  -1.121691  -4.016414
    17  0.10800575    2.938986   67.774691      -3.826194  -3.038279  -3.329562
    18  0.13067923    3.555963   82.002523      -3.826194  -0.953634  -0.673293
    19  0.11009148    2.995742   69.083505      -3.773573   1.357882   2.722356
    20  0.11177846    3.041647   70.142101      -3.264587   4.025546   2.874087
    21  0.11659808    3.172795   73.166464      -3.027666  -0.758316  -3.514966
    22  0.09421661    2.563764   59.121863      -2.800468  -1.684887   1.173779
    23  0.11811026    3.213944   74.115369      -2.765975  -2.609985  -2.730820
    24  0.04875956    1.326815   30.597111      -2.582376  -3.351543   3.358048
    25  0.16577461    4.510956  104.025224      -2.581942   0.882309  -0.027999
    26  0.17391887    4.732573  109.135828      -2.576037   1.681979  -1.080450
    27  0.11049223    3.006647   69.334981      -2.370957  -3.215151   0.901725
    28  0.12210706    3.322702   76.623400      -2.370957  -1.579492  -2.788114
    29  0.18274254    4.972678  114.672774      -2.460525   2.718029  -2.047008
    30  0.16446714    4.475378  103.204774      -1.951885   2.859089   1.551899
    31  0.17678880    4.810668  110.936738      -2.014083   4.338101  -0.622598
    32  0.16408459    4.464969  102.964719      -1.785233   3.663432   0.504121
    33  0.05133975    1.397026   32.216204      -1.326047  -1.080875   2.804097
    34  0.05994963    1.631312   37.618993      -1.312603   0.082885   2.961166
    35  0.17188507    4.677231  107.859599      -1.359486   1.882314  -1.807995
    36  0.16851408    4.585501  105.744273      -0.892230   3.790590  -0.030192
    37  0.03078190    0.837618   19.315951      -0.772127  -3.672445   1.901049
    38  0.16626154    4.524207  104.330781      -0.383522   1.226086  -1.404280
    39  0.18170318    4.944395  114.020566      -0.232231   2.195395  -2.286859
    40  0.17936361    4.880732  112.552459      -0.000230   3.336199   0.174535
    41  0.02051304    0.558188   12.872140       0.253251   0.426516   2.825060
    42  0.01639812    0.446216   10.289986       1.730166  -1.758502  -1.213572
    43 -0.00120919   -0.032904   -0.758780       1.794038  -4.002313   1.172917
    44  0.01645764    0.447835   10.327331       1.908337  -2.961954  -1.139958
    45  0.14738124    4.010447   92.483201       2.285388   1.910662   1.012697
*   46 -0.00183146   -0.049837   -1.149260       2.710933  -2.875536   2.066348
    47  0.03311266    0.901041   20.778525       2.694672  -2.319771  -0.717268
    48  0.15856382    4.314741   99.500384       3.214128   2.573228  -1.630049
    49  0.14314041    3.895049   89.822037       3.318276   2.283543   0.980562
    50  0.15053534    4.096275   94.462433       4.015337   0.593858  -1.886819
    51  0.15001574    4.082136   94.136375       4.137224   1.909764  -1.767002
    52  0.13603711    3.701758   85.364645       4.165570   1.544282   0.844457
    53  0.15604633    4.246237   97.920634       4.570443   2.875215   0.774258
    54  0.16365342    4.453236  102.694156       4.540799   3.110160  -1.404546
    55  0.08269826    2.250334   51.893987       5.355082  -1.646532  -0.975204
    56  0.07750652    2.109060   48.636116       5.707332  -0.717585   1.495669
    57  0.09773050    2.659382   61.326868       5.667986   0.022669  -3.312500
    58  0.09097837    2.475647   57.089836       6.952261  -0.891121  -2.330607
    59  0.08367076    2.276797   52.504241       7.156378  -1.298129   0.449614
    60  0.09518282    2.590056   59.728170       7.172202   0.834949  -3.130825
    61  0.08519374    2.318239   53.459922       7.407005   0.031703   1.499976
    62  0.09862407    2.683697   61.887589       7.753876   2.519883   0.518040
    63  0.10152102    2.762527   63.705453       7.710449   2.839132  -1.387024
 
 Number of surface maxima:    89
   #       a.u.         eV      kcal/mol           X/Y/Z coordinate(Angstrom)
     1  0.20065519    5.460105  125.913140      -6.657515  -0.919231  -4.235868
     2  0.17438024    4.745128  109.425344      -6.682604   2.151648   0.740562
     3  0.17926779    4.878125  112.492329      -6.378645   3.993216  -0.240587
     4  0.19394214    5.277434  121.700635      -6.262676  -3.856780  -3.017711
     5  0.15350239    4.177012   96.324285      -6.166225  -2.203852  -3.496302
     6  0.17154720    4.668037  107.647583      -5.935248   4.005654   2.035856
     7  0.12773457    3.475834   80.154721      -5.653311   0.441566   0.463038
     8  0.16339237    4.446132  102.530343      -5.413726   0.102404  -3.653550
     9  0.15530295    4.226008   97.454151      -5.341111   3.210002   0.712162
    10  0.15252093    4.150306   95.708411      -5.203083   2.392349  -0.664727
    11  0.13608323    3.703013   85.393585      -5.013553   4.409371  -1.658455
    12  0.15462325    4.207512   97.027633      -4.825905  -3.875247  -2.036205
    13  0.18108363    4.927536  113.631787      -4.749980   0.850186  -1.269263
    14  0.14148734    3.850066   88.784718      -4.849919   2.297146   1.770517
    15  0.17411241    4.737839  109.257276      -4.609563   0.291651   1.924510
    16  0.19085012    5.193296  119.760359      -4.487666  -1.503128   2.454086
    17  0.21934579    5.968702  137.641677      -4.474607   1.516288  -3.509811
    18  0.17226667    4.687614  108.099056      -4.488942  -1.289483  -1.675733
    19  0.14756162    4.015356   92.596392      -4.484053   4.409705   0.585486
    20  0.20338676    5.534435  127.627226      -4.341040   2.810101  -2.332996
    21  0.12104989    3.293935   75.960015      -4.198221   4.316422   2.876936
    22  0.18190157    4.949793  114.145054      -3.851493  -4.377104   1.364419
    23  0.20391967    5.548936  127.961633      -3.662967  -4.537448  -1.139958
    24  0.16569243    4.508720  103.973656      -3.561606  -1.712154  -2.922487
    25  0.16801254    4.571854  105.429550      -3.576059   2.548531   3.325283
    26  0.25127169    6.837450  157.675497      -3.452172  -0.239694   4.774456
    27  0.19237207    5.234710  120.715397      -3.488532   5.267491  -0.773688
    28  0.17951459    4.884840  112.647199      -3.380141   0.877875  -2.437989
    29  0.18767120    5.106793  117.765556      -3.288797   1.230376   0.982075
    30  0.19282051    5.246913  120.996796      -3.286582   1.891514   1.512555
    31  0.19181940    5.219671  120.368591      -3.247258   2.703494  -1.090199
    32  0.17970987    4.890154  112.769738      -3.014252   5.103040   1.523151
    33  0.19022858    5.176383  119.370335      -2.900134   3.802943  -0.183543
    34  0.18297616    4.979035  114.819371      -2.767840  -3.309656  -0.875369
    35  0.16743346    4.556096  105.066173      -2.617520  -1.434776   0.176020
    36  0.24563546    6.684081  154.138705      -2.603578   4.155306  -2.038363
    37  0.17203074    4.681194  107.951007      -2.402608  -0.691250  -0.675498
    38  0.18647692    5.074295  117.016133      -2.265956   2.275127  -1.850557
    39  0.19254853    5.239512  120.826127      -1.852159  -3.935390  -0.323451
    40  0.22710569    6.179860  142.511093      -1.923107   0.879672  -1.645175
    41  0.16966751    4.616888  106.468057      -1.722279  -1.025618  -1.661596
    42  0.08808805    2.396998   55.276132      -1.551918  -2.720372   3.524196
    43  0.18150030    4.938874  113.893253      -1.468495   0.128996   1.099743
    44  0.23793798    6.474622  149.308459      -1.311028   1.490558  -0.478252
    45  0.18260045    4.968811  114.583611      -1.181091  -2.346627  -1.677976
    46  0.21163311    5.758830  132.801890      -1.033294   3.631092  -1.939124
    47  0.15369156    4.182160   96.442990      -0.970954  -0.758827   1.109045
    48  0.23785315    6.472313  149.255232      -0.944987   2.628445   0.569075
    49  0.16082927    4.376387  100.921972      -0.797830  -2.515404   0.433978
    50  0.17849202    4.857015  112.005531      -0.866565   1.644846   2.084260
    51  0.18297642    4.979042  114.819532      -0.007290   0.023435   0.039880
    52  0.14262446    3.881009   89.498275       0.213282  -2.610947   3.957873
    53  0.14270484    3.883196   89.548713       0.369091  -1.831545  -0.673690
    54  0.12897793    3.509668   80.934940       0.507721  -0.900591   2.382477
*   55  0.26021579    7.080832  163.288013       0.535313   3.604585  -2.327455
    56  0.10391474    2.827664   65.207537       0.948012  -2.746398   1.779454
    57  0.23379759    6.361956  146.710324       1.068695   2.945413  -0.807786
    58  0.04873687    1.326198   30.582873       1.183395  -4.732885  -0.758752
    59  0.15885956    4.322789   99.685964       1.562090  -0.106195   0.829532
    60  0.25503131    6.939755  160.034699       1.837671   4.367198  -0.089058
    61  0.10978535    2.987411   68.891406       1.994755  -1.769904   0.362557
    62  0.14659977    3.989183   91.992824       2.669838  -0.861731   0.172144
    63  0.16909567    4.601327  106.109227       2.631230  -0.236238  -1.676662
    64  0.22853847    6.218848  143.410178       2.844259   1.413620  -1.216514
    65  0.21583033    5.873042  135.435692       3.074256   1.243913   0.343932
    66  0.19906105    5.416727  124.912800       3.384701   3.806182  -0.246109
    67  0.04889362    1.330463   30.681233       3.616089  -1.132988   2.842078
    68  0.22643277    6.161549  142.088826       4.476545  -4.124452  -1.595108
    69  0.16601388    4.517467  104.175370       4.796560  -0.102890  -1.417575
    70  0.16835592    4.581197  105.645022       5.037524  -0.277591  -0.896415
    71  0.22837370    6.214364  143.306778       4.983023   3.949267  -0.240488
    72  0.17304884    4.708898  108.589876       5.145850   2.405068  -1.132098
    73  0.16650778    4.530907  104.485298       5.238650   2.253662   0.251817
    74  0.14947887    4.067527   93.799488       5.544796  -1.326874  -2.471362
    75  0.16655530    4.532200  104.515116       5.698995   1.698903  -3.312529
    76  0.13703041    3.728787   85.987955       5.761173  -1.817181   0.284550
    77  0.14976577    4.075334   93.979516       6.081808   0.802578   2.102496
    78  0.17725136    4.823255  111.227004       6.124719   3.492817  -1.775973
    79  0.17069820    4.644934  107.114825       6.243654   3.094667   1.134682
    80  0.10646527    2.897067   66.808019       6.585103   0.024694  -3.313481
    81  0.11834002    3.220196   74.259548       6.757350  -0.458601  -0.989610
    82  0.09413689    2.561595   59.071843       6.884263  -0.872392   1.360212
    83  0.13034478    3.546862   81.792650       6.963608   1.696435  -1.801429
    84  0.12472731    3.394003   78.267637       7.044655   1.374166   0.586247
    85  0.13378880    3.640578   83.953812       7.358632   0.696410  -0.774855
    86  0.11607993    3.158695   72.841315       7.354927   3.410696  -0.376763
    87  0.15465443    4.208361   97.047199       8.189468   0.160844  -2.080067
    88  0.15051075    4.095606   94.447000       8.310143  -0.238916   0.159555
    89  0.15961471    4.343337  100.159827       8.570289   1.741003  -0.627236
