 Number of surface minima:    71
   #       a.u.         eV      kcal/mol           X/Y/Z coordinate(Angstrom)
     1  0.12507647    3.403504   78.486734      -7.779933   1.059905  -1.604242
     2  0.11244245    3.059715   70.558763      -7.221957   0.199561  -0.578629
     3  0.10422263    2.836042   65.400742      -6.862885  -0.659185   0.132144
     4  0.12214420    3.323713   76.646705      -6.853873  -0.052388  -3.344169
     5  0.10921513    2.971895   68.533588      -6.718159   1.211361  -0.887844
     6  0.10743969    2.923583   67.419481      -6.169624  -1.057906  -2.619956
     7  0.09781269    2.661619   61.378439      -5.863379  -1.902757  -2.019476
     8  0.10333499    2.811888   64.843738      -5.667280  -0.020400  -3.025849
     9  0.09008612    2.451368   56.529939      -5.258364  -3.285381   2.820510
    10  0.09658669    2.628257   60.609111      -5.134047  -1.457243   3.016396
    11  0.11129919    3.028605   69.841356      -4.709674  -1.788837  -1.508673
    12  0.08262717    2.248400   51.849377      -4.283967  -4.159880  -0.969241
    13  0.07923765    2.156166   49.722418      -4.103509  -5.020333   0.691028
    14  0.08142555    2.215702   51.095349      -3.553451  -2.498405   3.601694
    15  0.15000720    4.081904   94.131021      -3.546516   1.648870   0.473797
    16  0.13142946    3.576377   82.473298      -3.410282   0.411506  -2.089603
    17  0.05689745    1.548258   35.703717      -2.403169  -4.229183  -0.257266
    18  0.12043873    3.277305   75.576508      -2.223573   0.607970  -1.625457
    19  0.17276687    4.701226  108.412941      -2.229234   3.861031  -0.237037
    20  0.07889409    2.146817   49.506828      -2.091278  -3.107420   0.612396
    21  0.02194287    0.597096   13.769371      -1.459446  -1.173426   2.356154
    22  0.15701677    4.272644   98.529594      -1.434634   3.067843  -0.895553
    23  0.13697537    3.727289   85.953414      -1.192703   2.001638   1.563626
    24  0.14713716    4.003806   92.330036      -0.649942   3.317149   1.861160
    25 -0.00011647   -0.003169   -0.073086      -0.371453  -3.748267  -0.628673
    26  0.11867298    3.229256   74.468481      -0.367646   6.236911  -0.095758
*   27 -0.00387361   -0.105406   -2.430728      -0.208365  -4.065907   0.723103
    28  0.01734360    0.471943   10.883283      -0.172925  -0.181132  -1.951616
    29  0.13369406    3.638000   83.894360      -0.115707   7.304519   0.423567
    30  0.01440199    0.391898    9.037394       0.103928  -1.888694  -2.480793
    31  0.00615764    0.167558    3.863980       0.305860  -2.470551   3.214918
    32  0.01436755    0.390961    9.015783       0.290019  -2.099486  -2.413440
    33  0.11461227    3.118759   71.920349       0.271841   5.430568   2.380872
    34  0.13163168    3.581880   82.600197       0.587374   6.659675   2.459244
    35  0.14432759    3.927353   90.567007       0.799952   3.579334   1.586286
    36  0.12347584    3.359948   77.482322       0.744958   6.499644  -0.306028
    37  0.03435254    0.934780   21.556560       1.263209  -1.258590   2.810979
    38  0.12050498    3.279107   75.618077       1.455091   5.705878   2.090556
    39  0.03759560    1.023028   23.591617       1.573508  -1.599280  -1.560848
    40  0.11764366    3.201247   73.822574       1.544087   5.705878  -0.829842
    41  0.13211178    3.594944   82.901460       1.982192   6.764233  -0.419935
    42  0.08912446    2.425200   55.926489       2.139349   0.806903   1.102345
    43  0.11623966    3.163042   72.941551       2.073848   3.256289  -3.142264
    44  0.11420098    3.107567   71.662257       2.295520   4.932660   1.621540
    45  0.12867060    3.501305   80.742087       2.473271   0.612943   0.099342
    46  0.11182663    3.042957   70.172330       2.791362   1.581162  -3.466767
    47  0.08841561    2.405911   55.481678       2.908379  -1.764683   2.219722
    48  0.05659912    1.540140   35.516513       2.956404   0.277488   3.601487
    49  0.11938347    3.248590   74.914323       2.980176   0.987555   0.982488
    50  0.11279775    3.069383   70.781717       3.614878  -1.828355  -2.610278
    51  0.10016212    2.725550   62.852732       3.690080  -0.920656   1.166369
    52  0.11908032    3.240340   74.724092       3.730874   0.805374   0.965326
    53  0.11696368    3.182744   73.395877       3.805198   3.039332  -2.877676
    54  0.09944758    2.706106   62.404353       4.026070  -2.868362  -1.803034
    55  0.11583804    3.152113   72.689528       4.101188   2.869582   1.165332
    56  0.09981299    2.716049   62.633646       4.416227  -3.542893  -1.135351
    57  0.12165358    3.310362   76.338836       4.446845   1.340166   1.146856
    58  0.09291942    2.528466   58.307868       4.842770  -2.441624  -2.690637
    59  0.11844723    3.223113   74.326821       4.808151  -0.904031  -0.229029
    60  0.11309255    3.077405   70.966706       5.101440  -1.664676   0.587674
    61  0.11691437    3.181402   73.364938       5.106559   2.041923  -0.203465
    62  0.09193233    2.501606   57.688455       5.645994  -4.019697  -1.093647
    63  0.10892218    2.963923   68.349755       5.643600  -0.450146  -1.096041
    64  0.09577279    2.606110   60.098386       5.814033  -2.769040  -2.671450
    65  0.09343451    2.542482   58.631088       6.281245  -3.666936  -1.783727
    66  0.10117902    2.753221   63.490846       6.354908  -2.012007   0.517160
    67  0.10581051    2.879251   66.397156       6.619470  -0.821736  -1.070749
    68  0.10091228    2.745963   63.323462       6.954739  -1.652598  -0.181785
    69  0.11404146    3.103226   71.562155       7.301617  -3.093862  -2.549110
    70  0.11168156    3.039010   70.081293       7.356464  -2.573816   0.484529
    71  0.11896627    3.237237   74.652521       7.903067  -1.498036  -1.157850
 
 Number of surface maxima:    88
   #       a.u.         eV      kcal/mol           X/Y/Z coordinate(Angstrom)
     1  0.18944085    5.154948  118.876029      -8.389505  -2.047586  -1.396788
     2  0.19372915    5.271638  121.566978      -8.202964   0.807014  -3.032975
     3  0.14799685    4.027199   92.869505      -7.969733  -0.569459  -2.109191
     4  0.14878422    4.048625   93.363586      -6.930288  -2.308195  -0.598662
     5  0.15518829    4.222888   97.382202      -6.698250   1.487299  -2.723420
     6  0.19541666    5.317558  122.625907      -5.988965  -3.086698   0.368530
     7  0.16475389    4.483181  103.384711      -6.055657  -2.228191   1.756161
     8  0.17016255    4.630358  106.778700      -5.927813   0.164252  -0.594332
     9  0.16096612    4.380111  101.007850      -5.529729  -3.821452   0.165763
    10  0.21159198    5.757711  132.776084      -5.402167   2.656599  -2.734595
    11  0.16484915    4.485774  103.444491      -5.250773  -0.618735  -1.812014
    12  0.10314403    2.806692   64.723908      -5.001753  -2.259113   3.416644
    13  0.17031418    4.634485  106.873853      -4.726343  -1.960762   0.568478
    14  0.16243539    4.420092  101.929832      -4.473051  -2.232536  -0.100011
    15  0.14365249    3.908983   90.143376      -4.077415  -3.965129   3.347977
    16  0.08958614    2.437763   56.216197      -3.972751  -4.807012  -0.425724
    17  0.15466842    4.208742   97.055983      -3.707723  -0.827509   3.330390
    18  0.16489398    4.486993  103.472619      -3.670013  -0.611211   1.499329
    19  0.21250190    5.782471  133.347067      -3.678810   0.454092   0.337373
    20  0.24079708    6.552422  151.102574      -3.288479   3.046564  -1.791271
    21  0.11122134    3.026487   69.792504      -3.277337  -3.557580   1.889532
    22  0.13171750    3.584215   82.654049      -3.138771  -3.408225  -1.563632
    23  0.20121140    5.475241  126.262168      -3.042690  -0.163903  -0.942093
*   24  0.24309840    6.615044  152.546675      -3.132583   3.597433   1.095242
    25  0.09889554    2.691084   62.057940      -2.933816  -2.510325   2.653581
    26  0.12799254    3.482854   80.316598      -2.741568  -5.138461   1.103672
    27  0.19999326    5.442093  125.497768      -2.719322   2.423269   0.318321
    28  0.20315866    5.528228  127.484088      -2.623794   2.533289  -0.231790
    29  0.18024846    4.904810  113.107710      -2.265863   1.061047   1.156579
    30  0.21737392    5.915045  136.404311      -2.275199   5.825203   1.723799
    31  0.14040016    3.820483   88.102506      -2.067616  -1.706198   0.311832
    32  0.10596896    2.883562   66.496579      -1.945649  -2.617421   2.152994
    33  0.19807920    5.390009  124.296680      -1.826690   4.429706   1.137924
    34  0.10139571    2.759118   63.626823      -1.568911  -2.361247   0.961768
    35  0.05376111    1.462914   33.735637      -1.456572  -3.032816  -2.228869
    36  0.15107194    4.110876   94.799150      -1.165460  -0.644357  -0.364496
    37  0.11651300    3.170480   73.113071      -1.050132  -2.103320   0.682437
    38  0.16292987    4.433547  102.240121      -0.895155   6.650145   1.635826
    39  0.12644386    3.440712   79.344787      -0.273079  -1.186616   1.965668
    40  0.22191489    6.038611  139.253810      -0.231793   2.936439  -0.615287
    41  0.17688819    4.813372  110.999108      -0.106864   0.515626   0.760567
    42  0.22012952    5.990029  138.133473       0.035953   2.407414   0.841466
    43  0.20157751    5.485203  126.491901       0.185745   8.007261   1.805005
    44  0.03665231    0.997360   22.999692       0.288981  -4.221330   2.679692
    45  0.18413886    5.010673  115.548976       0.162192   1.215147   2.680877
    46  0.18147466    4.938176  113.877161       0.435357   5.189172  -0.071406
    47  0.12529616    3.409482   78.624596       0.778748  -1.054283  -1.084279
    48  0.18000872    4.898286  112.957272       0.816432   2.406567  -1.555333
    49  0.11029090    3.001168   69.208643       0.937108  -2.630424   0.018439
    50  0.18026011    4.905127  113.115022       0.977785   1.757403  -1.518422
    51  0.18008567    4.900380  113.005560       0.925840   4.641820   1.348599
    52  0.16909705    4.601365  106.110093       1.348658   0.947393   0.164323
    53  0.17194317    4.678812  107.896061       1.242048   2.029098  -3.388832
    54  0.14349260    3.904632   90.043044       1.532736  -0.195297   0.060177
    55  0.15828682    4.307203   99.326561       1.493045   7.297282   1.097753
    56  0.15742498    4.283752   98.785752       1.665133  -1.702603   1.143324
    57  0.19396349    5.278015  121.714031       2.285834   3.324581  -0.642085
    58  0.16337275    4.445599  102.518036       2.642382  -3.303800  -0.522689
    59  0.16413591    4.466365  102.996925       2.692753   0.041880  -1.278905
    60  0.18554101    5.048828  116.428841       2.925299   4.233092  -2.088007
    61  0.17856036    4.858875  112.048414       2.985001  -3.422429   1.537132
    62  0.14214242    3.867892   89.195788       3.012109  -1.995280  -1.346234
    63  0.12680693    3.450592   79.572614       3.060243   2.813242  -3.418688
    64  0.16493618    4.488142  103.499102       3.064237   5.572225   0.045602
    65  0.19559636    5.322448  122.738671       3.208350  -0.246714  -2.343858
    66  0.16928423    4.606458  106.227545       3.200494   2.029801   1.944218
    67  0.20163060    5.486648  126.525218       3.159973   7.140171   0.557844
    68  0.15668578    4.263637   98.321893       3.362944  -1.001161  -0.470209
    69  0.12934122    3.519554   81.162909       3.346429   0.569429   1.609676
    70  0.15436059    4.200365   96.862816       3.612962   1.195101  -1.299080
    71  0.21698552    5.904476  136.160581       3.687474   4.241896  -0.522347
    72  0.16828451    4.579254  105.600212       3.877625  -3.147760   0.844783
    73  0.17215434    4.684558  108.028573       4.126554  -1.925186   3.737039
    74  0.18216033    4.956835  114.307431       4.284151   1.466421  -2.863437
    75  0.18780044    5.110310  117.846654       4.380248   3.701855  -0.237648
    76  0.15016746    4.086264   94.231580       4.756943  -0.506044  -2.750894
    77  0.19079371    5.191761  119.724961       4.946877  -4.083900   1.537146
    78  0.12847046    3.495859   80.616500       4.795677   2.006561   0.830745
    79  0.18866278    5.133775  118.387783       5.045490   0.413241   1.753065
    80  0.17583798    4.784795  110.340093       4.928360   0.556451  -0.221191
    81  0.14790869    4.024800   92.814183       5.294830  -2.799940  -1.561351
    82  0.15517693    4.222579   97.375075       5.689462  -1.626078  -0.552148
    83  0.19158046    5.213169  120.218652       6.125276  -0.254817  -3.647181
    84  0.14169740    3.855782   88.916535       6.235382  -3.810203   0.688320
    85  0.14331830    3.899889   89.933664       7.108336  -1.277662  -2.745382
    86  0.18195185    4.951162  114.176606       7.902343  -4.083900   0.140267
    87  0.13929759    3.790480   87.410632       7.869530  -2.993274  -1.133982
    88  0.18544742    5.046281  116.370111       8.492266  -2.099486  -2.416173
