 Number of surface minima:    69
   #       a.u.         eV      kcal/mol           X/Y/Z coordinate(Angstrom)
     1  0.11193295    3.045850   70.239045      -7.629288   3.445880  -0.985477
     2  0.09128172    2.483902   57.280195      -6.650063   2.515968   1.443371
     3  0.09979258    2.715494   62.620844      -6.661818   2.643478  -1.221290
     4  0.13555505    3.688641   85.062151      -6.589174  -2.058815  -2.510621
     5  0.09146503    2.488890   57.395224      -6.353186   3.597876   1.489045
     6  0.09750156    2.653152   61.183206      -6.367049   3.718193  -1.175474
     7  0.10917110    2.970697   68.505955      -5.979369   1.990642  -1.248262
     8  0.12503127    3.402274   78.458371      -5.840893  -3.819246  -1.720848
     9  0.09638681    2.622818   60.483685      -5.873748   1.715067   1.415067
    10  0.11702395    3.184384   73.433698      -5.727207  -2.632944  -1.563014
    11  0.12532563    3.410284   78.643087      -5.582486  -1.344440  -1.643036
    12  0.14122342    3.842885   88.619109      -5.499663  -0.126066  -1.981444
    13  0.10550682    2.870987   66.206584      -5.434795   4.120164  -1.167335
    14  0.13139362    3.575402   82.450811      -5.350729  -2.252416  -4.278938
    15  0.09649521    2.625768   60.551709      -5.279095   4.008029   1.510126
    16  0.11531737    3.137945   72.362803      -5.044744  -3.299060  -1.044211
    17  0.10643362    2.896206   66.788159      -4.810480   1.982708   1.424438
    18  0.12156358    3.307913   76.282362      -4.656426  -4.036884  -3.643259
    19  0.11138930    3.031057   69.897901      -4.259543  -2.839517  -3.768834
    20  0.12691785    3.453610   79.642222      -3.994954  -2.668039  -0.453094
    21  0.11685613    3.179817   73.328388      -4.126846  -1.582570  -3.837077
    22  0.10848554    2.952042   68.075762      -4.003867   1.354301   2.394036
    23  0.13401363    3.646696   84.094893      -3.862660  -1.692840  -0.480978
    24  0.10941870    2.977434   68.661331      -3.598071  -3.523476  -3.262145
    25  0.11778994    3.205227   73.914366      -3.333483  -1.143678  -3.395939
    26  0.12042179    3.276844   75.565877      -2.672011  -2.974266  -2.712935
    27  0.04589859    1.248964   28.801825      -2.530127  -3.556786   3.465184
    28  0.09986263    2.717400   62.664798      -2.668926  -2.111777   1.194913
    29  0.18371936    4.999258  115.285737      -2.626642   0.713069  -0.348543
    30  0.17842602    4.855219  111.964109      -2.610191   1.787874  -1.390447
    31  0.12446062    3.386746   78.100287      -2.487247  -1.925717  -2.722740
    32  0.18301549    4.980105  114.844052      -2.519128   2.791415  -2.111315
    33  0.17128084    4.660789  107.480438      -2.255257   2.692724   1.366523
    34  0.17319341    4.712832  108.680598      -1.997720   3.464892   0.541658
    35  0.18704548    5.089766  117.372910      -2.034302   4.333883  -0.665769
    36  0.11372493    3.094613   71.363533      -1.878245  -0.978139   0.606135
    37  0.11468299    3.120683   71.964725      -1.938011  -0.655244   0.207794
    38  0.05314336    1.446104   33.347992      -1.481362  -1.382298   2.980157
    39  0.17400891    4.735023  109.192328      -1.381911   1.970376  -1.874386
    40  0.17595988    4.788112  110.416585      -1.064111   3.753561   0.046063
    41  0.03051710    0.830413   19.149787      -0.423008  -3.785785   2.140459
    42  0.08374808    2.278901   52.552757      -0.423008  -0.787538  -1.104658
    43  0.17402503    4.735462  109.202447      -0.365556   1.386623  -1.527109
    44  0.18674164    5.081498  117.182246      -0.306248   2.375441  -2.255138
    45  0.18552402    5.048365  116.418179      -0.186396   3.256000   0.342268
    46  0.02782082    0.757043   17.457843       0.343642   0.524243   2.732440
    47  0.02614984    0.711573   16.409286       1.742761  -1.713598  -1.187678
*   48 -0.00118919   -0.032359   -0.746228       2.058636  -3.966820   1.303313
    49  0.15085534    4.104983   94.663237       2.096045   1.871830   1.192564
    50 -0.00090453   -0.024614   -0.567603       2.752055  -2.707631   2.316295
    51  0.04817915    1.311021   30.232896       2.783714  -2.343411  -0.509011
    52  0.14939468    4.065236   93.746657       3.159743   2.277522   1.188569
    53  0.16646131    4.529643  104.456135       3.173581   2.784408  -1.400992
    54  0.13345188    3.631410   83.742389       3.933296   0.300082   0.793178
    55  0.16302181    4.436049  102.297816       3.912232   0.919163  -1.765643
    56  0.14426768    3.925723   90.529411       4.103264   1.461465   0.985360
    57  0.15705620    4.273717   98.554338       4.095676   2.141649  -1.557774
    58  0.16571783    4.509411  103.989596       4.444097   2.984919   0.997247
    59  0.16665319    4.534864  104.576546       4.560409   3.181291  -1.099151
    60  0.08082449    2.199346   50.718176       6.324001  -0.339212  -0.526207
    61  0.08177261    2.225146   51.313128       6.487776   0.178477   0.560836
    62  0.07252750    1.973574   45.511732       7.141136  -0.655244  -1.141712
    63  0.08152139    2.218310   51.155487       7.279496   1.784024  -2.246033
    64  0.07255826    1.974411   45.531035       7.405830   0.319012   0.929030
    65  0.08389420    2.282877   52.644447       7.546150   2.713378  -0.261618
    66  0.06901264    1.877929   43.306120       8.155358  -0.433071  -0.658501
    67  0.06940844    1.888700   43.554489       8.204105   0.063543   0.399853
    68  0.07599451    2.067916   47.687315       8.158690   1.955656  -1.849150
    69  0.07577944    2.062063   47.552358       8.339969   2.451325  -0.790796
 
 Number of surface maxima:    71
   #       a.u.         eV      kcal/mol           X/Y/Z coordinate(Angstrom)
     1  0.18072137    4.917679  113.404470      -8.689147   3.578174   0.104033
     2  0.13905636    3.783916   87.259255      -7.857339   2.116946  -0.012765
     3  0.19016017    5.174521  119.327408      -7.725048   0.480948  -0.010974
     4  0.13731241    3.736461   86.164908      -7.302312   4.573726   0.135265
     5  0.20101608    5.469926  126.139599      -6.838720  -1.779184  -3.899150
     6  0.18581425    5.056263  116.600298      -6.376252   6.020513   0.296973
     7  0.15431690    4.199176   96.835398      -6.069301  -3.137413  -3.284953
     8  0.19455940    5.294231  122.087969      -5.884588  -4.763194  -2.929416
     9  0.16179328    4.402619  101.526901      -5.723038  -0.638300  -3.312020
    10  0.14872917    4.047127   93.329044      -5.446417   2.787265   0.933870
    11  0.15533855    4.226977   97.476496      -5.462123   2.911517  -0.678431
    12  0.21167341    5.759926  132.827180      -5.053309   0.851718  -3.141671
    13  0.17314260    4.711450  108.648710      -4.524131  -2.003914  -1.501344
    14  0.15510298    4.220567   97.328669      -4.376937  -4.603136  -2.101068
    15  0.18895007    5.141593  118.568056      -4.454113  -2.110481   2.220486
    16  0.20703763    5.633780  129.918182      -4.520184  -0.260995   0.005206
    17  0.16794124    4.569914  105.384809      -3.657251  -2.169661  -2.834390
    18  0.18677233    5.082334  117.201506      -3.576757  -0.238169   3.061179
    19  0.18061271    4.914722  113.336280      -3.339239  -5.021484   1.455667
    20  0.20785369    5.655986  130.430267      -3.409715   0.988350   0.426477
    21  0.20403937    5.552194  128.036746      -3.178208  -5.108792  -1.174754
    22  0.18623443    5.067696  116.863964      -3.195799   2.000120   1.466666
    23  0.21617447    5.882406  135.651641      -3.177564   5.186007   0.160012
    24  0.20191381    5.494354  126.702933      -2.974407   3.785179  -0.274096
    25  0.25051333    6.816814  157.199619      -2.651680   4.236425  -1.968718
    26  0.18366136    4.997680  115.249339      -2.376672  -3.787200  -0.896535
    27  0.17663509    4.806485  110.840288      -2.500085  -1.169777  -0.490319
    28  0.23176469    6.306638  145.434662      -2.339683   0.535405  -1.346296
    29  0.18765328    5.106305  117.754310      -2.237851   2.276042  -1.932747
    30  0.17362110    4.724471  108.948979      -1.878676  -1.184514  -1.451785
    31  0.19569295    5.325076  122.799284      -1.613657  -0.060402   0.897159
    32  0.19336951    5.261852  121.341302      -1.506919  -4.268671  -0.404433
    33  0.08534366    2.322319   53.553998      -1.470076  -2.894324   3.589918
    34  0.25267116    6.875532  158.553682      -1.366988   1.421995  -0.565678
    35  0.19522671    5.312389  122.506713      -1.324434   1.478381   2.021657
    36  0.18630137    5.069518  116.905972      -1.084480  -2.584514  -1.661711
    37  0.24992684    6.800855  156.831594      -1.126527   2.517334   0.527950
    38  0.21774954    5.925266  136.640012      -1.075769   3.704470  -1.831745
    39  0.15103258    4.109806   94.774456      -1.043543  -1.011190   1.193619
    40  0.16757616    4.559979  105.155713      -0.630204  -2.714560   0.562926
    41  0.18538093    5.044472  116.328387      -0.190247  -0.137548   0.082751
    42  0.14333152    3.900249   89.941960       0.215631  -2.510071   4.090657
    43  0.14983157    4.077124   94.020808       0.402659  -1.916792  -0.597107
    44  0.13551442    3.687535   85.036651       0.398368  -0.899633   2.421366
*   45  0.26744468    7.277540  167.824211       0.577869   3.690473  -2.113739
    46  0.23958924    6.519555  150.344642       1.005637   2.991807  -0.658501
    47  0.10438159    2.840367   65.500488       1.046354  -2.762579   1.868887
    48  0.16813293    4.575130  105.505094       1.392947  -0.005765   0.868546
    49  0.04830906    1.314556   30.314421       1.530624  -4.762906  -0.554373
    50  0.26195860    7.128256  164.381639       1.561406   4.308044   0.237869
    51  0.11825357    3.217843   74.205296       2.009986  -1.713598   0.429458
    52  0.16112388    4.384404  101.106847       2.627241  -0.791829   0.282467
    53  0.18734548    5.097930  117.561160       2.697365  -0.265387  -1.594285
    54  0.24157893    6.573697  151.593197       2.758755   1.471248  -1.067842
    55  0.22429823    6.103465  140.749380       2.987667   1.187280   0.487433
    56  0.20584529    5.601335  129.169980       3.162031   3.861806   0.014481
    57  0.05239163    1.425649   32.876269       3.485703  -0.847656   3.021454
    58  0.15671726    4.264494   98.341649       4.432677  -2.693587  -1.197784
    59  0.18549079    5.047461  116.397323       4.628620   0.175523  -1.415266
    60  0.15888515    4.323485   99.702019       4.790235  -0.126066   0.021835
    61  0.23404449    6.368674  146.865257       4.803396   4.041983  -0.029376
    62  0.17970316    4.889972  112.765531       5.110703   2.247064   0.489048
    63  0.18770139    5.107615  117.784502       5.241799   0.001362  -3.053133
    64  0.19001052    5.170449  119.233504       5.802111   2.394155   1.998246
    65  0.12434187    3.383514   78.025764       7.117767   0.334812  -0.261618
    66  0.13055829    3.552672   81.926632       7.153871   1.775075  -1.029564
    67  0.16734088    4.553577  105.008074       8.573005  -0.150162  -3.361847
    68  0.16762853    4.561404  105.188576       9.040601   2.228630   1.793510
    69  0.11830222    3.219167   74.235823       9.234476   0.450761  -1.933794
    70  0.11829412    3.218947   74.230746       9.430448   1.508618   0.360190
    71  0.16279521    4.429883  102.155622      10.461545   0.959661  -0.899589
