 Number of surface minima:    55
   #       a.u.         eV      kcal/mol           X/Y/Z coordinate(Angstrom)
     1  0.13257530    3.607557   83.192327      -6.778144  -0.649100  -1.721823
     2  0.12253581    3.334369   76.892446      -6.199278  -2.565439  -1.413464
     3  0.11326355    3.082058   71.074010      -5.934689  -1.438975  -1.101879
     4  0.12941165    3.521470   81.207104      -5.834090  -0.636802  -3.755726
     5  0.12000328    3.265455   75.303257      -5.670100  -0.227911  -0.994543
     6  0.15087527    4.105525   94.675743      -5.291345   2.148612   0.518040
     7  0.11240341    3.058652   70.534263      -5.268272  -2.208503  -0.787498
     8  0.10894220    2.964468   68.362322      -4.814301  -1.518821  -3.511910
     9  0.12193385    3.317989   76.514707      -4.757251   0.154587  -0.566117
    10  0.14219319    3.869273   89.227648      -4.625428   3.601736   2.104304
    11  0.11458261    3.117951   71.901736      -4.479452  -0.248798  -3.353301
    12  0.14081208    3.831692   88.360991      -4.243428   1.297019   0.596873
    13  0.14089147    3.833852   88.410807      -4.245152   2.217432  -0.202540
    14  0.10703531    2.912579   67.165728      -4.082246  -2.214433  -3.177432
    15  0.12390564    3.371644   77.752026      -4.078041  -1.814248  -0.259875
    16  0.12792113    3.480911   80.271786      -3.950274  -0.733325  -0.219098
    17  0.11520079    3.134773   72.289649      -3.623944   0.098419  -2.983024
    18  0.13149659    3.578204   82.515422      -3.583683   2.881532   2.578269
    19  0.12712978    3.459377   79.775205      -3.502046   3.873212   1.769175
    20  0.12984589    3.533286   81.479592      -3.322530   0.374022   1.046084
    21  0.11795346    3.209677   74.016978      -3.055311  -1.825790  -2.690272
    22  0.10624134    2.890974   66.667504      -2.727172  -1.489040   1.056358
    23  0.12178707    3.313995   76.422607      -2.759626  -0.781499  -2.563691
    24  0.11871709    3.230456   74.496164      -2.605843   2.067322   2.954708
    25  0.05186371    1.411283   32.544994      -2.526747  -3.068820   3.305361
    26  0.13445181    3.658620   84.369854      -2.215390  -0.209946   1.465845
    27  0.17573683    4.782042  110.276619      -2.093058   2.575622  -1.184534
    28  0.12573580    3.421445   78.900470      -1.770781   1.157816   3.103556
    29  0.14309015    3.893681   89.790500      -1.568977  -0.457138   2.130170
    30  0.18120216    4.930762  113.706167      -1.471380   3.728451  -2.044174
    31  0.07436307    2.023522   46.663573      -1.304388  -1.218263   3.241069
    32  0.17861993    4.860495  112.085789      -1.053178   5.062500  -0.404385
    33  0.03477552    0.946290   21.821984      -0.617145  -3.370421   1.868583
    34  0.16069000    4.372597  100.834583      -0.740573   2.701571  -1.809081
    35  0.08083717    2.199691   50.726132      -0.391981  -0.232150  -1.188730
    36  0.16140438    4.392037  101.282862      -0.140315   4.344278   0.204480
    37  0.16829290    4.579483  105.605479      -0.052286   2.082546  -1.528075
    38  0.03152727    0.857901   19.783676       1.238006  -2.981890  -1.685538
    39  0.02670618    0.726712   16.758393       1.088594   0.704934   2.516171
    40  0.03516077    0.956773   22.063736       1.450186  -1.298999  -1.607604
    41  0.00138446    0.037673    0.868763       1.846728  -3.803388   0.906396
*   42 -0.00033971   -0.009244   -0.213170       2.664441  -2.814254   2.012202
    43  0.10535060    2.866736   66.108553       3.313392  -1.688258  -2.273019
    44  0.07946127    2.162251   49.862741       3.480211  -2.080032  -0.093772
    45  0.15385311    4.186556   96.544367       3.632594   2.853101  -1.532957
    46  0.13678838    3.722201   85.836079       3.730037   2.287910   1.070064
    47  0.09745258    2.651820   61.152468       4.372694  -1.291437  -2.535173
    48  0.07807296    2.124473   48.991562       4.577163  -1.815443   0.058605
    49  0.15904822    4.327922   99.804350       5.065500   2.700045   0.820428
    50  0.16715847    4.548613  104.893611       4.916770   3.216968  -1.318759
    51  0.11008128    2.995464   69.077103       5.677349  -0.903475  -2.564560
    52  0.09876908    2.687643   61.978584       5.840298  -1.407984  -0.003193
    53  0.10644334    2.896471   66.794263       6.125184   0.320541  -2.355243
    54  0.09674575    2.632586   60.708924       6.347919  -0.370968   0.227121
    55  0.12023539    3.271771   75.448911       6.967533  -0.624794  -2.445914
 
 Number of surface maxima:    70
   #       a.u.         eV      kcal/mol           X/Y/Z coordinate(Angstrom)
     1  0.19925363    5.421967  125.033643      -7.220437  -0.198256  -3.158172
     2  0.15184653    4.131954   95.285216      -6.521741  -1.741023  -2.804917
     3  0.19254328    5.239369  120.822836      -6.432490  -3.377816  -2.759213
     4  0.16086395    4.377331  100.943734      -5.997602   0.698149  -2.541963
     5  0.21546860    5.863199  135.208699      -5.996530   3.079446   1.420595
     6  0.21508592    5.852786  134.968566      -5.156578   2.130417  -2.257430
     7  0.17153420    4.667683  107.639429      -5.071392   1.826035   2.051949
     8  0.15310312    4.166148   96.073741      -4.813276  -3.472210  -2.018921
     9  0.21228035    5.776442  133.208043      -4.769543   0.524787   3.034009
    10  0.17956596    4.886238  112.679434      -4.750289   3.752331   0.398261
    11  0.16815303    4.575677  105.517708      -4.606592  -1.037577  -1.065439
    12  0.19974606    5.435367  125.342651      -4.357544  -1.260770   2.257784
    13  0.16544200    4.501906  103.816512      -3.966625  -1.028170  -2.544721
    14  0.23308856    6.342662  146.265401      -4.044914   4.795465  -0.652250
    15  0.17342329    4.719088  108.824848      -3.787151   1.401865  -1.563799
    16  0.18284863    4.975564  114.739345      -3.580546  -4.244062   1.311680
    17  0.20219099    5.501897  126.876869      -3.527660  -4.164759  -1.435804
    18  0.16471862    4.482222  103.362582      -3.288803   0.373149   2.643889
    19  0.20403780    5.552151  128.035762      -3.002077   1.807479   0.445862
    20  0.18135732    4.934984  113.803534      -2.767070  -2.894822  -0.803730
    21  0.18082515    4.920503  113.469593      -2.603937  -2.955052  -1.178580
    22  0.17109592    4.655757  107.364398      -2.477215  -0.469775  -0.253972
    23  0.19598848    5.333118  122.984734      -2.561848   2.748046   1.651018
    24  0.21312157    5.799333  133.735915      -2.574958   4.137801  -0.743389
    25  0.22336218    6.077994  140.162001      -2.296506   1.425857  -0.994114
    26  0.18714192    5.092391  117.433427      -2.320542   1.790887  -0.510119
    27  0.16981223    4.620826  106.558875      -1.976515  -0.362093  -1.318134
    28  0.19145045    5.209632  120.137074      -1.852768  -3.568231  -0.671596
    29  0.18106559    4.927045  113.620470      -1.828068  -0.214692   2.922817
    30  0.24954312    6.790414  156.590805      -1.771070   5.126357  -1.721823
    31  0.09184617    2.499261   57.634390      -1.410437  -2.321688   3.472383
    32  0.18557168    5.049662  116.448088      -1.304388  -1.848011  -1.790280
    33  0.18077406    4.919112  113.437533      -1.145422   0.470946   0.946549
    34  0.16646514    4.529747  104.458540      -0.752000  -2.178713   0.417111
    35  0.15346576    4.176016   96.301301      -0.847412  -0.492500   1.188652
    36  0.24255021    6.600127  152.202682      -0.868995   2.044608  -0.479862
    37  0.17574862    4.782363  110.284013      -0.675442   1.742477   2.058295
    38  0.24186574    6.581502  151.773172      -0.458935   2.998840   0.679906
    39  0.20898893    5.686878  131.142645      -0.238872   4.418908  -1.596616
    40  0.17831463    4.852188  111.894213       0.048374   0.310799   0.000579
    41  0.14788088    4.024043   92.796730       0.338112  -2.183457   3.889506
    42  0.14818795    4.032399   92.989424       0.410117  -1.423397  -0.799111
    43  0.13771794    3.747496   86.419382       0.606598  -0.698223   2.305872
    44  0.05112138    1.391083   32.079177       1.054002  -4.468993  -0.948352
    45  0.10326320    2.809935   64.798691       1.001121  -2.552703   1.585535
*   46  0.25711483    6.996450  161.342130       1.339583   4.141342  -1.980914
    47  0.23129947    6.293979  145.142733       1.627845   3.375908  -0.379329
    48  0.23080853    6.280620  144.834662       1.712105   3.291329  -0.678271
    49  0.16084192    4.376731  100.929911       1.754923   0.042226   0.794413
    50  0.12350834    3.360833   77.502719       2.002969  -1.643658   0.169788
    51  0.07422756    2.019835   46.578539       2.211853  -2.400325  -0.795763
    52  0.25195831    6.856134  158.106358       2.518942   4.489887   0.240152
    53  0.15045130    4.093988   94.409698       2.692648  -0.830792  -0.075700
    54  0.16542524    4.501450  103.805994       2.644093  -0.107279  -1.737406
    55  0.14746573    4.012746   92.536218       2.768410  -2.531388  -1.599869
    56  0.22963167    6.248596  144.096171       3.178086   1.491915  -1.219006
    57  0.21686046    5.901073  136.082107       3.379798   1.258006   0.316478
    58  0.04901162    1.333674   30.755284       3.761184  -1.135386   2.682278
    59  0.19718563    5.365694  123.735953       4.039379   3.792912  -0.109189
    60  0.12912849    3.513765   81.029416       4.267661  -2.603926  -1.581657
    61  0.17072972    4.645792  107.134606       4.680654   2.814858  -1.532730
    62  0.17243121    4.692092  108.202311       4.898531   0.031087  -1.746896
    63  0.16432783    4.471588  103.117355       5.022468  -0.360206  -0.187612
    64  0.18018689    4.903135  113.069077       5.707210  -3.348320  -1.830335
    65  0.23386901    6.363900  146.755145       5.660988   3.731580  -0.163184
    66  0.19109738    5.200024  119.915517       5.834527   2.151833  -0.534539
    67  0.14244224    3.876050   89.383927       6.633270  -2.016218  -1.618429
    68  0.15189682    4.133323   95.316773       7.416264   0.295459  -1.066991
    69  0.20942466    5.698735  131.416067       7.362686   1.956742  -0.694234
    70  0.18923186    5.149261  118.744883       8.082743  -1.141196  -1.588702
