 Number of surface minima:    60
   #       a.u.         eV      kcal/mol           X/Y/Z coordinate(Angstrom)
     1  0.14434583    3.927850   90.578452      -6.900597  -2.809942  -0.675638
     2  0.13446791    3.659058   84.379958      -6.530271  -1.681185  -0.648125
     3  0.13808824    3.757572   86.651754      -6.131313  -2.271442   0.277935
     4  0.18386036    5.003095  115.374215      -5.665291   1.342727  -2.061139
     5  0.14060176    3.825968   88.229010      -5.529916  -3.064469   1.340054
     6  0.13915615    3.786631   87.321873      -5.273572  -3.760880  -1.861069
     7  0.13242634    3.603504   83.098851      -5.205079  -1.874559   1.203996
     8  0.16988800    4.622887  106.606416      -4.871525   1.747925  -0.994470
     9  0.12411030    3.377213   77.880457      -4.606936  -2.723999  -2.159037
    10  0.12612127    3.431934   79.142357      -4.213416  -3.306898  -1.162188
    11  0.17471367    4.754201  109.634578      -4.110437   0.499925  -3.335516
    12  0.13382799    3.641645   83.978403      -3.948889  -3.989945   0.286659
    13  0.11129710    3.028548   69.840041      -3.270476  -2.944003  -0.257775
    14  0.15120619    4.114530   94.883395      -3.019405   0.695117  -2.576455
*   15 -0.02943605   -0.800996  -18.471416      -2.626660  -2.651974   4.244815
    16  0.02845498    0.774299   17.855785      -1.947468  -0.011605   2.280020
    17  0.17324442    4.714220  108.712605      -1.710043   4.593683  -0.551187
    18  0.15232101    4.144866   95.582959      -1.543278   3.332317   1.780571
    19  0.18684629    5.084346  117.247916      -1.547303   5.691385   0.272556
    20  0.17668667    4.807889  110.872653      -1.386324   4.647020   2.187995
    21  0.02680779    0.729477   16.822159      -0.763148  -3.193319   0.941333
    22  0.01404014    0.382052    8.810329       0.048207  -3.073220  -1.163113
    23  0.01892639    0.515013   11.876497       0.287953  -0.022439   3.373053
    24  0.02659254    0.723620   16.687086       0.315755   0.525688  -1.935780
    25  0.01516170    0.412571    9.514118       0.412946  -1.456309  -2.334515
    26  0.17576509    4.782811  110.294351       0.421263   4.221429  -0.925255
    27  0.01513167    0.411754    9.495271       0.546138  -1.727268  -2.208487
    28  0.01550530    0.421921    9.729733       0.594638  -2.229345  -1.971068
    29  0.02301342    0.626227   14.441153       0.691802  -4.380312   2.535881
    30  0.03501869    0.952907   21.974578       1.196170  -3.471121  -0.015789
    31  0.04260749    1.159409   26.736627       1.101859  -2.260493   2.666718
    32  0.01494185    0.406588    9.376159       1.671619  -0.816204  -1.513462
    33  0.12367064    3.365249   77.604561       1.673322   2.226564   0.737245
    34  0.13997347    3.808872   87.834754       1.874095   5.800325  -0.384636
    35  0.12975231    3.530740   81.420872       2.162217   4.475568   1.913035
    36  0.14030124    3.817791   88.040428       2.239979   3.946390  -1.509522
    37  0.12421144    3.379965   77.943920       2.569106   2.516222   0.716283
    38  0.14471896    3.938003   90.812591       2.506095   5.137039  -0.846999
    39  0.13473584    3.666349   84.548088       2.864100   3.744357   1.336290
    40  0.15022433    4.087812   94.267272       2.904021   6.132733  -0.118947
    41  0.09244603    2.515584   58.010805       3.081515  -2.529795  -2.095060
    42  0.14564964    3.963328   91.396606       3.257703   5.004745   1.792448
    43 -0.00748394   -0.203648   -4.696245       3.336238   0.512361  -3.293043
    44  0.15005141    4.083107   94.158762       3.463016   4.210979  -1.373749
    45  0.09060374    2.465453   56.854753       3.572210  -2.975016  -0.791070
    46  0.07495758    2.039699   47.036628       3.632760  -0.502359  -2.070611
    47  0.14747495    4.012998   92.542008       3.860183   3.020984   0.410006
    48  0.09801866    2.667223   61.507692       3.963539  -3.128414   0.082435
    49  0.08048591    2.190133   50.505713       4.323007  -3.263571  -1.904842
    50  0.09234760    2.512906   57.949040       4.439133  -0.501559  -0.887481
    51  0.10188188    2.772347   63.931900       4.931594  -0.679942   0.153801
    52  0.07858234    2.138334   49.311205       5.151687  -0.754739  -1.971068
    53  0.08707197    2.369349   54.638534       5.278123  -3.604557  -1.576969
    54  0.09045786    2.461484   56.763212       5.292783  -3.635603   0.399501
    55  0.08931677    2.430433   56.047167       5.773338  -3.797655  -0.353528
    56  0.08807924    2.396758   55.270604       6.212479  -1.132769  -1.587140
    57  0.09235885    2.513212   57.956101       6.216434  -1.125136   0.398737
    58  0.10867008    2.957063   68.191559       6.731993  -3.920388  -1.455910
    59  0.09129135    2.484164   57.286234       6.680405  -1.303056  -0.361983
    60  0.10989980    2.990526   68.963224       7.479973  -1.826431  -1.548305
 
 Number of surface maxima:    65
   #       a.u.         eV      kcal/mol           X/Y/Z coordinate(Angstrom)
     1  0.21329296    5.803997  133.843466      -6.761094  -3.999805  -1.595017
     2  0.23301445    6.340646  146.218896      -6.487604  -1.091802  -3.205085
     3  0.17787147    4.840129  111.616123      -6.404658  -2.481632  -2.181258
     4  0.17060196    4.642316  107.054439      -5.728282  -3.921965  -0.251242
     5  0.25107859    6.832196  157.554327      -5.571321   1.006237  -3.435272
     6  0.21337197    5.806147  133.893044      -5.467482  -0.221513  -2.567025
     7  0.20524493    5.584998  128.793244      -5.165959  -4.456795   1.071701
     8  0.20400642    5.551297  128.016070      -5.136157  -1.345000  -0.118670
     9  0.21158412    5.757497  132.771153      -4.371438   1.961976  -2.703089
    10  0.16604003    4.518179  104.191777      -4.053441  -3.278480   1.468584
    11  0.19754583    5.375495  123.961983      -4.075782  -2.008274  -1.046152
    12  0.24867952    6.766914  156.048884      -4.089539   0.656523  -0.374314
    13  0.26309069    7.159062  165.092040      -3.885493   3.874068   0.674818
*   14  0.26374697    7.176920  165.503863      -3.392797   3.333767  -2.367951
    15  0.19934784    5.424530  125.092760      -3.302677  -0.558076   1.175012
    16  0.23087658    6.282471  144.877361      -3.019405   0.090111  -1.357506
    17  0.24520426    6.672347  153.868122      -3.019405   2.803374  -0.622475
    18  0.21271840    5.788362  133.482923      -2.566768   4.740156   1.071701
    19  0.16756960    4.559801  105.151602      -2.439578  -1.345382   0.301862
    20  0.25248973    6.870595  158.439828      -1.668413   6.097998   1.619147
    21  0.06083070    1.655288   38.171872      -1.667677  -2.119032   2.546193
    22  0.06160442    1.676341   38.657389      -1.561590  -2.402625  -2.367529
    23  0.12703648    3.456838   79.716662      -1.357527  -1.497130   0.399936
    24  0.17169923    4.672174  107.742986      -1.306761  -0.025947  -0.528871
    25  0.12497710    3.400800   78.424379      -0.902696  -1.773810   3.248608
    26  0.14366314    3.909273   90.150055      -0.703127  -0.551616   1.865467
    27  0.23143478    6.297661  145.227640      -0.656879   2.879880   0.906684
    28  0.25434709    6.921136  159.605341      -0.769949   3.555868  -0.508721
    29  0.17744158    4.828431  111.346368      -0.635984   1.040766   0.684803
    30  0.21627303    5.885088  135.713491      -0.274293   5.663741   1.185889
    31  0.06609041    1.798412   41.472394       0.045832  -3.182758   2.704160
    32  0.14883776    4.050081   93.397185       0.672846  -5.713118   0.272060
    33  0.13468487    3.664962   84.516106       0.712116  -1.972574   0.032361
    34  0.13821044    3.760897   86.728431       0.552795  -0.419002  -1.045227
    35  0.20507245    5.580305  128.685010       0.718278   2.250696  -1.266499
    36  0.23615471    6.426097  148.189444       0.568477   6.755705   1.745949
    37  0.17589727    4.786408  110.377293       1.096916   1.695393   0.025760
    38  0.14307598    3.893295   89.781609       1.197878   0.503291   0.266827
    39  0.06604496    1.797175   41.443874       1.314527   1.904508   2.913433
    40  0.21005369    5.715852  131.810791       1.346307   4.407860  -0.451244
    41  0.15339783    4.174167   96.258671       1.464385  -0.954497   1.312818
    42  0.20433046    5.560115  128.219409       1.676969   3.615580   0.873185
    43  0.10645582    2.896810   66.802092       2.039992  -2.910007   1.616983
    44  0.18252189    4.966673  114.534310       2.166890   6.206985   1.361495
    45  0.12932008    3.518978   81.149641       2.667759  -2.007248  -0.781116
    46  0.18481205    5.028992  115.971412       2.837373  -1.445116   2.312120
    47  0.15104453    4.110131   94.781953       2.833510  -1.338948  -2.750186
    48  0.16467804    4.481117  103.337115       3.217901  -4.373540   1.744235
    49  0.17494997    4.760631  109.782859       3.207384  -0.152953   0.676899
    50  0.17947015    4.883631  112.619313       3.512703   2.650028  -0.901160
    51  0.16889187    4.595781  105.981334       3.702893  -1.613670   1.582325
    52  0.21925999    5.966368  137.587836       3.838408   6.281975   1.061239
    53  0.17880819    4.865618  112.203928       3.935442   4.849132   0.134066
    54  0.11887123    3.234651   74.592885       4.321709  -1.874559  -2.964496
    55  0.19198178    5.224090  120.470484       4.749196  -2.020270   2.603124
    56  0.21701105    5.905171  136.176603       4.709335   3.724663  -0.610109
    57  0.14017205    3.814276   87.959366       4.939038  -2.925863  -0.636046
    58  0.14075535    3.830148   88.325388       5.418058  -1.400533  -0.660874
    59  0.17051333    4.639904  106.998820       5.674209  -2.284790  -3.879169
    60  0.13972802    3.802193   87.680727       5.979316  -2.401337   1.734024
    61  0.13051186    3.551408   81.897499       6.638080  -2.741435  -2.573355
    62  0.11157048    3.035987   70.011590       7.255914  -1.616555  -1.340322
    63  0.13401863    3.646832   84.098032       7.516846  -2.947972  -0.268374
    64  0.17967352    4.889165  112.746929       7.615080  -3.037245   1.387230
    65  0.17841445    4.854904  111.956851       8.043722  -3.197502  -1.838773
