 Number of surface minima:    60
   #       a.u.         eV      kcal/mol           X/Y/Z coordinate(Angstrom)
     1  0.10406847    2.831847   65.304008      -7.986221   1.891657  -0.273047
     2  0.10710584    2.914498   67.209985      -7.840784   2.309356   1.616822
     3  0.08953092    2.436260   56.181549      -7.351014  -0.375152  -1.368743
     4  0.10048867    2.734436   63.057644      -7.001241   0.311521   3.312573
     5  0.08544971    2.325205   53.620545      -6.881957  -1.798857  -0.247151
     6  0.09378644    2.552059   58.851926      -6.709836  -1.347319   2.418857
     7  0.08119889    2.209534   50.953117      -5.640991  -1.072239  -1.378545
     8  0.10379298    2.824351   65.131130      -5.411771  -0.462657   3.348681
     9  0.16641138    4.528284  104.424803      -4.846379   2.662299  -0.716228
    10  0.17437831    4.745075  109.424134      -4.684541   2.949495   1.417455
    11  0.14495047    3.944303   90.957868      -4.403389   1.364514  -0.811386
    12  0.14283620    3.886771   89.631144      -4.138220   0.306595  -0.678226
    13  0.16020897    4.359508  100.532733      -4.192016   1.766759   1.790256
    14  0.15291576    4.161049   95.956168      -3.429356   2.190882  -1.006291
    15  0.16949814    4.612279  106.361778      -3.322340   2.579753   1.595529
    16  0.04005170    1.089862   25.132839      -2.934287  -2.149339   0.587124
    17 -0.00105029   -0.028580   -0.659066      -2.734757  -2.928600  -1.979199
    18  0.15524801    4.224513   97.419678      -2.435237   1.871867  -1.061018
*   19 -0.00514876   -0.140105   -3.230901      -2.126018  -3.913619  -0.780685
    20  0.02117564    0.576219   13.287928      -1.685497  -1.747046   1.195864
    21  0.02669533    0.726417   16.751586      -0.235785   0.337937  -2.852644
    22  0.18662486    5.078321  117.108964      -0.177517   3.354290  -0.439732
    23  0.02678251    0.728789   16.806292       0.018688   0.213040  -2.849435
    24  0.17798107    4.843111  111.684901       0.232948   1.525440   1.442882
    25  0.19100579    5.197532  119.858041       0.258159   2.560525   2.158598
    26  0.07997812    2.176315   50.187069       0.373071  -0.672047   1.138356
    27  0.17861140    4.860263  112.080440       0.652648   3.871895  -0.234424
    28  0.04115679    1.119933   25.826297       0.914824  -3.640777  -1.967751
    29  0.03984530    1.084246   25.003323       0.954079  -1.224179  -3.250311
    30  0.18145757    4.937712  113.866441       1.277207   2.163642   1.673185
    31  0.07421167    2.019402   46.568568       1.527714   0.038556  -2.527724
    32  0.12545349    3.413763   78.723321       1.696014  -0.879127  -0.843562
    33  0.17406411    4.736525  109.226969       1.696014   3.686790  -0.788550
    34  0.18709798    5.091195  117.405856       1.757007   4.544939   0.330797
    35  0.19168675    5.216062  120.285352       2.352467   3.101524   1.853825
    36  0.04021330    1.094260   25.234249       2.509373  -3.087971  -3.658866
    37  0.12498454    3.401002   78.429051       2.490248  -1.933000   2.669656
    38  0.18113354    4.928894  113.663109       2.489779   1.974511   1.063570
    39  0.08603256    2.341065   53.986292       2.652426  -1.215461  -1.654061
    40  0.18484693    5.029941  115.993298       2.551793   1.167300   0.269804
    41  0.12114674    3.296570   76.020791       2.886662  -2.758363   2.477839
    42  0.11878500    3.232304   74.538776       3.151280  -1.143710   3.577285
    43  0.11857665    3.226635   74.408032       3.302221   3.505729  -3.273666
    44  0.11137222    3.030592   69.887181       3.950018  -3.254511   2.936609
    45  0.13814941    3.759237   86.690137       3.882172  -0.809677   0.736137
    46  0.11885420    3.234187   74.582200       4.028437  -1.457178   3.974044
    47  0.13168368    3.583295   82.632823       4.211129  -1.803742   0.408709
    48  0.11319711    3.080250   71.032319       4.474194  -2.598953   3.640139
    49  0.11514935    3.133373   72.257371       4.544959   4.483409  -2.702200
    50  0.12829292    3.491028   80.505088       4.711491   0.126854  -0.127079
    51  0.11346015    3.087408   71.197377       4.871077   2.749495  -3.113172
    52  0.12376985    3.367949   77.666819       5.064961   5.135706  -0.127079
    53  0.11887551    3.234767   74.595570       5.378269  -2.210412   0.948909
    54  0.13051380    3.551461   81.898714       5.421035  -0.348197   2.019677
    55  0.11826915    3.218267   74.215077       5.664843   0.950552  -1.376813
    56  0.12729410    3.463849   79.878319       5.567142   3.900697   1.230458
    57  0.12079939    3.287119   75.802825       5.797117  -1.540759   1.594520
    58  0.12359987    3.363324   77.560157       5.954889   1.265320   0.413747
    59  0.12797824    3.482465   80.307625       6.238224  -2.687044   1.504656
    60  0.13929627    3.790444   87.409800       6.502135  -0.967895   2.694628
 
 Number of surface maxima:    90
   #       a.u.         eV      kcal/mol           X/Y/Z coordinate(Angstrom)
     1  0.16481031    4.484717  103.420120      -8.666860   1.229093   0.902057
     2  0.15457945    4.206321   97.000153      -8.227446  -0.742153   0.012875
     3  0.15965907    4.344544  100.187662      -8.018280  -0.362560   2.350041
     4  0.12207422    3.321808   76.602792      -7.541249   2.950776   0.545721
     5  0.14015472    3.813804   87.948485      -7.303512   0.177844   0.948303
     6  0.13167098    3.582950   82.624856      -7.141416   0.856373  -0.380958
     7  0.13763028    3.745110   86.364376      -6.906321   1.240652   1.995988
     8  0.09762409    2.656486   61.260091      -6.801019  -1.295285  -1.209856
     9  0.12323372    3.353360   77.330389      -6.644368  -0.881177   1.062846
    10  0.17734233    4.825730  111.284088      -6.611697   2.692819  -1.005779
    11  0.11152266    3.034686   69.981584      -6.395806  -0.482244   3.405131
    12  0.18416319    5.011335  115.564246      -6.271156   3.080419   1.933474
    13  0.15554313    4.232544   97.604869      -6.101044   0.437531  -1.963682
    14  0.17390232    4.732123  109.125447      -5.613240   1.311077   3.434711
    15  0.14014903    3.813649   87.944915      -5.411969  -2.069776  -0.111266
    16  0.17768943    4.835175  111.501896      -5.365819   2.005954  -0.177313
    17  0.18312537    4.983095  114.912999      -5.195815   2.180016   1.223023
    18  0.15528700    4.225574   97.444144      -5.163570  -1.641225   2.389916
    19  0.23885636    6.499612  149.884753      -5.181406   3.743044   0.276075
    20  0.17910035    4.873568  112.387261      -4.677545  -0.490481   0.089066
    21  0.05389454    1.466545   33.819365      -3.677611  -1.116470  -2.722523
    22  0.20907447    5.689206  131.196318      -3.595758   3.691802   0.240150
    23  0.20687250    5.629287  129.814560      -2.999497  -0.282866   1.792125
    24  0.23087061    6.282309  144.873615      -3.042156   1.119395  -0.383851
    25  0.24521275    6.672578  153.873451      -2.928134   1.378040   1.195456
    26  0.17190953    4.677896  107.874951      -2.690205  -0.887300  -0.144075
    27  0.26425728    7.190806  165.824086      -2.159149   4.353789  -0.010000
    28  0.11339403    3.085609   71.155890      -1.930362  -1.828758  -0.259373
    29  0.16593235    4.515249  104.124212      -1.531881  -0.085361  -0.841382
    30  0.24578065    6.688032  154.229818      -1.214461   3.004979   0.686758
    31  0.04230412    1.151154   26.546257      -1.054014  -4.715662   0.850210
    32  0.21152585    5.755911  132.734585      -1.084158   1.106644   1.327715
    33  0.11044892    3.005468   69.307802      -1.011436  -2.731248  -1.776174
*   34  0.27023243    7.353398  169.573551      -0.685284   3.864190   2.067458
    35  0.12952843    3.524648   81.280382      -0.546042  -0.877624  -2.372175
    36  0.13686136    3.724187   85.881875      -0.379494  -3.224993  -3.679238
    37  0.14685118    3.996024   92.150583      -0.283734  -1.801015   0.672904
    38  0.18737102    5.098625  117.577192       0.141297  -0.062382  -0.081812
    39  0.16057099    4.369359  100.759902       0.795428  -2.550054  -0.487661
    40  0.25456782    6.927143  159.743855       0.780415   2.701027  -0.645931
    41  0.22142325    6.025233  138.945304       0.878371   3.979134   1.583268
    42  0.16230502    4.416544  101.848020       0.964496  -0.816879  -1.185433
    43  0.18367887    4.998156  115.260326       1.326771  -2.584096   1.451054
    44  0.25746088    7.005867  161.559277       1.207269   1.634464   0.442530
    45  0.21894444    5.957781  137.389829       1.271218   1.751211  -2.174786
    46  0.08011123    2.179937   50.270598       1.331396  -2.979266  -3.525843
    47  0.21368137    5.814566  134.087195       1.699244   0.188666  -0.786292
    48  0.17478262    4.756077  109.677840       1.745007  -1.143716   1.592747
    49  0.23513654    6.398391  147.550533       1.845623   0.701136   1.863884
    50  0.19680782    5.355413  123.498876       2.052542  -3.848809  -0.138398
    51  0.19581627    5.328432  122.876668       2.063113   2.692819   1.787356
    52  0.21457147    5.838787  134.645740       2.278458   0.443816  -0.470695
    53  0.25509404    6.941462  160.074061       2.338901   4.534310   1.709207
    54  0.18050033    4.911664  113.265763       2.489779  -0.684481   0.666687
    55  0.21116291    5.746035  132.506837       2.628954   2.169870  -1.848868
    56  0.18002309    4.898678  112.966292       2.694143  -1.514953  -0.391667
    57  0.20083712    5.465056  126.027298       2.727763   3.957677  -0.010181
    58  0.18889439    5.140078  118.533117       3.018957  -3.081045   0.316889
    59  0.21456341    5.838567  134.640684       2.956807   0.972993  -0.682016
    60  0.18620059    5.066776  116.842732       2.890607   4.808321  -2.241844
    61  0.11903414    3.239084   74.695112       3.151251   0.251880  -2.568018
    62  0.20573563    5.598351  129.101163       3.151251   1.788715  -1.537657
    63  0.20272068    5.516310  127.209253       3.062619   2.979902   0.974938
    64  0.18206358    4.954202  114.246715       3.274106   0.694768   2.640746
    65  0.19840745    5.398941  124.502661       3.283545   5.404038   0.137510
    66  0.17761101    4.833041  111.452682       3.457170   1.952705  -3.280090
    67  0.17034598    4.635350  106.893803       3.675587  -1.938139   2.784862
    68  0.20752836    5.647134  130.226118       3.933200  -4.384399   0.510136
    69  0.18587545    5.057928  116.638703       4.139825  -3.657308  -1.652097
    70  0.18202867    4.953252  114.224813       4.136379  -0.952354  -3.375369
    71  0.20526046    5.585421  128.802990       4.092414   3.370653   2.116562
    72  0.12677249    3.449655   79.551004       4.220153   3.760676  -3.280965
    73  0.18228153    4.960133  114.383481       4.310329   0.161202  -1.608227
    74  0.19449378    5.292445  122.046793       4.456152   1.098315   1.434525
    75  0.21908740    5.961671  137.479535       4.345210   1.237754   3.841889
    76  0.15509775    4.220424   97.325388       4.402577   4.341027  -1.053139
    77  0.17772477    4.836137  111.524073       4.500718  -1.269585   1.579198
    78  0.14899825    4.054449   93.497894       4.805752   2.098317  -1.779935
    79  0.14090744    3.834286   88.420827       4.841526   4.874475   1.128517
    80  0.15780598    4.294119   99.024831       5.003371  -3.870821   1.617076
    81  0.15989665    4.351009  100.336746       5.066005   2.623159   0.597027
    82  0.16305966    4.437079  102.321568       5.261077   3.086943  -0.899145
    83  0.16636791    4.527101  104.397527       5.353037  -0.111682   3.802936
    84  0.13560669    3.690046   85.094554       5.532548   0.496160  -0.098219
    85  0.17733014    4.825398  111.276435       5.871039   3.738855  -2.281329
    86  0.15700071    4.272207   98.519516       6.323753  -2.326060   3.178059
    87  0.18448048    5.019969  115.763347       6.261553   4.116633  -0.127079
    88  0.19642665    5.345041  123.259688       6.455099  -3.910899   2.524806
    89  0.18047287    4.910917  113.248530       6.584433   2.028939  -0.766474
    90  0.20404487    5.552343  128.040196       6.669952  -1.023777   4.212634
