 Number of surface minima:    68
   #       a.u.         eV      kcal/mol           X/Y/Z coordinate(Angstrom)
     1  0.10206568    2.777348   64.047234      -8.277636   0.288117  -1.510530
     2  0.09593668    2.610570   60.201224      -7.983419  -0.444769   1.072310
     3  0.09995013    2.719781   62.719704      -7.480970  -0.774630  -2.836282
     4  0.09380773    2.552638   58.865286      -7.077196  -2.089068   1.431944
     5  0.09866370    2.684776   61.912455      -6.536973  -0.510576   2.068487
     6  0.08841510    2.405897   55.481359      -5.875556  -3.539704  -0.689679
     7  0.08862628    2.411644   55.613876      -5.933608  -2.943585  -2.417962
     8  0.16188297    4.405060  101.583184      -5.602887   1.895663  -0.824524
     9  0.14850483    4.041022   93.188264      -5.072944   1.279899   0.151091
    10  0.09056477    2.464393   56.830297      -4.755128  -2.589022   0.942623
    11  0.15009299    4.084238   94.184850      -4.676061   0.347068   0.938087
    12  0.15509249    4.220281   97.322089      -4.646825   0.848220  -2.511297
    13  0.15536736    4.227761   97.494572      -4.411473   2.211177  -0.108279
    14  0.08169376    2.223000   51.263652      -4.275054  -2.741762  -1.490873
    15  0.13536658    3.683512   84.943880      -3.989362  -0.056191  -1.846470
    16  0.14046623    3.822280   88.143962      -3.323245   0.877625  -2.103302
    17  0.05524479    1.503287   34.666660      -2.513004  -2.565749   0.803450
    18  0.06359489    1.730505   39.906431      -2.359075  -1.618055   2.015733
    19  0.14321789    3.897157   89.870661      -2.294764   1.029861  -1.686478
    20  0.02527753    0.687836   15.861900      -1.266888   0.365797   2.412053
*   21  0.00977560    0.266008    6.134287      -0.839526  -3.471825  -0.698136
    22  0.14367264    3.909531   90.156018      -0.869678   2.679674   1.353960
    23  0.02727272    0.742128   17.113903      -0.731268  -3.336034   0.826931
    24  0.15826215    4.306532   99.311085      -0.573259   4.411699  -0.964715
    25  0.14169771    3.855791   88.916728      -0.322372   3.598859   1.529972
    26  0.01437251    0.391096    9.018892      -0.178055  -1.553743  -2.371467
    27  0.16522412    4.495977  103.679790      -0.027485   5.457855  -0.527496
    28  0.02174170    0.591622   13.643137       0.069018   0.028054  -1.917572
    29  0.15742673    4.283799   98.786848       0.188556   4.865323   1.619807
    30  0.03607226    0.981576   22.635703       0.351122  -4.618701   2.838406
    31  0.15255237    4.151161   95.728141       0.618146   4.400016  -1.093308
    32  0.01570628    0.427390    9.855847       0.754873  -0.347787   3.433507
    33  0.13825718    3.762169   86.757764       0.908059   3.655460   1.418573
    34  0.03931565    1.069833   24.670961       0.947612  -2.317265   2.808829
    35  0.05202939    1.415792   32.648962       1.125108  -3.943988   0.328392
    36  0.02475806    0.673701   15.535933       1.298382  -1.797306  -1.454145
    37  0.15494325    4.216220   97.228438       1.382525   3.459603  -1.402696
    38  0.06423222    1.747847   40.306358       2.179870   0.384974  -1.237422
    39  0.11462476    3.119098   71.928186       2.467831  -2.003881  -1.545157
    40  0.10724761    2.918356   67.298950       2.633611  -3.390022  -1.999666
    41  0.10557715    2.872900   66.250716       2.654217   7.364067  -0.036665
    42  0.04229725    1.150967   26.541948       2.743108   0.572751   1.823329
    43  0.07858819    2.138493   49.314876       2.864575   0.695522   0.228218
    44  0.10323388    2.809137   64.780289       2.907027   6.686289   1.833248
    45  0.10504107    2.858313   65.914319       3.040201   4.424772  -2.626465
    46  0.10079490    2.742769   63.249805       3.242696  -3.839034  -0.972766
    47  0.08933107    2.430822   56.056142       3.416036   2.859034   1.947750
    48  0.10114627    2.752330   63.470297       3.540388   6.010058  -2.033864
    49  0.10527270    2.864616   66.059671       3.763557  -4.000103   0.095630
    50  0.12496729    3.400533   78.418226       3.769199  -1.602255  -2.550256
    51  0.09256635    2.518859   58.086311       3.895088  -4.253231  -2.035440
    52  0.10155970    2.763580   63.729725       3.895253   2.490041  -0.578968
    53  0.09415052    2.561966   59.080392       4.222781   4.565405   2.358465
    54  0.12284420    3.342761   77.085962       4.476934  -1.515898  -1.071137
    55  0.10114643    2.752334   63.470398       4.628973   4.423916  -1.612765
    56  0.09773435    2.659487   61.329284       4.821645  -4.661434  -1.903163
    57  0.09846316    2.679319   61.786620       5.005679  -4.589174   0.110570
    58  0.10897647    2.965400   68.383823       5.089458  -1.863827  -2.165726
    59  0.11929401    3.246155   74.858184       5.013164  -1.676079  -0.030349
    60  0.09694193    2.637924   60.832028       4.984798   3.607582   1.020901
    61  0.09769602    2.658444   61.305232       5.400787  -4.827029  -0.677108
    62  0.11797014    3.210131   74.027441       5.495834  -2.353685  -3.190169
    63  0.10785415    2.934861   67.679556       5.975325  -2.279668  -2.021079
    64  0.10560158    2.873565   66.266050       6.099130  -2.155862  -0.006302
    65  0.11691586    3.181442   73.365869       6.211015  -5.073105  -1.862889
    66  0.10512800    2.860678   65.968873       6.595604  -2.472401  -0.945959
    67  0.12135432    3.302219   76.151051       7.173777  -3.065630  -2.021079
    68  0.11552894    3.143702   72.495568       7.135808  -2.839010   0.113967
 
 Number of surface maxima:    88
   #       a.u.         eV      kcal/mol           X/Y/Z coordinate(Angstrom)
     1  0.16103819    4.382072  101.053075      -8.411836  -1.296702  -1.776778
     2  0.15662001    4.261847   98.280625      -8.230877  -1.941163   0.370555
     3  0.11657107    3.172060   73.149514      -7.701778   0.438060  -2.534887
     4  0.13091592    3.562403   82.151050      -7.423210  -0.083440  -0.294979
     5  0.15381640    4.185557   96.521329      -7.253851  -3.152829  -1.399471
     6  0.10783827    2.934429   67.669593      -7.300078  -1.018089   1.844544
     7  0.17621588    4.795078  110.577225      -7.312496   1.627850  -1.087317
     8  0.13602153    3.701334   85.354870      -7.157201  -1.533228  -0.811707
     9  0.16581903    4.512165  104.053098      -7.026465   0.885710   1.212140
    10  0.12699057    3.455589   79.687852      -6.426160  -1.425564  -2.162795
    11  0.12179110    3.314104   76.425134      -6.258861  -2.209204   0.099733
    12  0.17138063    4.663504  107.543058      -6.054498   0.110588  -3.344022
    13  0.15377396    4.184402   96.494700      -5.730647  -1.813248   2.088376
    14  0.17187627    4.676991  107.854079      -5.814175   0.986323  -0.814780
    15  0.22706328    6.178706  142.484481      -5.755082   1.873902  -2.341948
    16  0.09868155    2.685261   61.923658      -5.413404  -3.405864  -1.756491
    17  0.16668544    4.535741  104.596780      -5.228098   0.247701  -1.939461
    18  0.15224412    4.142773   95.534705      -4.794114  -1.945587  -2.916945
    19  0.17248258    4.693490  108.234545      -4.782099  -1.410616   0.244855
    20  0.14385014    3.914361   90.267399      -4.538990  -3.270839  -0.031543
    21  0.19672361    5.353122  123.446034      -4.266750   2.554477  -1.877466
    22  0.24022907    6.536965  150.746142      -3.619920  -3.943904   3.005156
    23  0.22602758    6.150523  141.834569      -3.617707   1.162977   0.298759
    24  0.16967233    4.617019  106.471085      -3.198612   0.051049   1.580620
    25  0.25070807    6.822113  157.321818      -3.119963   3.540924  -2.021079
    26  0.21347786    5.809028  133.959493      -3.062220   0.315577  -0.932285
    27  0.25087630    6.826691  157.427390      -2.733033   4.399500   0.601641
    28  0.22642184    6.161252  142.081968      -2.317574   3.076557  -0.457653
    29  0.15292790    4.161380   95.963784      -2.225052  -1.087149   0.297636
    30  0.04946039    1.345886   31.036891      -1.878471  -2.602629  -2.149895
    31  0.15776695    4.293057   99.000337      -1.336906  -2.209959   3.173167
    32  0.12520948    3.407123   78.570198      -1.317917  -1.635251   0.783269
    33  0.16016384    4.358280  100.504413      -1.249431  -0.122709  -0.350474
    34  0.19800287    5.387932  124.248780      -1.236409   5.001794   0.598912
    35  0.13588277    3.697558   85.267796      -0.476423  -0.771051   2.028689
    36  0.22954594    6.246263  144.042370      -0.152401   6.168653   0.793420
    37  0.16370811    4.454724  102.728478      -0.161746   0.823862   0.754471
    38  0.22843611    6.216063  143.345944       0.078679   3.096784  -0.847302
    39  0.21626630    5.884905  135.709267       0.199209   2.802492   0.722220
    40  0.12872960    3.502911   80.779113       0.511726  -2.425721   0.149712
    41  0.13042928    3.549161   81.845679       0.589045  -0.900469  -1.001518
    42  0.15570460    4.236938   97.706192       0.713077  -6.069961   0.594509
    43  0.17362790    4.724655  108.953245       1.005109   1.746598  -1.494627
    44  0.17614448    4.793135  110.532423       1.012594   5.325560  -0.254413
    45  0.17964236    4.888317  112.727375       1.060700   6.936983  -0.533431
    46  0.16964717    4.616334  106.455295       1.255706   4.921392   1.118335
    47  0.13209557    3.594503   82.891292       1.365152  -2.619169   0.725353
    48  0.15757455    4.287822   98.879607       1.357700   1.040365   0.176147
    49  0.17355184    4.722586  108.905518       1.409477   6.097068   2.300536
    50  0.15728044    4.279818   98.695049       1.527496  -1.559991   1.263000
    51  0.13654980    3.715709   85.686364       1.452864  -0.073157   0.255285
    52  0.17064997    4.643622  107.084561       1.966142   5.597353  -2.402197
    53  0.11946759    3.250878   74.967105       2.100758   7.348762   1.043051
    54  0.14415245    3.922588   90.457104       2.177506  -3.204549   0.296945
    55  0.05482547    1.491877   34.403531       2.139615   1.160810   2.942477
    56  0.14041037    3.820760   88.108912       2.490061  -2.720500  -0.943185
    57  0.17698470    4.815999  111.059668       2.489353  -2.057433  -2.805421
    58  0.15594042    4.243355   97.854175       2.732420   3.984052   2.837031
    59  0.18078659    4.919453  113.445391       2.743527   3.213575  -0.430105
    60  0.13572806    3.693348   85.170717       2.869737   6.138802  -0.709927
    61  0.17195275    4.679072  107.902068       2.964767  -4.737528   2.459840
    62  0.18922838    5.149166  118.742703       2.956608  -2.085285   2.204139
    63  0.13135079    3.574237   82.423935       3.150442   5.372273   1.597580
    64  0.17929548    4.878878  112.509706       3.368088  -0.956584   0.428200
    65  0.16235248    4.417836  101.877807       3.775925   3.144540  -2.047877
    66  0.11405105    3.103487   71.568172       3.790774   4.898885  -2.473880
    67  0.14070997    3.828913   88.296916       3.848959  -2.744392  -3.153543
    68  0.17590117    4.786514  110.379746       3.834738  -2.327392   1.330242
    69  0.13390705    3.643796   84.028010       3.935620  -1.404420  -1.745626
    70  0.14137460    3.846999   88.713977       3.813075   5.472491   0.241568
    71  0.16536003    4.499675  103.765071       3.989403   7.033346   0.715861
    72  0.12876756    3.503944   80.802934       4.102447   4.134912  -0.276378
    73  0.15573613    4.237796   97.725977       4.319951   2.373323   0.606779
    74  0.15064942    4.099379   94.534017       4.522831  -3.864455  -0.861369
    75  0.10613373    2.888046   66.599980       4.510069   3.605734   2.005573
    76  0.19861852    5.404685  124.635104       4.833748  -2.882393   2.320480
    77  0.16235751    4.417973  101.880963       4.790417   5.928320  -0.990019
    78  0.18540379    5.045094  116.342731       5.047152  -3.472429  -4.204353
*   79  0.25776082    7.014029  161.747492       5.017160   0.319342  -1.618992
    80  0.15823997    4.305929   99.297167       5.194030  -2.399491  -0.989688
    81  0.15970648    4.345834  100.217411       5.133737   5.203631   1.167495
    82  0.11834743    3.220397   74.264196       5.884365  -5.032708  -1.765753
    83  0.14751869    4.014188   92.569454       5.960401  -3.377523   1.339196
    84  0.14278647    3.885417   89.599939       6.172072  -3.823286  -2.992592
    85  0.12412942    3.377733   77.892453       6.910835  -2.799394  -1.918908
    86  0.14262609    3.881053   89.499295       7.196826  -4.199629  -0.845608
    87  0.18654671    5.076194  117.059927       7.467427  -4.203838   0.865065
    88  0.18695068    5.087187  117.313420       7.542041  -4.464218  -2.417962
