 Number of surface minima:    71
   #       a.u.         eV      kcal/mol           X/Y/Z coordinate(Angstrom)
     1  0.12132388    3.301391   76.131949      -7.228215  -2.841406   0.930517
     2  0.11568875    3.148051   72.595847      -6.640654  -3.117821  -1.127808
     3  0.10378982    2.824265   65.129152      -6.376065  -2.469736  -0.069453
     4  0.11645075    3.168786   73.074011      -6.242381  -4.772726   1.527156
     5  0.10601259    2.884749   66.523962      -6.077768  -1.989256   1.154904
     6  0.11992347    3.263283   75.253174      -5.912498  -1.790278   2.246234
     7  0.10500517    2.857336   65.891792      -5.722821  -2.369146  -0.855135
     8  0.10816113    2.943214   67.872191      -5.821502   1.337143   1.003215
     9  0.09616199    2.616701   60.342610      -5.198313  -4.753824   0.589684
    10  0.10589616    2.881581   66.450900      -5.185416  -1.518518   1.253490
    11  0.10087915    2.745061   63.302675      -5.320066   1.187532   2.562675
    12  0.10310902    2.805739   64.701938      -5.149642  -0.255943   1.156012
    13  0.09698818    2.639183   60.861056      -4.920828  -4.292594   1.752484
    14  0.09526161    2.592200   59.777613      -4.579169  -4.690366  -0.201748
    15  0.11697179    3.182964   73.400969      -4.585089  -1.785812  -0.659775
    16  0.11637311    3.166673   73.025289      -4.391650  -1.408071   0.357667
    17  0.13191070    3.589473   82.775285      -4.391650   3.643037   0.667950
    18  0.13926000    3.789457   87.387042      -4.324394   1.979573  -0.795963
    19  0.09294627    2.529197   58.324712      -3.994767  -3.774885   2.047256
    20  0.10320487    2.808347   64.762086      -3.465590  -4.055809   0.062841
    21  0.12166516    3.310677   76.346102      -3.441253   0.181035   0.513307
    22  0.12097683    3.291947   75.914172      -3.457484   4.504454   0.200140
    23  0.12316575    3.351510   77.287738      -3.310157   2.935182  -1.907405
    24  0.10127444    2.755818   63.550725      -3.201002  -3.645867   1.052116
    25  0.12165935    3.310519   76.342460      -3.198632   0.260469   0.327711
    26  0.12100195    3.292631   75.929934      -3.062657   1.855676  -1.124217
    27  0.09503437    2.586017   59.635018      -3.199705   2.111997   3.898246
    28  0.11792827    3.208992   74.001171      -3.134840   3.633266   0.922769
    29  0.11075173    3.013708   69.497818      -2.936413  -2.988044   2.179550
    30  0.08863196    2.411798   55.617444      -2.936413  -0.137136  -1.063013
    31  0.12130345    3.300835   76.119126      -2.876222   0.452232   0.123032
    32  0.11388994    3.099103   71.467079      -2.818994   5.278683  -0.344952
    33  0.11073267    3.013189   69.485858      -2.703128   3.691032  -2.500029
    34  0.05884092    1.601143   36.923265      -2.296215   0.733322  -3.641399
    35  0.12297415    3.346297   77.167510      -2.030741   1.701873  -1.010195
    36  0.10269627    2.794508   64.442935      -1.902552   2.979869   3.312140
    37  0.09789681    2.663908   61.431230      -1.496050   0.385179   0.318726
    38  0.09054659    2.463898   56.818892      -1.481176   0.991636   3.237904
    39  0.03542221    0.963887   22.227793      -1.242619  -1.724668   1.460348
    40  0.09273610    2.523478   58.192828      -1.281431   1.053513   2.311844
    41  0.09000948    2.449282   56.481847      -1.174604   1.506954  -1.886822
    42  0.05138843    1.398350   32.246751      -0.914163  -1.049458  -2.813419
    43  0.02903154    0.789988   18.217582       0.079431   0.392041   1.987001
    44  0.16674018    4.537231  104.631132       0.360771   5.629107  -0.618722
    45  0.01695051    0.461247   10.636617       0.476242  -2.268742  -3.033926
    46  0.16301839    4.435956  102.295672       0.652064   4.372825  -2.429667
    47  0.15127084    4.116289   94.923963       0.764084   4.717192   0.307960
    48  0.14349474    3.904690   90.044384       1.056489   3.216966  -1.874829
*   49 -0.00170488   -0.046392   -1.069830       1.218306  -3.523192  -0.412740
    50  0.00147831    0.040227    0.927654       1.299618  -3.038618   0.862177
    51  0.06538730    1.779279   41.031187       2.136261  -1.270056  -0.958444
    52  0.04346777    1.182818   27.276461       2.224401  -0.131201  -2.042377
    53  0.12590305    3.425996   79.005423       2.400906   1.099060   2.708727
    54  0.06910579    1.880464   43.364574       2.986468  -2.527218  -1.527456
    55  0.08624291    2.346789   54.118288       3.324118   0.284463  -3.201818
    56  0.15920324    4.332140   99.901625       3.546008   1.053513  -0.658738
    57  0.14963627    4.071810   93.898254       3.463143   1.102942   3.684217
    58  0.06090281    1.657250   38.217121       3.749571  -3.770107  -2.610448
    59  0.07500522    2.040996   47.066526       4.029081  -2.407739   0.586469
    60  0.14388532    3.915319   90.289474       4.273780   2.575051   1.518078
    61  0.08762091    2.384286   54.982995       4.661334  -2.461462   1.442756
    62  0.08649489    2.353646   54.276406       4.778273  -1.815346   2.576433
    63  0.15808642    4.301750   99.200810       5.011669   2.249447   2.586573
    64  0.09386541    2.554208   58.901483       5.237005   1.000670  -2.464929
    65  0.07657403    2.083685   48.050972       5.454947  -3.916852  -2.129343
    66  0.07217269    1.963919   45.289082       5.473817  -3.104217  -3.433417
    67  0.07995194    2.175603   50.170640       5.400761  -0.408327  -3.643923
    68  0.09960080    2.710276   62.500500       5.845652  -0.747967  -0.466336
    69  0.11095979    3.019369   69.628376       6.456482  -1.724668  -0.532947
    70  0.10317260    2.807469   64.741840       6.514914  -0.872470   0.459724
    71  0.09834658    2.676146   61.713459       6.617423  -0.254493   1.390041
 
 Number of surface maxima:    92
   #       a.u.         eV      kcal/mol           X/Y/Z coordinate(Angstrom)
     1  0.18707836    5.090661  117.393542      -7.680535  -4.094607   1.666342
     2  0.14205722    3.865573   89.142324      -6.952872  -4.246890   0.167365
     3  0.18613150    5.064896  116.799379      -6.857472  -4.599218  -1.504256
     4  0.12368374    3.365606   77.612783      -6.892972  -2.522044   0.995048
     5  0.14304843    3.892546   89.764320      -6.516811  -3.308593   2.324547
     6  0.11354943    3.089837   71.253400      -5.776588   0.760643   1.503433
     7  0.18794889    5.114349  117.939809      -5.582299  -2.626342   3.686390
     8  0.16503430    4.490812  103.560673      -5.462063   2.610332   1.764945
     9  0.20109044    5.471949  126.186260      -5.428629   2.788901  -0.055623
    10  0.14702640    4.000792   92.260539      -5.306733  -3.836534  -1.787881
    11  0.15666351    4.263031   98.307916      -5.053122  -2.314092   0.327430
    12  0.16899992    4.598722  106.049137      -5.118329   0.459129  -0.334042
    13  0.20092928    5.467564  126.085134      -4.832223   5.141239  -1.942754
    14  0.16912957    4.602250  106.130497      -4.685671  -0.331581   2.708727
    15  0.16003916    4.354887  100.426172      -4.748800   3.861971  -0.971168
    16  0.14997926    4.081143   94.113487      -4.406667  -3.738853   0.715377
    17  0.14623750    3.979325   91.765496      -4.331031  -2.060931   2.769346
    18  0.19091040    5.194936  119.798183      -4.259356   1.651199  -1.985359
    19  0.19889559    5.412224  124.808971      -4.019177  -3.452859  -2.619187
    20  0.14817279    4.031987   92.979907      -4.090944   1.730089  -0.035250
    21  0.14301138    3.891538   89.741072      -4.073206   2.298017  -1.338541
    22  0.18757188    5.104091  117.703233      -3.991513  -1.194648  -3.376239
    23  0.12815835    3.487366   80.420643      -3.935528   1.509635   2.635672
    24  0.15076552    4.102538   94.606873      -3.984381   2.530923   1.008690
    25  0.12609184    3.431134   79.123893      -3.730179  -0.081475   1.044562
    26  0.13204876    3.593229   82.861917      -3.323376   0.410429   2.305821
    27  0.15936137    4.336443  100.000854      -3.333296   3.506058   3.078049
    28  0.17767073    4.834666  111.490159      -3.209523  -2.656039  -1.543763
    29  0.16038240    4.364227  100.641558      -3.075754   5.431278  -2.049278
    30  0.15587879    4.241678   97.815502      -2.960502  -1.335335   0.570891
    31  0.16389925    4.459925  102.848418      -2.949263  -1.033767  -0.714888
    32  0.15744786    4.284374   98.800105      -2.958573   0.471395   3.899376
    33  0.18764268    5.106017  117.747657      -2.886539  -1.439825   2.626307
    34  0.14162079    3.853698   88.868460      -2.775026  -0.392425   0.884599
    35  0.12786053    3.479262   80.233763      -2.520246   1.344677  -1.775260
    36  0.14477608    3.939558   90.848440      -2.403051  -2.383928   0.994726
    37  0.18002480    4.898724  112.967364      -2.259598   2.934601  -1.252213
    38  0.17974707    4.891166  112.793082      -2.246371   3.982537  -0.032633
    39  0.19073258    5.190097  119.686600      -2.173526  -2.661021  -2.236484
    40  0.10920669    2.971665   68.528288      -2.078343   2.308466   3.831386
    41  0.16505867    4.491475  103.575965      -1.820210  -3.254351  -0.201748
    42  0.21466724    5.841393  134.705838      -1.620342   6.064374  -2.559028
    43  0.16757840    4.560040  105.157122      -1.374413   1.256948  -0.130606
    44  0.15515984    4.222114   97.364354      -1.287158  -0.075412  -0.302309
    45  0.18734458    5.097905  117.560600      -1.284468   1.957407   1.121195
    46  0.16031464    4.362383  100.599037      -1.055255  -1.569725  -1.220779
    47  0.14166396    3.854872   88.895553      -0.555116  -0.691074   1.069801
    48  0.17181937    4.675443  107.818370      -0.647672   2.271961   2.470341
    49  0.19377576    5.272907  121.596228      -0.608601   5.233445  -1.842765
    50  0.10890496    2.963455   68.338949      -0.184758  -2.312328   0.062841
    51  0.23188095    6.309801  145.507613      -0.012280   3.467610   0.347518
    52  0.21907263    5.961269  137.470266       0.096856   2.755013  -1.044846
    53  0.17804739    4.844916  111.726516       0.397283   0.934181  -0.683601
    54  0.17693586    4.814670  111.029020       0.623865   0.914658  -3.098964
    55  0.23479835    6.389188  147.338311       0.615804   5.905137  -2.053868
    56  0.04149573    1.129156   26.038986       0.917783  -3.808324  -2.417698
    57  0.14997909    4.081139   94.113379       0.967288  -0.731442  -1.722113
    58  0.16124972    4.387828  101.185809       1.275103   0.119190   0.689419
    59  0.05803036    1.579086   36.414633       1.610997  -2.121551   2.758130
    60  0.11616809    3.161095   72.896639       1.633672  -1.460079  -0.233068
    61  0.19453350    5.293526  122.071714       1.686920   4.889433  -1.126707
    62  0.21946088    5.971834  137.713897       2.241165   3.204574   0.741644
    63  0.24162524    6.574957  151.622252       2.223065   3.777286   2.553631
    64  0.08814545    2.398560   55.312150       2.243270  -1.583494  -1.268735
    65  0.10452053    2.844148   65.587678       2.266184  -1.307979  -2.165445
    66  0.14115464    3.841013   88.575950       2.741467  -0.932605  -0.076771
    67  0.19835446    5.397499  124.469405       2.795593   0.567686   1.676883
*   68  0.24445961    6.652084  153.400847       3.137037   4.223718  -0.606128
    69  0.09403152    2.558728   59.005719       3.159908  -0.393739  -2.709001
    70  0.17456954    4.750279  109.544134       3.394958  -0.011260  -0.890837
    71  0.18744649    5.100679  117.624550       3.478742   2.706073   3.038344
    72  0.10099964    2.748340   63.378283       3.733775  -1.566729  -3.056750
    73  0.16987486    4.622530  106.598171       3.688174   1.335306  -1.780500
    74  0.22272740    6.060721  139.763671       3.738284   1.378084   0.724313
    75  0.13010477    3.540331   81.642047       4.060210  -2.921894  -4.065107
    76  0.14005978    3.811221   87.888915       4.039025  -0.547850  -4.364672
    77  0.12744325    3.467907   79.971911       4.356961  -4.211171  -1.139432
    78  0.15306875    4.165212   96.052168       4.321430  -1.233054   1.505935
    79  0.11414067    3.105926   71.624415       4.684109  -2.703275  -0.623207
    80  0.22583006    6.145149  141.710624       4.705072   1.973543   4.017939
    81  0.10019271    2.726382   62.871926       4.793427   0.845694  -3.244517
    82  0.16115364    4.385214  101.125524       4.945882   2.188798   2.179550
    83  0.10426826    2.837284   65.429377       5.123443  -1.452133  -2.958181
    84  0.08122068    2.210127   50.966788       5.265834  -3.800102  -2.806359
    85  0.16244766    4.420426  101.937529       5.319305  -0.215959   0.724313
    86  0.12672064    3.448244   79.518469       5.530422  -1.710436  -1.099816
    87  0.20204349    5.497883  126.784311       6.122022   0.154641   3.961799
    88  0.17474375    4.755019  109.653451       6.311894  -3.293630  -0.455751
    89  0.14527215    3.953056   91.159730       6.374461   0.031676  -2.420103
    90  0.13695836    3.726827   85.942743       6.588777  -2.604057   0.878745
    91  0.14075676    3.830186   88.326272       6.596844  -2.499222  -2.300337
    92  0.18307398    4.981696  114.880755       7.321146  -2.579830   2.382742
