 Number of surface minima:    56
   #       a.u.         eV      kcal/mol           X/Y/Z coordinate(Angstrom)
     1  0.13013415    3.541130   81.660483      -6.755231  -1.176982  -2.526130
     2  0.14019451    3.814887   87.973457      -6.401119   0.933805  -2.002875
     3  0.13714471    3.731897   86.059680      -5.823407   0.310850   0.172915
     4  0.11107661    3.022548   69.701686      -5.704422  -1.830841  -1.548338
     5  0.11220044    3.053129   70.406895      -5.420633  -1.535387  -2.865275
     6  0.12697156    3.455072   79.675922      -5.373597   0.741973  -1.003033
     7  0.15381025    4.185390   96.517469      -5.350498   3.009622   0.502982
     8  0.10580214    2.879023   66.391903      -5.098779  -2.115504  -0.848839
     9  0.12611765    3.431836   79.140089      -5.015004   1.002510  -2.200901
    10  0.13766001    3.745919   86.383036      -4.905310   1.090143  -3.400995
    11  0.12679843    3.450361   79.567281      -4.766949   0.467216  -0.237373
    12  0.11396313    3.101095   71.513007      -4.468766  -1.627563  -3.115504
    13  0.14895241    4.053201   93.469125      -4.516740   4.300400   2.109680
    14  0.13963612    3.799692   87.623061      -4.426732   2.246720   0.368394
    15  0.15842295    4.310908   99.411988      -4.369095   4.438275  -1.150350
    16  0.14495130    3.944326   90.958392      -4.219467  -0.223765   0.820691
    17  0.14898045    4.053964   93.486723      -4.301168   3.166050  -0.432102
    18  0.11924618    3.244854   74.828169      -4.074942  -2.293682   0.189891
    19  0.12938174    3.520656   81.188335      -4.117557   0.944555  -2.475387
    20  0.11639368    3.167233   73.038197      -3.839306  -2.207075  -1.147665
    21  0.14162476    3.853806   88.870956      -3.677461   0.353143  -0.603791
    22  0.15506788    4.219612   97.306645      -3.585320   5.713157   0.438194
    23  0.12166374    3.310639   76.345213      -3.522109  -1.997305  -2.178471
    24  0.13455723    3.661488   84.436007      -3.521984   3.810235   2.313650
    25  0.14476029    3.939128   90.838530      -3.433377   4.704878   1.500977
    26  0.14443068    3.930159   90.631693      -3.307745   0.576963  -1.675076
    27  0.14532149    3.954399   91.190687      -3.388481   3.535746  -1.228407
    28  0.12825171    3.489906   80.479230      -2.924726  -1.401327   0.567483
    29  0.14167040    3.855048   88.899595      -2.468726   5.110557   0.715331
    30  0.03161571    0.860307   19.839174      -2.039343  -1.907608   1.168252
    31  0.08607657    2.342263   54.013909      -1.839169  -3.350937  -0.867770
    32  0.04738523    1.289418   29.734706      -1.437168  -0.644575   2.961076
    33  0.18307025    4.981595  114.878412      -1.465196   2.263102  -1.070462
    34  0.02082147    0.566581   13.065683      -0.790047  -4.204206   0.315189
    35  0.11033046    3.002244   69.233464      -0.768484  -2.560899  -2.193900
    36  0.03890847    1.058753   24.415451      -0.511108  -5.134331  -1.958188
    37  0.17450507    4.748525  109.503679      -0.268074   1.392892  -1.045203
    38  0.00540014    0.146945    3.388643       0.323739  -0.547037   3.014686
    39  0.17879784    4.865337  112.197432       0.476097   2.916132   1.037806
*   40 -0.02421295   -0.658868  -15.193869       0.562359  -3.344231   3.367260
    41  0.04365728    1.187975   27.395380       1.004599  -3.170081  -1.536931
    42  0.03879152    1.055571   24.342069       1.367220  -1.983994  -1.367290
    43 -0.01488467   -0.405032   -9.340279       1.937978  -2.898174   2.961076
    44  0.17758551    4.832348  111.436685       2.239223   2.047739  -1.318918
    45  0.14118866    3.841939   88.597294       2.522288   1.286303   1.237242
    46  0.06018979    1.637847   37.769695       3.096840  -2.533078  -0.743165
    47  0.15256452    4.151492   95.735762       3.754650   1.563703   1.021800
    48  0.12918492    3.515300   81.064829       5.679452   2.987281  -1.728787
    49  0.12202336    3.320424   76.570877       6.078024   0.858101  -2.505607
    50  0.12127782    3.300137   76.103045       6.164386   2.193516   0.772852
    51  0.13128358    3.572408   82.381760       6.388879   2.061221  -2.153598
    52  0.11310753    3.077812   70.976107       6.563444   0.076807  -0.018740
    53  0.12444554    3.386335   78.090823       6.881278   1.258008   0.286166
    54  0.14158445    3.852709   88.845656       6.905186   3.244078  -1.652687
    55  0.13521414    3.679364   84.848226       7.165644   1.004804  -2.463185
    56  0.13722901    3.734191   86.112576       7.275009   2.584881   0.440263
 
 Number of surface maxima:    68
   #       a.u.         eV      kcal/mol           X/Y/Z coordinate(Angstrom)
     1  0.20184686    5.492532  126.660924      -7.551366   0.068308  -2.479031
     2  0.19909450    5.417637  124.933790      -6.845884  -0.842958   0.573151
     3  0.15805089    4.300784   99.178517      -6.825843  -0.291554  -0.982736
     4  0.13143153    3.576434   82.474597      -6.441990  -1.372994  -2.458464
     5  0.15959990    4.342934  100.150534      -6.125524   0.209101  -3.314812
     6  0.14346807    3.903965   90.027650      -6.067469   0.938887  -1.697602
     7  0.21974347    5.979524  137.891227      -5.935174   3.993830   1.454032
     8  0.20488603    5.575232  128.568031      -5.161834   0.361506  -4.716080
     9  0.15582300    4.240160   97.780494      -5.136510  -0.978949   0.707379
    10  0.18045847    4.910525  113.239492      -4.876820   2.747251   1.942163
    11  0.18067777    4.916492  113.377109      -4.948753   4.635174   0.375551
    12  0.16760028    4.560636  105.170854      -4.539482  -1.378431  -1.861065
    13  0.22338574    6.078635  140.176783      -4.479937   5.826569  -0.743165
    14  0.22358337    6.084013  140.300799      -4.340641   1.431338   2.817521
    15  0.17697680    4.815783  111.054709      -4.256715   0.148136  -1.418228
    16  0.18863380    5.132987  118.369598      -3.846915  -1.378431   1.446003
    17  0.16911035    4.601727  106.118433      -3.686171  -0.055488  -3.969576
    18  0.16846877    4.584268  105.715835      -3.043686  -4.692637  -1.947362
    19  0.21155650    5.756745  132.753821      -3.080472   2.799215  -0.005171
    20  0.21675964    5.898330  136.018842      -2.902177   1.000220   1.631434
    21  0.18830084    5.123926  118.160661      -2.889844   5.260170  -0.990388
    22  0.15660130    4.261338   98.268881      -2.784776  -1.830609  -0.213988
    23  0.21304881    5.797353  133.690261      -2.495522   1.644821   2.517380
    24  0.20858325    5.675839  130.888076      -2.511572   3.770206   1.097688
    25  0.15559579    4.233977   97.637916      -2.255597  -2.349000  -0.887984
    26  0.22522145    6.128587  141.328714      -2.030900  -0.422405  -3.850489
    27  0.20438253    5.561531  128.252081      -1.862230  -0.514703  -2.330697
    28  0.22392850    6.093404  140.517373      -1.554083   0.098345  -0.862558
    29  0.02556274    0.695598   16.040875      -1.503112  -3.428789   3.622547
    30  0.24334977    6.621884  152.704416      -1.377383   5.103990  -1.741734
    31  0.19368016    5.270305  121.536238      -1.204583  -0.243210   1.491829
    32  0.26071364    7.094379  163.600416      -1.165522   1.402110   0.183674
    33  0.18345865    4.992164  115.122140      -0.976378  -3.298938  -3.918228
    34  0.10712048    2.914896   67.219171      -0.973579  -2.766962   0.679772
    35  0.21498193    5.849956  134.903313      -0.970948   1.469087   2.765824
    36  0.22838465    6.214662  143.313650      -0.775685   3.913389  -0.875425
    37  0.22545802    6.135025  141.477160      -0.642475  -0.849100  -2.458047
    38  0.25887615    7.044378  162.447371      -0.538130   2.267759   1.315493
    39  0.18735769    5.098262  117.568822      -0.214745  -1.714148  -0.682000
    40  0.19211793    5.227795  120.555921      -0.178243  -0.251800   0.251171
    41  0.07815870    2.126806   49.045368       0.414952  -4.772461  -1.119205
    42  0.10050957    2.735005   63.070763       0.842568  -3.311849   1.373544
    43  0.10763731    2.928960   67.543488       0.833226  -1.492300   2.329647
*   44  0.27322707    7.434887  171.452719       0.706930   3.674386  -1.518105
    45  0.21407889    5.825383  134.336644       0.980010   0.887685  -1.104168
    46  0.23683140    6.444510  148.614073       1.345468   2.731671  -0.212813
    47  0.13716454    3.732437   86.072120       1.605126  -4.817332   0.182655
    48  0.16029500    4.361849  100.586714       1.618512  -0.573029   0.731795
    49  0.11809806    3.213612   74.107715       1.664555  -2.245537  -0.081693
    50  0.26305033    7.157963  165.066712       2.399367   3.848400   0.685043
    51  0.17571806    4.781532  110.264839       2.531661  -1.378431  -0.289392
    52  0.21742939    5.916555  136.439116       2.723565  -0.392761  -2.066108
    53  0.24980989    6.797673  156.758203       2.916825   1.129098  -1.160474
    54  0.23530330    6.402928  147.655174       3.169679   0.605984   0.257046
    55  0.09540523    2.596108   59.867738       3.748720  -2.514324  -2.029013
    56  0.21388784    5.820184  134.216762       3.745457   3.285674   0.070882
    57  0.04859367    1.322301   30.493016       3.904442  -2.135261   1.800256
    58  0.20241673    5.508039  127.018522       4.253228  -0.584016  -1.931393
    59  0.19447972    5.292062  122.037972       4.585635  -0.981548  -0.768848
    60  0.22922559    6.237546  143.841350       4.783605   4.448875   0.319443
    61  0.19361545    5.268544  121.495629       5.223664   1.704272  -1.476905
    62  0.18731218    5.097024  117.540264       5.518942   1.211967  -0.004888
    63  0.20605549    5.607055  129.301878       6.012073  -1.591581  -1.919287
    64  0.17250806    4.694183  108.250533       6.216457   3.743682  -0.223032
    65  0.16158467    4.396942  101.395994       7.019282  -0.296295  -1.655645
    66  0.16337125    4.445558  102.517090       7.804716   2.057174  -1.153101
    67  0.20794991    5.658605  130.490646       7.887261   3.580286  -0.579411
    68  0.20239474    5.507441  127.004724       8.474998   0.618574  -1.660568
