 Number of surface minima:    62
   #       a.u.         eV      kcal/mol           X/Y/Z coordinate(Angstrom)
     1  0.13014679    3.541474   81.668410      -6.535468  -1.619408  -1.072556
     2  0.14051782    3.823684   88.176337      -6.392103  -0.364260  -2.727882
     3  0.12384372    3.369959   77.713171      -5.921866  -0.730620  -1.523842
     4  0.12214671    3.323781   76.648283      -5.891307   1.141462  -0.428394
     5  0.12497300    3.400688   78.421808      -5.701597  -3.311775  -2.345197
     6  0.13335521    3.628780   83.681727      -5.523741  -1.909639  -4.008672
     7  0.11576326    3.150078   72.642603      -5.617955   0.885636   1.505536
     8  0.12601243    3.428973   79.074062      -5.650117   3.631669  -1.255856
     9  0.12159220    3.308692   76.300323      -5.536066  -1.269808  -0.592737
    10  0.12264491    3.337338   76.960909      -5.148025   5.004211   0.026065
    11  0.13469097    3.665128   84.519932      -5.101376   0.164917  -2.198705
    12  0.11399550    3.101975   71.533319      -4.897080  -2.674415  -3.016311
    13  0.10914831    2.970076   68.491654      -4.883437   2.810803   3.165460
    14  0.11353240    3.089374   71.242718      -4.622681  -3.168149  -2.219034
    15  0.12867246    3.501356   80.743258      -4.630763   0.013699   0.178589
    16  0.11244240    3.059713   70.558728      -4.618848   4.469993   2.635548
    17  0.13590779    3.698239   85.283498      -4.354260  -0.966024  -0.286877
    18  0.14270905    3.883311   89.551356      -4.102196   0.407744  -1.866161
    19  0.11848722    3.224201   74.351915      -4.083265  -1.807462  -3.648055
    20  0.12307007    3.348907   77.227697      -3.310922  -2.943348  -1.696031
    21  0.11465373    3.119887   71.946364      -3.322742   3.599446   3.213451
    22  0.11786088    3.207158   73.958881      -3.096373  -1.619965  -3.322115
    23  0.12571373    3.420845   78.886623      -2.634434  -2.171310  -2.285928
    24  0.18390244    5.004240  115.400622      -2.532978   1.155878  -0.281684
    25  0.19204496    5.225809  120.510132      -2.538384   2.936905  -1.820063
    26  0.17904735    4.872126  112.354006      -2.459957   1.786081  -0.987083
    27  0.18777948    5.109739  117.833500      -1.941218   4.461912  -0.415301
    28  0.17955443    4.885925  112.672202      -1.862831   3.026887   1.457031
    29  0.17368817    4.726295  108.991061      -1.791559   3.653678   0.760879
    30  0.05895406    1.604222   36.994261      -1.585270   0.042507   2.689068
    31  0.09818361    2.671712   61.611199      -1.182270  -3.023582  -1.263062
    32  0.18269300    4.971329  114.641681      -1.297922   2.019665  -1.668168
    33  0.17897672    4.870204  112.309679      -0.741974   3.920528   0.070693
    34  0.07500563    2.041007   47.066780      -0.517725  -0.865053  -1.091114
    35  0.18089630    4.922439  113.514234      -0.321861   1.419136  -1.404939
    36  0.19338304    5.262220  121.349790      -0.260577   2.413398  -2.199543
    37  0.01604693    0.436659   10.069610       0.011452   0.329108   2.890981
    38  0.04402254    1.197914   27.624584       0.143747  -5.330068  -0.946680
    39  0.02800302    0.762001   17.572174       0.113005  -4.068500   1.188395
    40  0.18717502    5.093291  117.454196       0.171854   3.356039   0.341533
*   41 -0.00962667   -0.261955   -6.040831       0.502402  -2.375889   3.743796
    42  0.04808173    1.308371   30.171769       0.937512  -2.984891  -1.231112
    43  0.03415606    0.929434   21.433272       1.572265  -1.696058  -1.295249
    44 -0.00697953   -0.189923   -4.379727       1.863573  -2.011938   3.429804
    45  0.15365056    4.181044   96.417263       2.397134   1.885363   0.979664
    46  0.06549702    1.782265   41.100038       2.675281  -1.942476  -0.863813
    47  0.16906283    4.600434  106.088618       3.289440   2.532878  -1.719042
    48  0.06558698    1.784713   41.156488       3.460936  -1.957113   0.067296
    49  0.15149709    4.122445   95.065936       3.476003   2.172022   0.877712
    50  0.14408718    3.920812   90.416148       4.132755   0.315543   0.607351
    51  0.16069067    4.372615  100.835002       4.143065   1.779442  -1.893026
    52  0.14469933    3.937469   90.800277       4.371567   1.372085   0.710870
    53  0.17364906    4.725231  108.966523       4.622181   2.933442  -1.573521
    54  0.16493928    4.488226  103.501048       4.800344   2.692931   0.587340
    55  0.10814895    2.942883   67.864550       5.415430  -0.504700  -3.425800
    56  0.08482050    2.308083   53.225713       5.673269  -1.039700   1.326347
    57  0.09828765    2.674543   61.676485       6.626167  -1.365812  -2.538786
    58  0.08984988    2.444939   56.381696       6.890756  -1.732348   0.160171
    59  0.10314294    2.806662   64.723224       6.943675   0.350130  -3.389353
    60  0.09122682    2.482408   57.245740       7.340033  -0.337629   1.293341
    61  0.10819162    2.944044   67.891324       7.793569   2.270211  -1.793401
    62  0.10469249    2.848827   65.695582       7.921711   2.010422   0.166238
 
 Number of surface maxima:    86
   #       a.u.         eV      kcal/mol           X/Y/Z coordinate(Angstrom)
     1  0.19783855    5.383461  124.145666      -7.133715  -2.878312  -1.658552
     2  0.20385663    5.547221  127.922071      -6.631487  -0.764990  -4.074544
     3  0.15788102    4.296161   99.071921      -6.541488  -1.757723  -2.798402
     4  0.17931162    4.879317  112.519837      -6.601219   1.885776   0.711739
     5  0.18334677    4.989119  115.051929      -6.346114   4.007604   0.065707
     6  0.17464752    4.752401  109.593065      -5.940149   3.604870   2.298981
     7  0.15914726    4.330617   99.866496      -5.679445  -3.011740  -0.739222
     8  0.13497291    3.672800   84.696853      -5.442432   0.292168   0.296630
     9  0.16124075    4.387584  101.180183      -5.326212   2.943098   0.844064
    10  0.16553128    4.504335  103.872533      -5.107691  -0.099671  -3.878196
    11  0.15794308    4.297850   99.110862      -5.039550   2.408535  -0.624346
    12  0.14010601    3.812478   87.917921      -4.960245   4.662924  -1.217159
    13  0.20674772    5.625892  129.736264      -4.759735  -3.543272   0.451705
    14  0.14568692    3.964343   91.420002      -4.873883   2.022542   1.769708
    15  0.18971290    5.162351  119.046744      -4.456932   0.879668  -1.351659
    16  0.17990467    4.895455  112.891980      -4.485585  -0.758729  -1.535174
    17  0.15332369    4.172150   96.212146      -4.485859   4.265728   0.975432
    18  0.18037354    4.908214  113.186198      -4.222996   0.040148   1.642690
    19  0.20318831    5.529035  127.502695      -4.257824   3.066500  -2.118280
    20  0.12335876    3.356763   77.408857      -4.191070   3.758776   3.266031
    21  0.17143883    4.665088  107.579580      -3.957377  -2.010156  -2.389363
    22  0.21553076    5.864890  135.247706      -3.741757   0.777420  -4.364382
    23  0.18867800    5.134189  118.397331      -3.490725  -2.543494   0.314887
    24  0.17052276    4.640160  107.004737      -3.433694   2.035217   3.343633
    25  0.19762849    5.377745  124.013855      -3.440425   5.322066  -0.222059
    26  0.20351511    5.537928  127.707765      -3.184684   1.744845   1.526582
    27  0.20188845    5.493664  126.687023      -3.145121   2.953894  -0.998631
    28  0.18390912    5.004422  115.404811      -3.001177   4.825357   2.050320
    29  0.19649811    5.346985  123.304529      -2.881296  -3.127011   1.117283
    30  0.17737996    4.826754  111.307700      -2.766728   0.297212  -3.070360
    31  0.20042765    5.453914  125.770352      -2.857456   3.869158  -0.081996
    32  0.20256180    5.511987  127.109553      -2.751727  -1.012473   0.716462
    33  0.20822361    5.666053  130.662399      -2.472972   2.198730   1.951817
    34  0.25571114    6.958254  160.461299      -2.490002   4.389692  -1.780143
    35  0.17484602    4.757802  109.717628      -2.326669  -5.612856  -0.214290
    36  0.11615504    3.160739   72.888448      -2.359039  -4.589334  -1.528619
    37  0.21743144    5.916610  136.440403      -2.344073   0.443052   0.604078
    38  0.04559476    1.240696   28.611167      -1.718244  -2.610798   3.767223
    39  0.17110692    4.656056  107.371303      -1.789096  -1.396215  -1.404939
    40  0.18054798    4.912960  113.295661      -1.336936  -4.213255  -2.903448
    41  0.22723251    6.183311  142.590671      -1.443266   0.297458  -2.198524
    42  0.25781249    7.015435  161.779914      -1.207753   1.553193  -0.413546
    43  0.21620156    5.883144  135.668643      -1.204292   1.876763   2.157890
    44  0.22254635    6.055794  139.650057      -1.044166   3.738976  -1.799291
    45  0.16374275    4.455667  102.750214      -0.842503  -2.408864   0.844064
    46  0.25651211    6.980050  160.963916      -0.805530   2.641510   0.697286
    47  0.18824708    5.122464  118.126927      -0.098119  -0.045911   0.104059
    48  0.14793421    4.025494   92.830193       0.168286  -1.636435  -0.560405
*   49  0.27172123    7.393911  170.507786       0.548022   3.772995  -2.209092
    50  0.11725444    3.190656   73.578332       0.574908  -0.738804   2.477984
    51  0.10239344    2.786267   64.252910       0.937512  -2.683725   1.902419
    52  0.08479450    2.307376   53.209394       1.069807  -4.518417  -0.501897
    53  0.21340183    5.806959  133.911783       1.042088   1.024875  -1.338747
    54  0.24595969    6.692904  154.342166       1.130813   3.004104  -0.743467
    55  0.16482549    4.485130  103.429642       1.589065  -0.102247   0.839472
    56  0.12972887    3.530102   81.406166       1.863573  -1.883409   0.383269
    57  0.26292649    7.154594  164.989003       2.110162   4.373000  -0.087511
    58  0.15010326    4.084517   94.191296       2.526784  -3.802958   0.314136
    59  0.17661694    4.805991  110.828895       2.674284  -0.900097   0.078053
    60  0.21133395    5.750689  132.614165       2.822344  -0.342666  -1.756899
    61  0.22979654    6.253082  144.199629       3.051841   1.090205   0.314016
    62  0.24663248    6.711211  154.764349       2.922673   1.358357  -1.268420
    63  0.20766726    5.650913  130.313279       3.543112   3.724651  -0.349758
    64  0.05473322    1.489367   34.345643       3.809689  -1.167175   2.542322
    65  0.09566567    2.603195   60.031164       4.077671  -2.264325  -1.280992
    66  0.18311765    4.982885  114.908158       4.561733  -0.496554  -0.063953
    67  0.18396380    5.005909  115.439122       4.818158  -0.496554  -1.096239
    68  0.16257564    4.423908  102.017839       5.094086  -1.631753  -2.436376
    69  0.18375335    5.000183  115.307067       5.170930   2.149332  -1.347734
    70  0.23798404    6.475875  149.337364       5.191086   3.744498  -0.466703
    71  0.14836202    4.037136   93.098649       5.456631  -2.047158   0.069115
    72  0.17731504    4.824988  111.266962       5.329358   2.032818   0.064561
    73  0.17610396    4.792032  110.506994       5.543587   1.223272  -3.582087
    74  0.15645998    4.257493   98.180204       6.093315   0.521863   1.884388
    75  0.11528866    3.137164   72.344785       6.260887  -0.569293  -3.462092
    76  0.18486887    5.030538  116.007064       6.216356   3.088527  -2.075564
    77  0.17739999    4.827299  111.320267       6.525803   2.699104   0.884637
    78  0.12733334    3.464916   79.902941       6.502876  -0.901150  -1.141967
    79  0.13911028    3.785383   87.293089       6.758462   1.355566  -2.133840
    80  0.10052005    2.735290   63.077335       6.865160  -1.158026   1.178165
    81  0.13287147    3.615617   83.378177       7.056500   0.966865   0.328075
    82  0.14231554    3.872603   89.304425       7.296657   0.302385  -1.138940
    83  0.12270502    3.338973   76.998625       7.563717   2.947681  -0.736648
    84  0.16203040    4.409072  101.675699       7.984721  -0.336677  -2.440271
    85  0.15688518    4.269063   98.447018       8.204814  -0.745848  -0.070084
    86  0.16602561    4.517786  104.182728       8.622987   1.231008  -1.007028
