 Number of surface minima:    61
   #       a.u.         eV      kcal/mol           X/Y/Z coordinate(Angstrom)
     1  0.12434207    3.383520   78.025895      -6.975541   1.575214  -0.001657
     2  0.12213507    3.323464   76.640979      -6.823349   1.077276  -2.198586
     3  0.13847573    3.768116   86.894904      -6.391356   3.468980  -0.558021
     4  0.13475858    3.666967   84.562358      -6.197473   2.917963  -2.603197
     5  0.11423740    3.108558   71.685110      -5.892113   1.221077   0.345512
     6  0.11777208    3.204741   73.903157      -5.893652   2.278100   0.080204
     7  0.11341529    3.086187   71.169226      -5.799137   1.594156  -2.487042
     8  0.11067520    3.011625   69.449796      -5.678896   0.664377  -2.241371
     9  0.12892600    3.508255   80.902352      -4.869394   3.050376  -0.100369
    10  0.12735090    3.465394   79.913966      -4.692667   0.830604   0.490476
    11  0.12073355    3.285327   75.761512      -4.756898   2.383173  -2.645092
    12  0.12060406    3.281803   75.680253      -4.446610   0.155243  -2.047584
    13  0.13398333    3.645872   84.075879      -4.082295   2.651260   0.022863
    14  0.12026394    3.272548   75.466828      -3.772225   2.051779  -2.541301
    15  0.02084347    0.567180   13.079483      -3.695168  -3.571001   2.917131
    16  0.12574919    3.421810   78.908875      -3.656582   0.814092  -2.184953
    17 -0.00021754   -0.005920   -0.136508      -3.403595  -0.121072   4.220623
    18  0.01891609    0.514733   11.870037      -3.139006  -3.903897   0.234447
    19  0.12660714    3.445155   79.447246      -3.009418  -1.836315   0.575786
    20  0.05144323    1.399842   32.281143      -3.006712  -1.784195   2.221855
    21  0.12379093    3.368523   77.680048      -2.867944  -1.962501  -0.872984
    22  0.19786892    5.384287  124.164725      -2.202680   2.803046   1.118292
    23  0.17852009    4.857779  112.023143      -1.733380   1.707463   0.660303
    24  0.01310596    0.356631    8.224120      -1.528636  -3.965449   1.781317
    25  0.07817624    2.127284   49.056372      -1.110207  -0.076688  -1.274500
    26  0.19612819    5.336920  123.072402      -0.863983   3.327439   2.696357
    27 -0.00810105   -0.220441   -5.083488      -0.493120  -4.420801  -1.340811
    28  0.16182742    4.403548  101.548327      -0.329639   4.791920  -1.391589
    29  0.18075868    4.918694  113.427882      -0.181084   2.307673   2.741777
    30  0.02617776    0.712333   16.426807       0.143756  -1.763276  -2.122938
    31  0.17153677    4.667753  107.641037       0.239236   5.799999  -1.865087
    32 -0.00355706   -0.096793   -2.232092       0.410233  -4.622305   0.300802
    33  0.19035063    5.179704  119.446926       0.343791   1.506648  -0.858448
    34  0.19451056    5.292902  122.057322       0.392500   3.575622   1.881062
    35  0.16603539    4.518053  104.188871       0.632717   4.444416  -2.068266
    36  0.04070029    1.107511   25.539836       0.774565  -1.179427   2.506777
    37  0.15850433    4.313122   99.463049       1.192862   3.311520  -2.217654
    38  0.15984953    4.349727  100.307181       1.286059   5.362347   0.636974
*   39 -0.03185024   -0.866689  -19.986345       1.391062  -4.601742  -3.757250
    40  0.17084678    4.648977  107.208064       1.561688   6.299448  -0.216146
    41  0.17121276    4.658936  107.437720       1.865949   4.235792  -2.769006
    42  0.16852523    4.585805  105.751267       2.262424   5.110208  -0.144343
    43  0.16964911    4.616387  106.456514       2.822236  -0.522903   1.121448
    44  0.16595028    4.515737  104.135460       2.876250   4.042063  -0.286428
    45  0.17480591    4.756711  109.692459       3.186629   4.901222  -1.159911
    46  0.16506885    4.491752  103.582357       3.341594  -1.036664  -2.478891
    47  0.16670953    4.536397  104.611900       3.872592  -0.914838   0.918847
    48  0.15924896    4.333385   99.930316       4.137181  -1.840898   0.246998
    49  0.17570252    4.781109  110.255086       4.311048  -1.672629  -2.542625
    50  0.18019637    4.903393  113.075025       4.577392  -0.342332  -1.803677
    51  0.14423366    3.924798   90.508065       4.540231   0.672691   2.296720
    52  0.16049146    4.367195  100.709999       4.810280   2.418326   0.303212
    53  0.16029819    4.361935  100.588715       5.482905   1.466459   2.740767
    54  0.14938727    4.065034   93.742003       5.602153   0.270290   2.050358
    55  0.16879248    4.593077  105.918967       5.857007   2.789402   1.038195
    56  0.13826084    3.762269   86.760057       6.002863  -0.661429   1.399441
    57  0.16043553    4.365673  100.674901       5.907085   1.913421   0.048443
    58  0.14842576    4.038870   93.138646       6.322751   0.873849  -0.745323
    59  0.15441618    4.201878   96.897696       7.032285   0.011222   1.731504
    60  0.16047115    4.366642  100.697254       7.257990   1.147617  -0.083851
    61  0.16044727    4.365992  100.682265       7.232211   1.386427   0.048443
 
 Number of surface maxima:    67
   #       a.u.         eV      kcal/mol           X/Y/Z coordinate(Angstrom)
     1  0.19452170    5.293205  122.064311      -7.964509   1.271257  -1.042239
     2  0.15616779    4.249542   97.996852      -6.971938   2.657300  -1.407412
     3  0.15485621    4.213852   97.173820      -6.677338   0.165824  -0.723918
     4  0.20442742    5.562753  128.280249      -6.574356   4.239952  -1.783461
     5  0.20323727    5.530367  127.533417      -5.998285  -1.260526  -0.348440
     6  0.16615384    4.521276  104.263197      -5.590408  -2.899253   1.168987
     7  0.16809400    4.574070  105.480664      -5.022318   4.052547  -1.671383
     8  0.17672614    4.808963  110.897419      -4.708727   1.877003  -0.325279
     9  0.17134773    4.662609  107.522416      -4.627451   1.454060  -1.860620
    10  0.18428914    5.014762  115.643277      -4.516079  -0.836674  -0.216146
    11  0.19096303    5.196368  119.831212      -4.198958  -1.973567  -0.198708
    12  0.13924476    3.789043   87.377481      -4.096950  -5.743945   1.503680
    13  0.19199447    5.224435  120.478451      -3.311488  -0.266324   0.782415
    14  0.22427242    6.102763  140.733189      -3.352751   4.560072  -1.776544
    15  0.11617595    3.161308   72.901572      -3.114634  -2.093015   0.597065
    16  0.18316807    4.984257  114.939793      -2.979309  -0.861886  -1.618431
    17  0.06933350    1.886661   43.507466      -2.811175  -4.619079   1.699218
    18  0.18634717    5.070764  116.934711      -2.684166   3.111949  -1.245121
    19  0.17451797    4.748875  109.511770      -2.478047   0.563952  -1.274602
    20  0.18165877    4.943187  113.992696      -2.583895   0.827125  -0.069290
    21  0.16454654    4.477539  103.254601      -2.263012  -1.890964   0.024025
    22  0.04463445    1.214565   28.008561      -2.160286  -3.904947  -2.412489
    23  0.27008264    7.349322  169.479557      -2.141133   3.980051   2.032858
    24  0.23104836    6.287146  144.985159      -1.948357   2.295891   2.333112
    25  0.23955315    6.518573  150.321995      -1.481230   2.198175  -1.040326
    26  0.14721162    4.005832   92.376766      -1.263475  -1.921212   3.407781
    27  0.15561104    4.234392   97.647484      -1.417630  -0.778846   1.109847
    28  0.25235521    6.866935  158.355420      -1.269762   5.818924   0.830767
    29  0.20556507    5.593710  128.994137      -1.240535   0.189868   1.285443
    30  0.23784561    6.472108  149.250502      -1.076065   4.244640   1.075281
    31  0.10039219    2.731810   62.997101      -0.868668  -3.531223   0.464766
    32  0.14783117    4.022691   92.765538      -0.911821  -1.323448  -1.194718
    33  0.26546194    7.223587  166.580025      -0.361128   1.730960   0.312914
    34  0.18980274    5.164795  119.103119      -0.294879  -0.187420   0.114390
    35  0.14435431    3.928080   90.583771      -0.100436  -2.086911   1.767019
    36  0.21050042    5.728008  132.091120      -0.120976   0.672694   2.633008
    37  0.20158055    5.485286  126.493809      -0.116608   6.067418  -0.224147
    38  0.12013805    3.269123   75.387830       0.428063  -2.669079  -0.764436
    39  0.22906568    6.233194  143.741004       0.465109   3.606201  -0.964747
*   40  0.27248894    7.414801  170.989534       0.592413   2.018797   1.519314
    41  0.23613637    6.425598  148.177936       0.940852   6.988056  -1.285107
    42  0.17375513    4.728118  109.033084       1.072882  -1.323901   0.397727
    43  0.16839310    4.582209  105.668351       1.420262  -2.308814  -0.877617
    44  0.23269080    6.331839  146.015803       1.483867   3.977504   0.176900
    45  0.19597018    5.332620  122.973246       1.735249  -1.191295  -2.250523
    46  0.19771075    5.379983  124.065471       1.889562   5.702970  -1.801348
    47  0.24580275    6.688633  154.243683       1.996728   1.334165  -0.922795
    48  0.05762553    1.568070   36.160593       2.339391  -3.957607   1.161128
    49  0.24194651    6.583699  151.823852       2.328554   1.222418   1.150291
    50  0.25740496    7.004345  161.524184       2.484097   1.665496   0.048443
    51  0.26151002    7.116050  164.100155       2.694705   2.515193   1.893228
    52  0.24116548    6.562446  151.333749       2.946532  -1.116178   0.048443
    53  0.26053906    7.089628  163.490865       3.107571  -0.253367  -1.220124
    54  0.20702154    5.633342  129.908084       2.986911   3.358958  -1.935972
    55  0.23877870    6.497499  149.836024       3.150474   5.015016  -2.597443
    56  0.26109139    7.104658  163.837456       3.228106   1.848575  -1.814567
    57  0.20147823    5.482501  126.429603       3.608003  -2.562295  -2.260485
    58  0.21032202    5.723153  131.979174       4.827735   0.013549   1.102851
    59  0.22102971    6.014524  138.698353       4.958502   0.937282  -0.161148
    60  0.24424050    6.646122  153.263354       5.324942  -2.632718  -1.933636
    61  0.21485009    5.846368  134.820577       5.485419  -1.428822  -1.142206
    62  0.17253432    4.694898  108.267011       5.663922   2.596318   0.649124
    63  0.23265921    6.330979  145.995981       5.827301   2.914024   2.509707
    64  0.18758134    5.104348  117.709167       6.697291   1.765038   1.657907
    65  0.23114105    6.289668  145.043321       7.036555  -1.554745  -0.865917
    66  0.18451638    5.020946  115.785874       7.253732  -0.253367   0.151254
    67  0.22366513    6.086238  140.352104       8.082747   0.931939   1.092914
