 Number of surface minima:    69
   #       a.u.         eV      kcal/mol           X/Y/Z coordinate(Angstrom)
     1  0.10225018    2.782369   64.163010      -9.296046  -1.881739  -1.675281
     2  0.08813144    2.398178   55.303359      -8.295259  -2.467252  -1.204731
     3  0.07999161    2.176682   50.195535      -8.198579  -0.285979   0.317363
     4  0.08749129    2.380759   54.901660      -8.066138  -1.740678  -2.195691
     5  0.07731539    2.103859   48.516180      -8.027558   0.446666  -0.673422
     6  0.09611570    2.615441   60.313566      -7.406957  -2.801884  -0.743306
     7  0.08407578    2.287818   52.758394      -7.386505  -0.686324   0.883453
     8  0.09292896    2.528726   58.313852      -7.070965  -1.500209  -2.514541
     9  0.07825358    2.129388   49.104903      -7.011948   0.686533  -0.973382
    10 -0.00905897   -0.246507   -5.684596      -4.596362   3.426868  -1.105046
    11  0.18307975    4.981853  114.884377      -4.436053  -3.247818  -1.169576
    12  0.18167868    4.943728  114.005186      -4.331773  -3.135299   0.965834
    13  0.17844102    4.855627  111.973527      -4.137818  -2.279872  -1.544236
    14  0.16360381    4.451886  102.663027      -4.038568  -1.637284   0.966985
    15  0.18122221    4.931307  113.718750      -3.821083  -0.893396  -1.768001
    16  0.16555322    4.504932  103.886303      -3.119163  -2.456814   1.201132
    17  0.18551929    5.048237  116.415211      -3.051341  -2.884441  -1.406088
    18  0.17054110    4.640659  107.016243      -2.052808  -1.921825   1.210963
    19  0.05631570    1.532428   35.338665      -1.818182   1.691139  -0.944426
    20 -0.00396036   -0.107767   -2.485167      -1.908501   1.927915   3.571509
    21  0.05602224    1.524443   35.154516      -1.445897   3.284436  -1.007112
    22  0.03492845    0.950451   21.917950      -0.765216   5.481753  -0.670313
*   23 -0.01305283   -0.355186   -8.190782      -0.602168   2.701308   3.810632
    24  0.01836897    0.499845   11.526711      -0.455238   4.162960   1.356329
    25  0.16607295    4.519075  104.212434      -0.071159   1.247735  -1.192137
    26  0.20889163    5.684230  131.081590       0.359756  -3.206364   0.378517
    27  0.02133350    0.580514   13.386986       0.362328  -0.124725   2.955909
    28  0.20498568    5.577944  128.630567       0.483987  -1.230013  -1.341309
    29  0.06076132    1.653400   38.128337       1.202919   4.005531   0.228851
    30  0.19358568    5.267734  121.476953       1.349024  -3.681391   0.002049
    31  0.19826403    5.395039  124.412663       1.501003  -1.684886  -1.718074
    32  0.04365144    1.187816   27.391717       1.930297   1.911503   1.216521
    33  0.18735280    5.098129  117.565755       2.286020  -2.598858   1.433650
    34  0.18964416    5.160480  119.003609       2.384975  -3.459480   0.378517
    35  0.20792446    5.657912  130.474678       2.547078  -2.473518  -2.134274
    36  0.19825266    5.394729  124.405526       2.493490  -1.337219  -1.130761
    37  0.19641505    5.344725  123.252406       2.558438  -4.046974  -0.666926
    38  0.18642630    5.072918  116.984370       2.691720  -0.468799  -0.030029
    39  0.13668647    3.719428   85.772128       2.812119   1.688969   0.440190
    40  0.15850903    4.313250   99.466004       2.835227   0.435406  -2.402702
    41  0.12919487    3.515571   81.071076       3.036554   3.012704  -1.955889
    42  0.21486330    5.846728  134.828870       3.396397  -2.815610  -1.550797
    43  0.14269446    3.882914   89.542202       3.354162   0.438035  -3.455980
    44  0.12195589    3.318589   76.528544       3.385848   2.876641  -0.916762
    45 -0.01111409   -0.302430   -6.974203       3.647017   0.855608   3.871286
    46  0.12174664    3.312895   76.397233       3.718403   3.049754  -3.068660
    47  0.12182130    3.314926   76.444086       3.978912   2.513750   0.238701
    48  0.14811481    4.030409   92.943524       4.122057   0.635689  -4.410378
    49  0.14674960    3.993260   92.086841       4.265410   0.447835   0.116665
    50  0.13470638    3.665547   84.529601       4.531945   0.108631  -0.944426
    51  0.14161484    3.853536   88.864725       4.514799   0.301962  -3.343923
    52  0.11069863    3.012263   69.464494       4.704599   2.739683  -0.786477
    53  0.12041532    3.276668   75.561819       4.779039   2.920588  -3.068355
    54  0.12920813    3.515932   81.079396       4.894401  -0.889987  -0.169325
    55  0.14063650    3.826914   88.250810       5.035195   0.129735  -2.012631
    56  0.11863657    3.228265   74.445635       5.295006   2.753002  -1.803135
    57  0.10466098    2.847970   65.675812       5.608777  -3.771391   1.187526
    58  0.13860510    3.771637   86.976088       5.597189   0.187255  -0.808466
    59  0.09945875    2.706410   62.411359       5.790929  -1.150884   1.637501
    60  0.15396309    4.189549   96.613380       5.854888   0.370604  -3.259472
    61  0.12162057    3.309464   76.318127       5.882659  -0.880633  -0.785241
    62  0.13843121    3.766905   86.866970       6.095194   2.550739  -2.945590
    63  0.10508761    2.859579   65.943525       6.528506  -3.647666  -0.537407
    64  0.10146506    2.761005   63.670338       6.656137  -3.786808   0.649177
    65  0.11400948    3.102356   71.542089       6.677152  -3.741066   1.848738
    66  0.11073776    3.013328   69.489054       6.748752  -1.484895   2.161216
    67  0.10235244    2.785152   64.227180       6.748852  -1.152572   1.021045
    68  0.11312195    3.078205   70.985154       6.807173  -1.014896  -0.257233
    69  0.11751198    3.197664   73.739943       7.707008  -3.619686   0.136537
 
 Number of surface maxima:    74
   #       a.u.         eV      kcal/mol           X/Y/Z coordinate(Angstrom)
     1  0.17120074    4.658609  107.430179     -10.344470  -0.886296  -1.236304
     2  0.12831074    3.491513   80.516272      -9.410268  -1.690178  -0.054401
     3  0.17750723    4.830217  111.387562      -9.103373  -2.622631   1.317791
     4  0.12670504    3.447819   79.508680      -9.041716  -0.224824  -2.082423
     5  0.17346090    4.720111  108.848449      -8.293727   0.582024  -3.328182
     6  0.14382010    3.913544   90.248551      -7.078282  -1.748048  -1.277001
     7  0.13646459    3.713390   85.632895      -7.105801  -0.482110  -0.277670
     8  0.20689750    5.629967  129.830252      -5.787011  -2.942636   1.569166
     9  0.19823528    5.394256  124.394623      -5.105412  -2.458311   0.375169
    10  0.19669268    5.352280  123.426624      -4.970800   0.317327  -2.808487
    11  0.18719473    5.093828  117.466562      -4.933541   0.172059  -0.918422
    12  0.18933242    5.151997  118.807986      -4.863670   0.179786  -0.403151
    13  0.25067040    6.821089  157.298184      -4.782180  -4.114883  -0.045792
    14  0.20852641    5.674292  130.852410      -4.589829  -0.086693  -1.339276
    15  0.06092845    1.657948   38.233215      -3.706467   0.694670   2.733865
    16  0.22305797    6.069716  139.971109      -3.033760  -3.975465  -0.030341
    17  0.26446788    7.196537  165.956236      -2.719811  -1.529329  -1.042987
    18  0.24487234    6.663315  153.659840      -2.873194  -1.281870   0.510176
    19  0.13541074    3.684714   84.971594      -2.860025   3.618240   0.646267
    20  0.21014673    5.718383  131.869174      -2.599178   0.323499  -1.480896
    21  0.17869819    4.862625  112.134900      -2.658541   0.828105   0.239356
    22  0.13641059    3.711921   85.599012      -1.955701   1.645757   0.506173
    23  0.27948807    7.605257  175.381560      -1.553593  -4.421667   0.266117
    24  0.07726561    2.102504   48.484941      -1.553593   4.466689  -0.354036
    25  0.18050572    4.911811  113.269146      -1.298261  -0.360466   0.892756
    26  0.18023110    4.904338  113.096818      -1.397822  -0.090048   0.907304
    27  0.10487995    2.853928   65.813214      -1.160960   2.657001   2.078947
    28  0.26802592    7.293356  168.188943      -0.816542  -3.003005  -0.471964
    29  0.12485015    3.397345   78.344717      -0.516487   0.686115   2.574011
*   30  0.28974126    7.884261  181.815538      -0.401590  -3.538844  -2.156997
    31  0.19450462    5.292740  122.053595      -0.113515   1.627296  -0.455128
    32  0.22928875    6.239264  143.880984       0.144949   2.011570  -2.310693
    33  0.20369735    5.542887  127.822125       0.301565   0.174225   0.255035
    34  0.13678061    3.721990   85.831201       0.573923   2.689539   0.913952
    35  0.18689697    5.085725  117.279719       0.826968   4.541948  -2.660772
    36  0.13674875    3.721123   85.811209       1.014415   0.996351   1.623582
    37  0.27217261    7.406193  170.791034       1.224587  -2.473827   0.560592
    38  0.23230004    6.321205  145.770596       1.189914   0.510219  -1.221961
    39  0.23867018    6.494546  149.767923       1.237274  -3.518442  -1.865741
    40  0.20408923    5.553550  128.068036       1.356882  -1.415473   2.159190
    41  0.27136350    7.384176  170.283312       1.364600  -1.248617  -0.425047
    42  0.23020353    6.264156  144.455014       1.284935   2.055958  -3.926848
    43  0.19162960    5.214507  120.249491       1.463301   0.130321   1.162381
    44  0.21334341    5.805369  133.875122       1.358598   1.495610  -2.399482
    45  0.03453670    0.939791   21.672122       1.394982   2.984006   3.968797
    46  0.15784511    4.295184   99.049385       1.521046   6.134734   0.122334
    47  0.16437859    4.472969  103.149208       2.552006   2.163428  -0.148028
    48  0.26830224    7.300875  168.362336       2.836401  -3.887664  -2.093674
    49  0.17658179    4.805035  110.806840       2.841444   1.784784  -4.343326
    50  0.22255124    6.055927  139.653127       3.341055  -2.208978  -1.341943
    51  0.22108171    6.015939  138.730981       3.321453  -1.824139   1.520288
    52  0.20958133    5.702998  131.514380       3.512141  -0.847746   0.907694
    53  0.18281215    4.974571  114.716450       3.719442   1.215842   1.124768
    54  0.19102806    5.198138  119.872017       3.852666   0.805251  -2.141041
    55  0.19918672    5.420146  124.991658       3.910776  -2.565820   2.892109
    56  0.23652671    6.436219  148.422874       3.911669  -1.923587  -2.623056
    57  0.15024841    4.088467   94.282379       4.027281   0.486849  -4.069288
    58  0.17415629    4.739034  109.284815       3.960814   2.415734  -2.030071
    59  0.21171008    5.760924  132.850195       4.267356   1.824826  -5.377196
    60  0.15636597    4.254934   98.121209       4.937747   1.104875   0.126708
    61  0.15899484    4.326470   99.770852       5.458005   0.233346  -2.999847
    62  0.15989876    4.351067  100.338073       5.468781  -3.114383  -0.004946
    63  0.14568634    3.964327   91.419634       5.575686  -2.613289   2.602510
    64  0.16886311    4.594999  105.963287       5.459139   1.495235  -4.117522
    65  0.16271970    4.427828  102.108239       5.648382  -1.489685   0.172011
    66  0.14014914    3.813652   87.944990       5.814178   2.681690  -2.824595
    67  0.16641608    4.528412  104.427756       6.403295   1.103972  -1.993460
    68  0.20181430    5.491646  126.640493       6.646741   1.110275  -0.284249
    69  0.21167634    5.760006  132.829020       6.913242   1.335752  -3.518240
    70  0.20460234    5.567513  128.390017       7.177831  -2.049882  -2.746170
    71  0.18282910    4.975033  114.727091       7.224143  -2.845538   2.938421
    72  0.14157173    3.852363   88.837675       7.770568  -2.606122   1.368137
    73  0.15124947    4.115707   94.910556       7.774571  -2.273970  -1.141451
    74  0.18816995    5.120365  118.078522       8.898880  -2.606111   0.115185
