 Number of surface minima:    70
   #       a.u.         eV      kcal/mol           X/Y/Z coordinate(Angstrom)
     1  0.11217295    3.052381   70.389645      -7.577639  -3.454489   0.714989
     2  0.09968223    2.712491   62.551597      -6.670974  -2.642068   1.037181
     3  0.09154703    2.491121   57.446678      -6.730389  -2.026768  -1.560525
     4  0.14181235    3.858910   88.988665      -6.603340   0.887222   2.685678
     5  0.09720939    2.645202   60.999866      -6.465738  -3.746565   0.821531
     6  0.09154812    2.491151   57.447360      -6.448460  -3.209763  -1.792371
     7  0.13151679    3.578754   82.528100      -6.341792   2.730666   1.589401
     8  0.10796094    2.937766   67.746567      -5.893949  -1.886720   1.167276
     9  0.09689092    2.636536   60.800023      -5.920593  -1.423292  -1.467469
    10  0.12577603    3.422540   78.925718      -5.992993   1.578971   1.700944
    11  0.10539021    2.867813   66.133409      -5.506559  -4.120459   0.738046
    12  0.09656976    2.627797   60.598488      -5.490366  -3.576304  -1.886968
    13  0.13430297    3.654570   84.276457      -5.547462   1.810196   4.380513
    14  0.13245245    3.604215   83.115239      -5.484722   0.264400   2.056868
    15  0.12384776    3.370069   77.715707      -5.391721   2.346573   0.979450
    16  0.12475568    3.394775   78.285438      -5.224352   3.554750   3.404920
    17  0.14252876    3.878405   89.438221      -5.039637  -0.719454   2.528196
    18  0.10697160    2.910845   67.125746      -4.883514  -1.755720  -1.541276
    19  0.11421853    3.108044   71.673272      -4.637959   2.603997   3.738920
    20  0.13743370    3.739761   86.241021      -4.554872  -0.129715   1.660583
    21  0.13891828    3.780159   87.172611      -4.226516   1.887562   0.520443
    22  0.11016474    2.997735   69.129478      -4.087860  -0.966235  -2.473619
    23  0.11878891    3.232411   74.541227      -4.124982   1.413499   4.008829
    24  0.11276548    3.068505   70.761467      -4.136502   3.204728   3.160551
    25  0.13391731    3.644075   84.034454      -3.694081   4.016082   2.252079
    26  0.11759488    3.199920   73.791966      -3.228466   1.069994   3.671704
    27  0.12186431    3.316096   76.471071      -2.941890   2.811808   2.635337
    28  0.18517849    5.038963  116.201356      -2.613235  -2.970857   1.710512
    29  0.17803253    4.844512  111.717193      -2.601939  -1.854620   1.126339
    30  0.17840556    4.854662  111.951276      -2.610753  -0.829124   0.317109
    31  0.12485362    3.397440   78.346895      -2.565902   1.838272   2.879031
    32  0.17259863    4.696648  108.307367      -2.337367  -2.532304  -1.659637
    33  0.18756505    5.103904  117.698942      -2.102071  -4.406782   0.169749
    34  0.17412972    4.738311  109.268139      -2.084058  -3.405464  -0.936049
    35  0.06699796    1.823107   42.041893      -2.085620   2.478433  -2.066177
    36  0.02919693    0.794489   18.321366      -1.716595   4.266297  -3.450949
    37  0.13070306    3.556611   82.017477      -1.531185   1.312232  -0.830926
    38  0.13341897    3.630515   83.721737      -1.518492   3.035321  -0.697214
    39  0.17751347    4.830387  111.391477      -1.324150  -2.158817   1.591408
    40  0.17668739    4.807909  110.873107      -1.052683  -3.754836  -0.494076
    41  0.12616714    3.433183   79.171145      -0.943596   3.263290   0.552883
    42  0.02401680    0.653530   15.070784      -0.520249   4.716637  -1.054844
    43  0.18942911    5.154628  118.868663      -0.345131  -2.666175   1.931405
    44  0.17672837    4.809024  110.898820      -0.335025  -1.565669   1.300630
    45  0.07325689    1.993421   45.969428      -0.447563   0.675834   1.293129
    46  0.18638707    5.071850  116.959749      -0.263702  -3.231446  -0.760519
    47  0.01486594    0.404523    9.328528       0.397728   3.530075  -2.615425
    48  0.03287783    0.894651   20.631167       0.617517  -0.275103  -2.668974
    49  0.02364687    0.643464   14.838648       1.590169   1.488083   1.443907
    50 -0.00298030   -0.081098   -1.870167       1.888059   4.073155  -0.741519
    51  0.15142496    4.120483   95.020675       2.150214  -1.742456  -1.409602
*   52 -0.00327786   -0.089195   -2.056887       2.571486   3.011479  -2.179855
    53  0.04817594    1.310934   30.230883       2.743829   2.214403   0.780281
    54  0.16705367    4.545762  104.827850       3.182080  -2.945075   1.063392
    55  0.14953353    4.069014   93.833786       3.179612  -2.151309  -1.455866
    56  0.16339680    4.446253  102.533123       3.875577  -1.221742   1.657717
    57  0.15745472    4.284561   98.804413       4.033351  -2.351382   1.308682
    58  0.13347655    3.632082   83.757872       4.001480  -0.299189  -0.795765
    59  0.14421890    3.924396   90.498803       4.137772  -1.354444  -1.127086
    60  0.16686103    4.540520  104.706967       4.534944  -3.338509   0.720823
    61  0.16584752    4.512940  104.070976       4.465915  -2.812780  -1.334168
    62  0.08079119    2.198440   50.697278       6.271395   0.274862   0.714989
    63  0.08162934    2.221247   51.223227       6.421155  -0.114517  -0.440653
    64  0.08164342    2.221630   51.232062       7.150691  -2.061532   2.156719
    65  0.07252962    1.973631   45.513061       7.155069   0.452059   1.244167
    66  0.07251409    1.973209   45.503319       7.410602  -0.226667  -0.872542
    67  0.06904794    1.878890   43.328272       8.078116   0.323432   0.833707
    68  0.07625938    2.075123   47.853523       8.202182  -2.216665   1.641049
    69  0.06936870    1.887618   43.529550       8.260286  -0.001688  -0.187576
    70  0.07596626    2.067147   47.669589       8.369622  -2.552363   0.592602
 
 Number of surface maxima:    74
   #       a.u.         eV      kcal/mol           X/Y/Z coordinate(Angstrom)
     1  0.18112183    4.928576  113.655759      -8.764997  -3.275887  -0.409589
     2  0.13952861    3.796767   87.555597      -7.857302  -1.848887  -0.047033
     3  0.19141038    5.208541  120.111929      -7.640418  -0.254914   0.205433
     4  0.13729917    3.736100   86.156604      -7.440144  -4.278266  -0.646695
     5  0.20451870    5.565237  128.337530      -6.853035   1.025166   4.154320
     6  0.18573338    5.054062  116.549552      -6.600908  -5.756641  -0.880439
     7  0.19878382    5.409183  124.738837      -6.559971   3.913945   2.557213
     8  0.15876481    4.320210   99.626505      -6.423619   2.360403   3.214836
     9  0.14616487    3.977348   91.719918      -6.214077   0.619389   2.419273
    10  0.15380206    4.185167   96.512333      -5.526666  -2.802142   0.446447
    11  0.14944662    4.066649   93.779251      -5.531596  -2.552219  -1.150510
    12  0.16460975    4.479259  103.294266      -5.530757   0.094634   3.765411
    13  0.16012367    4.357187  100.479204      -5.126827   3.858607   1.641049
    14  0.21317124    5.800684  133.767082      -4.464206  -1.232266   3.897190
    15  0.21006332    5.716114  131.816836      -4.486687   0.360233   0.173651
    16  0.18201191    4.952796  114.214291      -4.568773   1.315782   1.655103
    17  0.20944025    5.699159  131.425851      -3.923401   4.475243   0.723369
    18  0.17206730    4.682189  107.973952      -3.828378   1.941026   2.920216
    19  0.18741368    5.099786  117.603959      -3.546571   0.636122  -2.994677
    20  0.20926807    5.694474  131.317805      -3.407001  -0.900835  -0.548129
    21  0.21525618    5.857419  135.075406      -3.329248  -5.061784  -0.872542
    22  0.17639166    4.799861  110.687528      -3.244186  -0.657059   2.727688
    23  0.18829369    5.123732  118.156172      -3.212693  -1.824707  -1.666308
    24  0.19080810    5.192152  119.733988      -3.142412   3.051886   0.450401
    25  0.17394894    4.733391  109.154697      -3.263265   5.129825  -1.275514
    26  0.20335341    5.533528  127.606298      -2.992371  -3.735585  -0.208175
    27  0.25182415    6.852483  158.022170      -2.629734  -4.440659   1.508755
    28  0.20112323    5.472841  126.206836      -2.710652   1.983926  -0.327754
    29  0.19021903    5.176123  119.364342      -2.185833  -2.527798   1.680163
    30  0.19508832    5.308623  122.419872      -2.236918   3.898305   0.044495
    31  0.23056298    6.273938  144.680576      -1.988331  -0.738386   2.030527
    32  0.17235203    4.689937  108.152619      -1.823749   1.165550   1.770806
    33  0.20016258    5.446701  125.604018      -1.525860   0.154830  -0.947701
    34  0.12584350    3.424376   78.968058      -1.554881   3.247708  -0.787957
    35  0.25330890    6.892886  158.953865      -1.389183  -1.473528   0.359578
    36  0.18433668    5.016056  115.673111      -1.380777   2.648727   1.660401
    37  0.25206286    6.858979  158.171966      -1.171864  -2.435491  -0.878724
    38  0.19876149    5.408575  124.724821      -1.285615  -1.216165  -2.178263
    39  0.21914147    5.963143  137.513465      -1.052351  -3.928891   1.376461
    40  0.15485579    4.213840   97.173558      -1.070949   1.013410  -1.028089
    41  0.15553188    4.232238   97.597812      -0.912170   1.408186  -3.664753
    42  0.16461097    4.479292  103.295027      -0.758294   2.619131  -0.340273
    43  0.14318934    3.896380   89.852743      -0.653101   6.392040  -2.739110
    44  0.18411513    5.010027  115.534082      -0.223349   0.110516  -0.078894
    45  0.14382697    3.913731   90.252861       0.280521   1.678966   0.819130
    46  0.13959204    3.798493   87.595400       0.449090   1.039470  -2.302072
*   47  0.26903204    7.320734  168.820299       0.556313  -3.982475   1.623661
    48  0.24202576    6.585856  151.873582       0.947419  -3.109298   0.166893
    49  0.09659527    2.628491   60.614497       1.098720   2.886411  -1.527262
    50  0.04787415    1.302722   30.041505       1.321134   4.587634   1.184319
    51  0.16937031    4.608800  106.281561       1.417136   0.097694  -0.872542
    52  0.26239005    7.139996  164.652378       1.596718  -4.312365  -0.750394
    53  0.11807778    3.213060   74.094990       1.998323   1.681206  -0.225838
    54  0.16103216    4.381908  101.049291       2.651335   0.842655  -0.078777
    55  0.24199030    6.584891  151.851335       2.830360  -1.622132   0.883289
    56  0.18714877    5.092577  117.437728       2.685332  -0.020878   1.652822
    57  0.22639986    6.160653  142.068176       2.931997  -1.232500  -0.630661
    58  0.20601004    5.605818  129.273359       3.143469  -3.871135  -0.539905
    59  0.05173672    1.407828   32.465310       3.552577   1.156049  -2.776683
    60  0.15608629    4.247324   97.945709       4.346415   2.473970   1.629326
    61  0.18566216    5.052124  116.504861       4.587847  -0.404766   1.433650
    62  0.15871874    4.318957   99.597597       4.728885   0.163628   0.053518
    63  0.23431222    6.375960  147.033260       4.865607  -4.003429  -0.475659
    64  0.17983708    4.893616  112.849563       5.082344  -2.157389  -0.753819
    65  0.18808663    5.118097  118.026239       5.180563  -0.423467   3.119612
    66  0.19029972    5.178319  119.414974       5.749717  -2.131194  -2.155060
    67  0.12984831    3.533352   81.481113       6.794611  -0.419783   2.984787
    68  0.13148106    3.577781   82.505678       7.158298  -1.922110   0.847284
    69  0.12438990    3.384821   78.055904       7.094998  -0.380734   0.345614
    70  0.16739315    4.554999  105.040877       8.444803  -0.221578   3.493170
    71  0.16739920    4.555164  105.044674       9.160958  -1.915980  -1.865639
    72  0.11838334    3.221374   74.286727       9.161569  -0.695415   2.038092
    73  0.11842097    3.222398   74.310343       9.440256  -1.481449  -0.343472
    74  0.16287942    4.432175  102.208467      10.426675  -0.974442   0.944812
