 Number of surface minima:    59
   #       a.u.         eV      kcal/mol           X/Y/Z coordinate(Angstrom)
     1  0.11214486    3.051617   70.372020      -5.466894  -2.714918  -1.895202
     2  0.09118813    2.481355   57.221465      -5.246932  -1.684135  -0.977764
     3  0.11771205    3.203108   73.865491      -5.156301  -1.585109  -3.800312
     4  0.09177225    2.497250   57.588007      -5.163090  -0.862974  -0.439965
     5  0.10017506    2.725902   62.860850      -4.806470  -0.334668  -3.218145
     6  0.10202972    2.776370   64.024667      -4.742094   0.537380  -2.676570
     7  0.08940049    2.432711   56.099700      -4.262149  -2.436233  -1.233731
     8  0.10173951    2.768473   63.842558      -3.791906  -1.067404  -3.453174
     9  0.11744252    3.195773   73.696355      -3.647187   0.796189  -2.241216
    10  0.08284044    2.254203   51.983203      -3.219402  -2.187252  -0.836848
    11  0.08542374    2.324498   53.604254      -2.871061  -1.174937  -0.153295
    12  0.06342781    1.725959   39.801587      -2.979035   0.179207   1.959245
    13  0.10323371    2.809132   64.780185      -2.832318  -0.923637  -3.168616
    14  0.11867946    3.229432   74.472550      -2.750321   0.143568  -2.435457
    15  0.17622412    4.795302  110.582395      -2.820257   2.119132  -1.039846
    16  0.14349165    3.904606   90.042446      -2.744757   1.325984   1.029860
    17  0.04515588    1.228754   28.335768      -2.641854   1.581422   4.150693
    18  0.08680993    2.362218   54.474096      -2.034460  -1.585109  -0.386343
    19  0.02646658    0.720192   16.608042      -1.544450  -0.378249   3.407164
*   20  0.00636645    0.173240    3.995011      -1.312743  -2.255792   2.836897
    21  0.10214599    2.779534   64.097633      -1.136541   1.589954   1.595927
    22  0.10084555    2.744147   63.281588      -1.137204   1.622239   1.163172
    23  0.14013311    3.813216   87.934927      -1.027413   3.974666   1.679943
    24  0.08061806    2.193729   50.588640      -0.878356   2.146150   3.015178
    25  0.09152667    2.490567   57.433903      -0.503986   0.102716  -0.849923
    26  0.14733360    4.009151   92.453309      -0.535477   2.194152   0.872115
    27  0.06133769    1.669083   38.490014      -0.107352  -1.982649  -0.310051
    28  0.17010727    4.628854  106.744011      -0.143913   3.034557  -1.259771
    29  0.17580658    4.783940  110.320386      -0.172883   4.134941  -1.832124
    30  0.08058540    2.192840   50.568142      -0.040689  -0.394460  -1.303047
    31  0.09475083    2.578301   59.457096       0.199218  -3.040346   0.241505
    32  0.16571000    4.509198  103.984681       0.220262   3.104532  -2.232745
    33  0.11725538    3.190681   73.578925       0.398278   2.599827   2.073627
    34  0.01073054    0.291993    6.733518       0.622030  -2.050061   3.460795
    35  0.13688761    3.724901   85.898343       0.573215   4.766437   1.942287
    36  0.16908294    4.600981  106.101238       0.932109   2.114659  -2.837795
    37  0.17953938    4.885515  112.662756       0.859632   3.471968  -3.468470
    38  0.12642061    3.440080   79.330198       0.963372  -4.625798  -0.835166
    39  0.17186409    4.676660  107.846435       1.069883   1.186890  -2.170995
    40  0.11048178    3.006362   69.328421       1.509953  -4.363289   0.938581
    41  0.11358448    3.090791   71.275396       1.470515  -2.645766   1.274489
    42  0.17257390    4.695975  108.291846       1.707266   5.020121  -0.992965
    43  0.16903739    4.599741  106.072654       2.090892   4.092690  -0.337189
    44  0.03717697    1.011637   23.328921       2.296925   1.073636   1.950243
    45  0.16450556    4.476424  103.228882       2.463268   4.156889  -1.312682
    46  0.17918757    4.875942  112.441991       2.695811   4.258799  -2.667029
    47  0.16578036    4.511113  104.028834       3.037342  -2.788821  -1.954907
    48  0.17214222    4.684228  108.020963       3.119996   3.212678  -1.871748
    49  0.18182749    4.947778  114.098571       3.261865   2.408169  -1.307851
    50  0.14050247    3.823267   88.166704       3.446098  -2.384809   0.612930
    51  0.15535723    4.227485   97.488214       3.723321  -0.001587   0.204979
    52  0.16570527    4.509070  103.981716       3.892722  -3.513013  -1.838692
    53  0.16087300    4.377577  100.949414       3.926989  -2.350084  -2.230258
    54  0.17136093    4.662968  107.530695       4.109004  -1.064081  -2.459513
    55  0.15342992    4.175040   96.278807       4.253403  -3.148379   0.349714
    56  0.14442879    3.930107   90.630512       4.385031  -1.985679   0.351307
    57  0.15339469    4.174082   96.256700       4.557965  -0.628497   0.095811
    58  0.17545939    4.774493  110.102522       5.299929  -1.999004  -2.301390
    59  0.16690968    4.541843  104.737496       5.655006  -1.717403  -0.237653
 
 Number of surface maxima:    58
   #       a.u.         eV      kcal/mol           X/Y/Z coordinate(Angstrom)
     1  0.18441384    5.018156  115.721526      -7.166048  -0.144538  -2.057426
     2  0.13895697    3.781211   87.196889      -6.192887  -1.322822  -2.691231
     3  0.18396492    5.005940  115.439829      -5.900565  -2.764477  -3.471664
     4  0.20610061    5.608283  129.330192      -5.145993   1.926883  -0.333922
     5  0.16352746    4.449809  102.615118      -4.655526   0.245721   3.384660
     6  0.14008994    3.812041   87.907840      -4.228125  -2.825960  -3.136053
     7  0.14552121    3.959834   91.316016      -4.072496  -1.188226  -1.040798
     8  0.15390357    4.187929   96.576026      -3.776814  -0.333911  -2.363830
     9  0.19354100    5.266518  121.448914      -3.824789   3.010963   2.061943
    10  0.22096732    6.012827  138.659205      -3.135438   2.672032   0.097404
    11  0.18790633    5.113191  117.913101      -2.750386  -3.440437  -3.229017
    12  0.05692862    1.549107   35.723280      -2.360162  -3.041689   1.141403
    13  0.14504699    3.946929   91.018439      -1.955787  -2.147432  -2.319532
    14  0.15044251    4.093749   94.404180      -1.823493  -0.440724  -0.439965
    15  0.20485961    5.574514  128.551455      -1.880026   1.665715  -1.233731
    16  0.15629464    4.252993   98.076448      -1.524696   0.028325   1.302942
    17  0.18982596    5.165427  119.117687      -1.360409   2.752213   1.398060
    18  0.09223670    2.509888   57.879452      -1.240255   1.644015   3.847514
    19  0.18635707    5.071034  116.940924      -0.810998  -1.585109  -1.655786
    20  0.10939301    2.976735   68.645205      -0.770679   1.974383   1.958193
    21  0.16182220    4.403406  101.545048      -0.734803  -0.761968  -0.026876
    22  0.10573021    2.877065   66.346767      -0.368256  -1.006755   2.651981
    23  0.14822096    4.033298   93.010138      -0.368256   4.175374   2.145454
    24  0.21359765    5.812288  134.034662      -0.368256   5.357449   0.618390
    25  0.14291044    3.888791   89.677727      -0.235961   1.388123   1.210324
    26  0.18555183    5.049122  116.435627       0.098444   2.056654   0.486095
    27  0.20548580    5.591553  128.944394       0.152262   4.518306  -0.302715
    28  0.19479876    5.300744  122.238167       0.221544  -3.406175  -1.569991
    29  0.24612795    6.697482  154.447753       0.293216   5.528495  -1.381810
    30  0.15993848    4.352147  100.362995       0.397380   1.187440   4.175304
    31  0.19330327    5.260049  121.299732       0.490326   0.695901  -0.110560
    32  0.14292075    3.889071   89.684197       0.662411  -1.758723   1.005841
    33  0.13052017    3.551634   81.902711       0.771057  -4.546920  -0.070369
    34  0.14786028    4.023483   92.783803       0.885124  -3.466201   1.544450
    35  0.24330568    6.620684  152.676747       0.880446   2.237903  -1.384447
    36  0.15201588    4.136562   95.391483       0.961539   0.534579   2.339156
    37  0.20438914    5.561711  128.256230       1.197258   4.632723  -2.475426
    38  0.19843205    5.399611  124.518095       1.550225  -2.180220  -1.498319
    39  0.17404791    4.736084  109.216802       1.488510  -1.980711   0.492912
    40  0.21511645    5.853616  134.987722       1.595427  -0.141936  -1.677158
    41  0.19466987    5.297237  122.157291       1.519960   3.742092   2.487285
    42  0.17889702    4.868035  112.259667       1.694559  -0.419839   0.750684
    43  0.24637655    6.704247  154.603751       1.903377   4.235841  -3.968691
    44  0.19690525    5.358064  123.560013       1.958373   3.151725   0.696015
    45  0.24505914    6.668398  153.777061       2.282821   2.783137  -0.833759
    46  0.19742879    5.372310  123.888538       2.583063  -5.024761  -0.416940
    47  0.21186495    5.765139  132.947376       2.553334   2.650952  -3.485199
    48  0.06299453    1.714168   39.529700       2.760254  -1.981992   3.113473
    49  0.24098089    6.557424  151.217921       3.062271  -1.327808  -1.636898
    50  0.19058186    5.185996  119.592021       3.072788  -3.833829  -0.836564
*   51  0.26382318    7.178994  165.551686       3.254976   1.193072  -3.615028
    52  0.22732255    6.185761  142.647173       3.436595  -1.199478  -0.096668
    53  0.23910681    6.506427  150.041911       3.353050   0.936468  -2.034461
    54  0.23319695    6.345612  146.333420       4.526634  -4.286087  -0.732736
    55  0.19433970    5.288252  121.950104       5.188105  -2.842799  -1.131558
    56  0.26024902    7.081736  163.308864       5.110122   1.247383  -1.732476
    57  0.20616937    5.610154  129.373343       5.451582  -0.385920  -1.621483
    58  0.23914582    6.507489  150.066394       6.432124  -1.676083  -1.592858
