 Number of surface minima:    65
   #       a.u.         eV      kcal/mol           X/Y/Z coordinate(Angstrom)
     1  0.10463323    2.847215   65.658400      -7.725308  -2.004451  -2.032435
     2  0.09724026    2.646042   61.019235      -7.623064  -0.088711  -2.098080
     3  0.10848310    2.951975   68.074229      -7.460180  -2.929971   0.610209
     4  0.09031653    2.457638   56.674523      -7.209073   1.366526   0.271415
     5  0.09822349    2.672797   61.636224      -6.735994  -1.809178   1.967200
     6  0.10845660    2.951254   68.057599      -6.622665  -1.168515  -3.071295
     7  0.08530157    2.321174   53.527589      -6.535292   0.640803   1.767872
     8  0.08412461    2.289147   52.789035      -5.443876   1.573387   0.760852
     9  0.06947649    1.890551   43.597190      -5.176438   2.379459  -2.533588
    10  0.17571108    4.781342  110.260458      -4.635010  -2.870706  -1.746770
    11  0.16463118    4.479842  103.307709      -4.479141  -2.989152   0.391340
    12  0.16544614    4.502018  103.819109      -4.207782  -1.664222  -1.984918
    13  0.16462513    4.479678  103.303918      -3.978170  -0.758380  -2.038556
    14  0.14870411    4.046445   93.313316      -3.845966  -1.685120   0.605971
    15  0.05512065    1.499909   34.588760      -3.589607   2.013814   0.856507
    16  0.17042700    4.637554  106.944646      -3.331005  -2.484188  -2.060941
    17  0.05967733    1.623903   37.448122      -3.301379   3.350441  -0.420630
    18  0.15270445    4.155299   95.823571      -3.104408  -2.441384   0.568456
    19  0.15765050    4.289888   98.927266      -2.141863  -2.219796   0.584686
    20 -0.00014792   -0.004025   -0.092819      -1.852712   0.832728   3.680424
    21  0.04090280    1.113022   25.666917      -1.208703   1.702837  -1.210645
    22  0.05026301    1.367726   31.540543      -1.141009   3.104789  -0.510914
*   23 -0.00428365   -0.116564   -2.688033      -0.569918   1.182111   4.161300
    24  0.04709402    1.281493   29.551967      -0.517797   5.283135   0.353153
    25  0.03379307    0.919556   21.205492      -0.272201   3.608720   2.064044
    26  0.19698108    5.360128  123.607596       0.148777  -3.378930  -0.560156
    27  0.01980228    0.538847   12.426126       0.144875  -1.146957   2.630897
    28  0.18831264    5.124248  118.168067       0.391814  -1.045297  -1.752715
    29  0.07798406    2.122054   48.935780       0.578557   0.987751  -0.908058
    30  0.03325606    0.904943   20.868510       0.926941  -1.131413   3.288987
    31  0.09831128    2.675186   61.691311       0.933945   3.322211  -0.700633
    32  0.18297659    4.979046  114.819638       1.205739  -3.783191  -1.073304
    33  0.18717660    5.093334  117.455188       1.319839  -1.437181  -2.279410
    34  0.12812954    3.486582   80.402569       1.577974   0.692236   1.390733
    35  0.18101252    4.925601  113.587168       2.190718  -3.598029  -0.549174
    36  0.17757307    4.832009  111.428875       2.299028  -3.213126   0.413882
    37  0.18802312    5.116369  117.986388       2.267280  -1.262152  -1.732450
    38  0.19242766    5.236223  120.750280       2.320313  -3.997611  -1.872117
    39  0.04917528    1.338127   30.857981       2.392678   0.230810   2.945411
    40  0.17673991    4.809337  110.906059       2.502446  -0.668711  -0.284585
    41  0.12643325    3.440424   79.338127       2.524972   3.008385  -1.607528
    42  0.11865319    3.228717   74.456060       3.053147   2.833150  -2.797087
    43  0.12426254    3.381356   77.975985       3.116697   3.615529  -0.883509
    44  0.07372524    2.006166   46.263327       3.876232  -2.839490   3.195376
    45  0.11909014    3.240608   74.730255       3.988464   3.212776  -3.040326
    46  0.14591869    3.970649   91.565437       4.125480  -1.928991  -3.706223
    47  0.11453615    3.116687   71.872579       4.244798   4.093896  -1.210645
    48  0.13881810    3.777433   87.109748       4.378251   0.710359  -1.872508
    49  0.13746256    3.740547   86.259134       4.376400   1.514622   0.116675
    50  0.11949856    3.251721   74.986544       4.430544  -4.930149   0.112298
    51  0.11716855    3.188318   73.524436       4.661103  -0.199762   0.918909
    52  0.11487945    3.126029   72.088001       4.641681   3.924308  -2.136706
    53  0.13227954    3.599509   83.006734       5.170858   1.026756  -2.136706
    54  0.13459203    3.662435   84.457846       5.227604  -0.825731  -2.798177
    55  0.13415157    3.650450   84.181453       5.408187   3.563744  -3.327354
    56  0.12557128    3.416968   78.797237       5.408666   4.409295  -1.410268
    57  0.11907329    3.240149   74.719683       5.493576  -4.719012  -1.210645
    58  0.13223544    3.598309   82.979060       5.487077  -2.815261  -3.143430
    59  0.12119701    3.297938   76.052339       5.567741   1.975629  -0.284585
    60  0.12147226    3.305428   76.225057       5.771976  -0.016770  -0.549174
    61  0.12342796    3.358646   77.452280       5.832330   1.723085  -1.234972
    62  0.11114786    3.024487   69.746395       5.862658  -4.038112   0.390366
    63  0.11371771    3.094416   71.359000       6.169877  -1.424610   0.749765
    64  0.14102617    3.837517   88.495334       6.390428   1.789491  -2.529267
    65  0.12983419    3.532968   81.472250       6.444416   2.557175  -0.567777
 
 Number of surface maxima:    90
   #       a.u.         eV      kcal/mol           X/Y/Z coordinate(Angstrom)
     1  0.16144360    4.393104  101.307476      -8.504820  -1.026619  -1.113552
     2  0.16387556    4.459281  102.833553      -8.058572  -1.628194   1.086406
     3  0.15519072    4.222954   97.383730      -7.950417   0.170901   1.021058
     4  0.11600391    3.156627   72.793612      -7.419465  -1.290315  -2.710440
     5  0.14067173    3.827872   88.272917      -7.223211  -0.850609   0.006761
     6  0.12567214    3.419713   78.860526      -7.021085   0.062756  -0.824191
     7  0.11951691    3.252221   74.998057      -6.626048  -3.054505   1.435241
     8  0.09857678    2.682411   61.857917      -6.485940   1.478282   1.032791
     9  0.12643280    3.440411   79.337843      -6.316964  -0.852512   1.312978
    10  0.18171232    4.944644  114.026298      -6.206452  -2.805170  -2.299929
    11  0.16143329    4.392823  101.301006      -6.265600   0.249024  -2.930471
    12  0.15022599    4.087857   94.268313      -6.104730   1.895703  -0.743377
    13  0.19153376    5.211899  120.189350      -5.919706  -3.614911  -0.386452
    14  0.19240979    5.235737  120.739066      -5.270464  -2.326054  -0.936261
    15  0.16369195    4.454284  102.718333      -5.064179  -2.210027   2.075017
    16  0.13907484    3.784419   87.270850      -5.037931   0.427578   1.919219
    17  0.24218352    6.590149  151.972582      -4.912690  -3.929518  -0.700532
    18  0.16753009    4.558726  105.126809      -4.751027  -2.469888   0.377273
    19  0.17313461    4.711232  108.643697      -4.646039  -1.147066  -1.933513
    20  0.22036548    5.996450  138.281545      -4.671981   0.784288  -0.602235
    21  0.16188854    4.405211  101.586676      -4.472428  -1.267342   0.660405
    22  0.18370259    4.998802  115.275214      -4.544603  -0.014394  -1.739823
    23  0.18690616    5.085975  117.285481      -3.978658   2.525492  -1.751114
    24  0.06781466    1.845331   42.554378      -3.750698   0.017651   2.479683
    25  0.07653031    2.082496   48.023533      -3.711602   3.076290   0.494512
    26  0.22096154    6.012669  138.655578      -3.560559   0.440483  -2.268995
    27  0.21177172    5.762601  132.888871      -3.313914  -3.825270  -0.821762
    28  0.24423040    6.645847  153.257018      -2.803280  -1.293485  -1.538673
    29  0.22267250    6.059227  139.729221      -2.819233  -1.299755   0.112298
    30  0.19339753    5.262614  121.358882      -2.647354   1.098825  -0.290312
    31  0.15243923    4.148082   95.657139      -2.639437   3.389065   1.426057
    32  0.09069997    2.468072   56.915139      -1.978782   1.906406  -3.044110
    33  0.13665163    3.718480   85.750265      -1.914709   1.366526   0.699800
    34  0.26822335    7.298728  168.312833      -1.835289  -4.434739  -0.935942
    35  0.17561562    4.778744  110.200559      -1.377878  -0.419616   0.641475
    36  0.10855113    2.953826   68.116920      -1.173217   1.925407   2.373838
    37  0.08710552    2.370262   54.659582      -1.282245   4.398692   0.656644
    38  0.25494166    6.937315  159.978442      -0.981293  -2.866892  -1.409553
*   39  0.27767547    7.555934  174.244136      -0.539863  -3.140916  -3.106557
    40  0.12443592    3.386074   78.084784      -0.541967  -0.006085   2.493595
    41  0.15224002    4.142662   95.532134      -0.253208   1.631115  -0.230851
    42  0.19475307    5.299500  122.209497       0.255024  -0.088711   0.074161
    43  0.17079781    4.647645  107.177332       0.794510   2.159057   1.298486
    44  0.18143094    4.936987  113.849730       0.915544   4.928885  -1.905876
    45  0.25518407    6.943912  160.130556       1.050086  -2.764647  -0.160403
    46  0.07112593    1.935435   44.632234       0.996510  -2.581378   3.551949
    47  0.22878522    6.225562  143.565013       1.075093  -3.256998  -2.796319
    48  0.15033616    4.090855   94.337443       1.077456   0.445445   1.571538
    49  0.25469053    6.930482  159.820853       1.304677  -1.352876  -0.946057
    50  0.04867359    1.324476   30.543164       1.541653   1.737100   4.288457
    51  0.21810305    5.934886  136.861847       1.704360  -0.652541   1.428793
    52  0.22795826    6.203060  143.046085       1.629007   0.450057  -2.381371
    53  0.17320827    4.713237  108.689919       1.754073   1.780522  -1.065720
    54  0.22647919    6.162812  142.117955       2.139138  -2.851068   1.577393
    55  0.17983154    4.893465  112.846091       2.056253   5.493567   0.966522
    56  0.20052462    5.456553  125.831207       2.260384  -1.676243  -2.475949
    57  0.19779825    5.382364  124.120380       2.570962   3.000048   1.878113
    58  0.26144080    7.114166  164.056718       2.672722  -3.513217  -3.170189
    59  0.19670170    5.352525  123.432282       2.789561   1.032753   0.906063
    60  0.17970280    4.889962  112.765302       2.898434   0.821996  -3.081527
    61  0.19971359    5.434483  125.322276       3.024629  -1.079310  -1.210645
    62  0.19008790    5.172555  119.282056       3.158588  -1.610671   3.088344
    63  0.21252063    5.782980  133.358818       3.318738  -3.155827  -1.750106
    64  0.18835348    5.125359  118.193694       3.228102   2.857562   0.928230
    65  0.24412264    6.642915  153.189398       3.472186  -1.530934   0.893093
    66  0.18831264    5.124247  118.168064       3.372030   2.582671   0.959355
    67  0.21038449    5.724853  132.018371       3.529816  -0.539105  -2.983982
    68  0.17109314    4.655681  107.362654       3.736444   2.991474  -1.739823
    69  0.19535282    5.315821  122.585849       3.739730  -4.830285  -1.594318
    70  0.21692493    5.902828  136.122565       3.873675   0.890650  -4.464702
    71  0.18514346    5.038010  116.179371       4.254514   0.563331  -0.538922
    72  0.18018501    4.903083  113.067894       4.458412   1.631115  -1.232655
    73  0.20707954    5.634921  129.944484       4.437269   3.675706   1.435241
    74  0.17158463    4.669055  107.671074       4.528215  -4.186570   1.300738
    75  0.15017644    4.086509   94.237219       4.773975  -1.838690  -3.646718
    76  0.16108715    4.383404  101.083797       4.799255  -0.846324  -1.584367
    77  0.15834649    4.308827   99.364006       5.038564  -3.333363  -1.941705
    78  0.16906476    4.600486  106.089829       5.140757  -1.292265   1.781663
    79  0.16634760    4.526548  104.384781       5.170934   1.763344  -3.724338
    80  0.12845834    3.495529   80.608891       5.309774  -4.864800  -0.282002
    81  0.15898682    4.326251   99.765819       5.465438   3.641662   0.127674
    82  0.14552201    3.959855   91.316518       5.604296  -2.470009   0.016558
    83  0.16440896    4.473795  103.168266       5.631384  -2.406366  -1.210645
    84  0.13011239    3.540538   81.646828       5.740987  -0.188485   0.401693
    85  0.19102539    5.198065  119.870342       6.418733  -1.766996  -2.497351
    86  0.15828600    4.307181   99.326051       6.423490   3.148335  -2.136706
    87  0.20482690    5.573623  128.530925       6.558548   2.657229  -3.724237
    88  0.17834416    4.852991  111.912745       6.638730  -3.655398  -0.948463
    89  0.18190643    4.949926  114.148101       6.784373  -1.266168  -0.800054
    90  0.19809982    5.390570  124.309621       6.850116   4.002288  -0.707682
