 Number of surface minima:    70
   #       a.u.         eV      kcal/mol           X/Y/Z coordinate(Angstrom)
     1  0.07743265    2.107050   48.589761      -8.386049   1.369072  -0.088116
     2  0.07434436    2.023013   46.651828      -8.280310   0.310327  -0.675770
     3  0.07427612    2.021156   46.609010      -7.839521  -0.880321   1.670593
     4  0.07821258    2.128272   49.079175      -7.935154   0.100376   2.214920
     5  0.07563249    2.058065   47.460146      -7.272822  -0.086556  -1.091577
     6  0.08476365    2.306536   53.190039      -7.088503   0.707210   2.368523
     7  0.07597175    2.067297   47.673034      -6.791126  -1.264891   1.258397
     8  0.09816948    2.671327   61.602329      -6.614448   1.530323  -0.300910
     9  0.07993164    2.175051   50.157906      -4.632228  -1.756176   1.130083
    10  0.17821901    4.849586  111.834211      -4.431272   3.078294   0.953250
    11  0.13524621    3.680237   84.868351      -4.188311   1.223344  -1.072718
    12  0.16173060    4.400913  101.487569      -4.013567   1.778358   1.501583
    13  0.13737103    3.738056   86.201694      -3.823656   0.243045  -0.882486
    14  0.14470750    3.937691   90.805401      -3.224807   1.901838  -1.278415
    15  0.17369101    4.726373  108.992846      -3.203284   2.578235   1.267096
    16  0.06111089    1.662912   38.347696      -2.840086  -2.185579   0.450937
    17  0.15325958    4.170405   96.171922      -2.830313   5.109807  -0.467611
    18  0.14514237    3.949525   91.078286      -2.050127   1.628370  -1.301757
    19 -0.00985245   -0.268099   -6.182511      -1.771959  -1.963438  -3.587748
    20  0.14608214    3.975097   91.668001      -1.746181   4.156313  -1.897112
    21  0.04553748    1.239138   28.575226      -1.639664  -3.150028   0.785331
    22  0.04181752    1.137913   26.240912      -1.663046  -1.864137   0.969634
    23  0.17267212    4.698647  108.353480      -1.242781   4.061303   2.207018
    24  0.16558135    4.505698  103.903952      -1.173622   5.009787  -0.384479
    25  0.04366041    1.188060   27.397343      -0.564508  -5.345416   1.120184
*   26 -0.02032271   -0.553009  -12.752706      -0.477027  -2.475056  -3.941838
    27  0.16421234    4.468445  103.044885      -0.388689   2.823919   3.278964
    28  0.10975547    2.986598   68.872657      -0.064612  -2.918393   1.740761
    29  0.02753481    0.749260   17.278370       0.212456  -4.251342  -0.946149
    30  0.18965900    5.160884  119.012922       0.220899   3.083264  -0.469067
    31  0.00793164    0.215831    4.977185       0.367106  -0.070083  -2.970920
    32  0.19495107    5.304888  122.333748       0.344750   4.146862   0.768952
    33  0.18380967    5.001715  115.342404       0.448891   1.104093   1.304912
    34  0.16535671    4.499585  103.762990       0.381877   4.467527   2.705393
    35  0.09508547    2.587407   59.667081       1.270810  -3.790796   0.632554
    36  0.18217481    4.957229  114.316516       1.277550   3.474963  -0.200257
    37  0.18236024    4.962274  114.432871       1.670269   1.530421   1.520980
    38  0.04585648    1.247818   28.775401       1.826260  -0.336079  -2.710427
    39  0.03413172    0.928771   21.417996       1.937897  -2.065583  -1.283464
    40  0.17202638    4.681076  107.948277       2.203137   3.214469  -0.733844
    41  0.19151392    5.211359  120.176903       2.330537   4.012910   0.576484
    42  0.17296130    4.706516  108.534947       2.721365   1.382348   1.090794
    43  0.12356914    3.362487   77.540868       2.862629  -3.121403   2.160280
    44  0.18472852    5.026719  115.918992       2.934592   2.294742   1.707355
    45  0.11810484    3.213796   74.111969       3.188762  -3.328081   1.234222
    46  0.11896674    3.237250   74.652819       3.637923  -3.418017  -0.094083
    47  0.14111915    3.840047   88.553678       3.544363  -0.609708   1.912467
    48  0.11418399    3.107104   71.651596       3.678077  -3.126170   3.235212
    49  0.12508423    3.403715   78.491606       4.241263  -0.555755   2.821754
    50  0.10558224    2.873039   66.253913       4.457390  -3.642438   0.979781
    51  0.11129895    3.028598   69.841201       4.638858  -3.333224   3.086343
    52  0.14613960    3.976661   91.704063       4.642679  -1.741870  -0.553386
    53  0.10692532    2.909586   67.096706       4.710462   2.983710  -1.622041
    54  0.12252159    3.333982   76.883523       4.965202  -1.029602   0.700225
    55  0.10981213    2.988140   68.908210       5.031341  -3.602212   1.895694
    56  0.13362599    3.636148   83.851645       4.990141  -0.743558   3.887607
    57  0.12009949    3.268073   75.363633       5.222626  -0.777876   2.680822
    58  0.09520731    2.590723   59.743538       5.472083   3.617685  -1.611385
    59  0.11996554    3.264428   75.279575       5.614051  -1.052175   1.487599
    60  0.09079517    2.470662   56.974877       5.662831   1.368682  -2.018260
    61  0.10445415    2.842342   65.546027       5.785274   3.103915   0.991579
    62  0.10311476    2.805895   64.705541       5.931193   0.997798   0.613029
    63  0.12806327    3.484779   80.360981       6.035503  -3.403938   2.971486
    64  0.13352630    3.633435   83.789089       6.097229  -1.477970   0.572751
    65  0.08989247    2.446099   56.408426       6.456642   3.220802  -1.753939
    66  0.13409093    3.648800   84.143398       6.522975  -1.292382   2.552877
    67  0.08778237    2.388680   55.084317       6.545920   2.021933  -1.968854
    68  0.09649225    2.625688   60.549853       6.704889   2.700546   0.850830
    69  0.09712373    2.642871   60.946112       6.797345   1.618920   0.655356
    70  0.11106336    3.022188   69.693370       7.828694   2.397849   0.515919
 
 Number of surface maxima:    79
   #       a.u.         eV      kcal/mol           X/Y/Z coordinate(Angstrom)
     1  0.16593427    4.515301  104.125412     -10.297617  -0.099264   1.062913
     2  0.11845426    3.223304   74.331233      -9.072710  -1.020307   0.292480
     3  0.17609234    4.791716  110.499703      -8.915851   2.627132   2.269118
     4  0.16292843    4.433508  102.239218      -8.399511  -2.337276  -0.492736
     5  0.13181592    3.586893   82.715805      -7.215787   0.839504   0.000410
     6  0.13196236    3.590878   82.807700      -6.929238   0.043012   1.369964
     7  0.12114074    3.296407   76.017025      -6.828873  -1.733954  -0.545471
     8  0.20928191    5.694850  131.326491      -5.677939   3.151356   1.826248
     9  0.16550005    4.503485  103.852938      -5.237279  -1.793903  -0.870008
    10  0.18963671    5.160277  118.998929      -5.066476   2.208251   0.866945
    11  0.23666651    6.440023  148.510600      -4.956806   3.643500  -0.207448
    12  0.19128225    5.205055  120.031525      -4.489147  -0.554741  -0.027729
    13  0.08877058    2.415570   55.704424      -3.876332  -2.322855   1.241335
    14  0.05554616    1.511488   34.855769      -3.753546  -1.144262  -2.600141
    15  0.20644360    5.617616  129.545426      -3.470750   3.653914  -0.060498
    16  0.20943838    5.699108  131.424678      -3.229056   4.547618  -1.809516
    17  0.22239170    6.051586  139.553016      -2.926303   1.000418  -0.570544
    18  0.21278828    5.790264  133.526774      -2.723844  -0.354465   1.616368
    19  0.24605032    6.695370  154.399034      -2.803216   1.249558   1.003662
    20  0.17735724    4.826136  111.293441      -2.575427  -1.016161  -0.229107
    21  0.22861905    6.221041  143.460743      -2.135820   5.005797   1.034803
    22  0.14166893    3.855008   88.898670      -2.105182  -4.388608  -1.308475
    23  0.12514812    3.405453   78.531695      -1.843402  -1.877824  -0.485604
    24  0.23485125    6.390627  147.371508      -1.763673   2.566390   2.300269
    25  0.16909921    4.601424  106.111448      -1.666509   5.144125  -0.750192
    26  0.16478095    4.483918  103.401696      -1.472258  -0.185880  -0.967024
    27  0.08198138    2.230827   51.444133      -1.165662  -4.772031   0.149353
    28  0.10528045    2.864827   66.064537      -1.054188  -2.808437  -2.016836
    29  0.24135631    6.567639  151.453497      -0.977643   2.824943   0.441252
    30  0.21653579    5.892239  135.878374      -0.830085   0.850071   1.121129
    31  0.21162823    5.758697  132.798833      -0.836972   2.682218  -0.731017
    32  0.22194677    6.039479  139.273818      -0.726385   1.893003   1.369672
    33  0.17945841    4.883312  112.611947      -0.703425   4.036666   2.840767
    34  0.11326135    3.081998   71.072628      -0.509013  -0.940319  -2.602312
    35  0.23380787    6.362236  146.716774      -0.307847   5.090328   1.374490
    36  0.18554521    5.048942  116.431476      -0.184427  -3.949950   3.422210
    37  0.22715426    6.181182  142.541572      -0.211110   4.008575  -1.033200
    38  0.19103145    5.198230  119.874145      -0.051575  -1.792468   0.427055
    39  0.23010682    6.261525  144.394329       0.344750  -1.227747   2.342034
    40  0.19141360    5.208629  120.113947       0.348181  -0.348453  -0.216149
    41  0.10927467    2.973515   68.570950       0.741633  -2.788286  -1.042467
    42  0.25387310    6.908238  159.307908       1.149938   2.320326  -0.741713
    43  0.23012512    6.262023  144.405811       1.118888   3.341793   3.441180
    44  0.25413585    6.915388  159.472787       1.405747   1.100106   0.312431
    45  0.02913436    0.792786   18.282101       1.535399  -2.962202  -4.022721
    46  0.19712084    5.363931  123.695300       1.546315  -0.204268  -1.138291
    47  0.20842963    5.671659  130.791675       1.564017   1.655126  -2.167909
    48  0.22143260    6.025487  138.951168       1.428833   3.627145   1.654935
    49  0.22554056    6.137271  141.528955       1.643788  -0.390349   1.092423
    50  0.15700044    4.272199   98.519345       1.765254  -2.918321   0.694306
    51  0.22708792    6.179377  142.499940       1.736322  -1.208576   3.948737
    52  0.20707341    5.634754  129.940639       1.759798  -1.036405   2.263565
    53  0.17458014    4.750567  109.550785       2.028859  -5.259690   1.483372
    54  0.15848772    4.312670   99.452627       2.308735  -2.629622   0.301038
*   55  0.25504528    6.940135  160.043463       2.887226   3.768080   1.922914
    56  0.21652003    5.891810  135.868483       3.246422   0.609332  -0.730523
    57  0.20575600    5.598905  129.113945       3.179879   3.410045   0.175868
    58  0.18593672    5.059595  116.677149       3.521088   1.109096  -1.410069
    59  0.18383864    5.002504  115.360586       3.806485  -2.450305  -1.250050
    60  0.21974973    5.979694  137.895156       3.664514   4.830429   0.193245
    61  0.15475015    4.210966   97.107268       3.891187  -1.061868  -0.088721
    62  0.16518637    4.494950  103.656101       4.059704  -2.850068   2.036400
    63  0.17335734    4.717293  108.783465       4.307647  -1.277843   1.759602
    64  0.19984775    5.438134  125.406464       4.244430  -0.684882  -0.914849
    65  0.20280786    5.518683  127.263963       4.817147  -1.684723   5.158979
    66  0.15343049    4.175056   96.279167       5.049037  -2.365982  -0.353309
    67  0.12961286    3.526945   81.333366       5.669909  -3.483397   2.852085
    68  0.15239881    4.146982   95.631776       5.637260   2.174785   0.305253
    69  0.14651241    3.986805   91.938004       5.512528   2.437628  -1.279034
    70  0.15652773    4.259336   98.222717       5.774021  -2.067647   3.882418
    71  0.13671352    3.720164   85.789100       6.107929  -1.070387   2.395318
    72  0.19684656    5.356467  123.523185       6.626422  -2.864736  -0.088721
    73  0.15462656    4.207603   97.029715       6.609292  -2.573713   1.631105
    74  0.18642420    5.072861  116.983052       6.882156   5.260201  -0.062844
    75  0.19845433    5.400217  124.532078       7.233928  -2.459290   3.094680
    76  0.18800712    5.115934  117.976348       7.500836  -0.333643  -1.008061
    77  0.13685233    3.723941   85.876203       7.599873   3.744521  -0.366879
    78  0.13668281    3.719328   85.769827       7.838801   1.223008  -0.779666
    79  0.17942492    4.882400  112.590931       8.848377   2.586859  -0.726264
