 Number of surface minima:    60
   #       a.u.         eV      kcal/mol           X/Y/Z coordinate(Angstrom)
     1  0.11414764    3.106115   71.628788      -8.294533   0.047455  -1.452477
     2  0.10556090    2.872458   66.240519      -7.964324  -0.736997   1.217731
     3  0.11192605    3.045663   70.234717      -7.372386  -0.955559  -2.852374
     4  0.09701466    2.639903   60.877667      -6.865947  -2.291184   1.350042
     5  0.10728791    2.919453   67.324237      -6.521196  -0.620097   2.089056
     6  0.09804658    2.667983   61.525209      -5.874500  -3.136892  -2.303136
     7  0.09243074    2.515168   58.001214      -5.782667  -3.599259  -0.526417
     8  0.18575228    5.054577  116.561412      -5.651500   1.823680  -0.866901
     9  0.17678956    4.810689  110.937218      -5.178722   1.217499   0.080360
    10  0.17905447    4.872320  112.358468      -4.762470   0.737275  -2.501307
    11  0.17351817    4.721669  108.884386      -4.649545   0.246980   0.996050
    12  0.18273887    4.972578  114.670470      -4.520988   2.133012  -0.144595
    13  0.09105333    2.477687   57.136876      -4.300387  -2.995314  -1.481274
    14  0.16325507    4.442396  102.444191      -3.988074  -0.163626  -1.795853
*   15 -0.00688830   -0.187440   -4.322475      -3.564847  -3.604701   2.648646
    16  0.16783033    4.566895  105.315209      -3.326602   0.771663  -2.051212
    17  0.17294499    4.706073  108.524711      -2.278986   0.954692  -1.630960
    18  0.03993138    1.086588   25.057339      -1.477525   0.046304   2.511462
    19  0.01298516    0.353344    8.148320      -0.945305  -3.462977  -0.526417
    20  0.17431452    4.743339  109.384105      -0.828299   2.685312   1.298831
    21  0.18722638    5.094689  117.486423      -0.534703   4.426022  -1.036683
    22  0.17047581    4.638883  106.975275      -0.401088   3.633511   1.478624
    23  0.02566932    0.698498   16.107758      -0.271671  -3.636422   0.938723
    24  0.19038352    5.180599  119.467564       0.001466   5.471522  -0.616854
    25  0.04097853    1.115082   25.714437       0.216833  -0.009577  -1.906392
    26  0.18283401    4.975166  114.730170       0.174683   4.942345   1.519631
    27  0.18222506    4.958596  114.348046       0.569422   4.472657  -1.128399
    28  0.03205188    0.872176   20.112877       0.644742  -4.580515   2.914782
    29  0.03113620    0.847259   19.538274       0.746219  -2.078690   2.995318
    30  0.16834629    4.580936  105.638981       0.797518   3.751696   1.373728
    31  0.02384404    0.648829   14.962373       0.906816  -0.481722   3.379064
    32  0.02708764    0.737092   16.997763       1.276264  -1.999343  -1.382566
    33  0.18009154    4.900540  113.009243       1.309417   3.372841  -1.458750
    34  0.07283020    1.981810   45.701677       1.802363  -3.669036   0.749663
    35  0.09203103    2.504292   57.750393       2.405204  -2.819869   2.007992
    36  0.10131893    2.757028   63.578639       2.552353  -3.863368  -1.819339
    37  0.11884769    3.234010   74.578111       2.647790   7.369600  -0.261828
    38  0.11691633    3.181455   73.366169       2.889402   6.793983   1.589587
    39  0.11524069    3.135859   72.314684       3.134966   4.127450  -2.653601
    40  0.09560138    2.601446   59.990824       3.274673  -3.925754  -0.635925
    41  0.10147285    2.761217   63.675227       3.296360  -1.915166  -2.523141
    42  0.10291377    2.800426   64.579417       3.418976   2.957682   1.987416
    43  0.11210943    3.050653   70.349791       3.601073   5.784481  -2.246243
    44  0.08532102    2.321703   53.539792       3.755597  -4.512245  -1.584771
    45  0.09957080    2.709459   62.481676       3.926054  -3.831850   0.253534
    46  0.08978555    2.443189   56.341329       4.189012  -1.600043  -1.452477
    47  0.10606633    2.886212   66.557685       4.146035   4.647286   2.315920
    48  0.08343211    2.270303   52.354486       4.640230  -2.161677  -2.489465
    49  0.01405416    0.382433    8.819127       4.534434   0.444338  -1.320183
    50  0.10629876    2.892536   66.703537       4.609463   4.291031  -1.714988
    51  0.09017844    2.453880   56.587873       4.725412  -4.881742  -1.597114
    52  0.09371245    2.550045   58.805499       4.780855  -1.502571  -0.636770
    53  0.10350621    2.816547   64.951179       4.920234   3.655812   0.958494
    54  0.09131123    2.484705   57.298707       5.142350  -4.315556   0.268690
    55  0.09056650    2.464440   56.831386       5.511740  -4.771194  -0.540985
    56  0.08898577    2.421426   55.839461       5.602240  -2.533307  -2.445707
    57  0.08851843    2.408709   55.546198       6.043175  -1.989927  -0.658711
    58  0.10988008    2.989989   68.950849       6.201296  -5.239405  -1.718269
    59  0.08931802    2.430467   56.047948       6.362112  -2.424764  -1.429142
    60  0.10995621    2.992061   68.998620       6.959905  -3.274981  -2.382687
 
 Number of surface maxima:    87
   #       a.u.         eV      kcal/mol           X/Y/Z coordinate(Angstrom)
     1  0.17203309    4.681259  107.952487      -8.416313  -1.417975  -1.756477
     2  0.16523485    4.496269  103.686521      -8.256573  -1.948491   0.378311
     3  0.13012716    3.540940   81.656093      -7.698684   0.321732  -2.514032
     4  0.14479013    3.939940   90.857256      -7.408932  -0.225689  -0.254892
     5  0.19195919    5.223475  120.456313      -7.316232   1.471525  -1.061534
     6  0.16246315    4.420847  101.947252      -7.219937  -3.184408  -1.347945
     7  0.11562766    3.146389   72.557515      -7.291642  -1.008117   1.859857
     8  0.14820887    4.032968   93.002547      -7.090894  -1.693947  -0.801806
     9  0.17982910    4.893399  112.844560      -7.068262   0.785914   1.181603
    10  0.14089582    3.833970   88.413536      -6.394129  -1.552456  -2.133939
    11  0.12913036    3.513816   81.030595      -6.223124  -2.311257   0.122810
    12  0.18684789    5.084390  117.248921      -5.991686   0.039750  -3.289380
    13  0.19604214    5.334578  123.018406      -5.827930   0.848317  -0.788041
    14  0.25014120    6.806688  156.966104      -5.759201   1.899576  -2.297544
    15  0.15352526    4.177635   96.338638      -5.553921  -1.651915   2.124956
    16  0.10654300    2.899182   66.856796      -5.289862  -3.497234  -1.702500
    17  0.19007074    5.172088  119.271287      -5.207738   0.115752  -1.913357
    18  0.16524666    4.496590  103.693929      -4.649545  -2.069253  -2.833966
    19  0.20477447    5.572197  128.498028      -4.773911  -1.403358   0.404941
    20  0.14475915    3.939097   90.837815      -4.372597  -3.253399   0.014101
    21  0.22293060    6.066250  139.891178      -4.330856   2.428753  -1.927554
    22  0.25710869    6.996283  161.338272      -3.682828   1.105810   0.267349
    23  0.20023008    5.448538  125.646379      -3.179782  -0.073495   1.610056
    24  0.24358856    6.628382  152.854257      -3.069237   0.305920  -0.932150
*   25  0.27839597    7.575540  174.696254      -3.054711   3.508169  -1.970837
    26  0.27837412    7.574945  174.682542      -2.802880   4.319180   0.522299
    27  0.25696023    6.992243  161.245113      -2.478908   2.957930  -0.101202
    28  0.26025510    7.081902  163.312681      -2.400542   3.018089  -0.394122
    29  0.17815579    4.847865  111.794537      -2.242376  -1.147615   0.417493
    30  0.06216020    1.691465   39.006145      -2.117645  -2.447755  -1.967395
    31  0.14073490    3.829591   88.312558      -1.653252  -2.489409   2.780941
    32  0.22500203    6.122617  141.191026      -1.342188   5.000758   0.458057
    33  0.14027655    3.817119   88.024937      -1.307243  -1.637426   0.815067
    34  0.17960450    4.887287  112.703618      -1.252288  -0.098068  -0.325045
    35  0.14554182    3.960394   91.328946      -0.416127  -0.693835   2.039650
    36  0.25348592    6.897703  159.064952      -0.253150   6.171580   0.686287
    37  0.07417002    2.018269   46.542432      -0.221451  -3.594403   2.780941
    38  0.18636640    5.071288  116.946781      -0.239212   0.866937   0.720085
    39  0.26061115    7.091590  163.536101       0.006799   3.090224  -0.871582
    40  0.24601611    6.694439  154.377572       0.139285   2.844237   0.701519
    41  0.12075998    3.286046   75.778096       0.524439  -2.454050   0.148580
    42  0.14531518    3.954227   91.186729       0.509933  -0.909246  -0.992708
    43  0.20086419    5.465793  126.044290       1.012369   5.279562  -0.394122
    44  0.19611020    5.336430  123.061114       1.013858   6.785793  -0.805720
    45  0.20646743    5.618264  129.560376       1.145384   1.758907  -1.494908
    46  0.19575911    5.326876  122.840800       1.145552   5.015258   1.001734
    47  0.19139921    5.208237  120.104920       1.303698   6.165973   2.051528
    48  0.12451838    3.388317   78.136529       1.448695  -2.583083   0.807874
    49  0.18563735    5.051449  116.489292       1.459683   1.020681   0.135055
    50  0.16980391    4.620599  106.553652       1.495433  -1.540076   1.252849
    51  0.15162266    4.125862   95.144734       1.468039  -0.063103   0.282963
    52  0.18574909    5.054490  116.559413       1.936776   5.335166  -2.535571
    53  0.13434266    3.655650   84.301362       1.965170   7.384561   0.764984
    54  0.16022831    4.360034  100.544866       2.092981  -5.676352   1.034989
    55  0.16727274    4.551723  104.965316       2.057483  -2.758226  -2.655901
    56  0.07233392    1.968306   45.390256       2.000382   1.398709   2.801390
    57  0.13776181    3.748689   86.446911       2.210659  -3.031387   0.258066
    58  0.13646325    3.713354   85.632051       2.385359  -2.843700  -0.644556
    59  0.21409385    5.825790  134.346030       2.700206   3.163789  -0.424862
    60  0.17252586    4.694667  108.261700       2.626622   4.148810   2.779876
    61  0.13471150    3.665686   84.532816       2.910241  -1.672371  -1.142627
    62  0.15117039    4.113555   94.860930       2.809743   6.051506  -0.923300
    63  0.14733318    4.009140   92.453046       3.045135   5.492255   1.465947
    64  0.16798976    4.571234  105.415252       3.228420  -3.950087   3.382719
    65  0.16534091    4.499155  103.753076       3.215233  -0.686896   0.135055
    66  0.18905178    5.144361  118.631885       3.335374  -1.385741   2.034436
    67  0.12909250    3.512786   81.006836       3.484761  -3.460137  -3.107949
    68  0.16382245    4.457836  102.800226       3.686832   2.959443  -1.980296
    69  0.12336249    3.356864   77.411194       3.803244   4.795610  -2.545193
    70  0.15532782    4.226685   97.469762       3.783970   5.461606   0.112630
    71  0.16960915    4.615300  106.431439       3.970512  -2.047755   1.227484
    72  0.15988645    4.350731  100.330345       4.112173   2.334079   0.685458
    73  0.17721564    4.822283  111.204587       3.955190   7.062621   0.404063
    74  0.13859897    3.771470   86.972242       4.103625   4.161059  -0.256543
    75  0.17581936    4.784288  110.328404       4.469061  -4.319837  -4.100390
    76  0.11676311    3.177286   73.270019       4.383427   3.640562   2.024135
    77  0.14188103    3.860779   89.031763       4.630934  -3.918194  -0.770726
    78  0.17250596    4.694126  108.249214       4.759814   5.876561  -1.177836
    79  0.14054700    3.824478   88.194651       5.118731  -2.506794  -1.332293
    80  0.17024914    4.632715  106.833041       5.062555   5.261549   1.089159
    81  0.19272658    5.244357  120.937857       5.233517  -2.215237   2.055532
    82  0.13312177    3.622428   83.535240       5.782189  -4.330353  -3.062946
    83  0.11122012    3.026453   69.791738       5.861664  -5.184357  -1.552401
    84  0.13953793    3.797020   87.561448       6.270719  -2.892502   1.000952
    85  0.13428103    3.653973   84.262692       7.172694  -4.145713  -1.025234
    86  0.17925213    4.877699  112.482504       7.350815  -4.715140  -2.537320
    87  0.17976917    4.891768  112.806951       7.724116  -3.669987   0.506830
