 Number of surface minima:    64
   #       a.u.         eV      kcal/mol           X/Y/Z coordinate(Angstrom)
     1  0.13932494    3.791225   87.427795      -6.957792   0.808676  -0.908310
     2  0.12792027    3.480888   80.271250      -6.947316  -1.144005  -0.293310
     3  0.13219425    3.597188   82.953212      -6.593880   0.296341  -3.012103
     4  0.12116381    3.297035   76.031501      -6.554510  -1.806480  -2.426136
     5  0.12074975    3.285768   75.771675      -6.293107  -0.079185  -0.301247
     6  0.11073548    3.013266   69.487623      -5.881749  -0.868160  -2.800126
     7  0.11978057    3.259395   75.163504      -5.787880  -1.020122   0.055966
     8  0.12849324    3.496479   80.630796      -5.545062   0.957829  -0.505951
     9  0.10852968    2.953243   68.103459      -5.385296  -1.703446  -2.489016
    10  0.11597548    3.155853   72.775773      -5.128983   0.170550  -2.990324
    11  0.15041676    4.093048   94.388023      -5.046518   2.881994   0.675435
    12  0.13473099    3.666217   84.545043      -4.563382  -1.020459   0.216643
    13  0.12983120    3.532887   81.470376      -4.464019   0.964618  -0.339356
    14  0.13515801    3.677836   84.813000      -4.248065   2.225209   0.415533
    15  0.14336330    3.901114   89.961902      -4.211956   4.212454   2.270484
    16  0.11706075    3.185385   73.456792      -4.015331  -1.784482  -2.252211
    17  0.11429119    3.110022   71.718867      -4.078939   0.249628  -2.882991
    18  0.14767769    4.018514   92.669224      -4.127243   3.139797  -0.257411
    19  0.13908516    3.784700   87.277327      -4.006631  -0.073776   0.004262
    20  0.15594177    4.243391   97.855020      -3.940694   4.531393  -1.018899
    21  0.11982561    3.260621   75.191769      -3.529193  -0.884970  -2.443491
    22  0.14339523    3.901983   89.981940      -3.169044   3.607145  -1.111411
    23  0.12779827    3.477568   80.194695      -3.148147   3.607775   2.420483
    24  0.14788632    4.024191   92.800145      -3.134564   5.599444   0.743682
    25  0.13660143    3.717114   85.718762      -3.010832   4.537304   1.665256
    26  0.04134993    1.125189   25.947493      -2.459786  -3.659581   3.330552
    27  0.10648863    2.897703   66.822678      -2.449752  -1.421140   1.699145
    28  0.13267220    3.610194   83.253132      -2.056180   4.967252   0.893393
    29  0.16737740    4.554571  105.030995      -1.919524  -0.469811   1.287777
    30  0.05921447    1.611308   37.157670      -1.882900  -4.008755   1.193167
    31  0.11970138    3.257240   75.113811      -1.798314  -3.077610  -0.918456
    32  0.13604981    3.702103   85.372613      -1.666020  -1.088864   0.805701
    33  0.16243526    4.420088  101.929749      -1.233545   3.117229   1.691638
    34  0.17065685    4.643809  107.088883      -1.125515   1.900200  -0.969766
    35  0.06230050    1.695283   39.094188      -0.744878  -0.631908  -1.354848
    36  0.05721893    1.557006   35.905454      -0.704866  -4.171860   0.527796
    37  0.03057063    0.831869   19.183373      -0.298927  -2.844548   2.909435
    38  0.14528810    3.953490   91.169733      -0.051338   0.979137  -0.968200
    39  0.17359800    4.723842  108.934483       0.590881   2.571159   1.150118
    40  0.15829080    4.307312   99.329059       0.613425   4.603466  -1.897311
    41  0.01394143    0.379366    8.748387       0.948924  -1.827839  -2.051708
    42  0.14971918    4.074066   93.950280       0.969398   2.814342  -2.563890
    43  0.01583698    0.430946    9.937866       1.054791  -0.912841   2.543326
*   44 -0.01021476   -0.277958   -6.409867       1.147837  -4.717935  -0.803279
    45 -0.00545479   -0.148433   -3.422938       2.063930  -4.285469   0.503259
    46  0.15905693    4.328159   99.809817       1.987021   4.005344  -1.403541
    47  0.15689036    4.269204   98.450273       2.307539   4.157273   1.149489
    48  0.12629608    3.436691   79.252052       2.543639   0.441542   1.225846
    49  0.16622530    4.523221  104.308040       2.568776   1.774693  -1.109618
    50  0.14216857    3.868604   89.212200       2.600163   2.849091   2.508297
    51  0.17488098    4.758753  109.739562       3.199222   3.075537  -0.355488
    52  0.13835950    3.764953   86.821967       3.903660   0.597718   1.140143
    53  0.14987685    4.078356   94.049221       3.822205   3.945352   1.570810
    54  0.12038318    3.275793   75.541652       4.042891  -1.145989   0.130990
    55  0.14678160    3.994130   92.106919       4.424626   1.110096  -1.622625
    56  0.11673784    3.176598   73.254160       6.070686   2.293663  -1.172202
    57  0.10938208    2.976438   68.638348       6.271638   0.380892  -2.294194
    58  0.10948247    2.979169   68.701343       6.276537   0.973614   1.149745
    59  0.10080572    2.743063   63.256596       6.455814  -0.961814   0.006691
    60  0.11867968    3.229438   74.472684       6.672744   1.356487  -1.748633
    61  0.11214810    3.051705   70.374053       6.936947   0.032927   0.499962
    62  0.12382803    3.369532   77.703326       7.394651   0.241612  -2.229535
    63  0.13141796    3.576065   82.466086       7.462287   2.293663  -1.038930
    64  0.12733335    3.464917   79.902948       7.511541   1.262584   0.930124
 
 Number of surface maxima:    75
   #       a.u.         eV      kcal/mol           X/Y/Z coordinate(Angstrom)
     1  0.19582330    5.328623  122.881080      -7.735587  -1.915957  -1.345323
     2  0.20360065    5.540256  127.761447      -7.548273   1.235308  -2.189387
     3  0.15597872    4.244397   97.878205      -7.296706  -0.308559  -1.736746
     4  0.15623576    4.251391   98.039504      -6.150661  -2.463818  -0.962251
     5  0.16484415    4.485637  103.441353      -5.900417   1.763383  -2.030536
     6  0.21558758    5.866436  135.283364      -5.638863   3.913257   1.679470
     7  0.20399721    5.551046  128.010287      -4.971042  -3.520811  -0.439944
     8  0.17538239    4.772398  110.054206      -4.906903  -0.119557  -0.640187
     9  0.21638839    5.888228  135.785881      -4.675771   2.757833  -2.294194
    10  0.16711906    4.547541  104.868882      -4.687435  -0.591928  -2.156072
    11  0.17621976    4.795184  110.579662      -4.643886   2.623154   2.004127
    12  0.17550547    4.775747  110.131435      -4.624753   4.626702   0.568023
    13  0.19262894    5.241700  120.876589      -4.507895  -2.204344   2.178310
    14  0.22611448    6.152888  141.889098      -4.179612   1.235308   2.785694
    15  0.21783708    5.927648  136.694945      -4.102050   5.865609  -0.462004
    16  0.18649547    5.074800  117.027770      -3.748591  -2.434795  -0.177485
    17  0.17460031    4.751116  109.563441      -3.475043   1.675289  -1.742367
    18  0.19195987    5.223494  120.456740      -3.022657  -3.539058  -0.181131
    19  0.19444549    5.291131  122.016492      -2.867789  -1.546202   0.600311
    20  0.20210084    5.499443  126.820296      -2.873376   2.686846   0.078971
    21  0.18113023    4.928804  113.661031      -2.623791  -1.344794   4.585110
    22  0.21156254    5.756909  132.757609      -2.707867   0.978291   2.083339
    23  0.18126445    4.932457  113.745258      -2.583929   5.199298  -0.821826
    24  0.13487706    3.670191   84.636704      -2.363632  -0.885942   2.599435
    25  0.16615721    4.521368  104.265310      -2.339153  -0.611416  -1.499351
    26  0.22478646    6.116751  141.055749      -2.393168  -0.114478   2.732990
    27  0.17822066    4.849631  111.835245      -2.325212  -2.196664  -1.757029
    28  0.19628686    5.341237  123.171965      -2.281605   3.530198   1.296344
    29  0.22278569    6.062307  139.800248      -1.979956   1.226901  -1.399337
    30  0.08102497    2.204802   50.843980      -1.666020  -4.056464   2.535686
    31  0.14752218    4.014283   92.571641      -1.401069  -2.731240  -0.176655
    32  0.17971951    4.890416  112.775788      -1.162174  -0.544451   1.217820
    33  0.22909282    6.233933  143.758036      -1.004776   1.235231   0.087015
    34  0.23389849    6.364702  146.773642      -1.081931   5.126754  -1.500428
    35  0.16648630    4.530323  104.471818      -0.997325  -1.413441   1.014756
    36  0.20396441    5.550154  127.989708      -0.851235   3.502640  -1.206224
    37  0.21906128    5.960961  137.463143      -0.495524   3.737865  -2.616560
*   38  0.23630907    6.430297  148.286303      -0.371012   2.023857   1.267424
    39  0.20686776    5.629158  129.811585      -0.442476   4.025974  -0.541929
    40  0.13449114    3.659690   84.394535      -0.331832  -4.983888   1.810894
    41  0.03345200    0.910275   20.991464      -0.240107  -4.725751  -2.344039
    42  0.13381483    3.641287   83.970142      -0.192059  -1.797570  -1.231790
    43  0.17250750    4.694168  108.250179      -0.078488  -0.436508  -0.045190
    44  0.10345897    2.815262   64.921541       0.571899  -3.676222   0.611786
    45  0.11650288    3.170205   73.106724       0.613617  -2.043258   1.851165
    46  0.19150338    5.211072  120.170284       0.631521   3.391610   0.509352
    47  0.19594160    5.331842  122.955316       1.126686   1.644059  -1.084819
    48  0.21947614    5.972249  137.723470       1.177466   3.219723   1.674636
    49  0.22287083    6.064624  139.853677       1.151486   4.990495  -0.420259
    50  0.16698274    4.543831  104.783338       1.395082   4.158468  -2.033069
    51  0.10763510    2.928900   67.542101       1.509043  -2.538977  -0.644413
    52  0.15492120    4.215620   97.214605       1.628889  -1.150342   0.477691
    53  0.19271021    5.243911  120.927583       1.677360   1.793018   1.193451
    54  0.21643199    5.889414  135.813240       1.619527   2.385345  -0.056280
    55  0.14237818    3.874307   89.343730       2.333983  -1.799645  -0.701409
    56  0.21815636    5.936336  136.895297       2.352958   2.558251  -1.847161
    57  0.16204430    4.409450  101.684417       2.816833   4.007974   1.793682
    58  0.22409293    6.097879  140.620552       3.104705   0.722929  -1.109689
    59  0.20490391    5.575719  128.579255       3.204075   0.044659   0.291326
    60  0.21076797    5.735288  132.259012       3.325108  -2.351316  -2.059991
    61  0.21712549    5.908285  136.248413       3.480484   4.405902   0.096363
    62  0.04464836    1.214944   28.017292       3.601569  -3.137758   1.529179
    63  0.19372190    5.271441  121.562429       4.174414   2.706891   0.226908
    64  0.20417871    5.555985  128.124184       4.212897   2.851851   2.526369
    65  0.18581490    5.056280  116.600705       4.419518  -1.441396  -1.653656
    66  0.18540706    5.045183  116.344782       4.397542   2.159997   1.136255
    67  0.17745483    4.828792  111.354681       5.480436   0.977139  -1.238668
    68  0.21946642    5.971985  137.717375       5.453896   3.476231   1.124080
    69  0.17117039    4.657783  107.411133       5.645557   0.202610   0.135047
    70  0.19866546    5.405962  124.664564       5.770128  -2.149384  -2.239234
    71  0.16226965    4.415582  101.825826       6.671584   2.691747   0.484889
    72  0.15078580    4.103090   94.619595       6.933110  -1.074068  -1.786066
    73  0.15257949    4.151899   95.745156       8.067851   0.958136  -0.744308
    74  0.19834774    5.397316  124.465190       8.318020   2.355630   0.149071
    75  0.19270398    5.243742  120.923677       8.549243  -0.468809  -1.483730
