 Number of surface minima:    71
   #       a.u.         eV      kcal/mol           X/Y/Z coordinate(Angstrom)
     1  0.12567153    3.419696   78.860144      -7.427712   1.755578  -2.484239
     2  0.11278286    3.068978   70.772372      -7.048966   0.898518  -1.359707
     3  0.10343818    2.814696   64.908495      -6.784378   0.099895  -0.570798
     4  0.10970045    2.985101   68.838126      -6.519789   1.961920  -1.751543
     5  0.12354614    3.361861   77.526440      -6.387495   0.642917  -4.128900
     6  0.10963369    2.983285   68.796240      -5.850385  -0.464887  -3.254597
     7  0.10096454    2.747385   63.356256      -5.605774  -1.295125  -2.525754
     8  0.10473745    2.850051   65.723797      -5.187790   0.619096  -3.648370
     9  0.07244206    1.971249   45.458118      -5.178745  -3.906646   1.637694
    10  0.07251074    1.973118   45.501217      -5.164129  -3.234167   2.572415
    11  0.07595510    2.066843   47.662586      -5.085388  -2.206332   2.540106
    12  0.12627129    3.436017   79.236499      -3.844652  -0.167868  -2.161505
    13  0.12382522    3.369456   77.701567      -3.477020  -0.821876  -1.492569
    14  0.14982737    4.077010   94.018175      -3.474143   2.302310   0.032056
    15  0.13004991    3.538838   81.607622      -3.080137   0.912251  -2.404329
    16  0.06375478    1.734856   40.006762      -2.517155  -4.159359   1.647283
    17  0.06135406    1.669529   38.500288      -2.437726  -3.661202   0.556224
    18  0.06925211    1.884446   43.456392      -2.520995  -3.633129   2.703063
    19  0.07291041    1.983993   45.752009      -2.500224  -2.837558  -0.490151
    20  0.07731292    2.103792   48.514631      -2.444152  -2.206992   2.935055
    21  0.06972211    1.897235   43.751323      -2.342905  -2.612151   0.400675
    22  0.11834929    3.220448   74.265366      -2.011935   0.997322  -1.793303
    23  0.01329251    0.361708    8.341184      -1.249783   0.437787   2.251435
    24  0.01841659    0.501141   11.556597      -1.094920  -3.125972  -0.754230
    25  0.15076815    4.102610   94.608522      -1.119329   3.487900  -1.065998
    26  0.11897738    3.237539   74.659497      -1.029757   2.495511   1.427934
    27  0.13102765    3.565444   82.221163      -0.563779   3.622970   1.766133
    28  0.02773174    0.754619   17.401947      -0.536967  -3.497753   0.450109
    29  0.01895266    0.515728   11.892981      -0.301957  -0.828092  -2.557140
    30  0.01995103    0.542895   12.519471       0.065822   0.249854  -1.876077
    31  0.11122517    3.026591   69.794909       0.155891   6.662963  -0.032303
    32  0.02894301    0.787579   18.162027       0.303829  -4.734134   2.420323
    33  0.10546061    2.869729   66.177586       0.336507   5.857187   2.514401
    34  0.12717733    3.460671   79.805047       0.598407   7.721318   0.512146
    35  0.12758873    3.471866   80.063203       0.783479   3.804142   1.758852
    36  0.12440896    3.385340   78.067866       0.727564   7.048720   2.639285
    37  0.01380505    0.375654    8.662804       0.790411  -2.310656   2.599623
*   38 -0.00342446   -0.093184   -2.148882       1.040829  -0.988778   3.231742
    39  0.12629395    3.436633   79.250719       1.394996   2.958723   1.446168
    40  0.11482123    3.124444   72.051468       1.403661   6.655168  -0.118039
    41  0.11084683    3.016296   69.557496       1.658719   5.869197   2.371726
    42  0.05928513    1.613230   37.202010       2.164759  -3.148438   1.357623
    43  0.10618768    2.889514   66.633831       2.238952   6.001492  -0.437056
    44  0.07174967    1.952408   45.023638       2.492953   0.600948  -0.606593
    45  0.10291443    2.800444   64.579837       2.401835   5.133337   2.081346
    46  0.02031429    0.552780   12.747421       2.603550  -0.614412   0.698045
    47  0.07051039    1.918685   44.245977       2.757299   0.861209   0.578635
    48  0.07896542    2.148758   49.551590       3.251560   0.176438  -1.393811
    49  0.09412887    2.561377   59.066810       3.696140  -3.994709   0.039026
    50  0.07873226    2.142414   49.405281       3.820620   0.607934   0.853697
    51  0.09085900    2.472399   57.014930       3.931461  -3.126815   0.630621
    52  0.09965427    2.711730   62.534048       3.941892  -2.605073  -2.190916
    53  0.08324746    2.265279   52.238612       4.035291   2.632528  -2.093199
    54  0.09858238    2.682563   61.861431       4.196049  -1.936167   1.159675
    55  0.09794875    2.665321   61.463818       4.204670  -1.659151  -1.532864
    56  0.08529073    2.320879   53.520789       4.242207  -0.037889  -1.151623
    57  0.10335266    2.812369   64.854829       4.471123  -0.725515  -0.629745
    58  0.09436862    2.567901   59.217255       4.383845   0.236044  -0.196395
    59  0.08785742    2.390722   55.131411       4.608453  -4.946564  -0.498977
    60  0.09036295    2.458901   56.703653       4.725151  -3.514189  -2.750951
    61  0.08990107    2.446333   56.413822       4.843253   2.933227  -0.102185
    62  0.08157888    2.219874   51.191562       4.995955   2.434798  -1.811504
    63  0.08409184    2.288255   52.768468       5.267297  -3.006360   0.859393
    64  0.09269011    2.522226   58.163971       5.412838  -1.539284  -1.365821
    65  0.08299276    2.258348   52.078787       5.418383   2.606657  -0.724391
    66  0.08767780    2.385834   55.018693       5.490570  -4.714347  -0.279119
    67  0.08823370    2.400961   55.367527       5.932197  -3.667738   0.467288
    68  0.09153288    2.490736   57.437799       5.809994  -3.258880  -2.477332
    69  0.09479163    2.579411   59.482694       6.040601  -2.329125  -1.815646
    70  0.10831515    2.947405   67.968839       6.888021  -4.582053  -0.311772
    71  0.11156423    3.035817   70.007670       7.106524  -3.320742  -2.139315
 
 Number of surface maxima:    89
   #       a.u.         eV      kcal/mol           X/Y/Z coordinate(Angstrom)
     1  0.19062892    5.187277  119.621554      -8.193495  -1.263596  -2.312492
     2  0.14928461    4.062241   93.677584      -7.608398   0.170684  -3.014784
     3  0.19446175    5.291573  122.026692      -7.649552   1.503485  -4.001211
     4  0.14722604    4.006224   92.385815      -6.885509  -1.526591  -1.262449
     5  0.18813313    5.119363  118.055421      -6.121216  -2.330875  -0.224156
     6  0.15588447    4.241832   97.819065      -6.197616   2.164957  -3.475335
     7  0.17114121    4.656989  107.392822      -5.726023   0.900603  -1.225328
     8  0.16811166    4.574551  105.491750      -5.064552   0.037517  -2.371102
     9  0.16023810    4.360300  100.551008      -4.932257  -1.010106   0.247835
    10  0.21126058    5.748693  132.568130      -4.912388   3.267392  -3.400626
    11  0.12357564    3.362664   77.544950      -4.573203  -2.737971   1.467618
    12  0.16692743    4.542326  104.748630      -4.296152  -1.542130  -0.631804
    13  0.16081081    4.375885  100.910391      -4.001018  -5.623817   3.335859
    14  0.11508939    3.131742   72.219742      -3.983201  -5.344422   1.647517
    15  0.11468033    3.120610   71.963052      -3.983174  -4.031649   3.772261
    16  0.19087469    5.193964  119.775775      -4.006197   2.572052  -2.354978
    17  0.16381537    4.457643  102.795782      -3.972756  -5.760589   0.070133
    18  0.12071837    3.284914   75.751986      -3.847272  -4.130029  -0.567304
    19  0.16268933    4.427002  102.089183      -3.833582  -2.696778   4.855501
    20  0.12170125    3.311659   76.368748      -3.716900  -1.489666   3.660590
    21  0.16938602    4.609228  106.291424      -3.723533  -2.993758  -1.679570
    22  0.17746242    4.828998  111.359441      -3.578642   0.089990   2.972653
    23  0.21353279    5.810523  133.993960      -3.609314   1.160869  -0.039002
    24  0.17591379    4.786858  110.387662      -3.491369  -0.100156   1.343595
    25  0.20109169    5.471983  126.187047      -2.947843   0.382053  -1.214700
    26  0.11751639    3.197784   73.742711      -2.935502  -2.985664   1.634300
*   27  0.23886908    6.499958  149.892739      -2.833895   3.580440  -2.209977
    28  0.23840783    6.487407  149.603299      -2.936918   4.288784   0.702148
    29  0.20125860    5.476525  126.291781      -2.346683   3.091017  -0.514485
    30  0.14251223    3.877955   89.427852      -2.154077  -1.104547   0.188634
    31  0.21131527    5.750181  132.602443      -2.020605   6.399070   1.494481
    32  0.13734520    3.737353   86.185486      -1.820110  -2.496338   2.420323
    33  0.05268049    1.433509   33.057536      -1.652211  -2.343863  -2.528143
    34  0.19136991    5.207440  120.086530      -1.624900   4.975928   0.847107
    35  0.12547629    3.414384   78.737627      -1.295358  -1.565832   0.422435
    36  0.15176520    4.129741   95.234180      -1.195654   0.069712  -0.495306
    37  0.17643879    4.801144  110.717107      -0.924467   2.196031  -1.365716
    38  0.11798960    3.210660   74.039655      -0.554212  -0.867965   1.906711
    39  0.15661554    4.261726   98.277816      -0.566545   7.126728   1.561145
    40  0.07145084    1.944276   44.836119      -0.494184  -3.715925   2.288029
    41  0.14801448    4.027679   92.880565      -0.238516   0.905455   0.763939
    42  0.20175864    5.490132  126.605567       0.064581   2.813672   0.912745
    43  0.21608744    5.880038  135.597031       0.068453   3.355606  -0.545403
    44  0.14893046    4.052604   93.455354       0.652560  -2.273492  -0.166005
    45  0.13041645    3.548812   81.837629       0.752267  -0.747290  -1.037094
    46  0.19537078    5.316309  122.597118       0.630552   8.388574   1.896831
    47  0.17263619    4.697670  108.330936       0.905054   5.461157   0.070569
    48  0.16802293    4.572137  105.436072       1.002644   4.935277   1.593804
    49  0.17778626    4.837810  111.562659       1.125938  -3.707566  -1.426442
    50  0.10703016    2.912439   67.162498       1.342852  -1.539284   1.286952
    51  0.13881279    3.777288   87.106415       1.417869   1.171853   0.303615
    52  0.17995322    4.896776  112.922445       1.391037   2.154398  -1.330171
    53  0.16448593    4.475890  103.216569       1.520172  -5.831436   0.244880
    54  0.11251493    3.061687   70.604242       1.474288  -2.465344   0.756917
    55  0.12173631    3.312613   76.390752       1.493201   0.026550   0.424598
    56  0.18190880    4.949990  114.149590       1.598668   1.660335  -2.955239
    57  0.04507733    1.226617   28.286477       1.861652   1.145645   3.106839
    58  0.15067352    4.100035   94.549143       1.974628   7.494864   1.512754
    59  0.16640316    4.528060  104.419647       2.220433  -1.925959  -1.792066
    60  0.16333920    4.444686  102.496982       2.356403  -3.636580  -1.538624
    61  0.16325379    4.442362  102.443385       2.476224   3.620194  -0.418769
    62  0.18843779    5.127653  118.246596       2.523182  -4.945237  -2.319989
    63  0.12810361    3.485876   80.386294       2.635568  -2.572959   0.606396
    64  0.16993926    4.624282  106.638584       2.541735   3.156528   0.766009
    65  0.15287594    4.159966   95.931180       2.878735  -4.578040   2.819619
    66  0.13098924    3.564398   82.197056       3.120635  -2.072336   0.432102
    67  0.13098726    3.564345   82.195817       3.127735   1.235323  -3.020040
    68  0.17338647    4.718086  108.801743       3.402284   2.631258   2.357447
    69  0.15016385    4.086166   94.229314       3.471616   5.707827   0.685627
    70  0.19250893    5.238434  120.801276       3.605129   7.262692   1.199592
    71  0.12870791    3.502320   80.765502       3.767517   0.831103  -0.494173
    72  0.13665891    3.718678   85.754831       4.167979  -5.172910  -2.271657
    73  0.13291309    3.616749   83.404293       4.165012   2.356944  -0.887034
    74  0.19194684    5.223139  120.448563       4.075556   4.417346   0.172992
    75  0.16358745    4.451441  102.652760       4.357532  -0.556640   0.889375
    76  0.17476586    4.755621  109.667327       4.618308   0.613127  -3.748079
    77  0.13903717    3.783394   87.247216       4.871724  -3.625964  -0.235366
    78  0.12922643    3.516430   81.090875       4.743777   2.041049   1.628290
    79  0.14159518    3.853001   88.852392       4.986757  -2.710322  -1.554357
    80  0.12889383    3.507379   80.882165       5.518992   0.684587  -2.408535
    81  0.17775449    4.836946  111.542718       5.625700  -5.941202  -2.617738
    82  0.13387348    3.642883   84.006945       5.703756  -1.222226   0.356083
    83  0.13221856    3.597850   82.968466       6.310277   0.987504  -0.095015
    84  0.17603565    4.790174  110.464133       6.290456   1.497102   1.614432
    85  0.13323431    3.625490   83.605859       6.591914  -4.849051  -1.804062
    86  0.17819094    4.848822  111.816594       6.936587   0.445131  -1.437321
    87  0.13556574    3.688931   85.068855       7.356831  -2.871020  -0.499416
    88  0.18329344    4.987668  115.018469       7.319539  -1.419815   0.422100
    89  0.17957915    4.886597  112.687715       8.035881  -4.183280  -1.283771
