 Number of surface minima:    73
   #       a.u.         eV      kcal/mol           X/Y/Z coordinate(Angstrom)
     1  0.10456337    2.845314   65.614561      -7.980530   1.491042  -0.185380
     2  0.10432879    2.838931   65.467358      -7.703020  -0.074614   0.849123
     3  0.10950223    2.979707   68.713746      -7.632925   1.411452  -2.670119
     4  0.10175111    2.768789   63.849841      -7.034544  -2.408583  -0.669205
     5  0.10733782    2.920811   67.355554      -6.910727  -0.168057  -3.588156
     6  0.11056868    3.008727   69.382953      -6.698294   1.503153   1.118867
     7  0.10110725    2.751268   63.445808      -6.422079  -2.301169  -2.413911
     8  0.10680795    2.906392   67.023055      -5.379680  -2.735489  -1.131725
     9  0.16500218    4.489938  103.540520      -4.722450   2.491634  -1.688945
    10  0.08331776    2.267192   52.282730      -4.600812  -0.114887   3.850187
    11  0.15195833    4.134997   95.355374      -4.590156   1.153631   0.379418
    12  0.15005380    4.083171   94.160259      -4.579271   1.876432  -0.475943
    13  0.08491113    2.310549   53.282580      -4.266010  -3.741173   0.611284
    14  0.16154614    4.395894  101.371818      -3.910983   0.852658  -2.977737
    15  0.15648470    4.258165   98.195711      -3.800030   2.522988  -0.755290
    16  0.14610519    3.975724   91.682468      -3.681583  -0.781703  -1.140892
    17  0.14561090    3.962274   91.372295      -3.640931  -0.050037  -2.029996
    18  0.06406145    1.743201   40.199198      -3.421346  -1.551727   3.712303
    19  0.05968359    1.624073   37.452053      -2.989877  -3.152695   2.060713
    20  0.15183271    4.131578   95.276545      -2.738036   0.754116  -2.401395
    21  0.07347408    1.999331   46.105721      -2.551700  -2.820628   0.109399
    22  0.06098769    1.659559   38.270384      -2.017554  -2.683365  -0.076937
    23  0.05180932    1.409803   32.510866      -1.569218  -3.804359  -2.210482
    24  0.15488753    4.214704   97.193475      -1.681342   0.827460  -1.801293
    25  0.06151877    1.674011   38.603646      -1.498780  -2.826063   0.368553
    26  0.01392107    0.378812    8.735613      -1.381625   0.464360   2.447172
    27  0.12509274    3.403946   78.496944      -0.488936   2.420611   1.377829
    28  0.03120333    0.849086   19.580403      -0.319565  -4.171974   0.239832
    29  0.08862229    2.411535   55.611374      -0.164903  -2.285952  -2.001811
    30  0.15465919    4.208490   97.050186       0.020367   4.258878  -0.904134
    31  0.12766750    3.474009   80.112636       0.104460   3.343163   1.574910
*   32 -0.01670291   -0.454509  -10.481242       0.350816  -2.060693   3.541092
    33  0.06438550    1.752019   40.402547       0.398873  -0.109724  -1.728083
    34  0.16089767    4.378248  100.964899       0.437028   5.391782  -0.341525
    35  0.14742398    4.011610   92.510020       0.670047   4.653343   1.722666
    36 -0.01176423   -0.320121   -7.382170       0.852655  -0.899218   3.527219
    37  0.14960110    4.070853   93.876188       0.968696   4.286166  -1.005779
    38  0.12576569    3.422258   78.919228       1.345775   3.465450   1.481002
    39  0.16031424    4.362372  100.598791       1.430540  -1.287138  -1.164700
    40  0.11671080    3.175862   73.237197       1.564948   0.534521  -2.653257
    41  0.15553606    4.232351   97.600431       1.598992   3.412989  -1.330054
    42  0.08203300    2.232232   51.476530       1.892265  -0.163924  -0.506818
    43  0.12631423    3.437185   79.263439       1.920936   2.575835   1.152482
    44  0.01164395    0.316848    7.306692       2.035785  -2.202867   1.790825
    45  0.10788053    2.935578   67.696109       2.944837   7.311741   0.188843
    46  0.06970030    1.896642   43.737638       3.022265   0.432688   1.510595
    47  0.11846936    3.223715   74.340708       3.067713   4.660272  -2.748277
    48  0.10851038    2.952718   68.091350       3.322107  -4.384444  -0.884251
    49  0.10296705    2.801876   64.612854       3.322752   6.593141   1.850098
    50  0.10032794    2.730062   62.956789       3.419168  -4.258242   0.187652
    51  0.11860055    3.227285   74.423034       3.479797  -0.439453  -2.404315
    52  0.11540879    3.140433   72.420168       3.408754   1.226454  -3.455337
    53  0.10820500    2.944408   67.899722       3.625436   6.151137  -2.042959
    54  0.10208833    2.777965   64.061446       3.662994  -3.882121   1.510595
    55  0.10039422    2.731866   62.998377       4.183439  -4.949207  -1.774133
    56  0.11957975    3.253931   75.037490       4.340138  -2.014328  -1.333304
    57  0.08925644    2.428791   56.009311       4.475868  -4.656778   0.716829
    58  0.11278252    3.068969   70.772162       4.472180  -1.882286  -0.209231
    59  0.11238967    3.058278   70.525643       4.643402  -1.998336   1.235101
    60  0.10553244    2.871684   66.222661       4.655813   2.950653   1.770500
    61  0.11137049    3.030545   69.886099       4.741414   4.666106  -2.061351
    62  0.09768855    2.658241   61.300544       4.699972   4.561786   2.183835
    63  0.09829694    2.674796   61.682312       4.959783  -5.218912  -1.375465
    64  0.09669773    2.631279   60.678792       5.021095   0.686376   0.950325
    65  0.09591893    2.610087   60.190090       5.126617  -5.064384  -0.046467
    66  0.10806467    2.940589   67.811659       5.268145  -2.541558  -2.193646
    67  0.09877139    2.687706   61.980037       5.572272  -2.271474   0.307538
    68  0.10458668    2.845948   65.629188       5.640869   3.907156   0.745916
    69  0.10467472    2.848344   65.684431       6.042341  -2.825717  -1.771282
    70  0.11624519    3.163192   72.945016       6.276891  -5.495013  -0.854068
    71  0.10292260    2.800666   64.584961       6.274828  -2.717319  -0.457433
    72  0.11064696    3.010857   69.432074       6.372718  -2.744926   0.837403
    73  0.12022332    3.271443   75.441336       7.228813  -3.491365  -1.112171
 
 Number of surface maxima:   107
   #       a.u.         eV      kcal/mol           X/Y/Z coordinate(Angstrom)
     1  0.16442486    4.474228  103.178242      -8.587408   0.159312  -0.493064
     2  0.16780380    4.566174  105.298563      -8.215882   0.024959  -2.624351
     3  0.16271739    4.427765  102.106790      -7.861853  -1.657725  -1.909608
     4  0.11775583    3.204299   73.892963      -7.569636   1.157448   0.912412
     5  0.14442224    3.929929   90.626398      -7.292202  -0.284944  -1.293250
     6  0.13903613    3.783366   87.246564      -7.240579   1.110419  -1.391780
     7  0.12357862    3.362745   77.546822      -6.832889   1.098802  -3.640825
     8  0.17528319    4.769698  109.991953      -6.587195   2.527505  -0.215633
     9  0.18326295    4.986838  114.999334      -6.319992   2.532591  -2.462515
    10  0.11385344    3.098110   71.444174      -6.208478  -2.793963  -1.411954
    11  0.13757871    3.743707   86.332019      -6.201142  -0.794903  -2.601167
    12  0.17356378    4.722911  108.913009      -6.258398   0.035805   1.694473
    13  0.17765984    4.834370  111.483326      -6.056213  -1.028751   1.107029
    14  0.16761376    4.561002  105.179309      -5.888196  -2.299005   0.452240
    15  0.14337680    3.901481   89.970378      -5.259035  -1.553614   3.630417
    16  0.17914556    4.874799  112.415633      -5.251627   0.074799  -3.874478
    17  0.17633462    4.798309  110.651737      -5.252112   1.624255  -1.530296
    18  0.17216104    4.684740  108.032777      -5.195785   0.091647   0.375788
    19  0.16103144    4.381888  101.048837      -5.132203   1.336801  -0.139269
    20  0.14150736    3.850611   88.797287      -4.863784  -3.541061   2.053553
    21  0.16931127    4.607194  106.244516      -4.781650  -2.080904  -2.517434
    22  0.17044898    4.638153  106.958438      -4.753039   0.423984  -2.375561
    23  0.22883814    6.227002  143.598222      -4.746231   2.152514  -3.180317
    24  0.17418099    4.739706  109.300311      -4.657978  -0.958078  -0.277054
    25  0.15824501    4.306066   99.300329      -4.151356   1.280206   2.736523
    26  0.15582395    4.240185   97.781085      -4.036966  -2.851278  -0.865873
    27  0.08706497    2.369158   54.634136      -3.867204  -0.167303   3.953373
    28  0.09018169    2.453969   56.589915      -3.464140  -3.733069   0.652196
    29  0.21907857    5.961431  137.473995      -3.277746   1.526998  -0.068845
    30  0.19736693    5.370627  123.849720      -3.342413   2.549397  -2.533434
    31  0.21974133    5.979466  137.889884      -2.712498   0.350777  -1.084908
    32  0.16667928    4.535574  104.592917      -2.551446  -0.968255   0.348164
    33  0.24075759    6.551347  151.077792      -2.287713   4.269223   0.614224
    34  0.16022737    4.360008  100.544275      -2.139935  -5.583926  -0.473820
    35  0.10576375    2.877978   66.367812      -2.176811  -0.997835   3.379658
    36  0.20751829    5.646860  130.219803      -2.002128   2.946280  -0.105584
    37  0.20859008    5.676025  130.892361      -1.944270   2.993055  -0.341525
*   38  0.24900420    6.775749  156.252628      -1.944270   3.343163  -2.532417
    39  0.10126310    2.755509   63.543606      -1.935807  -3.796692  -0.472352
    40  0.10604962    2.885757   66.547197      -1.906186  -2.175114   1.001931
    41  0.21074579    5.734685  132.245090      -1.746345   3.011911  -0.738408
    42  0.19896105    5.414006  124.850049      -1.653100  -0.741427  -1.905502
    43  0.12632702    3.437533   79.271470      -1.442399  -1.692319   0.963377
    44  0.21129644    5.749668  132.590626      -1.182152   2.532308  -1.405359
    45  0.19341738    5.263155  121.371341      -0.998132  -0.079979  -0.183101
    46  0.03282222    0.893138   20.596269      -0.819001  -3.733815   3.230421
    47  0.18864703    5.133347  118.377900      -0.753621   4.885253   0.563758
    48  0.11667207    3.174809   73.212893      -0.695449  -0.699789   2.230238
    49  0.17723236    4.822738  111.215078      -0.246442   0.821931   0.685827
    50  0.13344536    3.631233   83.738296       0.332649  -2.573117   0.474554
    51  0.22120450    6.019281  138.808036       0.283935   5.959234   0.975858
    52  0.12805314    3.484503   80.354626       0.370212  -3.470663  -1.532174
    53  0.22047999    5.999566  138.353398       0.540690   2.946280  -0.801864
    54  0.17647859    4.802227  110.742079       0.632013  -5.123673  -2.193646
    55  0.20128086    5.477131  126.305755       0.670242   2.614697   0.782129
    56  0.17553158    4.776457  110.147819       0.937982  -1.287138  -0.525671
    57  0.09388448    2.554727   58.913448       1.093470  -1.668351   1.904640
    58  0.21030601    5.722718  131.969123       1.360001  -2.187078  -2.194737
    59  0.18112092    4.928551  113.655187       1.339853   6.775077  -0.353606
    60  0.18381711    5.001918  115.347072       1.471105   1.483087  -1.440167
    61  0.17327217    4.714976  108.730022       1.475481   5.152229  -0.209231
    62  0.17478388    4.756111  109.678635       1.600034  -3.456905  -0.619837
    63  0.13536183    3.683383   84.940899       1.549212  -0.439542   0.611257
    64  0.16141756    4.392395  101.291135       1.724414   4.784548   1.187199
    65  0.16218113    4.413173  101.770279       1.837971   0.961865   0.265652
    66  0.05536827    1.506647   34.744141       1.802032   1.128924   3.253353
    67  0.18569198    5.052936  116.523572       2.049004  -0.847561  -2.036051
    68  0.18384664    5.002722  115.365608       1.940585   2.020219  -3.335975
    69  0.17907753    4.872947  112.372940       1.986349   5.712805  -2.220664
    70  0.17027552    4.633432  106.849589       2.041561   5.742616   2.462070
    71  0.11962135    3.255062   75.063591       2.385141   7.126572   1.236649
    72  0.18755066    5.103513  117.689913       2.492818  -2.639859  -1.989976
    73  0.13789872    3.752415   86.532823       2.702252  -3.120715   0.610982
    74  0.19113438    5.201031  119.938735       2.602023  -1.238851  -0.975572
    75  0.21027990    5.722007  131.952737       2.738181  -3.111756  -3.332144
    76  0.12945713    3.522708   81.235642       2.790244   0.242881  -3.309512
    77  0.17782056    4.838744  111.584180       2.817236   3.213463  -0.995077
    78  0.13969083    3.801181   87.657394       3.086108   6.115230  -0.727923
    79  0.17494454    4.760483  109.779447       3.111197   2.834473   0.201929
    80  0.15882508    4.321850   99.664327       3.479797   3.607751   2.635764
    81  0.13953426    3.796920   87.559143       3.612091   0.090492  -1.212899
    82  0.13335438    3.628757   83.681207       3.578956   5.183250   1.585346
    83  0.16725405    4.551214  104.953592       3.900540  -2.592897   2.203114
    84  0.18570268    5.053227  116.530290       3.901614   3.243051  -2.310021
    85  0.12430516    3.382515   78.002729       3.849131   5.050106  -2.640609
    86  0.15330704    4.171697   96.201702       4.247120   1.737079   1.754920
    87  0.14506447    3.947405   91.029404       4.169259   5.477767   0.073198
    88  0.15074322    4.101932   94.592877       4.433151  -4.289561  -0.710617
    89  0.15105920    4.110530   94.791156       4.315856   1.247219  -1.254150
    90  0.16658859    4.533106  104.536005       4.364300   6.907551   0.690405
    91  0.10517569    2.861976   65.998797       4.478903  -0.096489   1.054464
    92  0.18913387    5.146594  118.683395       4.417456   2.821841  -1.253175
    93  0.17589566    4.786364  110.376288       4.631025   0.543682  -2.855117
    94  0.17522878    4.768218  109.957811       4.941205   2.574145  -0.063710
    95  0.15592831    4.243025   97.846572       5.010325  -2.799378  -0.901423
    96  0.16782793    4.566830  105.313704       4.980600   6.019283  -1.242754
    97  0.13335585    3.628797   83.682130       5.198771  -3.271928   1.642682
    98  0.11358725    3.090866   71.277133       5.224837   3.613127   1.661087
    99  0.16681959    4.539392  104.680964       5.334590   0.037767  -0.603837
   100  0.16260862    4.424805  102.038533       5.448689   5.457026   1.103983
   101  0.19029607    5.178219  119.412689       5.716895  -4.477762  -3.795877
   102  0.11775001    3.204141   73.889307       5.921372  -5.460278  -0.839103
   103  0.14382196    3.913594   90.249716       6.522566  -4.526239  -2.257683
   104  0.17953947    4.885518  112.662815       6.766413  -3.939192   1.764363
   105  0.13980700    3.804342   87.730289       6.913620  -4.311030   0.183939
   106  0.12255398    3.334863   76.903846       6.952042  -3.258274  -1.244335
   107  0.18592117    5.059172  116.667396       7.670921  -4.991379  -1.157837
