 Number of surface minima:    60
   #       a.u.         eV      kcal/mol           X/Y/Z coordinate(Angstrom)
     1  0.13501073    3.673829   84.720581      -7.103180  -0.096058  -1.506873
     2  0.12406176    3.375892   77.849998      -6.838591  -1.899628  -0.688469
     3  0.11597242    3.155770   72.773856      -6.298104  -0.802652  -0.622272
     4  0.13226053    3.598992   82.994802      -6.191065  -0.558450  -3.441797
     5  0.12282856    3.342335   77.076148      -6.019413  -2.520804  -2.724345
     6  0.11448753    3.115364   71.842069      -5.912531  -1.563469  -0.196104
     7  0.12306218    3.348692   77.222749      -5.780237   0.430183  -0.848337
     8  0.11241577    3.058989   70.542017      -5.341124  -1.598086  -2.972399
     9  0.14646988    3.985648   91.911312      -5.069325   3.582472   0.175716
    10  0.11211393    3.050775   70.352613      -4.867055  -2.295261  -2.538943
    11  0.11716677    3.188270   73.523322      -4.701954  -0.394607  -3.118028
    12  0.12542682    3.413037   78.706585      -4.843712   0.629995  -0.516056
    13  0.12853302    3.497561   80.655756      -4.613365  -1.353007   0.252619
    14  0.13572486    3.693261   85.168710      -4.192705  -0.365680   0.075626
    15  0.13314061    3.622940   83.547065      -4.217969   2.745104   0.102208
    16  0.13928141    3.790040   87.400481      -4.161408   4.933274   1.670338
    17  0.14185034    3.859944   89.012510      -4.016870   3.583480  -0.752348
    18  0.11591639    3.154245   72.738694      -3.795822  -0.220074  -2.821537
    19  0.14869081    4.046083   93.304970      -3.766817   4.757799  -1.659646
    20  0.12277935    3.340996   77.045269      -3.606305  -2.009093  -2.096965
    21  0.12378605    3.368390   77.676981      -3.155924   4.458752   1.854789
    22  0.12314820    3.351033   77.276729      -3.131602  -1.078562  -2.224344
    23  0.13534001    3.682789   84.927211      -3.016415   3.808698  -1.573774
    24  0.13152198    3.578895   82.531358      -2.937843   5.199013   1.010017
    25  0.14251371    3.877995   89.428781      -2.965135   6.109413  -0.091100
    26  0.12038632    3.275878   75.543622      -1.946523  -2.663905   1.077342
    27  0.12678524    3.450002   79.559004      -1.968077   5.475676   0.228326
    28  0.11195395    3.046422   70.252225      -1.707035   0.576973   4.061047
    29  0.11424572    3.108784   71.690334      -1.669749  -1.209750   1.338806
    30  0.09488752    2.582021   59.542867      -1.414525  -0.889476   2.859187
    31  0.16419429    4.467954  103.033556      -1.046959   2.214472  -1.225748
    32  0.05069899    1.379590   31.814121      -0.897749  -4.260115   0.154562
    33  0.07210471    1.962069   45.246428      -0.812151  -0.480660  -0.906317
    34  0.06319235    1.719551   39.653832      -0.644154  -2.312274  -2.107504
    35  0.03899942    1.061228   24.472527      -0.298470  -5.051862  -1.936760
    36  0.16175694    4.401630  101.504099      -0.247236   3.888963   0.626028
    37  0.14632737    3.981770   91.821885      -0.117641   1.372216  -1.096954
*   38 -0.01360786   -0.370289   -8.539069       0.370236  -3.134807   3.392036
    39  0.03914591    1.065214   24.564451       0.604852  -1.314487  -1.818895
    40  0.15966254    4.344639  100.189840       0.736059   3.046459   0.829540
    41  0.06884557    1.873383   43.201286       0.910820  -2.594223  -1.170905
    42  0.01006484    0.273878    6.315790       1.008868  -0.135252   2.840020
    43  0.05914001    1.609282   37.110950       1.231361  -3.819125  -1.158212
    44  0.06803951    1.851449   42.695474       1.559087  -3.533488   0.518159
    45 -0.00966881   -0.263102   -6.067275       1.757428  -2.798870   3.075632
    46  0.15648188    4.258089   98.193947       2.394724   1.959736  -1.359864
    47  0.11411415    3.105204   71.607771       2.657300  -2.605892  -2.561470
    48  0.12199327    3.319606   76.551997       2.670751   1.156092   1.181641
    49  0.09067516    2.467396   56.899567       2.951187  -2.885111  -0.459391
    50  0.13312324    3.622468   83.536166       3.801810   1.355121   1.002661
    51  0.11526298    3.136465   72.328672       5.392725  -0.361322   0.152038
    52  0.11246293    3.060272   70.571611       5.864823   2.757511  -1.691008
    53  0.10887234    2.962567   68.318480       6.144543   0.654049  -2.468767
    54  0.10495699    2.856025   65.861561       6.242168   1.817857   0.784407
    55  0.10070310    2.740271   63.192202       6.514616  -0.276862   0.015722
    56  0.11593343    3.154709   72.749384       6.501582   1.695147  -2.143685
    57  0.10983661    2.988806   68.923574       6.924731   0.782769   0.282633
    58  0.12725628    3.462819   79.854588       7.052310   2.885796  -1.628141
    59  0.12364852    3.364647   77.590686       7.316899   0.668987  -2.433463
    60  0.12324968    3.353794   77.340406       7.466526   2.108283   0.442441
 
 Number of surface maxima:    77
   #       a.u.         eV      kcal/mol           X/Y/Z coordinate(Angstrom)
     1  0.20141086    5.480668  126.387327      -7.437113   0.239910  -2.918487
     2  0.19461437    5.295726  122.122463      -7.293125  -2.860510  -1.859772
     3  0.15431378    4.199092   96.833440      -7.039614  -1.246559  -2.297988
     4  0.16190198    4.405577  101.595110      -5.964140   1.033676  -2.514009
     5  0.15557353    4.233371   97.623947      -5.709757  -3.129262  -1.069756
     6  0.21121036    5.747326  132.536614      -5.578517   4.675047   1.015229
     7  0.17293722    4.705861  108.519836      -4.986471  -0.650413  -0.738285
     8  0.21302799    5.796786  133.677193      -4.848853   2.214461  -2.607292
     9  0.20383224    5.546557  127.906771      -4.562385  -3.940597  -0.377139
    10  0.17307901    4.709719  108.608812      -4.643253   3.388667   1.607275
    11  0.16862884    4.588624  105.816282      -4.457294  -1.147494  -2.161427
    12  0.17040215    4.636878  106.929052      -4.439386   5.257451  -0.106128
    13  0.22314644    6.072124  140.026625      -4.297014   2.118304   2.551880
    14  0.21290190    5.793355  133.598070      -3.931219   6.223636  -1.281104
    15  0.17233165    4.689383  108.139837      -3.681855   1.397182  -1.709496
    16  0.20568666    5.597019  129.070433      -3.617552  -0.122987   1.892793
    17  0.18437288    5.017041  115.695824      -3.373247  -2.900223  -0.488993
    18  0.18425269    5.013771  115.620407      -3.473209  -2.877128  -0.186820
    19  0.13553333    3.688049   85.048517      -2.994164   0.284535   3.581103
    20  0.19886643    5.411431  124.790676      -2.983752   1.573972   1.751482
    21  0.19273651    5.244627  120.944087      -2.724274  -3.577407   0.296795
    22  0.19363896    5.269184  121.510383      -2.862268  -1.466876   0.958961
    23  0.17787930    4.840342  111.621042      -2.769994  -0.471470   0.143215
    24  0.20315382    5.528096  127.481052      -2.740685   2.069252   3.839011
    25  0.19790040    5.385144  124.184481      -2.788521   3.128386  -0.295898
    26  0.18031920    4.906735  113.152098      -2.718149  -4.111812  -2.481748
    27  0.19295470    5.250564  121.081003      -2.461479   2.246589   2.409656
    28  0.17477654    4.755912  109.674029      -2.343471   5.404529  -1.566616
    29  0.16745706    4.556738  105.080981      -2.260608  -0.707322  -1.170905
    30  0.17405058    4.736157  109.218480      -2.089863  -2.431071  -1.230383
    31  0.22393906    6.093692  140.524001      -2.169895   1.176806  -1.152491
    32  0.19169833    5.216377  120.292620      -2.181773   4.086742   0.838163
    33  0.03983511    1.083969   24.996931      -1.891715  -3.015461   3.591690
    34  0.15199899    4.136103   95.380887      -1.283576  -2.539454   0.547627
    35  0.17781798    4.838673  111.582560      -1.251837   0.017922   1.500628
    36  0.14526126    3.952760   91.152896      -1.019370  -0.950275   1.476170
    37  0.14607925    3.975018   91.666187      -0.994983  -0.279497   3.743826
    38  0.23020078    6.264082  144.453292      -0.992107   1.587223   0.032723
    39  0.18174948    4.945655  114.049614      -0.808062   2.085342   2.520381
    40  0.22790244    6.201541  143.011058      -0.770917   5.107310  -2.086660
    41  0.23055652    6.273762  144.676521      -0.436078   2.541300   1.130485
    42  0.20863017    5.677116  130.917520      -0.348293   3.965833  -1.181720
    43  0.16454220    4.477421  103.251876      -0.203313  -1.737699  -0.640406
    44  0.17409886    4.737471  109.248773      -0.146650  -0.156973   0.229264
    45  0.17146878    4.665903  107.598376       0.040712  -3.444082  -4.045557
    46  0.08226491    2.238542   51.622056       0.309460  -4.770191  -0.767933
    47  0.10657011    2.899920   66.873810       0.515584  -3.341962  -2.401388
    48  0.10480989    2.852022   65.769256       0.702184  -3.134803   1.539920
    49  0.11179744    3.042163   70.154012       0.685476  -1.354302   2.372959
    50  0.13947755    3.795377   87.523558       1.032197  -4.919568   0.703809
    51  0.18799973    5.115733  117.971708       1.095802   0.898683  -1.172259
*   52  0.25184081    6.852937  158.032626       1.045815   3.661301  -1.700083
    53  0.15559170    4.233866   97.635350       1.601591  -0.565255   0.761428
    54  0.21138337    5.752034  132.645175       1.584721   2.743491  -0.247834
    55  0.12868823    3.501785   80.753151       1.644346  -2.131150   0.017961
    56  0.15302358    4.163983   96.023825       1.807158  -2.901963  -1.809828
    57  0.15349999    4.176947   96.322781       2.365967  -1.535959  -0.300888
    58  0.24347026    6.625163  152.780025       2.670049   3.787540   0.544130
    59  0.17686053    4.812620  110.981752       2.800194  -0.299666  -2.131463
    60  0.22144354    6.025785  138.958039       2.951187   0.901381  -1.224551
    61  0.20580913    5.600351  129.147290       3.281487   0.437916   0.217749
    62  0.12824490    3.489721   80.474957       3.641534  -3.144729  -2.041952
    63  0.04939515    1.344110   30.995953       3.758855  -2.263089   2.012322
    64  0.19424924    5.285791  121.893340       4.035055  -1.867617  -3.244785
    65  0.19399400    5.278845  121.733174       3.984029   3.104945   0.008410
    66  0.18049448    4.911505  113.262091       4.466240  -0.890923  -1.904855
    67  0.17703645    4.817407  111.092141       4.685821  -2.924963  -0.503203
    68  0.17324634    4.714273  108.713812       4.717551  -1.347622  -0.992073
    69  0.21317408    5.800762  133.768865       5.052716   4.147617   0.389604
    70  0.17442191    4.746262  109.451494       5.304796   1.417050  -1.487917
    71  0.16855652    4.586656  105.770900       5.575768   0.896857   0.003100
    72  0.20453118    5.565576  128.345359       5.979644  -1.936953  -1.859148
    73  0.15691403    4.269848   98.465123       6.500794   3.373252  -0.254752
    74  0.15271298    4.155531   95.828921       6.991063  -0.686150  -1.700083
    75  0.15022094    4.087720   94.265140       7.974091   1.570495  -1.020444
    76  0.19490002    5.303499  122.301709       8.100479   3.147961  -0.515884
    77  0.19213840    5.228352  120.568770       8.507548   0.048651  -1.626753
