 Number of surface minima:    58
   #       a.u.         eV      kcal/mol           X/Y/Z coordinate(Angstrom)
     1  0.13835893    3.764938   86.821611      -7.805397  -1.300240  -1.473571
     2  0.13053771    3.552112   81.913716      -7.243997  -3.080632   0.053394
     3  0.12663874    3.446015   79.467076      -7.051137  -1.723538  -0.353664
     4  0.12512877    3.404927   78.519555      -6.904192  -0.613461  -0.921903
     5  0.11621128    3.162270   72.923740      -6.461027  -2.358594   0.510843
     6  0.13571632    3.693029   85.163346      -6.517085  -2.221110  -3.060424
     7  0.12181568    3.314773   76.440560      -5.595899  -2.906142  -2.181987
     8  0.11954012    3.252852   75.012621      -5.462990  -1.832044  -2.804056
     9  0.10972766    2.985841   68.855202      -5.005065  -3.487586  -1.411914
    10  0.12446072    3.386748   78.100346      -4.092138  -2.971542  -1.028164
    11  0.16846460    4.584155  105.713224      -3.876073   1.002559   0.300051
    12  0.14928671    4.062298   93.678906      -3.346896  -0.661946  -1.931875
    13  0.19032260    5.178941  119.429337      -2.929131   3.345461  -0.782408
    14  0.13733314    3.737025   86.177919      -2.288542  -0.168753  -1.532733
    15  0.17431658    4.743395  109.385399      -1.992789   2.564439  -1.298649
    16  0.03380016    0.919749   21.209936      -1.695576  -2.823983   1.897575
    17  0.15089861    4.106160   94.690385      -1.622817   2.006825   1.307713
    18  0.16379987    4.457221  102.786056      -1.379703   3.321985   1.407827
    19  0.13499700    3.673455   84.711969      -1.390656   6.108241  -0.875454
    20  0.01214068    0.330365    7.618400      -1.258590  -1.358119   2.495258
    21  0.14756481    4.015443   92.598397      -1.180928   7.298890  -0.498252
    22  0.13068087    3.556007   82.003552      -0.949526   5.725327   1.723477
    23  0.14528104    3.953298   91.165304      -0.731729   6.971323   1.638514
    24  0.03322654    0.904140   20.849986      -0.201818  -0.572627  -1.672018
    25  0.13937546    3.792599   87.459496      -0.156926   6.386496  -1.055677
    26 -0.00688733   -0.187414   -4.321868       0.092756  -3.753479   0.246255
    27  0.13585729    3.696865   85.251807       0.285421   6.008273   1.497275
*   28 -0.01801600   -0.490240  -11.305220       0.389035  -3.905325   1.586200
    29  0.13268083    3.610429   83.258549       0.740104   5.704357  -1.365340
    30  0.14531957    3.954347   91.189483       1.050167   6.902007  -1.016404
    31  0.09531536    2.593663   59.811342       1.324612   1.793048   1.864684
    32  0.12860539    3.499531   80.701166       1.312427   5.341020   1.214018
    33  0.14308478    3.893535   89.787131       1.525169   6.494049   1.128438
    34 -0.00656137   -0.178544   -4.117323       1.613019  -2.028979   3.486344
    35  0.12070486    3.284546   75.743506       1.710326   0.976414   0.551839
    36  0.03136387    0.853454   19.681140       2.145561  -0.570377   2.695943
    37  0.12621928    3.434601   79.203859       2.209465   2.068928  -1.940938
    38  0.00694286    0.188925    4.356712       2.311394  -2.682145   0.775432
    39  0.12046064    3.277901   75.590258       2.502451   1.494057   0.007256
    40  0.05460329    1.485831   34.264111       3.164960   1.668249   2.950154
    41  0.09886162    2.690162   62.036658       3.435103  -2.594754   0.403582
    42  0.08244424    2.243422   51.734583       3.533637  -0.238583   1.307581
    43  0.09490301    2.582442   59.552586       4.094383  -3.636818  -0.526935
    44  0.09386152    2.554102   58.899042       4.243969  -2.705387  -1.555776
    45  0.10249042    2.788906   64.313761       4.354940  -1.803244  -2.254301
    46  0.09885617    2.690013   62.033236       4.833340  -2.505197   1.158929
    47  0.09971271    2.713321   62.570722       4.999225  -1.280995   0.518767
    48  0.08242070    2.242781   51.719816       5.140750  -3.544206  -1.338817
    49  0.10797462    2.938139   67.755155       5.179706  -0.349723  -0.223155
    50  0.09457918    2.573630   59.349380       5.453963  -1.627688  -2.859373
    51  0.08920722    2.427452   55.978424       6.017511  -3.216989  -1.935083
    52  0.08651751    2.354261   54.290600       5.972078  -2.069671   0.701510
    53  0.09234999    2.512971   57.950545       6.212307  -2.207618  -2.752138
    54  0.09932774    2.702845   62.329149       6.290987  -0.124711  -0.826293
    55  0.09211365    2.506540   57.802235       6.875851  -1.799346   0.131096
    56  0.09550879    2.598926   59.932722       7.074725  -0.776863  -0.690299
    57  0.11004656    2.994519   69.055315       7.384665  -2.999118  -2.389463
    58  0.11176921    3.041395   70.136297       8.094981  -1.764850  -0.679805
 
 Number of surface maxima:    67
   #       a.u.         eV      kcal/mol           X/Y/Z coordinate(Angstrom)
     1  0.20574566    5.598624  129.107459      -8.038662  -1.728188  -2.857980
     2  0.19911236    5.418123  124.944995      -7.491193  -4.218904  -0.841166
     3  0.16051104    4.367727  100.722282      -7.435009  -2.879414  -1.730578
     4  0.16987102    4.622426  106.595763      -6.820202  -0.644065  -2.689473
     5  0.15677575    4.266085   98.378350      -6.007644  -3.950023   0.006610
     6  0.22672377    6.169468  142.271433      -5.850313   0.838485  -2.938589
     7  0.18894455    5.141443  118.564597      -5.728194  -1.326287  -0.350667
     8  0.18359245    4.995805  115.206100      -4.934428  -2.017833  -1.529693
     9  0.19854205    5.402604  124.587121      -4.833495  -4.267601   1.040021
    10  0.20982019    5.709498  131.664264      -4.768628   0.693785  -1.848764
    11  0.19323275    5.258131  121.255484      -4.190732  -2.246007   1.304609
    12  0.25933792    7.056944  162.737135      -3.876073   1.933427  -2.135043
    13  0.24251409    6.599144  152.180014      -3.743779  -0.312853   0.439876
*   14  0.26137605    7.112404  164.016087      -3.823206   3.093359   0.510843
    15  0.18613296    5.064935  116.800292      -3.568068  -2.963510   0.397359
    16  0.23230195    6.321258  145.771797      -3.389908   5.567516   0.747105
    17  0.20207905    5.498851  126.806625      -3.327023  -1.146944   1.835821
    18  0.22705436    6.178463  142.478881      -3.021258   1.874824  -0.618756
    19  0.22707748    6.179092  142.493390      -2.944819  -1.033471  -0.672971
    20  0.21692305    5.902776  136.121385      -2.693194   4.141120   0.384839
    21  0.19792752    5.385882  124.201499      -2.394903   0.867128   1.090679
    22  0.17781534    4.838602  111.580906      -2.078251   6.637418   0.612584
    23  0.16905365    4.600184  106.082859      -1.749911  -1.966538   0.779296
    24  0.19940463    5.426076  125.128397      -1.403047   1.200188  -1.405284
    25  0.16374826    4.455817  102.753674      -1.105892  -0.650149  -0.170320
    26  0.21384828    5.819108  134.191935      -1.230100   8.092615   0.775406
    27  0.05743281    1.562826   36.039665      -0.993258  -3.426093  -1.658602
    28  0.25486548    6.935242  159.930637      -0.734756   2.663365  -0.966407
    29  0.24865572    6.766266  156.033954      -0.475484   2.521896   0.581898
    30  0.20235357    5.506321  126.978891      -0.431007   5.054878  -0.685404
    31  0.13713547    3.731646   86.053877      -0.014987  -0.751618   2.261961
    32  0.17757888    4.832167  111.432520      -0.171551   0.554827   0.781765
    33  0.19977040    5.436029  125.357926      -0.066750   4.905920   0.861322
    34  0.16994820    4.624526  106.644193       0.092756   0.994933   3.202899
    35  0.17206949    4.682249  107.975327       0.255875   7.474916   0.404477
    36  0.22875307    6.224687  143.544837       0.656755   2.166636  -1.691552
    37  0.02279949    0.620406   14.306906       0.883979  -3.546067   3.545445
    38  0.15599986    4.244972   97.891473       1.018816  -1.061500  -0.735484
    39  0.09631278    2.620804   60.437231       1.151110  -2.544634   0.483760
    40  0.20638957    5.616146  129.511521       1.151110   1.279364   0.113961
    41  0.22065236    6.004256  138.461565       1.357294   3.462355  -1.135093
    42  0.15030366    4.089971   94.317051       1.619645  -0.638768  -0.872742
    43  0.17757634    4.832098  111.430931       1.654342  -0.170256   0.099723
    44  0.10280161    2.797374   64.509039       1.680287   1.539297   2.688908
    45  0.22075813    6.007134  138.527935       1.691603   3.337212  -0.011309
    46  0.10591713    2.882152   66.464060       1.921414  -1.307773   1.556451
    47  0.21332631    5.804904  133.864393       1.900951   7.555117   0.085243
    48  0.17703273    4.817306  111.089811       2.123464   5.889946  -0.258745
    49  0.15253166    4.150598   95.715141       2.341759   1.021861  -0.971126
    50  0.17398839    4.734465  109.179453       2.530395  -1.376192  -1.681818
    51  0.21321299    5.801820  133.793282       2.637747   0.613084  -1.605865
    52  0.13915290    3.786543   87.319839       2.542912   1.874824   0.976585
    53  0.14577206    3.966660   91.473426       2.870936   1.687361  -1.131856
    54  0.22962704    6.248469  144.093262       2.948887   4.506029  -0.575795
    55  0.14210185    3.866788   89.170331       3.551038  -0.498324   0.513068
    56  0.15609037    4.247435   97.948267       3.922158  -3.568807   0.931205
    57  0.20017990    5.447172  125.614892       4.080271   2.663272   0.539099
    58  0.21074398    5.734635  132.243954       4.336175   0.939997  -2.516007
    59  0.17080007    4.647706  107.178751       5.188361   0.355714   2.431386
    60  0.12364961    3.364677   77.591365       5.384002  -3.686221   0.380270
    61  0.14388620    3.915343   90.290029       5.353094  -2.165082  -1.738160
    62  0.14666406    3.990932   92.033165       5.926228  -1.279970  -0.539228
    63  0.17160746    4.669676  107.685396       6.972060  -4.386536   0.246255
    64  0.18650038    5.074934  117.030856       7.448991   0.102752  -3.193397
    65  0.13216975    3.596522   82.937841       7.566207  -3.284654  -0.842592
    66  0.13783562    3.750698   86.493227       7.820660  -1.245405  -2.267337
    67  0.17981300    4.892961  112.834455       8.712806  -2.610751  -1.865108
