 Number of surface minima:    69
   #       a.u.         eV      kcal/mol           X/Y/Z coordinate(Angstrom)
     1  0.13673137    3.720650   85.800302      -6.568820  -1.111215  -2.360800
     2  0.12900164    3.510313   80.949817      -6.114212  -3.233753  -2.598911
     3  0.13135040    3.574226   82.423690      -6.036704  -1.313546  -0.144672
     4  0.11972389    3.257853   75.127939      -5.919326   1.068909  -0.678494
     5  0.12506621    3.403225   78.480298      -5.750331  -0.866714  -1.300364
     6  0.11812655    3.214387   74.125588      -5.798385   1.064931   1.333278
     7  0.12124565    3.299262   76.082857      -5.584841   3.248862  -1.937246
     8  0.12014006    3.269177   75.389088      -5.446641  -3.492242  -0.539928
     9  0.12580549    3.423341   78.944200      -5.277257  -0.558368  -2.534052
    10  0.11852129    3.225128   74.373297      -5.245877   4.807484  -0.922414
    11  0.13707874    3.730102   86.018282      -5.113583  -0.568541  -3.714991
    12  0.11251783    3.061766   70.606064      -5.182229   3.386885   2.635135
    13  0.11118598    3.025524   69.770316      -4.981289  -3.371360  -1.678164
    14  0.12432201    3.382974   78.013306      -4.981289  -0.841302  -0.302605
    15  0.11129648    3.028531   69.839654      -4.971333   4.904140   1.584087
    16  0.11302561    3.075583   70.924700      -4.685044  -3.118640  -2.897128
    17  0.12738405    3.466296   79.934767      -4.732912  -0.010012   0.115221
    18  0.10734418    2.920984   67.359547      -4.435380  -3.402574  -0.791524
    19  0.13072813    3.557293   82.033209      -4.207904  -0.279196  -2.795812
    20  0.11637424    3.166704   73.026002      -3.803376  -2.913159  -3.057795
    21  0.14155064    3.851789   88.824439      -3.803497  -0.531862  -0.676354
    22  0.12208575    3.322122   76.610030      -3.663198  -3.165887   0.273631
    23  0.14643974    3.984828   91.892401      -3.526051  -0.318961  -1.800829
    24  0.11646060    3.169054   73.080189      -3.601294   4.272811   2.559892
    25  0.12117728    3.297401   76.039954      -3.164840  -3.078427  -0.948017
    26  0.12633445    3.437735   79.276132      -2.835864  -2.840239  -2.073103
    27  0.17068858    4.644673  107.108794      -2.629509   0.927324  -0.038142
    28  0.16840794    4.582613  105.677665      -2.534033   1.669369  -1.135441
    29  0.17993574    4.896300  112.911476      -2.491702   2.605588  -2.051342
    30  0.13226704    3.599169   82.998887      -1.938520  -0.469885   1.487900
    31  0.16277997    4.429468  102.146062      -1.968733   3.125625   1.246875
    32  0.17546769    4.774719  110.107728      -1.960879   4.346103  -0.811614
    33  0.04408276    1.199553   27.662373      -1.806226  -1.968535   1.373648
    34  0.16021183    4.359586  100.534529      -1.824298   3.717907   0.379358
    35  0.08062877    2.194020   50.595359      -1.503398   0.015879   2.937963
    36  0.17351842    4.721676  108.884543      -1.381407   1.881962  -1.837943
    37  0.16547546    4.502816  103.837504      -0.897213   3.850307  -0.149210
    38  0.03376810    0.918877   21.189819      -0.438673  -3.908341   1.047604
    39  0.17873352    4.863586  112.157072      -0.385780   1.320832  -1.495133
    40  0.18629343    5.069302  116.900990      -0.381463   2.201629  -2.323007
    41  0.10611762    2.887607   66.589868       0.023642  -2.679543  -1.598282
    42  0.17474823    4.755141  109.656262       0.075496   3.369358   0.133394
    43  0.01848733    0.503066   11.600983       0.554964   0.801344   2.863365
    44  0.04730571    1.287254   29.684805       0.577996  -5.145208  -0.801594
*   45 -0.01717270   -0.467293  -10.776039       0.590295  -1.958521   4.098093
    46  0.06305783    1.715891   39.569416       1.486912  -1.896044  -0.830951
    47  0.06322570    1.720459   39.674760       1.797111  -3.277627  -0.390837
    48 -0.00891117   -0.242485   -5.591846       1.820873  -1.516500   3.693490
    49  0.18104491    4.926483  113.607491       2.139042   0.270696  -1.769787
    50  0.13969243    3.801224   87.658395       2.354347   2.031049   0.974758
    51  0.15825099    4.306228   99.304080       3.192018   2.516053  -1.779628
    52  0.10947937    2.979085   68.699399       3.257464  -1.552296   0.697016
    53  0.13699849    3.727919   85.967925       3.414033   2.296492   0.843796
    54  0.12906203    3.511956   80.987716       3.899567  -2.460652  -1.971045
    55  0.15722913    4.278422   98.662852       3.858682   0.667229  -2.034784
    56  0.12752510    3.470135   80.023278       4.054298   0.315668   0.572957
    57  0.15118497    4.113952   94.870083       4.044631   1.762015  -1.954935
    58  0.13143426    3.576508   82.476314       4.275327   1.350556   0.650069
    59  0.11425626    3.109071   71.696944       4.349033  -2.365418  -0.073325
    60  0.16308949    4.437891  102.340287       4.481030   2.926354  -1.661153
    61  0.15255043    4.151108   95.726917       4.685669   2.670761   0.519681
    62  0.11443889    3.114041   71.811550       5.535490  -0.183180  -3.649462
    63  0.08859166    2.410702   55.592151       5.748717  -0.901538   1.305035
    64  0.10578226    2.878482   66.379426       6.792904  -1.124361  -2.738522
    65  0.10452094    2.844159   65.587935       6.992728   0.677351  -3.382873
    66  0.09540791    2.596181   59.869417       7.062207  -1.565499   0.258456
    67  0.09102608    2.476946   57.119778       7.431968  -0.129223   1.130591
    68  0.10529105    2.865115   66.071186       7.707650   2.522965  -1.718766
    69  0.10106413    2.750095   63.418755       7.807689   2.118811   0.112235
 
 Number of surface maxima:    92
   #       a.u.         eV      kcal/mol           X/Y/Z coordinate(Angstrom)
     1  0.19894826    5.413657  124.842022      -7.269782  -2.242697  -2.811367
     2  0.15483685    4.213325   97.161672      -6.595098  -2.370667  -1.351857
     3  0.17732889    4.825364  111.275652      -6.681447   2.011209   0.389211
     4  0.19485232    5.302201  122.271778      -6.552218  -2.625014   0.377807
     5  0.17920660    4.876460  112.453934      -6.411418   3.739621  -0.654897
     6  0.17318575    4.712624  108.675788      -6.193224   3.846831   1.431765
     7  0.14053058    3.824031   88.184341      -6.121058  -0.859301  -2.234880
     8  0.15838039    4.309749   99.385276      -5.834561  -1.865819  -3.642203
     9  0.13071773    3.557010   82.026682      -5.672877  -3.298018  -2.555294
    10  0.13463924    3.663720   84.487469      -5.601658   0.321570   0.274204
    11  0.15721441    4.278022   98.653614      -5.440334   3.058648   0.323969
    12  0.15264705    4.153737   95.787549      -5.178290   2.200175  -0.936811
    13  0.15354490    4.178169   96.350960      -4.981289  -2.204565   0.572500
    14  0.20475101    5.571558  128.483309      -4.876828  -1.452706  -4.953927
    15  0.13487460    3.670124   84.635158      -4.913198   4.185093  -2.059369
    16  0.14873688    4.047336   93.333881      -4.716700   4.320371   0.227086
    17  0.12437307    3.384363   78.045346      -4.560191   4.411313   2.515661
    18  0.18608269    5.063567  116.768749      -4.445969   0.268897   1.729832
    19  0.19068892    5.188909  119.659202      -4.476246   0.528058  -1.362845
    20  0.17922622    4.876993  112.466245      -4.316747  -1.036351  -1.597095
    21  0.19974639    5.435376  125.342860      -4.151518   1.623530   2.643988
    22  0.16778095    4.565552  105.284221      -4.045320  -2.603259  -1.849954
    23  0.19613193    5.337021  123.074750      -4.040697   2.542709  -2.500779
    24  0.18317522    4.984451  114.944285      -3.775447   2.661765   3.067257
    25  0.19051978    5.184307  119.553065      -3.646072  -2.090690   1.445134
    26  0.19193142    5.222720  120.438887      -3.565774   5.157679  -1.074202
    27  0.17080566    4.647858  107.182257      -3.393757  -1.174770  -4.038934
    28  0.18956013    5.158193  118.950876      -3.317688   1.328671   1.011978
    29  0.19004643    5.171426  119.256037      -3.366513   2.014188   1.435801
    30  0.18089545    4.922416  113.513705      -3.342291   5.226823   1.207787
    31  0.18754469    5.103351  117.686171      -3.133031   2.660561  -1.335741
    32  0.18932792    5.151875  118.805162      -2.864580   3.804254  -0.429356
    33  0.17046057    4.638468  106.965715      -2.864121  -0.777774   1.973770
    34  0.24227035    6.592511  152.027065      -2.491398   4.117002  -2.185076
    35  0.16212236    4.411574  101.733399      -2.330252  -2.354571  -0.147086
    36  0.17863226    4.860831  112.093528      -1.997228  -4.890305  -1.502562
    37  0.22942982    6.243103  143.969505      -1.824569  -0.917598  -3.821445
    38  0.16310502    4.438313  102.350030      -1.682864  -2.630456  -0.536384
    39  0.20939276    5.697867  131.396048      -1.801874  -0.777436  -2.135939
    40  0.22553397    6.137091  141.524820      -1.664280  -0.103864  -0.928775
    41  0.03418562    0.930238   21.451817      -1.550556  -2.214613   4.253385
    42  0.18205572    4.953988  114.241788      -1.382657   0.184898   1.203462
    43  0.24102669    6.558670  151.246657      -1.300885   1.453827  -0.426524
    44  0.16929322    4.606703  106.233188      -1.254930   1.482816   3.697467
    45  0.14545005    3.957897   91.271359      -1.012460  -0.666901   1.652631
    46  0.21073499    5.734391  132.238315      -1.013507   3.590920  -2.005782
    47  0.23526695    6.401939  147.632362      -0.864064   2.683194   0.530099
    48  0.10829631    2.946893   67.957020      -0.782642  -2.381511   1.307378
    49  0.23462646    6.384511  147.230451      -0.418565  -0.937691  -2.259754
    50  0.19537946    5.316545  122.602565      -0.236579   0.009989   0.223559
    51  0.19378104    5.273050  121.599540       0.069842  -1.668275  -0.262217
    52  0.18861265    5.132411  118.356325       0.575072  -3.920801  -3.126086
*   53  0.26101900    7.102688  163.792030       0.582767   3.497839  -2.402318
    54  0.11651394    3.170506   73.113664       0.600097  -0.489480   2.642531
    55  0.21262596    5.785846  133.424913       0.943297   0.873342  -1.269997
    56  0.08750694    2.381185   54.911479       1.049614  -4.614422   0.199203
    57  0.10671751    2.903931   66.966304       1.104249  -2.408320   2.238252
    58  0.23108900    6.288252  145.010661       1.108109   2.947254  -0.794985
    59  0.16808671    4.573872  105.476090       1.521256   0.027432   0.933642
    60  0.14615437    3.977063   91.713329       1.918275  -4.204807   1.728369
    61  0.13630349    3.709006   85.531801       1.922393  -1.694050   0.645932
    62  0.24981081    6.797698  156.758784       2.000019   4.339265  -0.152111
    63  0.19703015    5.361463  123.638389       2.416080  -1.974054  -2.397192
    64  0.19260733    5.241112  120.863025       2.317841  -0.491670  -1.588734
    65  0.16215099    4.412353  101.751365       2.573193  -0.883977   0.246568
    66  0.22863161    6.221382  143.468621       2.830886   1.215284  -1.317999
    67  0.15663607    4.262284   98.290702       3.095499  -2.609461   0.509355
    68  0.20884260    5.682896  131.050819       3.000311   1.094404   0.297780
    69  0.19483425    5.301709  122.260439       3.468903   3.689524  -0.415645
    70  0.13364130    3.636565   83.861253       3.743335  -2.772423  -1.340958
    71  0.05351910    1.456329   33.583773       3.821209  -0.839108   2.740453
    72  0.17932189    4.879597  112.526279       4.605083  -0.319822  -1.537100
    73  0.17153901    4.667814  107.642443       4.808490  -0.563693  -0.539928
    74  0.17407497    4.736821  109.233784       5.053379   2.124650  -1.448745
    75  0.18033477    4.907159  113.161874       5.128987  -1.515744  -2.629850
    76  0.22475253    6.115827  141.034458       5.086497   3.725211  -0.531981
    77  0.19207466    5.226617  120.528768       5.336800  -1.964629  -1.465108
    78  0.16457913    4.478426  103.275048       5.238045   2.016137   0.021922
    79  0.16354974    4.450415  102.629098       5.466659  -1.968963  -0.013141
    80  0.17630510    4.797506  110.633213       5.496192   1.467423  -3.566693
    81  0.15322554    4.169479   96.150559       6.100533   0.619904   1.783923
    82  0.18021083    4.903786  113.084097       6.132711   3.204761  -2.133833
    83  0.11990280    3.262721   75.240204       6.250495  -0.273318  -3.637850
    84  0.17108277    4.655399  107.356148       6.364953   2.738342   0.859592
    85  0.13686974    3.724415   85.887131       6.792904   1.471116  -2.173708
    86  0.10345968    2.815281   64.921981       6.925198  -1.099446   1.047604
    87  0.12934937    3.519775   81.168024       7.122706   0.972700   0.186757
    88  0.14124723    3.843533   88.634052       7.253807   0.412762  -1.201399
    89  0.11836188    3.220790   74.273260       7.417524   3.052363  -0.695391
    90  0.16356512    4.450833  102.638751       7.983553  -0.182558  -2.550518
    91  0.15739728    4.282998   98.768370       8.220056  -0.520613  -0.295281
    92  0.16346682    4.448158  102.577062       8.505857   1.347596  -1.068731
