 Number of surface minima:    52
   #       a.u.         eV      kcal/mol           X/Y/Z coordinate(Angstrom)
     1  0.18317081    4.984331  114.941513      -6.278453  -1.013824  -1.537554
     2  0.17306641    4.709377  108.600906      -5.528055  -2.644724  -0.469796
     3  0.16890176    4.596051  105.987544      -5.528055  -1.341728  -0.434222
     4  0.17917455    4.875587  112.433819      -5.504847  -0.116840  -0.660628
     5  0.17179478    4.674774  107.802946      -4.848098  -1.973491   0.266003
     6  0.17694572    4.814938  111.035211      -4.807246  -1.321780  -3.036159
     7  0.16462640    4.479712  103.304713      -3.998760  -2.967549  -2.036042
     8  0.15623823    4.251458   98.041053      -3.789677  -1.846124  -2.352534
     9  0.16422317    4.468740  103.051679      -3.667566  -0.410124  -2.512512
    10  0.18486691    5.030484  116.005835      -3.430868   5.028346  -0.171145
    11  0.18118188    4.930210  113.693441      -3.300549   3.705403  -0.833181
    12  0.19071443    5.189603  119.675210      -3.179825   2.779343  -1.118185
    13  0.17649873    4.802775  110.754719      -3.019285   4.365019   1.850899
    14  0.15055951    4.096933   94.477599      -3.007731  -2.255046  -1.584426
    15  0.16360768    4.451991  102.665456      -2.882169   0.148662  -1.944354
    16  0.16207345    4.410243  101.702712      -2.856630   2.936238   1.630142
    17  0.16043429    4.365639  100.674122      -2.754480   1.864431   1.327829
    18  0.17125925    4.660201  107.466891      -2.345219   4.504935  -0.771074
    19  0.03673664    0.999655   23.052608      -1.987884  -0.324568   2.194471
    20  0.09333265    2.539711   58.567171      -1.924395  -2.484945   1.478919
    21  0.15463131    4.207732   97.032696      -1.848802   3.691341   1.683138
    22  0.08468414    2.304373   53.140143      -1.410027  -3.428955   0.139908
    23  0.17508363    4.764268  109.866731      -1.291282   4.111061  -1.055009
    24  0.17586036    4.785404  110.354138      -1.315524   5.160640  -0.564200
    25  0.16515529    4.494104  103.636596      -0.923763   4.487177   1.546623
    26  0.14911228    4.057552   93.569448      -0.744683   3.195304   1.358510
    27  0.04223295    1.149217   26.501596      -0.466148   0.423288  -1.931800
    28  0.03735075    1.016366   23.437968      -0.127421  -0.792603  -2.551212
    29  0.03157102    0.859091   19.811130       0.007394  -3.217642  -0.801495
    30  0.04125469    1.122597   25.887732       0.706342  -3.148931   0.547876
*   31  0.01325711    0.360744    8.318971       0.689777  -0.077716   3.313967
    32  0.03099011    0.843284   19.446602       1.257854  -1.421397   2.669331
    33  0.08989969    2.446295   56.412956       1.418255   1.853283  -0.058679
    34  0.03954657    1.076117   24.815869       1.985404   0.869263   0.874710
    35  0.04034207    1.097763   25.315050       2.079126  -3.703078   2.586607
    36  0.09890912    2.691454   62.066460       2.521573  -2.653124   0.237626
    37  0.07946625    2.162387   49.865868       2.907302  -1.509572   1.447568
    38  0.11087664    3.017107   69.576200       4.162431   0.794928   1.394713
    39  0.10866313    2.956874   68.187199       4.098635   0.927223  -1.382291
    40  0.10900908    2.966288   68.404289       4.265351   0.006731  -1.969213
    41  0.10353407    2.817305   64.968665       4.526312  -0.472716   0.800375
    42  0.10634424    2.893774   66.732074       4.663285  -1.316997   0.278287
    43  0.09802671    2.667442   61.512739       4.979551   1.720988  -1.127683
    44  0.09768517    2.658149   61.298419       5.396219  -0.319579  -2.430841
    45  0.09305515    2.532159   58.393039       5.429828   0.398045   1.148228
    46  0.09707148    2.641449   60.913321       5.969756  -1.600551  -0.159848
    47  0.09919700    2.699288   62.247110       5.965632   1.456400  -1.483602
    48  0.09747147    2.652334   61.164323       6.217607   0.398045  -2.173419
    49  0.09658098    2.628102   60.605529       6.373087   0.153083   0.788482
    50  0.09607860    2.614432   60.290283       6.708724  -0.924898   0.072312
    51  0.11601066    3.156810   72.797846       7.304493   1.059517  -1.768264
    52  0.11475955    3.122766   72.012766       7.716688   0.016718   0.163601
 
 Number of surface maxima:    53
   #       a.u.         eV      kcal/mol           X/Y/Z coordinate(Angstrom)
     1  0.24934458    6.785011  156.466215      -6.262696  -0.894969  -2.977035
     2  0.20603588    5.606522  129.289578      -5.570942  -2.124955  -2.002748
     3  0.21630961    5.886084  135.736441      -5.413590   0.395293  -2.257777
     4  0.24352435    6.626635  152.813965      -5.291172  -3.638860  -1.516704
     5  0.26821488    7.298498  168.307518      -5.250134   2.391973   0.411839
*    6  0.26926298    7.327018  168.965210      -4.866583   1.917636  -2.178041
     7  0.19738213    5.371041  123.859262      -4.411814  -3.116014  -0.125685
     8  0.21616387    5.882118  135.644992      -4.337406   3.750977   0.581361
     9  0.25320958    6.890183  158.891544      -4.245390  -0.680096  -0.125685
    10  0.24543525    6.678633  154.013071      -4.094313   1.720988  -0.678997
    11  0.24979530    6.797276  156.749046      -3.940523   5.358091   1.130120
    12  0.19470016    5.298061  122.176298      -3.837377  -3.349718  -0.796178
    13  0.20118550    5.474536  126.245911      -3.381996  -1.663905   1.119723
    14  0.24296211    6.611335  152.461152      -3.279052  -0.942913  -1.355835
    15  0.18090618    4.922707  113.520434      -2.466020  -4.511390   1.333599
    16  0.20713695    5.636483  129.980508      -2.234807   5.272723   0.789390
    17  0.25602018    6.966663  160.655222      -2.104655   3.040336  -0.666451
    18  0.18375715    5.000286  115.309447      -1.948049  -1.979325   0.003636
    19  0.24061587    6.547491  150.988867      -1.906495   2.676036   0.849989
    20  0.17849722    4.857156  112.008790      -1.559226  -0.413990  -0.558055
    21  0.17981171    4.892925  112.833644      -1.269468   0.817785   0.698771
    22  0.16455181    4.477682  103.257904      -0.906835  -2.778663   2.522898
    23  0.14229866    3.872144   89.293834      -0.911309  -1.876204   0.396804
    24  0.24591651    6.691728  154.315066      -0.776483   5.820996   0.660808
    25  0.06751155    1.837083   42.364170      -0.669479  -2.655781  -2.569980
    26  0.14639132    3.983510   91.862014      -0.696840  -0.856278   1.858730
    27  0.20478782    5.572560  128.506407      -0.508251   2.630202  -1.325703
    28  0.20106417    5.471234  126.169776      -0.236283   4.499169  -0.324104
    29  0.18285908    4.975849  114.745903       0.056492   1.861121   0.287656
    30  0.05923045    1.611743   37.167702       0.131425   2.060013   3.123815
    31  0.15314631    4.167323   96.100841       0.557483  -0.098855  -0.991869
    32  0.14823655    4.033722   93.019915       0.659767   0.924149   0.382864
    33  0.17248353    4.693515  108.235137       1.218955  -1.505576  -0.015236
    34  0.12393002    3.372307   77.767328       1.301313  -0.420769   1.411911
    35  0.13075553    3.558039   82.050405       1.927090  -1.275117   0.847039
    36  0.18004427    4.899254  112.979578       2.384391  -0.263426  -1.637794
    37  0.19331355    5.260329  121.306183       2.310186   3.464730  -0.633052
    38  0.19249176    5.237967  120.790505       2.502151  -2.440086  -1.327161
    39  0.14502683    3.946381   91.005788       2.913165  -0.938507   0.745636
    40  0.14620555    3.978455   91.745444       3.203369   0.019854   0.578378
    41  0.18408513    5.009211  115.515258       3.353611   2.009100   0.940796
    42  0.17333399    4.716658  108.768809       3.596796  -4.258186   0.387687
    43  0.17562812    4.779084  110.208400       3.468567  -1.848613  -1.183433
    44  0.16511246    4.492939  103.609722       4.243444  -2.254282   2.775210
    45  0.19743073    5.372363  123.889757       4.298221  -2.750262  -2.088098
    46  0.14115656    3.841065   88.577153       4.883871   2.060897   0.658963
    47  0.15171067    4.128257   95.199961       5.186762   0.402289  -1.318409
    48  0.15001425    4.082095   94.135443       5.463272  -0.395720   0.033925
    49  0.18450795    5.020717  115.780583       6.357403   2.770128   0.780589
    50  0.13985926    3.805764   87.763085       7.189652   1.597884  -0.115130
    51  0.18341711    4.991033  115.096074       7.450912  -1.987444  -2.233974
    52  0.13923034    3.788650   87.368429       7.701375  -0.468639  -1.389252
    53  0.18375253    5.000161  115.306553       8.527912   0.818172  -0.766997
