 Number of surface minima:    64
   #       a.u.         eV      kcal/mol           X/Y/Z coordinate(Angstrom)
     1  0.13151306    3.578652   82.525761      -7.593741  -0.099700  -2.137964
     2  0.11975767    3.258772   75.149137      -7.053906  -0.817519  -1.006694
     3  0.11588421    3.153370   72.718499      -6.667681   0.271487  -1.369894
     4  0.11167860    3.038929   70.079439      -6.610884  -1.575082  -0.173694
     5  0.13066650    3.555616   81.994536      -6.415635  -1.125339  -3.719448
     6  0.11843935    3.222899   74.321877      -5.670824  -2.028762  -2.876378
     7  0.11395285    3.100815   71.506552      -5.271716  -0.897386  -3.332532
     8  0.11046777    3.005981   69.319627      -5.205184  -2.818375  -2.073003
     9  0.09954414    2.708734   62.464942      -5.069357  -2.024149   2.947742
    10  0.09518933    2.590233   59.732256      -4.857345  -3.768397   2.807407
    11  0.15271032    4.155459   95.827253      -3.758170   1.290625   0.183741
    12  0.09352906    2.545055   58.690421      -3.386430  -5.269613   0.827863
    13  0.08275435    2.251860   51.929181      -3.433726  -2.631342   3.664935
    14  0.14773138    4.019975   92.702920      -3.228029  -0.065643  -2.267293
    15  0.09938084    2.704290   62.362470      -3.110004  -4.553363  -0.901444
    16  0.13809283    3.757697   86.654633      -2.017108   0.366279  -1.659922
    17  0.15466434    4.208631   97.053417      -1.757547   2.880189  -1.136031
    18  0.09878352    2.688036   61.987647      -1.576503  -3.351706   1.224746
    19  0.08076022    2.197597   50.677848      -1.477838  -4.385956   0.317654
    20  0.00728826    0.198324    4.573459      -1.375909  -0.411418   2.609395
    21  0.11458776    3.118091   71.904963      -1.338278   2.106807   1.409308
    22  0.11208653    3.050029   70.335416      -1.265702   6.293978  -0.534464
    23  0.12815182    3.487188   80.416550      -1.123834   3.388613   1.599639
    24  0.12745596    3.468253   79.979892      -1.111001   7.496793  -0.097681
    25  0.10368623    2.821446   65.064143      -0.701057   5.788789   2.037234
    26  0.04281995    1.165190   26.869949      -0.052966  -3.351706   0.237334
    27  0.11652190    3.170722   73.118657      -0.128254   6.702661  -0.702663
    28  0.12492925    3.399498   78.394351       0.143628   3.792187   1.421339
    29  0.05050153    1.374217   31.690215       0.324442  -4.152624  -2.224926
    30  0.01796117    0.488748   11.270817       0.222718  -3.879186   1.622900
    31  0.03801617    1.034473   23.855525       0.503115  -0.025556  -1.782999
    32  0.10970578    2.985246   68.841475       0.504159   6.199427   1.793306
    33  0.05515609    1.500874   34.611000       0.820695  -1.684279  -1.818023
*   34 -0.01267683   -0.344954   -7.954837       0.838883  -1.641523   3.549154
    35  0.11039638    3.004038   69.274833       0.841938   6.041190  -1.091156
    36  0.12434303    3.383546   78.026494       0.939178   3.263010   1.158535
    37 -0.00759992   -0.206804   -4.769024       1.150540  -0.416573   3.466725
    38  0.12508388    3.403705   78.491386       1.145554   7.100011  -0.760007
    39  0.10179712    2.770040   63.878710       1.379504   5.509966   1.479334
    40  0.07279662    1.980897   45.680607       1.643157  -3.760097  -0.006997
    41  0.11355252    3.089921   71.255341       1.874269   3.659893  -3.065851
    42  0.06269878    1.706121   39.344113       2.201549  -0.426217  -0.900481
    43  0.11875281    3.231428   74.518576       2.262638  -3.152811   0.269619
    44  0.05713086    1.554610   35.850187       2.702038   0.046586   0.819863
    45  0.11053587    3.007834   69.362365       2.857509   2.135211  -3.342705
    46  0.09308619    2.533004   58.412518       3.540288   3.441223   1.535254
    47  0.08408555    2.288084   52.764526       3.783569   1.580501   1.224746
    48  0.11168186    3.039018   70.081486       3.670616   3.669783  -2.588597
    49  0.10739054    2.922245   67.388639       4.146800  -2.171969  -1.746212
    50  0.10576445    2.877997   66.368251       4.338510  -3.203547  -1.133996
    51  0.10161402    2.765058   63.763815       4.772930   3.061722   0.361987
    52  0.09773690    2.659556   61.330885       4.974703  -1.764035  -2.479433
    53  0.10256722    2.790996   64.361958       5.202400  -0.867004   0.275954
    54  0.10056543    2.736524   63.105811       5.366770  -1.765220   0.826011
    55  0.09531850    2.593748   59.813314       5.472480  -3.759010  -1.346087
    56  0.09838733    2.677256   61.739036       5.871345  -2.174491  -2.638890
    57  0.09651385    2.626275   60.563403       6.024202  -0.310835  -0.498332
    58  0.09505075    2.586463   59.645299       6.214573  -3.301999  -2.032905
    59  0.10731239    2.920119   67.339595       6.589176  -4.220601  -1.363976
    60  0.09139634    2.487021   57.352119       6.540614  -2.341405   0.647514
    61  0.09671237    2.631677   60.687979       6.870870  -0.799474  -0.607723
    62  0.11436390    3.112000   71.764489       7.227254  -2.816835  -2.609284
    63  0.09266897    2.521651   58.150704       7.193812  -1.910260   0.006587
    64  0.11325160    3.081733   71.066509       8.084640  -1.564226  -0.956604
 
 Number of surface maxima:    87
   #       a.u.         eV      kcal/mol           X/Y/Z coordinate(Angstrom)
     1  0.20016420    5.446745  125.605037      -7.860298  -0.559805  -3.539058
     2  0.19684990    5.356558  123.525284      -7.763226  -3.228300  -1.709633
     3  0.15559362    4.233918   97.636552      -7.493931  -1.772776  -2.500182
     4  0.16222126    4.414265  101.795462      -6.535387   0.412477  -3.140966
     5  0.15851413    4.313389   99.469201      -6.315284  -3.236960  -0.764698
     6  0.17869132    4.862438  112.130588      -5.741621  -0.674068  -0.876481
     7  0.17267922    4.698840  108.357937      -5.652190  -2.968000   1.463902
     8  0.20638691    5.616073  129.509849      -5.364309  -3.789805   0.298686
     9  0.21774788    5.925221  136.638971      -5.372486   1.744638  -3.204100
    10  0.10620721    2.890045   66.646087      -4.954374  -2.813465   3.226976
    11  0.17792067    4.841468  111.647002      -4.837736  -1.373077  -1.983368
    12  0.17481739    4.757023  109.699661      -4.649723  -4.385889  -0.078718
    13  0.19794100    5.386249  124.209959      -4.422180   1.412972  -2.083855
    14  0.18085780    4.921391  113.490079      -4.364656  -2.371624   0.563274
    15  0.18123682    4.931705  113.727917      -4.276711  -2.555061   0.441864
    16  0.17814464    4.847562  111.787543      -4.037694  -2.721864   0.026861
    17  0.15426088    4.197652   96.800245      -3.931406  -1.037250   3.196060
    18  0.16927037    4.606081  106.218853      -3.735103  -0.853362   1.350935
    19  0.21832836    5.941017  137.003232      -3.666109   0.087946   0.166391
    20  0.23833145    6.485328  149.555365      -3.645333   3.389536   0.681806
    21  0.14803115    4.028132   92.891026      -3.492618  -4.212833   3.406387
*   22  0.24485812    6.662928  153.650917      -3.465081   2.519981  -2.164169
    23  0.21067300    5.732704  132.199415      -3.217783   5.652138   1.099248
    24  0.10594746    2.882977   66.483088      -2.859457  -5.125859  -0.284819
    25  0.22025516    5.993448  138.212317      -2.831146  -0.598241  -0.948717
    26  0.20160666    5.485996  126.510193      -2.957647   2.209603  -0.362031
    27  0.20252019    5.510855  127.083443      -2.831146   2.271861  -0.627374
    28  0.12103756    3.293599   75.952278      -2.698089  -3.737735   2.013275
    29  0.10301635    2.803218   64.643792      -2.717275  -2.562392   2.800255
    30  0.19063639    5.187480  119.626243      -2.503188   4.384734   0.695569
    31  0.14475751    3.939052   90.836786      -2.114226  -5.336120   1.505040
    32  0.15700774    4.272398   98.523929      -1.905086  -3.646733  -1.209135
    33  0.15590988    4.242523   97.835006      -1.905086   6.764161   1.153951
    34  0.11122219    3.026510   69.793035      -1.653467  -2.692074   2.406918
    35  0.19565742    5.324109  122.776989      -1.698900  -1.777936  -1.446407
    36  0.16941251    4.609949  106.308046      -1.759621  -1.769011   0.305644
    37  0.18344689    4.991844  115.114759      -1.273385   1.533129  -1.334686
    38  0.19524968    5.313014  122.521125      -1.136739   8.255642   1.218509
    39  0.17616245    4.793624  110.543702      -0.954500  -0.685986  -0.198223
    40  0.21710293    5.907671  136.234257      -0.571644   3.006456  -0.744963
    41  0.15639496    4.255723   98.139403      -0.332235   0.731949   0.809736
    42  0.20140771    5.480582  126.385351      -0.348319   2.733832   0.758157
    43  0.10744473    2.923720   67.422641      -0.213419  -0.847479   2.241483
    44  0.17413886    4.738559  109.273874      -0.197534   5.371115  -0.387178
    45  0.16787666    4.568156  105.344283       0.119892   5.138136   1.133015
    46  0.15099585    4.108806   94.751403       0.404808   7.689613   0.756460
    47  0.09946113    2.706475   62.412854       0.664345  -4.410060  -0.439241
    48  0.03906461    1.063002   24.513431       0.742366  -3.727676   3.225853
    49  0.17731222    4.824911  111.265191       0.855517   1.919817  -1.443856
    50  0.13021646    3.543370   81.712131       1.137683  -0.815499  -0.714291
    51  0.17448530    4.747986  109.491268       1.238235   2.198440  -3.293238
    52  0.15725960    4.279251   98.681970       1.387105  -2.210474   0.537289
    53  0.15193611    4.134392   95.341430       1.293190   1.426464   0.320084
    54  0.16713915    4.548088  104.881488       1.545218  -5.707145  -0.613402
    55  0.13817662    3.759977   86.707212       1.554439   0.253090   0.451993
    56  0.05708223    1.553287   35.819671       1.763038   1.788038   2.915336
    57  0.11490597    3.126751   72.104647       1.830926  -1.218405   1.653401
    58  0.18347553    4.992623  115.132727       1.899751   3.773520  -0.633794
    59  0.19415250    5.283158  121.832638       1.998282   7.827849   0.298686
    60  0.15622575    4.251119   98.033217       2.235599   6.197975  -0.074064
    61  0.17960341    4.887257  112.702935       2.605861   4.735780  -1.940052
    62  0.14874088    4.047445   93.336390       2.698164  -2.304047  -0.808236
    63  0.17524984    4.768791  109.971028       2.857509  -3.748588  -2.814816
    64  0.16408263    4.464915  102.963492       2.731041   0.605041  -1.159331
    65  0.13457465    3.661963   84.446941       2.832657   2.460856   2.115617
    66  0.12385953    3.370389   77.723097       2.857509   3.263010  -3.325499
    67  0.17477808    4.755953  109.674992       3.093716  -3.484000   1.421509
    68  0.20760998    5.649355  130.277339       3.093706   4.976131  -0.515364
    69  0.14932775    4.063415   93.704657       3.230889  -1.380723  -0.948471
    70  0.14771271    4.019467   92.691201       3.448706   1.737498  -1.156552
    71  0.20022475    5.448393  125.643034       3.653680   0.487855  -1.551393
    72  0.16359650    4.451687  102.658439       3.680124  -1.481343   1.396242
    73  0.14558424    3.961549   91.355570       3.802330  -0.680916   0.048291
    74  0.16507799    4.492001  103.588093       3.910903  -3.228259   0.709315
    75  0.17758591    4.832358  111.436937       4.310044   2.213984  -2.608956
    76  0.10693719    2.909909   67.104158       4.426985   2.994358   1.081353
    77  0.18753709    5.103144  117.681402       4.761339  -4.358350   1.224746
    78  0.16469653    4.481620  103.348718       4.839594   1.550762  -0.225008
    79  0.14939423    4.065224   93.746374       5.119859   0.111975  -2.065843
    80  0.14696480    3.999116   92.221882       5.280266  -2.374046  -1.533367
    81  0.14738631    4.010585   92.486381       5.961215  -1.570942  -0.301848
    82  0.13865849    3.773089   87.009590       6.103097  -4.145471   0.369211
    83  0.19003909    5.171227  119.251428       6.554553   0.335333  -2.986369
    84  0.14076852    3.830506   88.333652       7.347535  -1.094405  -2.464900
    85  0.17960307    4.887248  112.702724       7.752398  -4.466170  -0.230491
    86  0.13647488    3.713670   85.639349       7.892310  -3.080619  -1.287517
    87  0.18317042    4.984320  114.941268       8.585318  -2.140870  -2.347200
