 Number of surface minima:    56
   #       a.u.         eV      kcal/mol           X/Y/Z coordinate(Angstrom)
     1  0.13306692    3.620935   83.500822      -6.907360  -2.934078   0.046452
     2  0.11789979    3.208216   73.983299      -6.578593  -1.736856  -0.076432
     3  0.12201804    3.320280   76.567539      -5.919181  -2.467890   0.909523
     4  0.17318375    4.712569  108.674534      -5.914203   1.173168  -1.535126
     5  0.12746462    3.468489   79.985323      -5.320484  -3.198667   1.633983
     6  0.12098608    3.292199   75.919978      -5.125415  -2.162449   1.444521
     7  0.15832159    4.308150   99.348381      -4.993121   1.636103  -0.675139
     8  0.11080503    3.015158   69.531263      -4.860827  -2.733262  -1.869441
     9  0.16665178    4.534825  104.575656      -4.596238   0.345526  -3.060275
    10  0.11355847    3.090083   71.259078      -4.331649  -3.480646  -0.924329
    11  0.10719180    2.916837   67.263925      -3.410700  -3.173045  -0.334079
    12  0.14349388    3.904667   90.043847      -3.347664   0.563499  -2.467140
    13  0.11294344    3.073347   70.873139      -2.821186  -2.085086  -0.482726
    14  0.15995661    4.352641  100.374373      -1.812690   4.480170  -0.862375
    15  0.04075457    1.108988   25.573902      -1.789955  -2.918263   1.373192
    16  0.02382904    0.648421   14.952959      -1.698887   0.353738   2.278072
    17  0.13965612    3.800236   87.635612      -1.558603   3.573144   1.625078
    18  0.17428966    4.742663  109.368505      -1.555958   5.669507  -0.222379
    19  0.16472570    4.482414  103.367027      -1.378499   4.906478   1.822246
    20  0.02377510    0.646953   14.919114      -0.752033  -3.181792  -0.339142
    21  0.02789577    0.759083   17.504876      -0.427235  -3.263082   1.077799
    22  0.02884121    0.784809   18.098150      -0.374714  -1.064490  -2.445310
    23  0.02969694    0.808095   18.635124      -0.109344   0.363468  -1.943884
    24  0.15994034    4.352198  100.364162       0.399876   4.077520  -1.206051
    25  0.03111684    0.846732   19.526128       1.096923  -4.113948   2.845826
*   26  0.00334504    0.091023    2.099047       1.224711  -0.217083   3.221515
    27  0.07711084    2.098293   48.387822       1.317425  -3.492058   0.305854
    28  0.02230284    0.606891   13.995254       1.320392  -1.768025   2.640806
    29  0.11108533    3.022786   69.707157       1.350416   2.367350   0.836644
    30  0.12124284    3.299185   76.081092       1.628855   5.807316  -0.860212
    31  0.11096489    3.019508   69.631576       2.000339   4.861241   1.602116
    32  0.04722924    1.285173   29.636822       2.265521   0.607729  -0.494952
    33  0.02722684    0.740880   17.085115       2.330317   0.023648   0.887469
    34  0.12751253    3.469792   80.015386       2.343322   3.873188  -1.673374
    35  0.07750245    2.108949   48.633565       2.461598  -2.623251   1.261254
    36  0.12718404    3.460854   79.809260       2.526513   4.871286  -1.321279
    37  0.11225923    3.054729   70.443790       2.654628   2.886871   0.784432
    38  0.11659225    3.172636   73.162801       2.817278   3.949883   1.120961
    39  0.13679993    3.722515   85.843321       2.823008   6.076486  -0.728989
    40  0.13530690    3.681888   84.906433       3.341420   4.077520  -1.599289
    41  0.09890578    2.691363   62.064363       4.134404  -3.066103   0.178531
    42  0.10045494    2.733518   63.036480       4.160458  -1.611135  -2.022288
    43  0.10931263    2.974548   68.594770       4.115773   0.240985  -0.532003
    44  0.10267465    2.793919   64.429368       4.248829  -0.826143   1.341936
    45  0.09869362    2.685590   61.931235       4.266464  -0.681235  -1.417235
    46  0.09616062    2.616664   60.341752       4.329604  -2.140312   0.770047
    47  0.09067157    2.467299   56.897316       5.209933  -3.698359  -0.224073
    48  0.09104888    2.477566   57.134083       5.193124  -2.267965  -2.476075
    49  0.08657213    2.355747   54.324877       5.428932  -1.743429   1.046985
    50  0.09071308    2.468429   56.923366       5.433713  -0.288192  -1.193892
    51  0.09007154    2.450971   56.520789       6.095139  -3.330961  -0.001568
    52  0.09156099    2.491501   57.455436       6.118566  -1.871337  -2.214004
    53  0.09038680    2.459550   56.718622       6.265438  -2.247851   0.701928
    54  0.09329738    2.538751   58.545040       6.260464  -0.805928  -1.522962
    55  0.10969170    2.984863   68.832639       7.449198  -2.815233   0.072460
    56  0.11129757    3.028561   69.840339       7.440899  -1.607574  -1.796599
 
 Number of surface maxima:    68
   #       a.u.         eV      kcal/mol           X/Y/Z coordinate(Angstrom)
     1  0.20315928    5.528245  127.484483      -6.946211  -4.114856  -0.990575
     2  0.21938764    5.969841  137.667936      -6.894086  -1.219151  -2.620023
     3  0.16455546    4.477782  103.260196      -6.726635  -2.540072  -1.550873
     4  0.24141054    6.569115  151.487525      -5.993283   0.933815  -2.938125
     5  0.20010397    5.445106  125.567242      -5.807305  -0.292578  -2.091786
     6  0.15963155    4.343795  100.170392      -5.717784  -4.055624   0.178746
     7  0.19425637    5.285985  121.897816      -5.125415  -1.463873   0.212015
     8  0.20254781    5.511606  127.100778      -4.728532   1.879763  -2.334846
     9  0.20091078    5.467060  126.073525      -4.704319  -4.654027   1.369666
    10  0.14849599    4.040782   93.182722      -4.149153  -3.016171   1.766278
    11  0.18768721    5.107229  117.775602      -4.183316  -2.111203  -0.852690
    12  0.23734613    6.458517  148.937069      -4.067061   0.612429  -0.147094
    13  0.25301761    6.884959  158.771079      -3.934766   3.857080   0.487483
*   14  0.25448484    6.924885  159.691783      -3.644461   3.203747  -2.202552
    15  0.14485255    3.941638   90.896422      -3.557107  -3.576668   1.104806
    16  0.18510638    5.037001  116.156104      -3.212986  -0.788700   1.297410
    17  0.22408555    6.097678  140.615921      -3.141001  -0.048229  -1.200632
    18  0.23089400    6.282945  144.888294      -3.093580   2.754577  -0.725772
    19  0.22449893    6.108927  140.875327      -2.615832   2.620501  -1.273527
    20  0.20180473    5.491386  126.634487      -2.611823   4.814227   0.683856
    21  0.17391253    4.732401  109.131851      -2.422799  -1.478841   0.470457
    22  0.06945564    1.889984   43.584111      -2.025995  -2.507791   2.484400
    23  0.24079630    6.552401  151.102087      -1.808212   6.184560   1.101074
    24  0.06099384    1.659727   38.274242      -1.312231  -2.723365  -2.256428
    25  0.16154259    4.395797  101.369588      -1.414605  -0.154630  -0.471992
    26  0.12565924    3.419362   78.852432      -1.252091  -1.574346   0.595040
    27  0.14688306    3.996891   92.170589      -1.080136  -2.036171   3.221515
    28  0.23866179    6.494318  149.762659      -0.754284   3.423043  -0.736703
    29  0.13620837    3.706418   85.472116      -0.627409  -0.577431   1.978283
    30  0.22111286    6.016787  138.750528      -0.699909   3.019166   0.767717
    31  0.16373020    4.455325  102.742335      -0.622960   1.042417   0.724158
    32  0.20025778    5.449291  125.663759      -0.382811   5.762927   0.699808
    33  0.07365271    2.004192   46.217812       0.169570  -3.195142   2.822266
    34  0.21990395    5.983891  137.991926       0.430946   6.931933   1.081235
    35  0.14428453    3.926182   90.539985       0.620737  -0.524270  -0.954405
    36  0.15841143    4.310594   99.404757       0.857578  -1.949794   0.104675
    37  0.19139274    5.208061  120.100861       0.842505   2.114096  -1.268087
    38  0.17625646    4.796182  110.602692       1.092417   1.661112  -0.107753
    39  0.13534703    3.682980   84.931615       1.141695   0.554852   0.337167
    40  0.04921642    1.339247   30.883795       1.253930   1.983319   2.973075
    41  0.19622378    5.339521  123.132386       1.282781   4.209814  -0.821539
    42  0.10236175    2.785405   64.233023       1.414258  -0.817369   1.426647
    43  0.18778524    5.109896  117.837114       1.620709   3.830244   0.701173
    44  0.16229944    4.416392  101.844521       1.656139  -5.527884   0.589981
    45  0.18192546    4.950444  114.160046       1.660644  -3.179707  -1.503809
    46  0.16631024    4.525532  104.361340       2.070909   6.378955   0.731089
    47  0.16919475    4.604023  106.171400       2.291155  -1.203101  -1.651672
    48  0.13575162    3.693989   85.185500       2.685096  -2.008157   0.717905
    49  0.16628386    4.524814  104.344786       2.799249  -2.940648  -1.419299
    50  0.08019036    2.182091   50.320253       2.945988   0.772402  -1.539973
    51  0.13516965    3.678153   84.820307       3.194266  -1.219018   0.552027
    52  0.15820988    4.305110   99.278280       3.132967   2.886871  -1.408786
    53  0.18994465    5.168657  119.192166       3.301310  -4.265376  -2.091462
    54  0.15832458    4.308231   99.350259       3.391954   2.489988  -0.432192
    55  0.15966435    4.344688  100.190978       3.674013  -3.809056   2.259236
    56  0.20677195    5.626551  129.751467       3.719780   6.455036   0.431929
    57  0.16561043    4.506489  103.922200       3.864851   4.869228  -0.222275
    58  0.17399018    4.734514  109.180579       4.106063   0.584215   0.918858
    59  0.13840276    3.766131   86.849115       4.820420  -4.093955  -2.055139
    60  0.21174845    5.761968  132.874272       4.665009   3.548526  -0.747245
    61  0.14366722    3.909384   90.152617       5.194754  -1.608301  -1.409908
    62  0.14201846    3.864519   89.118006       5.259840  -2.404901  -0.019543
    63  0.13461125    3.662958   84.469906       5.466045   0.119183   0.582860
    64  0.17907413    4.872855  112.370807       6.486630  -4.560724  -2.344069
    65  0.18090292    4.922619  113.518389       7.160270   0.237480   0.697803
    66  0.13437340    3.656486   84.320650       7.254197  -3.198667  -1.541080
    67  0.13535230    3.683123   84.934919       7.512718  -1.144078  -0.247233
    68  0.17987994    4.894782  112.876459       8.482091  -2.277518  -0.891404
