 Number of surface minima:    66
   #       a.u.         eV      kcal/mol           X/Y/Z coordinate(Angstrom)
     1  0.13789016    3.752182   86.527454      -6.423531  -3.872723  -1.435245
     2  0.12354488    3.361827   77.525645      -5.820925  -2.827862  -0.908957
     3  0.12611500    3.431764   79.138423      -5.760415  -3.845513  -0.207988
     4  0.13141175    3.575896   82.462189      -5.634069  -5.065290   0.401340
     5  0.15428952    4.198431   96.818216      -5.228385   1.449112  -0.072841
     6  0.14890800    4.051993   93.441259      -5.233380   2.849353   0.559594
     7  0.11712718    3.187193   73.498477      -5.134049  -4.023471   0.796129
     8  0.13652589    3.715059   85.671364      -4.754204  -4.626973  -2.709274
     9  0.15539481    4.228508   97.511795      -4.491357   0.085434  -3.303774
    10  0.15425951    4.197615   96.799383      -4.441828  -2.149459   0.401340
    11  0.13888411    3.779229   87.151168      -4.383751   1.658704   1.676952
    12  0.15868262    4.317974   99.574929      -4.163644   1.394116  -2.404978
    13  0.12399489    3.374072   77.808032      -3.831294  -4.802273  -1.701997
    14  0.12060135    3.281730   75.678553      -3.807030  -3.773751  -2.399014
    15  0.16903186    4.599591  106.069181      -3.703805  -0.313698   0.293701
    16  0.11478616    3.123490   72.029461      -3.166672  -5.015164  -0.716168
    17  0.13493616    3.671800   84.673792      -2.979125   6.583609  -1.130938
    18  0.12085064    3.288513   75.834987      -2.795783   5.351404  -1.363529
    19  0.14999223    4.081496   94.121623      -2.703068   0.440642  -3.302900
    20  0.14692748    3.998100   92.198461      -2.490379  -2.986268  -1.061068
    21  0.13003311    3.538381   81.597075      -2.521162   6.680970   1.038188
    22  0.15271143    4.155489   95.827949      -2.423496  -2.076306  -1.583074
    23  0.17101883    4.653659  107.316023      -2.268692   1.923293  -1.374306
    24  0.11204016    3.048768   70.306322      -2.270491   5.395779   1.262278
    25  0.13960246    3.798776   87.601939      -1.951030   3.003602   1.230189
    26  0.12441660    3.385548   78.072658      -1.741317   1.593540   1.262236
    27  0.12448143    3.387312   78.113342      -1.696391   6.037484  -1.561947
    28  0.15422670    4.196722   96.778799      -1.598601   3.766053  -1.484439
    29  0.13951396    3.796368   87.546408      -1.510829  -0.854887  -1.186191
    30  0.11653635    3.171115   73.127726      -1.210203   6.011926   1.015168
    31  0.13400369    3.646426   84.088654      -1.060370   3.638579   1.045038
    32  0.00447774    0.121846    2.809828      -0.907447  -0.713878   3.060813
    33  0.13139655    3.575482   82.452651      -0.653053   6.818202  -1.582999
    34  0.11794919    3.209561   74.014293      -0.585239   5.594819  -1.779822
    35  0.10781506    2.933797   67.655028      -0.164010   5.674503   0.861071
    36  0.06869433    1.869268   43.106376       0.066644  -1.722695  -0.995644
    37  0.05298141    1.441698   33.246366       0.162802  -0.675939  -1.271832
    38  0.12913624    3.513976   81.034282       0.071694   3.276893   0.861526
    39  0.17987221    4.894572  112.871610       0.802157   2.613688  -1.658865
    40  0.05081446    1.382732   31.886579       1.398160  -3.963125  -1.615749
    41  0.08771810    2.386931   55.043985       1.669277  -1.251770  -1.774308
    42 -0.01542877   -0.419838   -9.681706       1.717712   0.615680   3.570012
    43  0.11091782    3.018227   69.602043       1.598458   0.866398  -0.258769
*   44 -0.02591372   -0.705148  -16.261117       1.875739  -0.587984   3.974642
    45  0.03759044    1.022888   23.588375       2.120158  -2.826648   0.530861
    46  0.12280680    3.341743   77.062494       2.257394  -1.516129  -0.392425
    47  0.13702707    3.728696   85.985859       2.439703  -0.951990  -1.294645
    48  0.09782585    2.661977   61.386697       2.897604  -2.049822  -1.067660
    49  0.00426376    0.116023    2.675554       3.329776  -0.975957   1.743147
    50  0.09800761    2.666923   61.500753       4.282107  -0.955491   1.092346
    51  0.10824310    2.945445   67.923628       4.745921  -1.424007  -1.723183
    52  0.09964843    2.711572   62.530384       4.964309  -1.852213  -0.728280
    53  0.09797933    2.666153   61.483009       5.181813  -2.158299   0.678188
    54  0.10648671    2.897651   66.821478       5.281209   0.962801  -0.796490
    55  0.09653398    2.626823   60.576039       5.400993   0.547956   0.258593
    56  0.09583049    2.607680   60.134593       5.582810  -0.155654   1.365162
    57  0.09814786    2.670739   61.588766       5.676332  -1.287156  -2.648938
    58  0.08554347    2.327756   53.679384       6.069791  -2.218595  -0.401178
    59  0.09713096    2.643068   60.950646       6.119537   1.165635  -1.696003
    60  0.09431330    2.566395   59.182538       6.594148  -1.565373  -2.386959
    61  0.08352084    2.272718   52.410165       6.522887   0.215780   0.563603
    62  0.09096408    2.475258   57.080869       6.870128  -2.074655  -1.191991
    63  0.09341525    2.541958   58.619003       7.028561   0.874947  -1.442786
    64  0.08964303    2.439311   56.251899       7.304869   0.364355  -0.244129
    65  0.11054516    3.008087   69.368191       7.959321  -1.763784  -1.970605
    66  0.11007807    2.995377   69.075091       8.395330   0.238104  -1.158587
 
 Number of surface maxima:    69
   #       a.u.         eV      kcal/mol           X/Y/Z coordinate(Angstrom)
     1  0.20525205    5.585192  128.797712      -6.297655  -4.647341  -2.729642
     2  0.16070075    4.372890  100.841330      -5.572994  -5.271986  -1.329489
     3  0.16973410    4.618700  106.509844      -5.565108  -3.113315  -2.677564
     4  0.21991308    5.984139  137.997657      -5.417333   0.483738  -1.975329
     5  0.20051259    5.456225  125.823654      -5.288372  -6.411776  -0.237100
     6  0.15968928    4.345366  100.206622      -5.333853   1.912016   0.499548
     7  0.22636086    6.159592  142.043704      -5.176346  -1.648653  -3.231472
     8  0.21714501    5.908816  136.260668      -4.995561   2.734172  -1.153294
     9  0.18565157    5.051836  116.498217      -4.662475  -3.103890  -0.151984
    10  0.20015151    5.446399  125.597072      -4.489615  -1.054504  -1.715369
    11  0.21521379    5.856265  135.048807      -4.515080   0.290091   0.653048
    12  0.20320552    5.529503  127.513493      -4.501909   3.224112   1.797984
    13  0.21998357    5.986057  138.041890      -4.619170   4.572392   0.402279
    14  0.18672272    5.080984  117.170374      -4.225027  -0.119742  -0.583340
    15  0.16080072    4.375610  100.904061      -4.098418  -5.509815   0.665048
    16  0.16624205    4.523676  104.318547      -3.979199   0.852533  -3.207107
    17  0.19472406    5.298711  122.191294      -3.665375  -1.494712  -2.338151
    18  0.16445192    4.474964  103.195227      -3.676953   5.869251   0.126050
    19  0.19522367    5.312306  122.504807      -3.606626   3.378530  -0.303202
    20  0.18297410    4.978979  114.818079      -3.431261  -3.549279  -1.102402
    21  0.21371687    5.815532  134.109474      -3.406848  -0.939574  -3.784470
    22  0.18635722    5.071038  116.941019      -3.431261   3.527933   0.702771
    23  0.20134057    5.478756  126.343221      -3.308385   7.500283   0.012888
    24  0.23019267    6.263861  144.448201      -3.226467  -1.251770   0.533635
    25  0.21069563    5.733320  132.213614      -3.054678  -5.088305   1.939946
    26  0.21460352    5.839659  134.665855      -3.145846   0.873094  -0.647621
    27  0.19053830    5.184811  119.564690      -3.019664   0.735952   0.686118
    28  0.20093471    5.467712  126.088542      -2.627418  -3.639540   1.475657
    29  0.22137819    6.024007  138.917031      -2.588209   1.707991  -2.351285
    30  0.22009200    5.989008  138.109932      -2.106617  -1.782762  -0.393388
    31  0.19741067    5.371817  123.877168      -2.099816   0.476857  -1.439415
    32  0.22680314    6.171627  142.321241      -1.661358  -3.318403   2.518049
    33  0.18412117    5.010192  115.537873      -1.569283   4.712416  -1.027986
    34  0.15726282    4.279339   98.683992      -1.591860   7.328472  -0.264663
    35  0.23227311    6.320473  145.753701      -1.255255   2.352111  -0.994600
    36  0.17678618    4.810597  110.935097      -1.307043   4.834877   0.535493
    37  0.21019093    5.719586  131.896913      -1.044753   2.457088   0.540824
    38  0.17301059    4.707858  108.565877      -0.849840  -2.177830   1.298089
    39  0.16711381    4.547398  104.865585      -0.520786  -1.006866   0.224662
    40  0.18232113    4.961210  114.408333      -0.312385  -3.556961   1.062812
    41  0.15789166    4.296451   99.078595      -0.123903   0.791949   0.989822
    42  0.19912600    5.418494  124.953555      -0.050653   7.817493  -0.555102
    43  0.10884917    2.961937   68.303943       0.344543  -0.325710   2.650343
    44  0.16062665    4.370873  100.794831       0.608019   6.227162  -0.789308
    45  0.19211724    5.227776  120.555489       0.675633   1.653878  -1.331730
    46  0.20478552    5.572497  128.504964       0.957651   3.678476  -0.772619
    47  0.18498127    5.033596  116.077596       1.208698  -2.301440  -3.697935
    48  0.05495314    1.495351   34.483648       1.365340   2.763632   2.544993
    49  0.18587822    5.058003  116.640439       1.482468  -0.728971  -0.271871
    50  0.14756533    4.015457   92.598718       1.728217   0.600350   0.469596
    51  0.02148359    0.584598   13.481168       1.830065  -2.707008   4.169085
    52  0.21545604    5.862857  135.200823       1.807631   5.085592  -0.824453
*   53  0.24962715    6.792700  156.643533       1.986704   2.583308  -0.769295
    54  0.09553196    2.599557   59.947258       2.118607  -1.770031   1.189867
    55  0.09549668    2.598597   59.925121       2.234980  -0.330474   2.105840
    56  0.21851210    5.946017  137.118526       2.269153   0.615478  -1.826194
    57  0.15241023    4.147293   95.638942       3.151713  -1.436088  -0.800451
    58  0.18548383    5.047272  116.392959       3.352441   1.047441  -0.231176
    59  0.17398387    4.734342  109.176616       3.828204  -3.241539  -2.122831
    60  0.21051166    5.728314  132.098171       3.791999   0.702686  -3.223533
    61  0.15543158    4.229508   97.534869       5.073987  -1.477946   1.856578
    62  0.14577909    3.966851   91.477835       5.860983  -1.207094  -1.424708
    63  0.14516313    3.950090   91.091314       6.149546   0.259084  -0.865986
    64  0.12338674    3.357524   77.426411       6.544714  -1.462457   1.116714
    65  0.18616797    5.065888  116.822260       7.031535   0.481732  -4.080129
    66  0.13757981    3.743737   86.332707       7.827406  -0.188335  -2.780396
    67  0.17098378    4.652705  107.294033       8.143929  -1.780947   0.996103
    68  0.13159319    3.580833   82.576045       8.329470  -1.123053  -0.534476
    69  0.17952061    4.885004  112.650978       9.134580  -0.829439  -1.977123
