 Number of surface minima:    71
   #       a.u.         eV      kcal/mol           X/Y/Z coordinate(Angstrom)
     1  0.10302060    2.803333   64.646454      -7.892198  -0.289670   0.571942
     2  0.11177844    3.041646   70.142089      -7.765518  -0.356438  -2.079558
     3  0.09838155    2.677098   61.735408      -7.165200  -1.811675   1.356618
     4  0.11081997    3.015565   69.540641      -6.748322  -1.768400  -3.023496
     5  0.10522517    2.863323   66.029849      -6.655266  -0.104651   1.684546
     6  0.09698666    2.639141   60.860100      -5.841160  -3.794006  -0.022515
     7  0.10050208    2.734801   63.066058      -5.561608  -3.752391  -1.734807
     8  0.17368575    4.726230  108.989546      -5.111900   1.299979  -1.611534
     9  0.10984603    2.989062   68.929482      -4.897826  -2.318823   1.584170
    10  0.15910276    4.329406   99.838572      -4.783902   1.001136  -0.386254
    11  0.16104963    4.382383  101.060251      -4.513395   0.433659   0.634824
    12  0.10171299    2.767751   63.825916      -4.262783  -3.641870  -0.807034
    13  0.14987869    4.078407   94.050379      -3.440895  -0.849776  -1.717944
    14  0.15964472    4.344154  100.178658      -3.504177   4.260240  -0.180261
    15  0.15560767    4.234300   97.645367      -3.411266   3.109617  -3.429572
    16  0.15296893    4.162496   95.989532      -3.196370  -1.362196  -0.765172
    17  0.14307423    3.893248   89.780512      -2.931782   3.876980   1.504146
    18  0.15587119    4.241471   97.810729      -2.667193  -0.031726  -2.080588
    19  0.15019615    4.087045   94.249589      -2.522953   5.458043   0.379538
    20  0.04983681    1.356129   31.273098      -2.248083  -1.386670   2.512086
    21  0.16329385    4.443452  102.468522      -1.951492   3.666621  -2.772218
    22  0.00774799    0.210833    4.861939      -1.608839  -0.224144   2.691531
    23  0.15346354    4.175955   96.299905      -1.598132   0.325681  -1.578854
    24  0.15187783    4.132806   95.304857      -1.727454   2.005366  -3.734791
    25  0.18342790    4.991327  115.102843      -1.476545   4.375901  -1.004298
    26  0.05653124    1.538293   35.473920      -0.919985  -3.904797  -2.120452
    27  0.07216185    1.963624   45.282283      -0.750792  -1.350512  -1.479240
    28  0.13825475    3.762103   86.756237      -0.647469   2.320967   1.214814
    29  0.17962265    4.887781  112.715011      -0.683706   3.086620  -1.341553
    30  0.04040681    1.099525   25.355675      -0.113199  -3.531501   0.148694
    31  0.14258977    3.880065   89.476509      -0.048076   3.347803   1.374831
    32  0.05916757    1.610031   37.128239       0.034449  -0.432976  -1.555777
    33  0.17125606    4.660114  107.464892       0.387672   5.200221  -0.686607
*   34 -0.01939016   -0.527633  -12.167522       0.658071  -1.804308   3.815364
    35  0.15895203    4.325305   99.743986       0.911142   4.143144  -1.202899
    36  0.10113410    2.751999   63.462657       1.016410  -1.984663  -2.020171
    37  0.13604363    3.701935   85.368737       1.064923   3.480097   1.355730
    38 -0.00934081   -0.254176   -5.861450       1.195259  -0.621027   3.596561
    39  0.09972171    2.713566   62.576368       1.330193  -3.366221  -1.192255
    40  0.16608868    4.519503  104.222305       1.594049   3.215508  -1.423751
    41  0.13256813    3.607362   83.187824       1.670588   2.421742   1.109755
    42  0.00858582    0.233632    5.387690       1.991404  -2.605441   1.753974
    43  0.09778186    2.660780   61.359096       1.895257  -0.091849  -0.319084
    44  0.11080586    3.015181   69.531784       2.783676   7.184337  -0.241865
    45  0.10071895    2.740702   63.202145       2.946760  -3.002324   1.166646
    46  0.10688153    2.908394   67.069229       2.927018   6.676916   1.613345
    47  0.09939001    2.704540   62.368223       3.090136  -4.521181   0.870163
    48  0.09055642    2.464165   56.825056       3.160126   0.720062   0.759933
    49  0.12536649    3.411396   78.668723       3.162680   1.503310  -2.129079
    50  0.10051587    2.735176   63.074714       3.211498  -4.267525  -0.528043
    51  0.10895547    2.964829   68.370644       3.349573  -3.864861  -1.548011
    52  0.11439356    3.112807   71.783104       3.583311   4.072664  -2.606498
    53  0.08955590    2.436940   56.197225       3.702326   2.858416   2.092707
    54  0.10754596    2.926474   67.486167       3.833982   5.723170  -2.111254
    55  0.08697941    2.366830   54.580449       3.971163  -5.105620  -0.133392
    56  0.09436134    2.567703   59.212682       4.187926   4.662176   2.446577
    57  0.09940645    2.704987   62.378541       4.280290  -4.257087  -2.374577
    58  0.12053841    3.280017   75.639056       4.222296   2.294926  -0.282395
    59  0.09899045    2.693667   62.117498       4.397958  -2.981415   1.617082
    60  0.09968914    2.712680   62.555935       4.699758  -2.349297   0.483325
    61  0.09242611    2.515042   57.998307       4.741945  -5.383398  -0.817623
    62  0.10960777    2.982579   68.779970       4.844664  -1.951688  -0.569385
    63  0.09605530    2.613798   60.275660       4.936768  -4.923553  -2.077525
    64  0.10554144    2.871929   66.228308       4.976574   4.265360  -1.498609
    65  0.09647978    2.625348   60.542027       5.169820   3.637330   1.317676
    66  0.08644408    2.352263   54.244525       5.507682  -3.189515   0.891477
    67  0.11231647    3.056287   70.479707       5.956078  -5.745713  -1.459813
    68  0.09973606    2.713956   62.585375       5.812794  -2.336553  -1.344400
    69  0.09246854    2.516197   58.024937       6.303591  -3.449809   0.097498
    70  0.09603749    2.613313   60.264484       6.468703  -2.999684  -1.080597
    71  0.11247637    3.060638   70.580048       7.268832  -4.177780  -0.672473
 
 Number of surface maxima:    94
   #       a.u.         eV      kcal/mol           X/Y/Z coordinate(Angstrom)
     1  0.16341684    4.446798  102.545702      -8.178131  -1.800740   0.137360
     2  0.17010063    4.628674  106.739849      -7.978017  -1.817046  -2.021303
     3  0.11391006    3.099650   71.479701      -7.407324  -0.496413   1.413660
     4  0.14077079    3.830568   88.335080      -7.119236  -0.356438  -0.796964
     5  0.16253014    4.422670  101.989286      -7.021249  -3.515649  -1.067836
     6  0.12770320    3.474981   80.135033      -6.975761  -0.457556  -3.141921
     7  0.14584323    3.968596   91.518088      -6.849584  -1.892942  -0.793211
     8  0.17553655    4.776593  110.150942      -6.796994   1.040325   0.356748
     9  0.18761376    5.105230  117.729510      -6.644042   1.086119  -2.011552
    10  0.13026935    3.544809   81.745322      -6.307090  -2.276509   0.240586
    11  0.13928636    3.790175   87.403586      -5.947559  -2.154007  -2.086160
    12  0.15979330    4.348197  100.271892      -5.865352  -1.295157   2.173461
    13  0.18319164    4.984898  114.954584      -5.381707   0.437328  -1.346945
    14  0.18487673    5.030752  116.011999      -5.181100  -1.017471  -3.462744
    15  0.11101949    3.020994   69.665841      -5.076359  -3.970209  -0.959609
    16  0.23828313    6.484014  149.525046      -5.022808   0.852246  -3.058338
    17  0.18255032    4.967447  114.552153      -4.843357  -0.781831   0.769764
    18  0.18175584    4.945828  114.053610      -4.741107  -1.397761   0.516300
    19  0.18016161    4.902447  113.053210      -4.683130  -0.628981  -2.059427
    20  0.15721021    4.277907   98.650978      -4.498461  -3.378325   0.770773
    21  0.16905576    4.600241  106.084183      -4.126984  -2.864316  -2.261068
    22  0.18144713    4.937428  113.859891      -4.161394  -1.746524   0.156057
    23  0.16269658    4.427199  102.093733      -3.888457  -2.411677   2.886472
    24  0.20579086    5.599854  129.135824      -3.913365   1.760271  -2.460823
    25  0.22131603    6.022315  138.878019      -3.544488   2.735096   0.397398
    26  0.23680976    6.443921  148.600493      -3.371554   0.966505  -0.024002
    27  0.16465937    4.480609  103.325403      -3.340975   4.678990   0.370873
    28  0.18155991    4.940496  113.930658      -3.171443   0.221376   1.612166
    29  0.21757096    5.920407  136.527951      -3.225966   1.691634  -4.193762
    30  0.22734605    6.186401  142.661922      -3.322248   4.021201  -2.134131
    31  0.22544491    6.134668  141.468935      -2.636208  -0.168148  -0.894066
    32  0.22410292    6.098150  140.626821      -2.560786   5.067628  -1.271854
    33  0.18075994    4.918728  113.428670      -2.501616  -2.581350   0.129701
    34  0.17001624    4.626377  106.686892      -2.277941   3.330661  -3.445219
    35  0.18370803    4.998950  115.278625      -2.160902  -1.262126   0.759064
    36  0.20563226    5.595538  129.036301      -2.138016   2.347824   0.431256
    37  0.22943627    6.243278  143.973553      -2.005722   2.611624  -0.817768
    38  0.20813351    5.663601  130.605860      -2.033905   5.192276   1.781714
    39  0.21170897    5.760894  132.849497      -1.183424   1.776710  -1.617419
    40  0.17520552    4.767585  109.943215      -0.960821  -0.382490  -0.080919
    41  0.20243053    5.508415  127.027183      -0.945524   4.932155   0.241775
    42  0.22622977    6.156025  141.961444      -0.647779   2.711439  -2.648285
    43  0.02838295    0.772339   17.810584      -0.534196  -3.517166   3.691599
    44  0.11279334    3.069263   70.778949      -0.389546  -0.567892   2.410430
    45  0.16390613    4.460113  102.852739       0.088819   0.689253   0.887132
    46  0.23299565    6.340134  146.207099       0.037748   5.920450   0.564231
    47  0.19015284    5.174322  119.322808       0.377996  -2.460283  -4.003927
    48  0.21431200    5.831726  134.482924       0.401344   2.580851   0.681556
*   49  0.23933009    6.512503  150.182023       0.396103   2.818625  -0.904985
    50  0.10458325    2.845855   65.627038       0.607032  -2.656812   0.888616
    51  0.19127147    5.204761  120.024763       0.935364  -1.389895  -0.381017
    52  0.18054888    4.912985  113.296226       1.311387   5.062256  -0.402687
    53  0.18648141    5.074417  117.018948       1.247242   6.624616  -0.872162
    54  0.17656914    4.804691  110.798901       1.433930  -4.895470  -2.162514
    55  0.10127907    2.755944   63.553629       1.369278  -1.611739   2.028054
    56  0.20029888    5.450410  125.689551       1.460369   1.415758  -1.426870
    57  0.17282779    4.702883  108.451166       1.401731   4.791857   0.981475
    58  0.17799057    4.843370  111.690863       1.463874   6.010464   2.085905
    59  0.14166011    3.854768   88.893135       1.653081  -0.365706   0.605741
    60  0.17068877    4.644678  107.108911       1.698519   0.911037   0.372881
    61  0.15533292    4.226824   97.472960       1.851665  -2.994340  -0.806923
    62  0.21151768    5.755689  132.729459       2.156330  -0.956981  -1.947488
    63  0.06142396    1.671431   38.544150       2.126078   1.372218   3.026578
    64  0.12466718    3.392367   78.229903       2.098942   7.184783   0.773166
    65  0.18024192    4.904632  113.103607       2.317568   5.194874  -2.558215
    66  0.18988722    5.167094  119.156131       2.686007   3.012348  -0.950062
    67  0.15649751    4.258514   98.203752       2.756873   4.074820   2.819724
    68  0.14179067    3.858320   88.975060       2.877055   5.862748  -0.943664
    69  0.18128321    4.932967  113.757028       2.924615   2.818625   0.276033
    70  0.18560720    5.050629  116.470374       3.049623   2.969309  -0.271588
    71  0.18488706    5.031033  116.018481       3.190290  -1.642847  -1.743828
    72  0.18104065    4.926367  113.604819       3.262778  -0.945192  -0.215874
    73  0.13455617    3.661459   84.435340       3.256619   5.397259   1.496277
    74  0.15845609    4.311809   99.432781       3.356888  -3.822441   2.092707
    75  0.21010354    5.717208  131.842072       3.684002  -1.532406  -3.074370
    76  0.14562807    3.962741   91.383069       3.996523   5.345514   0.140278
    77  0.16894123    4.597125  106.012309       4.077779   6.919087   0.503777
    78  0.19528179    5.313888  122.541277       4.210939   0.571139  -0.947763
    79  0.17263239    4.697566  108.328548       4.242257   2.870194  -1.824554
    80  0.14772562    4.019819   92.699305       4.339191  -4.194055  -1.085306
    81  0.12116378    3.297034   76.031482       4.213105   4.672243  -2.416177
    82  0.13246359    3.604518   83.122230       4.405939   4.141568  -0.188799
    83  0.12559404    3.417588   78.811513       4.630710  -4.575646   1.475873
    84  0.15827314    4.306831   99.317979       4.608993   2.344124   0.824440
    85  0.10539900    2.868053   66.138926       4.650709   3.635554   2.134422
    86  0.15131320    4.117442   94.950545       4.979758  -2.618691  -3.115203
    87  0.16652527    4.531383  104.496275       4.982935   5.810683  -0.961657
    88  0.14804035    4.028383   92.896803       5.260317  -3.004763  -0.558988
    89  0.16085525    4.377094  100.938280       5.207683   5.269435   1.267187
    90  0.17320510    4.713150  108.687932       5.908761  -5.648210   1.505124
    91  0.18736178    5.098373  117.571393       6.335048  -3.393331  -3.719208
    92  0.13355244    3.634147   83.805492       6.492058  -5.262975  -0.016719
    93  0.13929671    3.790456   87.410077       6.669185  -4.325267  -2.329523
    94  0.18139354    4.935969  113.826261       7.418190  -5.525720  -1.329207
