 Number of surface minima:    59
   #       a.u.         eV      kcal/mol           X/Y/Z coordinate(Angstrom)
     1  0.11350573    3.088648   71.225978      -7.676636  -1.169715   2.102391
     2  0.11777819    3.204908   73.906994      -7.609002   1.015828   1.706764
     3  0.09309482    2.533239   58.417932      -6.919792  -1.593391   1.070183
     4  0.09991620    2.718858   62.698413      -6.807196   1.025698   0.655176
     5  0.09244094    2.515446   58.007611      -6.415806  -1.766307   0.258943
     6  0.09414494    2.561814   59.076889      -6.260412  -1.444171   2.234685
     7  0.10161593    2.765110   63.765015      -6.169170   0.857047  -0.153290
     8  0.10159768    2.764613   63.753558      -6.134963   1.172339   1.855356
     9  0.08966111    2.439803   56.263244      -5.225350  -1.501884   2.375339
    10  0.10013791    2.724891   62.837539      -5.116141   1.113149   1.827781
    11  0.10018209    2.726093   62.865262      -5.037828  -1.838265   0.282122
    12  0.11255121    3.062674   70.627009      -4.954440   0.761920  -0.138146
    13  0.09774774    2.659851   61.337686      -4.532450  -1.717313   1.208163
    14  0.11125036    3.027276   69.810713      -4.426670   0.878493   0.798721
    15  0.10724553    2.918299   67.297645      -3.862588  -1.367824   2.410307
    16  0.11772914    3.203573   73.876213      -2.926767  -0.574058   1.573213
    17  0.08991383    2.446680   56.421827      -2.849255   1.421018  -0.422593
    18  0.13514808    3.677566   84.806774      -2.544617  -0.138820  -1.601850
    19  0.06208660    1.689462   38.959961      -2.147119   2.507682  -2.924793
    20  0.02881810    0.784180   18.083643      -1.795784  -1.090792   1.438003
    21  0.05191161    1.412587   32.575052      -1.742783   0.106240  -2.746075
    22  0.14047720    3.822579   88.150849      -1.180144   5.366699  -0.566211
*   23 -0.00537204   -0.146181   -3.371011      -0.989565  -3.602351  -1.344830
    24  0.12372468    3.366720   77.638474      -1.021002   1.268793  -0.452302
    25 -0.00044352   -0.012069   -0.278313      -0.679054  -3.581170   0.011014
    26  0.00971646    0.264398    6.097173      -0.691445  -1.725299  -3.586264
    27  0.09810716    2.669632   61.563226      -0.414702   2.123390  -1.708097
    28  0.13820111    3.760643   86.722578      -0.346380   5.886805   1.122736
    29  0.17109476    4.655725  107.363676      -0.317190   2.611722   1.703559
    30  0.02539187    0.690948   15.933653       0.351337  -0.391239   1.888326
    31  0.13987763    3.806264   87.774613       0.349221   6.351568  -0.543495
    32  0.16412881    4.466172  102.992467       0.829270   3.384108   1.526300
    33  0.02332620    0.634738   14.637421       1.242121  -1.501796  -2.398480
    34  0.15560926    4.234343   97.646365       1.255090   3.395403  -1.337127
    35  0.16233950    4.417482  101.869660       1.889697   3.918759   1.168764
    36  0.15632284    4.253761   98.094148       2.153165   1.615712  -1.264200
    37  0.15666037    4.262945   98.305946       2.069879   2.887248  -1.462101
    38  0.17083121    4.648554  107.198294       2.235451   4.188537  -1.546022
    39  0.14051041    3.823483   88.171687       2.471720  -0.558720   1.562844
    40  0.16838294    4.581933  105.661978       2.708507   3.394612   1.043970
    41  0.17916705    4.875383  112.429114       2.771903   2.267225   1.239433
    42  0.17543296    4.773773  110.085934       2.885050   4.623555   0.534435
    43  0.15060282    4.098111   94.504778       3.105683  -2.456744  -1.923563
    44  0.13586793    3.697154   85.258482       3.328816  -2.311929   1.573213
    45  0.14010003    3.812316   87.914168       3.316952  -1.389763   1.970096
    46  0.14307358    3.893230   89.780104       3.767154   0.989729   3.374154
    47  0.11603911    3.157585   72.815699       3.862070  -5.078212   0.358046
    48  0.18257733    4.968182  114.569100       4.101111   3.067257   0.716522
    49  0.18289762    4.976897  114.770087       4.164037   3.326058   0.578440
    50  0.15030336    4.089962   94.316860       4.368562  -2.054858  -1.072673
    51  0.14635095    3.982412   91.836683       4.825509   2.008286  -1.929981
    52  0.15859176    4.315501   99.517913       4.796454   2.152917   2.355909
    53  0.15243410    4.147943   95.653921       5.090097  -1.585775  -0.232269
    54  0.15116835    4.113500   94.859651       5.338598   3.523787  -0.819350
    55  0.12157321    3.308175   76.288405       5.507452  -4.561334  -0.684554
    56  0.12483229    3.396859   78.333512       5.560627  -4.675181   1.155892
    57  0.14801665    4.027738   92.881926       5.705645   0.870146   2.871943
    58  0.15915638    4.330865   99.872222       5.669096   1.966587  -0.373496
    59  0.16698761    4.543964  104.786395       5.924337  -1.470472   0.942322
 
 Number of surface maxima:    66
   #       a.u.         eV      kcal/mol           X/Y/Z coordinate(Angstrom)
     1  0.18298730    4.979338  114.826362      -8.445241  -0.452256  -0.697341
     2  0.18456760    5.022340  115.818015      -8.512245   0.098672   2.486357
     3  0.13925445    3.789306   87.383561      -8.118947  -0.161718   0.923903
     4  0.14015660    3.813855   87.949670      -6.948684   0.101649   3.060130
     5  0.14365655    3.909093   90.145919      -6.727475  -0.595445  -1.248347
     6  0.18438303    5.017317  115.702193      -5.747241   0.237442   4.222185
     7  0.14601207    3.973191   91.624035      -5.641420  -1.130711   1.169417
     8  0.19452840    5.293387  122.068515      -5.473256  -0.822768  -2.236867
     9  0.15212919    4.139646   95.462590      -5.515547   0.451843   0.901468
    10  0.18668622    5.079990  117.147469      -4.493771   1.794098  -2.427630
    11  0.14021449    3.815430   87.985995      -4.426742  -0.039341   3.161724
    12  0.17344385    4.719647  108.837753      -4.249965  -0.441763  -1.284428
    13  0.18552395    5.048363  116.418134      -3.551875  -0.841804  -2.142850
    14  0.16379689    4.457140  102.784187      -3.277102  -1.964127  -0.278907
    15  0.14014583    3.813562   87.942912      -3.237838  -1.116738   1.070477
    16  0.18226784    4.959760  114.374889      -2.928149  -0.152517   2.815569
    17  0.20613627    5.609253  129.352572      -2.676507   3.807464  -0.640199
    18  0.15929120    4.334534   99.956819      -1.889451  -0.677051  -1.289688
*   19  0.24388078    6.636333  153.037626      -1.554620   2.593205   0.890926
    20  0.20896129    5.686126  131.125298      -1.550055   4.711805   0.892014
    21  0.03501586    0.952830   21.972803      -1.480265  -3.182986  -3.300704
    22  0.11273927    3.067792   70.745019      -1.479783  -1.984460  -0.387425
    23  0.15674714    4.265307   98.360397      -1.113183   0.506078  -0.136678
    24  0.13538234    3.683941   84.953775      -0.703189  -0.817602   0.945846
    25  0.10966277    2.984076   68.814485      -0.858441   1.943073  -2.661425
    26  0.17678919    4.810678  110.936983      -0.476234   1.406906  -0.020541
    27  0.15197203    4.135369   95.363966      -0.598357   6.165787  -0.013216
    28  0.20206645    5.498508  126.798720      -0.098717   5.511480  -1.794427
    29  0.18240458    4.963481  114.460700       0.082882   1.951250   1.612537
    30  0.14449087    3.931797   90.669468       0.197673  -0.697956  -2.115538
    31  0.17468779    4.753497  109.618337       0.470172   1.022343  -3.186059
    32  0.05707539    1.553100   35.815377       0.592091  -3.539233   1.705508
    33  0.11667762    3.174959   73.216373       0.592091  -2.122188  -0.924063
    34  0.17994555    4.896567  112.917632       0.693268   0.616591  -0.729690
    35  0.17855825    4.858817  112.047087       0.958854   4.249560   1.308625
    36  0.16021728    4.359734  100.537943       1.134222  -0.957279   0.270533
    37  0.22493869    6.120893  141.151275       1.282103   2.359060  -0.638750
    38  0.20568682    5.597023  129.070534       1.184247   6.368225   0.842427
    39  0.14955012    4.069466   93.844198       1.584847  -2.187633  -0.688523
    40  0.20025986    5.449348  125.665066       1.566939   5.031091  -0.382963
    41  0.23587365    6.418448  148.013075       1.752849   2.578068   0.891824
    42  0.21069660    5.733346  132.214226       2.419113  -3.538660  -1.655978
    43  0.20686228    5.629009  129.808152       2.860547  -1.490507   0.815286
    44  0.20402993    5.551937  128.030820       2.864903   1.031230   1.471863
    45  0.16823929    4.578024  105.571834       2.858754  -1.630145  -1.734491
    46  0.24002733    6.531476  150.619549       3.097831   5.246398  -0.808161
    47  0.22043912    5.998453  138.327750       3.230174   2.220357   2.373064
    48  0.17957888    4.886590  112.687546       3.489408  -3.537652  -0.831321
    49  0.20589107    5.602581  129.198703       3.502829   1.013209  -0.676120
    50  0.22943401    6.243217  143.972135       3.714134   1.267510   0.484522
    51  0.20542948    5.590021  128.909056       3.722648   3.784924  -0.439940
    52  0.22724407    6.183626  142.597924       3.919773  -0.957708  -0.289947
    53  0.18345929    4.992181  115.122540       4.140063  -4.815570  -1.247004
    54  0.18362455    4.996678  115.226243       4.164037  -4.807475   1.889346
    55  0.21234887    5.778307  133.251037       4.538874   3.613571  -2.131027
    56  0.20745136    5.645039  130.177804       4.928640  -0.044881   3.754670
    57  0.21980121    5.981095  137.927456       4.957803   0.692045  -0.966565
    58  0.16336981    4.445519  102.516188       4.926626   1.788524   2.869592
    59  0.18676558    5.082150  117.197270       5.217244  -2.815139   1.314226
    60  0.13425831    3.653354   84.248431       5.285574  -5.072064   0.281799
    61  0.19802345    5.388492  124.261697       5.287286  -0.376869   1.902697
    62  0.22228366    6.048646  139.485218       5.390827   3.162745   0.795540
    63  0.16485097    4.485823  103.445629       5.656291   2.496756  -0.914564
    64  0.23134354    6.295178  145.170385       5.958158  -1.775604   2.345995
    65  0.22055081    6.001493  138.397837       5.991265   1.670671   1.422001
    66  0.19363327    5.269029  121.506813       6.555162  -3.600038   0.398044
