 Number of surface minima:    52
   #       a.u.         eV      kcal/mol           X/Y/Z coordinate(Angstrom)
     1  0.13735491    3.737617   86.191581      -6.779884   1.666428  -0.575805
     2  0.12631645    3.437245   79.264836      -6.694358  -0.325071  -0.251910
     3  0.12378600    3.368388   77.676950      -6.232584  -0.571712  -2.441191
     4  0.13468919    3.665079   84.518816      -6.324468   1.418566  -2.660201
     5  0.11852268    3.225166   74.374166      -6.108834   0.734022  -0.060054
     6  0.11714460    3.187667   73.509411      -5.602656  -0.200337   0.167953
     7  0.11469640    3.121048   71.973140      -5.467201   0.330094  -2.605566
     8  0.12715429    3.460044   79.790588      -5.295570   1.807899  -0.038038
     9  0.11288839    3.071849   70.838595      -5.017923  -0.564418  -2.402285
    10  0.12134888    3.302071   76.147638      -4.812259   1.519107  -2.615287
    11  0.13161270    3.581364   82.588285      -4.390145   1.766186   0.150311
    12  0.13141142    3.575886   82.461978      -4.293059  -0.203770   0.413645
    13  0.12434905    3.383710   78.030273      -3.702439  -0.552263  -2.130820
    14  0.13900189    3.782434   87.225076      -3.796870   0.665087   0.396574
    15  0.12210798    3.322727   76.623976      -3.860220   1.530602  -2.442842
    16  0.12927707    3.517808   81.122654      -3.166956   0.362174  -2.139126
    17  0.20126678    5.476748  126.296916      -2.302411   3.108307   0.974554
    18  0.03108776    0.845941   19.507878      -1.840288  -3.865671   3.026753
    19  0.06740422    1.834162   42.296823      -1.865615  -1.789517   2.176929
    20  0.13886938    3.778828   87.141922      -1.832544  -2.044897   0.508780
    21  0.20261451    5.513421  127.142632      -1.649193   2.313635   0.576452
    22  0.02758711    0.750684   17.311189      -1.315508  -4.008332   0.370931
    23  0.12934213    3.519578   81.163481      -1.324238  -0.438443   1.023395
    24  0.19775501    5.381188  124.093249      -1.416887   3.309658   0.067888
    25  0.19310749    5.254722  121.176882      -1.104665   3.901245   2.676928
    26  0.09462425    2.574857   59.377666      -0.904783   0.071812   2.759484
    27  0.20521041    5.584059  128.771584      -0.916294   4.587369  -0.427090
    28  0.08519160    2.318181   53.458578      -0.553610   0.336400  -1.205952
    29  0.19370616    5.271013  121.552552      -0.262543   3.266033   2.619225
    30  0.19447860    5.292032  122.037267      -0.208737   3.365144  -0.734303
    31  0.18736171    5.098371  117.571345      -0.032553   4.038060   2.181150
    32  0.20072677    5.462053  125.958056       0.082715   5.214332   1.370693
    33  0.02027985    0.551843   12.725806       0.236493  -3.487895   1.794183
    34  0.19094777    5.195953  119.821635       0.492418   2.448320  -0.863275
    35  0.20272747    5.516495  127.213516       0.774196   3.646436  -1.253915
*   36  0.00208862    0.056834    1.310628       1.033921  -3.978220  -0.674787
    37  0.03133673    0.852716   19.664114       1.185794  -1.078485  -2.008470
    38  0.19415964    5.283352  121.837114       1.065782   4.201793   1.405169
    39  0.04417283    1.202004   27.718892       1.747812  -0.163065   2.369310
    40  0.20179670    5.491167  126.629447       1.746481   3.297963   1.309625
    41  0.00273982    0.074554    1.719265       2.250273  -3.596471   0.617605
    42  0.04903739    1.334375   30.771450       2.529050  -2.137300  -1.762620
    43  0.17046566    4.638606  106.968904       3.420412   1.270409   1.010061
    44  0.18675424    5.081841  117.190156       4.126317   2.585404  -1.470018
    45  0.15496086    4.216699   97.239489       4.485650  -0.599911  -0.309300
    46  0.16916256    4.603147  106.151201       4.489249   1.262460   0.764436
    47  0.17392305    4.732687  109.138453       4.756565   1.558787  -2.187327
    48  0.15812050    4.302678   99.222195       5.120156   0.204106   0.033802
    49  0.17538479    4.772463  110.055711       5.248607   0.586201  -2.621855
    50  0.16327930    4.443056  102.459394       5.525786  -0.583882  -0.734994
    51  0.18902702    5.143687  118.616348       5.580499   2.369386  -1.603367
    52  0.18102179    4.925853  113.592981       5.903355   1.379835   0.271585
 
 Number of surface maxima:    57
   #       a.u.         eV      kcal/mol           X/Y/Z coordinate(Angstrom)
     1  0.19608307    5.335692  123.044089      -7.385580  -0.939209  -1.497233
     2  0.20343130    5.535647  127.655173      -7.267301   2.344897  -1.781505
     3  0.15637834    4.255271   98.128975      -7.006847   0.754611  -1.502136
     4  0.15752697    4.286527   98.849749      -5.825806  -1.478175  -1.101179
     5  0.16626034    4.524174  104.330028      -5.646470   2.849992  -1.585321
     6  0.20671251    5.624934  129.714168      -4.662080  -2.586045  -0.729108
     7  0.17719863    4.821820  111.193914      -4.627667   0.750403  -0.297393
     8  0.17259384    4.696517  108.304358      -4.352754   0.501235  -1.868029
     9  0.21988459    5.983364  137.979782      -4.383267   3.912932  -1.519172
    10  0.17453133    4.749239  109.520153      -3.978603  -3.753197   1.266935
    11  0.18843811    5.127662  118.246796      -3.479983  -1.521864  -0.179252
    12  0.19416008    5.283364  121.837393      -2.783109  -2.567964  -0.316965
    13  0.19836325    5.397738  124.474920      -2.503886  -0.695141   0.772577
    14  0.27189898    7.398748  170.619330      -2.577618   3.908347   2.184596
    15  0.11779649    3.205405   73.918473      -2.466620  -2.634964   1.197647
    16  0.18802524    5.116427  117.987720      -2.301883   0.592942   0.015598
    17  0.17883502    4.866348  112.220765      -2.067932   0.574887  -1.122761
    18  0.11995422    3.264120   75.272474      -2.124713   0.616643   3.120474
    19  0.18842365    5.127268  118.237722      -1.992639  -0.992696  -1.655881
    20  0.23323737    6.346712  146.358782      -2.004161   2.324626   1.921246
    21  0.12059402    3.281530   75.673953      -1.830001  -2.309486   0.643617
    22  0.14599923    3.972841   91.615979      -1.643230  -5.926294   1.644716
    23  0.22875559    6.224756  143.546420      -1.675062   1.499183   1.063145
    24  0.24475389    6.660092  153.585513      -1.743161   2.321397  -0.725308
    25  0.23094251    6.284265  144.918737      -1.460242   4.564561   1.136713
    26  0.17224669    4.687071  108.086520      -1.008052  -1.837867   0.039710
    27  0.21156725    5.757038  132.760565      -1.003102   4.014733  -0.381604
    28  0.07686998    2.091738   48.236679      -0.760640  -4.426195   1.845273
    29  0.22494741    6.121130  141.156749      -0.753576   0.665612   1.228450
    30  0.26957764    7.335581  169.162663      -0.656461   5.812912   0.344703
    31  0.16137129    4.391136  101.262100      -0.553610  -0.416856   1.166751
    32  0.05264919    1.432657   33.037894      -0.279474  -3.749568  -2.306373
    33  0.16078528    4.375190  100.894369      -0.128780  -1.324608   3.434063
    34  0.27539135    7.493780  172.810827      -0.214357   2.426403   0.274846
    35  0.15493671    4.216042   97.224335      -0.032829  -0.991380  -1.138034
    36  0.23730333    6.457352  148.910210       0.022197   1.684130   2.760404
    37  0.19436781    5.289017  121.967745       0.285965   0.490751   0.113697
    38  0.27602507    7.511024  173.208490       0.555898   2.871440   1.574278
    39  0.10542297    2.868705   66.153965       0.740001  -2.892492   0.597065
    40  0.23451570    6.381497  147.160946       0.662864   4.864010  -0.183924
    41  0.15021270    4.087495   94.259971       1.059286  -1.224478   1.831260
    42  0.12791012    3.480611   80.264881       1.769826  -1.705875  -0.651445
    43  0.17947104    4.883655  112.619875       1.996413  -0.306399   0.368908
*   44  0.28320780    7.706476  177.715729       2.124361   4.467627  -0.971859
    45  0.26163190    7.119366  164.176631       2.475592   3.113274  -0.074255
    46  0.18692949    5.086610  117.300124       2.634265  -1.099804  -0.845702
    47  0.22253909    6.055596  139.645502       2.792948   0.092822  -2.406503
    48  0.26321103    7.162336  165.167555       3.413544   1.399376  -1.392815
    49  0.08479250    2.307321   53.208144       3.518403  -2.100804  -2.898494
    50  0.25007911    6.804999  156.927145       3.694810   0.596953  -0.055018
    51  0.27759470    7.553736  174.193447       3.839497   3.831709   0.785016
    52  0.06080213    1.654510   38.153945       3.951407  -2.308100   1.264511
    53  0.20656769    5.620993  129.623293       4.472636  -0.458803  -2.444632
    54  0.22262345    6.057892  139.698440       4.948226   2.927762   0.067888
    55  0.20939771    5.698001  131.399156       6.068022   1.001710  -1.255909
    56  0.24639940    6.704869  154.618087       6.245187  -0.325071  -2.181116
    57  0.25385327    6.907699  159.295463       6.545701   2.444708  -0.488525
