 Number of surface minima:    62
   #       a.u.         eV      kcal/mol           X/Y/Z coordinate(Angstrom)
     1  0.11322815    3.081095   71.051798      -8.184076  -0.116736  -1.363589
     2  0.10435382    2.839612   65.483068      -7.841679  -0.707721   1.189856
     3  0.11340440    3.085891   71.162393      -7.273737  -1.141575  -2.832575
     4  0.10001087    2.721434   62.757820      -6.775927  -2.223305   1.523566
     5  0.10647277    2.897271   66.812726      -6.354363  -0.582477   2.108865
     6  0.10072942    2.740987   63.208718      -5.619056  -3.615110  -0.335868
     7  0.10531412    2.865743   66.085665      -5.678686  -3.254481  -2.167186
     8  0.17960874    4.887402  112.706280      -5.592676   1.807431  -1.057587
     9  0.16548519    4.503081  103.843615      -5.064182   1.203905   0.050721
    10  0.17186686    4.676735  107.848174      -4.757427   0.544736   0.722486
    11  0.17884926    4.866736  112.229700      -4.552597   0.663463  -2.595066
    12  0.17205227    4.681780  107.964517      -4.402027   2.178003  -0.290132
    13  0.10739331    2.922321   67.390374      -4.269733  -3.253379  -1.355802
    14  0.16623167    4.523394  104.312033      -3.985313  -0.214732  -1.889102
    15  0.17406768    4.736622  109.229209      -3.608261  -0.852478  -1.203905
    16  0.18085738    4.921380  113.489813      -3.426635   2.411219   0.110347
    17  0.16900412    4.598836  106.051774      -3.207612   0.807106  -2.194771
    18  0.05144347    1.399848   32.281294      -2.577227  -1.575550   1.890859
    19  0.17074093    4.646097  107.141638      -2.153024   0.991361  -1.741363
    20  0.01259907    0.342838    7.906041      -1.727758  -0.381324   2.494008
    21  0.04028535    1.096220   25.279458      -1.014096  -3.078932   0.406177
    22  0.14961269    4.071168   93.883462      -0.930210   2.821900   1.162514
    23  0.05398695    1.469060   33.877350      -0.929979  -4.054184  -2.037970
    24  0.16934677    4.608160  106.266792      -0.461537   4.367091  -1.309745
    25  0.14973494    4.074495   93.960175      -0.300903   3.782471   1.251664
*   26 -0.00903110   -0.245749   -5.667107       0.251281  -1.521114   3.683820
    27  0.17480467    4.756677  109.691681       0.249286   5.439625  -0.957261
    28  0.05917628    1.610268   37.133707       0.230955  -1.698810  -1.661319
    29  0.16572425    4.509586  103.993626       0.338033   5.034356   1.213940
    30  0.08152609    2.218438   51.158436       0.648861  -3.931810   0.062973
    31  0.16227984    4.415859  101.832222       0.762788   4.381931  -1.384535
    32  0.14511845    3.948874   91.063282       0.864071   3.852093   1.199661
    33 -0.00243360   -0.066222   -1.527111       1.022040  -0.381324   3.444021
    34  0.04051186    1.102384   25.421596       1.286628  -0.048748  -1.326235
    35  0.14487640    3.942287   90.911388       1.445737   2.949739   1.023041
    36  0.09382186    2.553023   58.874156       1.456612  -3.254109  -1.110647
    37  0.04152525    1.129959   26.057507       2.321255  -0.438910  -0.335868
    38  0.07105755    1.933574   44.589324       2.578524   0.677030  -0.009966
    39  0.11065899    3.011184   69.439621       2.922472   7.207763  -0.684439
    40  0.10729286    2.919587   67.327344       3.076682   6.832796   1.251664
    41  0.10587704    2.881061   66.438901       3.179789  -4.044524  -1.088593
    42  0.10567113    2.875458   66.309691       3.341050  -3.089498  -1.658811
    43  0.09000261    2.449095   56.477535       3.401529   2.924935   1.913511
    44  0.11382443    3.097320   71.425970       3.362752   3.839410  -2.781307
    45  0.11629309    3.164496   72.975078       3.451182  -1.812886  -2.140144
    46  0.10753413    2.926152   67.478740       3.931936   5.440213  -2.451290
    47  0.09531720    2.593713   59.812498       4.161216  -5.017939  -1.280697
    48  0.09504752    2.586375   59.643269       4.238761  -2.853257  -2.410918
    49  0.09585748    2.608415   60.151524       4.223580   4.532167   2.215051
    50  0.09894438    2.692413   62.088587       4.524098  -2.964804   0.917187
    51  0.09819192    2.671938   61.616414       4.642312  -2.052824   0.373930
    52  0.11220201    3.053172   70.407884       4.666239  -0.970542  -0.395909
    53  0.10575053    2.877618   66.359512       4.825736   3.972036  -1.680235
    54  0.09468246    2.576441   59.414190       4.890898  -4.717695  -1.908919
    55  0.09689992    2.636781   60.805671       4.951837   3.441799   1.097184
    56  0.09702034    2.640058   60.881236       5.011760  -3.536353  -2.573147
    57  0.09011666    2.452199   56.549106       5.451696  -3.925598   0.786431
    58  0.09079471    2.470650   56.974586       5.615417  -1.843332  -0.353681
    59  0.11373942    3.095007   71.372621       6.112070  -4.551895  -2.522024
    60  0.09130003    2.484400   57.291680       6.288970  -3.749979   0.132012
    61  0.09366978    2.548884   58.778725       6.330889  -2.622408  -0.465677
    62  0.11189515    3.044822   70.215326       7.264039  -3.664864  -0.849891
 
 Number of surface maxima:    85
   #       a.u.         eV      kcal/mol           X/Y/Z coordinate(Angstrom)
     1  0.17244852    4.692563  108.213168      -8.217376  -1.694542  -1.644924
     2  0.16579772    4.511585  104.039730      -8.058938  -2.088189   0.488320
     3  0.12931973    3.518969   81.149425      -7.659607   0.043878  -2.535094
     4  0.14412055    3.921720   90.437087      -7.312502  -0.339985  -0.294528
     5  0.11528507    3.137066   72.342537      -7.180207  -1.060142   1.879270
     6  0.18849865    5.129309  118.284788      -7.154856   1.372139  -1.242273
     7  0.16622032    4.523085  104.304912      -6.977586  -3.353767  -1.291350
     8  0.17603336    4.790111  110.462697      -6.949778   0.758878   1.241393
     9  0.15023777    4.088178   94.275706      -6.908590  -1.832830  -0.728033
    10  0.14430720    3.926799   90.554212      -6.269156  -1.705618  -2.058504
    11  0.13424871    3.653093   84.242407      -6.086796  -2.353438   0.199963
    12  0.18838957    5.126341  118.216339      -5.857264  -0.276634  -3.297302
    13  0.19117071    5.202019  119.961530      -5.779085   0.809324  -0.997340
    14  0.24577297    6.687823  154.224998      -5.674193   1.631747  -2.534094
    15  0.16104141    4.382160  101.055098      -5.397564  -1.773744   2.108247
    16  0.11596544    3.155580   72.769474      -5.084030  -3.585232  -1.539724
    17  0.19022000    5.176149  119.364953      -5.186500   0.017547  -1.922742
    18  0.19216013    5.228943  120.582406      -4.545340  -1.468853   0.182435
    19  0.17725458    4.823342  111.229023      -4.465752  -2.126555  -2.717165
    20  0.16054944    4.368773  100.746381      -4.143018  -3.143347   0.188861
    21  0.21458131    5.839054  134.651920      -4.225321   2.308973  -2.143577
    22  0.20937114    5.697278  131.382484      -3.586350   0.031372   1.545105
    23  0.24898418    6.775204  156.240063      -3.601664   1.205715   0.194109
    24  0.24838938    6.759019  155.866820      -2.917457   0.300378  -0.958184
*   25  0.26590805    7.235726  166.859961      -2.956911   3.423922  -2.201877
    26  0.20817740    5.664795  130.633399      -2.682201  -1.269879  -0.166068
    27  0.26006016    7.076597  163.190353      -2.659771   4.529241   0.199543
    28  0.20781698    5.654988  130.407234      -2.472923  -1.175090   0.061015
    29  0.20941714    5.698530  131.411350      -2.362415  -1.307384  -1.206731
    30  0.24132675    6.566835  151.434947      -2.317024   3.011959  -0.745373
    31  0.18865499    5.133563  118.382891      -1.201903  -0.359427  -0.168839
    32  0.20686948    5.629205  129.812669      -1.187214   5.092268   0.090953
    33  0.20936550    5.697125  131.378946      -0.973194   1.594457  -1.400080
    34  0.11871909    3.230511   74.497414      -0.433198  -0.409149   2.249988
    35  0.04101570    1.116094   25.737764      -0.332083  -3.490599   3.368372
    36  0.16771800    4.563839  105.244719      -0.300281   1.078148   0.729305
    37  0.23849683    6.489829  149.659144      -0.010834   6.266112   0.213291
    38  0.17069621    4.644880  107.113576       0.080512  -5.833286  -0.479158
    39  0.22889637    6.228587  143.634763       0.213838   2.918900   0.564824
    40  0.24590335    6.691370  154.306810       0.210865   3.058328  -1.039169
    41  0.16589631    4.514268  104.101596       0.621945  -2.361298   0.590039
    42  0.13824771    3.761912   86.751823       0.757451  -1.013051  -0.670739
    43  0.18545823    5.046575  116.376893       1.156767   5.308996  -0.601214
    44  0.12014722    3.269372   75.393581       1.360738  -1.439679   1.722656
    45  0.13791998    3.752993   86.546165       1.418922   0.015559   0.389390
    46  0.17945242    4.883149  112.608187       1.418922   1.136667   0.193309
    47  0.21505623    5.851978  134.949937       1.381334   1.988003  -1.585814
    48  0.17945642    4.883258  112.610701       1.309408   5.047653   0.724355
    49  0.18603899    5.062378  116.741325       1.347749   6.762568  -1.200808
    50  0.17748826    4.829701  111.375656       1.541018  -4.208268  -2.827409
    51  0.17920654    4.876458  112.453896       1.549274   6.234310   1.771725
    52  0.17866147    4.861626  112.111859       1.792070  -4.005543   1.516252
    53  0.14782313    4.022472   92.760491       1.925799  -2.772475  -0.773508
    54  0.06205528    1.688610   38.940307       1.982190   1.613578   2.849178
    55  0.12459924    3.390518   78.187270       2.212688   7.352603   0.386462
    56  0.17896884    4.869990  112.304740       2.272564   5.175036  -2.789584
    57  0.14578158    3.966918   91.479396       2.601278  -2.088965  -0.869830
    58  0.18844783    5.127926  118.252898       2.525071   2.833249   0.342097
    59  0.16643326    4.528879  104.438536       2.668482  -4.026654   0.722486
    60  0.15938903    4.337196  100.018211       2.628290   4.253499   2.596513
    61  0.16322546    4.441591  102.425607       2.986490  -2.241549   1.478609
    62  0.14290925    3.888758   89.676984       3.031524   5.836508  -1.218546
    63  0.18868769    5.134453  118.403414       3.274115  -5.412921   1.268820
    64  0.14064135    3.827046   88.253855       3.320087  -1.522929   0.083819
    65  0.13648471    3.713938   85.645519       3.322012   5.490594   1.170339
    66  0.11100412    3.020576   69.656197       3.478399   1.281270  -0.922277
    67  0.18626071    5.068412  116.880461       3.613595  -0.381324  -1.448553
    68  0.17219020    4.685534  108.051076       3.932532   2.661489  -1.923366
    69  0.12113846    3.296345   76.015598       4.064808   4.404700  -2.668873
    70  0.14685269    3.996065   92.151529       3.961701   5.327115  -0.053153
    71  0.15685738    4.268306   98.429577       4.197270   2.264877   0.590402
    72  0.13371791    3.638649   83.909327       4.253167   3.984388  -0.335868
    73  0.16926252    4.605867  106.213923       4.225737   6.914228   0.210575
    74  0.14852248    4.041502   93.199339       4.356850  -3.662758  -1.382399
    75  0.10642777    2.896047   66.784488       4.398815   3.587505   1.982553
    76  0.13874591    3.775468   87.064446       4.603982  -5.522894   0.467699
    77  0.14120171    3.842294   88.605486       4.858574  -1.175090  -1.991394
    78  0.16719044    4.549483  104.913675       5.057903   5.506660  -1.426455
    79  0.14482506    3.940890   90.879174       5.185034  -3.097634  -0.141703
    80  0.16213502    4.411918  101.741349       5.196308   5.115887   0.956532
    81  0.17941619    4.882163  112.585451       6.052816  -6.335846  -0.200655
    82  0.18527936    5.041708  116.264653       6.306440  -1.310498  -2.844005
    83  0.13610069    3.703488   85.404545       6.578400  -5.057560  -1.151252
    84  0.13862913    3.772291   86.991167       6.705656  -2.877215  -2.293390
    85  0.18198647    4.952104  114.198330       7.573547  -4.350153  -2.187988
