 Number of surface minima:    67
   #       a.u.         eV      kcal/mol           X/Y/Z coordinate(Angstrom)
     1  0.07377004    2.007385   46.291436      -8.696220  -0.275018   0.417627
     2  0.07350205    2.000093   46.123272      -8.464048  -0.076646  -0.690459
     3  0.08057506    2.192559   50.561658      -7.928888  -0.732134   0.903056
     4  0.06957068    1.893114   43.656295      -7.623556   2.108758   0.953176
     5  0.07760057    2.111619   48.695137      -7.499196  -0.329472  -1.293567
     6  0.06776078    1.843865   42.520569      -7.489781   2.333025  -0.099027
     7  0.07302045    1.986987   45.821060      -6.768813   1.594697   1.532910
     8  0.07124709    1.938732   44.708263      -6.564595   2.055232  -0.542995
     9  0.08242527    2.242906   51.722680      -5.870760   1.319651   1.103094
    10  0.15659492    4.261164   98.264878      -5.181860  -2.355378   0.724887
    11  0.14341473    3.902513   89.994177      -4.809914  -1.854057  -0.220210
    12  0.14664134    3.990314   92.018906      -4.392601  -1.037239  -1.133541
    13  0.12906401    3.512010   80.988958      -3.870677  -0.115876   1.510352
    14  0.14550749    3.959460   91.307403      -3.372477  -4.109201   2.832130
    15  0.13625313    3.707636   85.500199      -3.126730  -0.813135   1.872049
    16  0.15590187    4.242306   97.829982      -2.544521  -4.881762  -0.336793
    17  0.13727904    3.735553   86.143973      -2.022518  -0.889195   1.539761
    18  0.15579435    4.239380   97.762512      -1.911340  -4.491287   2.293275
    19  0.14342858    3.902890   90.002866      -1.835989  -4.400175  -2.000057
    20  0.14116895    3.841402   88.584927      -1.840086  -2.845579   3.287617
    21  0.02076992    0.565178   13.033333      -1.645125   0.597816  -2.470665
    22 -0.00343069   -0.093354   -2.152790      -1.675113   3.434920  -0.156699
*   23 -0.00755360   -0.205544   -4.739957      -1.512830   3.625481  -1.486338
    24  0.14855841    4.042480   93.221886      -1.247513  -5.825639  -0.883011
    25  0.17590909    4.786730  110.384715      -0.210568  -3.190973   1.198020
    26  0.15210218    4.138911   95.445642      -0.264697  -2.196251  -1.280016
    27  0.02293996    0.624228   14.395053      -0.271273   0.392151   1.895047
    28  0.00816271    0.222119    5.122180      -0.309444   2.109218  -3.662925
    29  0.16287466    4.432045  102.205477       0.603879  -3.973561   1.028293
    30  0.15234860    4.145616   95.600271       0.603879  -3.113908  -1.478717
    31  0.02709471    0.737285   17.002201       0.798409   2.508860   1.365870
    32  0.16550607    4.503649  103.856713       1.524215  -4.878535   0.558966
    33  0.15396059    4.189481   96.611809       1.690029  -3.841267   1.156539
    34  0.04863388    1.323395   30.518244       1.670606   1.467011  -2.740737
    35  0.14875064    4.047711   93.342516       1.777602  -2.924219  -1.306771
    36  0.16045054    4.366081  100.684319       1.934465  -2.778047   1.516083
    37  0.11891343    3.235799   74.619367       1.943325   0.009935  -0.464179
    38  0.17049854    4.639501  106.989537       2.086585  -1.009822   1.683723
    39  0.09191883    2.501239   57.679984       2.070258  -0.916364  -1.667849
    40  0.13285773    3.615243   83.369556       2.064147   2.250514  -1.673107
    41  0.11591977    3.154337   72.740813       1.991404   2.838031   1.562747
    42  0.14379366    3.912824   90.231957       2.191410  -1.856852  -0.940357
    43  0.10602352    2.885047   66.530817       2.118807   3.964097   2.291930
    44  0.09642607    2.623887   60.508322       2.389568   4.691433   1.167145
    45  0.09879509    2.688351   61.994905       2.724350   5.159968   0.310154
    46  0.08840113    2.405517   55.472592       3.059037   5.022452   2.291930
    47  0.08529383    2.320963   53.522731       3.249765   1.250536  -0.421631
    48  0.05590822    1.521340   35.082970       3.526270  -0.120826  -2.861831
    49  0.09116422    2.480705   57.206462       3.730945   6.032810   0.259519
    50  0.09325082    2.537484   58.515824       3.845847   5.683923   2.159636
    51  0.10944065    2.978032   68.675103       4.171456   2.783828   0.840596
    52  0.09203731    2.504463   57.754332       4.180470   6.208007   1.098226
    53  0.11027177    3.000647   69.196637       4.393879   3.170332  -0.114581
    54  0.09279184    2.524994   58.227806       4.627025  -5.428798   0.097244
    55  0.09899510    2.693794   62.120413       4.705002   2.968778   1.825788
    56  0.09233716    2.512622   57.942493       4.999042  -4.105855   1.808743
    57  0.09091220    2.473847   57.048315       5.094160  -3.461830  -1.652605
    58  0.11272781    3.067480   70.737831       5.080957   6.448906   2.154445
    59  0.10050045    2.734756   63.065040       5.521340   3.682676   1.755495
    60  0.09971342    2.713340   62.571166       5.424863   4.022487  -0.201457
    61  0.08615483    2.344392   54.063020       5.644597  -5.408367   0.456661
    62  0.09772584    2.659255   61.323941       5.600384  -2.121441   0.120782
    63  0.08715346    2.371566   54.689667       5.829257  -4.701426   1.365870
    64  0.09868360    2.685317   61.924948       5.889144   4.241535   0.576624
    65  0.08743007    2.379093   54.863243       6.096647  -3.375681  -1.211314
    66  0.08910394    2.424642   55.913615       6.348516  -2.726930  -0.353956
    67  0.11704178    3.184869   73.444887       6.490698   4.757863   1.762753
 
 Number of surface maxima:    81
   #       a.u.         eV      kcal/mol           X/Y/Z coordinate(Angstrom)
     1  0.16189082    4.405273  101.588108     -10.111960   1.924112   0.011645
     2  0.11782202    3.206100   73.934496      -9.231370   1.174859   1.339087
     3  0.16831348    4.580043  105.618394      -8.921311   0.624060   2.889692
     4  0.11627583    3.164026   72.964248      -8.921297   1.715092  -1.147732
     5  0.16443712    4.474562  103.185936      -8.279964   1.835616  -2.646732
     6  0.12733945    3.465083   79.906780      -7.434010  -0.092113  -0.062044
     7  0.12388295    3.371026   77.737788      -6.777278   1.327890   0.333462
     8  0.19622354    5.339514  123.132234      -5.903750  -0.677638   2.917844
     9  0.17594630    4.787742  110.408063      -5.554254  -1.135681   1.293276
    10  0.22776125    6.197699  142.922465      -5.360183  -2.249858   2.306457
    11  0.18642177    5.072794  116.981523      -5.192661   0.514806  -2.490739
    12  0.17545948    4.774495  110.102581      -5.160690  -0.666203   1.630459
    13  0.17543345    4.773787  110.086247      -4.746688   0.098467  -1.206516
    14  0.17170044    4.672207  107.743744      -4.733431   0.656740  -0.928671
    15  0.19492488    5.304176  122.317311      -3.948773  -2.837558   1.895047
    16  0.20650774    5.619361  129.585672      -3.751914   1.324803  -1.800895
    17  0.20548105    5.591424  128.941416      -3.387691  -2.920377   3.718572
    18  0.22248782    6.054201  139.613329      -3.318497  -1.554074  -0.331277
    19  0.21726001    5.911946  136.332830      -3.131562  -4.837092   1.296105
    20  0.16609880    4.519778  104.228658      -2.954597  -0.391016  -1.791357
    21  0.21568181    5.869000  135.342490      -2.848243  -3.431672  -1.012050
    22  0.20390991    5.548671  127.955506      -2.862841  -0.547319   0.814862
    23  0.05197643    1.414351   32.615729      -2.553386   2.649884   1.628540
    24  0.14486464    3.941967   90.904013      -2.342786   0.913091  -0.752949
    25  0.16094489    4.379533  100.994527      -2.248648  -4.238149   2.879056
    26  0.16201328    4.408606  101.664953      -2.156479  -5.286170  -1.005899
    27  0.22556552    6.137950  141.544618      -1.652396  -3.047694   0.437070
    28  0.21917407    5.964030  137.533923      -1.544433  -5.561092   0.778302
    29  0.20176315    5.490255  126.608396      -1.572622  -2.710409  -0.750839
    30  0.11269257    3.066521   70.715715      -1.565228   1.582800  -1.037654
    31  0.15733038    4.281177   98.726388      -1.248242   0.276816   0.212060
    32  0.19999496    5.442140  125.498838      -1.146197  -2.352991   1.430856
    33  0.03395121    0.923859   21.304724      -0.715282   3.694181  -3.385918
    34  0.21012258    5.717726  131.854022      -0.586770  -5.376131  -2.153409
    35  0.21785594    5.928162  136.706783      -0.632254  -3.457355   2.264639
    36  0.14097774    3.836199   88.464941      -0.298285   0.808783  -2.171873
    37  0.11079128    3.014784   69.522633      -0.027527   2.830506  -0.429192
    38  0.20112358    5.472851  126.207058       0.193396  -4.923432  -0.492191
    39  0.17736169    4.826257  111.296236       0.209820  -0.533582  -0.750737
    40  0.13267780    3.610347   83.256648       0.259284   1.502794   0.888981
    41  0.17193108    4.678482  107.888469       0.570755  -0.676778  -3.193269
    42  0.23179739    6.307528  145.455181       0.711085  -2.650618   0.914697
    43  0.22090302    6.011077  138.618855       0.852046  -2.261955  -0.648979
    44  0.15633446    4.254077   98.101434       1.133056   2.244271  -1.327087
    45  0.23612640    6.425326  148.171679       1.514117  -5.584125  -0.763174
    46  0.18066910    4.916256  113.371667       1.516610  -1.074160   1.623980
    47  0.15297135    4.162562   95.991053       1.447781   0.789034  -0.171524
    48  0.16193983    4.406607  101.618863       1.395532   4.091935  -0.353906
    49  0.17182279    4.675536  107.820518       1.597577  -0.269320   0.110565
    50  0.13751465    3.741964   86.291817       1.950034   3.320583   1.121442
    51  0.18132462    4.934094  113.783014       2.331562   2.375046   2.700416
    52  0.18322015    4.985674  114.972477       2.323705   3.461896  -2.159936
    53  0.18947574    5.155897  118.897921       2.455999  -4.127507  -0.934264
    54  0.20713955    5.636554  129.982139       2.789574  -4.962929  -2.004795
    55  0.14987967    4.078433   94.050990       2.724387   2.373816   0.706666
    56  0.15435687    4.200264   96.860477       2.872717   2.003862  -0.340471
    57  0.19633159    5.342454  123.200038       3.038881  -2.067735   1.154987
    58  0.13940740    3.793468   87.479536       3.126535  -0.407845  -0.863738
*   59  0.23935823    6.513269  150.199680       3.096306  -0.407128   0.956951
    60  0.17142300    4.664657  107.569649       3.116346   3.698744  -1.287726
    61  0.19597376    5.332717  122.975494       3.280427  -1.836583   0.722362
    62  0.13958487    3.798298   87.590903       3.514353   3.434920   3.163434
    63  0.14600575    3.973019   91.620069       3.646648   5.058604   1.117780
    64  0.19262764    5.241665  120.875771       3.751987   4.746451  -2.250781
    65  0.20824239    5.666564  130.674184       3.789679  -1.597146   2.288814
    66  0.14185732    3.860134   89.016886       4.705973  -4.372138   0.575185
    67  0.18262828    4.969568  114.601071       4.715701   2.128320  -2.459615
    68  0.15190785    4.133623   95.323695       4.621513   3.831803   0.836693
    69  0.18405854    5.008488  115.498576       4.636654   4.096392   4.207997
    70  0.14221261    3.869802   89.239833       4.837296   5.419335  -1.222262
    71  0.18999927    5.170143  119.226445       4.885434  -0.533909  -0.570407
    72  0.14348822    3.904513   90.040291       5.048473  -3.100913  -0.407368
    73  0.13947092    3.795197   87.519398       5.469027   5.008573   3.029553
    74  0.17874623    4.863932  112.165044       6.027945  -5.883428  -2.131528
    75  0.13820118    3.760645   86.722624       6.104661   6.025228   0.939675
    76  0.18203684    4.953474  114.229936       6.107229   6.460104  -0.750839
    77  0.18370910    4.998979  115.279299       6.538749   6.074990   2.546043
    78  0.13045588    3.549885   81.862370       6.833719  -5.042565  -0.890882
    79  0.18218910    4.957617  114.325481       7.001904  -2.470425   2.339829
    80  0.13210310    3.594708   82.896017       7.236725  -3.563233   1.111293
    81  0.17450894    4.748630  109.506104       8.114188  -4.645224   0.023594
