 Number of surface minima:    62
   #       a.u.         eV      kcal/mol           X/Y/Z coordinate(Angstrom)
     1  0.11064577    3.010825   69.431329      -8.098275   2.215567   1.313343
     2  0.11253099    3.062124   70.614319      -7.826594   0.696484   2.881536
     3  0.09005503    2.450522   56.510429      -7.501388   1.554591   0.233124
     4  0.09339070    2.541290   58.603596      -7.077712  -0.282269   2.107096
     5  0.08874962    2.415000   55.691272      -7.051398   0.892624  -0.508236
     6  0.09385032    2.553797   58.892012      -6.704395  -0.911537   1.426299
     7  0.09241018    2.514609   57.988311      -6.693961   2.365033   0.893127
     8  0.09565763    2.602976   60.026119      -6.294563   0.518687   2.741969
     9  0.09752302    2.653736   61.196673      -5.729200   0.941758  -0.690410
    10  0.09020507    2.454605   56.604583      -5.638744   2.472809   0.782585
    11  0.10461342    2.846676   65.645964      -5.499488  -0.935175   1.155372
    12  0.09415649    2.562128   59.084137      -5.278155   0.628035   2.684169
    13  0.09743009    2.651208   61.138355      -5.098074   1.586912  -0.171031
    14  0.10477732    2.851136   65.748816      -4.744043  -0.165731   1.770815
    15  0.11294754    3.073459   70.875711      -4.220026   2.280071   0.632533
    16  0.11529383    3.137305   72.348029      -4.018034   0.892624   2.392834
    17  0.09287952    2.527380   58.282826      -3.822886  -1.527972   1.019113
    18  0.07573551    2.060868   47.524792      -3.459309  -2.447093  -0.091211
    19  0.05105382    1.389245   32.036782      -2.338683  -3.667537   1.955476
    20  0.03885295    1.057243   24.380618      -2.311257   1.163068   0.503733
    21  0.01382789    0.376276    8.677138      -1.809505  -3.281983  -2.013353
*   22 -0.00992550   -0.270087   -6.228351      -1.836740  -0.827202  -3.652428
    23  0.07494143    2.039260   47.026495      -1.890281   2.399380  -0.242008
    24  0.05601903    1.524355   35.152502      -1.668922  -1.213174   1.696288
    25  0.03867476    1.052394   24.268797      -1.657709  -3.065329  -0.391586
    26 -0.00446443   -0.121483   -2.801473      -1.398901   0.366708  -3.467305
    27  0.03530847    0.960792   22.156416      -1.152769   0.764893   1.438074
    28  0.05107445    1.389806   32.049729       0.042615  -2.893157  -2.277942
    29  0.12051024    3.279250   75.621380       0.334456   3.025161  -1.081631
    30  0.00948853    0.258196    5.954149       0.601356  -1.460528  -2.666307
    31  0.15342038    4.174781   96.272822       1.215144   3.394124   1.415683
    32  0.16329286    4.443425  102.467900       1.335264   4.403273   1.100414
    33  0.15197932    4.135568   95.368541       1.429706  -3.408941   0.764827
    34  0.16432098    4.471401  103.113061       1.834398  -0.856911   1.690887
    35  0.16408111    4.464874  102.962540       2.048890  -4.246168   0.907970
    36  0.16007327    4.355815  100.447577       2.241044  -3.097862   1.690887
    37  0.14261283    3.880693   89.490979       2.160301   1.290234  -1.484077
    38  0.16451030    4.476553  103.231858       2.357811  -1.783010   2.087770
    39  0.14401510    3.918850   90.370913       2.409619   2.341407  -1.642125
    40  0.16078686    4.375233  100.895362       2.487526   3.638967   0.960735
    41  0.13202020    3.592452   82.843999       3.197716  -0.439683   3.433573
    42  0.15440210    4.201495   96.888861       3.251711  -3.056973  -1.096713
    43  0.16603597    4.518069  104.189232       3.602055  -3.888083  -0.591154
    44  0.12934959    3.519781   81.168163       3.737926  -2.682735   3.558474
    45  0.13915761    3.786671   87.322792       3.801099  -1.434431   3.861839
    46  0.11737369    3.193901   73.653165       3.863229   3.928037  -2.306083
    47  0.14790606    4.024729   92.812530       4.143738  -0.233821   4.268684
    48  0.16493629    4.488145  103.499170       4.153655  -2.806155  -0.024602
    49  0.11960734    3.254681   75.054801       4.271222   1.683069  -2.279396
    50  0.12760756    3.472378   80.075017       4.525323   2.873349  -2.416222
    51  0.14594553    3.971380   91.582282       4.695156  -2.541404   4.327494
    52  0.12769541    3.474769   80.130147       4.772950   4.186815   0.176888
    53  0.13642009    3.712180   85.604973       5.002576   4.265053  -2.477459
    54  0.13892994    3.780476   87.179927       5.253132  -0.114692   1.741927
    55  0.13449186    3.659710   84.394988       5.308385   1.938444   0.187644
    56  0.13843269    3.766945   86.867895       5.490365   3.029869   0.005476
    57  0.13345519    3.631500   83.744467       5.725107  -2.282860   1.820998
    58  0.14394226    3.916868   90.325210       5.807344  -1.117313   2.220065
    59  0.14230433    3.872298   89.297393       5.736933   4.466748  -0.425022
    60  0.15150816    4.122747   95.072883       5.873982   0.105090   2.887097
    61  0.14811265    4.030350   92.942167       6.317250  -2.282440   2.881536
    62  0.14635643    3.982561   91.840125       6.351805   2.077799  -0.445092
 
 Number of surface maxima:    67
   #       a.u.         eV      kcal/mol           X/Y/Z coordinate(Angstrom)
     1  0.17800778    4.843838  111.701663      -9.054622  -0.540803   0.383722
     2  0.18089556    4.922419  113.513773      -8.688809   1.883757   2.682021
     3  0.13470250    3.665442   84.527168      -8.556515   0.647892   1.468560
     4  0.13722050    3.733960   86.107233      -7.520891  -0.888085  -0.222115
     5  0.13731572    3.736551   86.166988      -7.101277   2.296701   2.698082
     6  0.18659698    5.077562  117.091471      -6.435022  -1.614408  -1.216167
     7  0.14387081    3.914924   90.280372      -6.178805   1.301347   0.491964
     8  0.14494910    3.944266   90.957012      -6.036963   0.097193   1.561322
     9  0.18410130    5.009651  115.525406      -5.754006   3.059892   3.328979
    10  0.16385369    4.458686  102.819828      -5.095637  -1.082681  -0.678433
    11  0.14095025    3.835451   88.447692      -4.651136   2.284411   2.352359
    12  0.17549099    4.775353  110.122350      -4.552880  -1.592529  -1.463816
    13  0.16739994    4.555184  105.045135      -4.423036  -4.258266   0.509761
    14  0.17593229    4.787361  110.399273      -4.322693  -2.020792   2.738083
    15  0.16140908    4.392164  101.285809      -4.190803   0.430507  -1.351882
    16  0.13941655    3.793717   87.485277      -3.813040   1.121079   0.093299
    17  0.14437772    3.928717   90.598461      -3.680049   0.225951   1.018782
    18  0.14580118    3.967452   91.491698      -3.604188  -0.769765   0.822265
    19  0.18687406    5.085102  117.265338      -3.193047   2.022673   1.796186
    20  0.04150047    1.129285   26.041961      -2.664947  -2.740999  -3.397972
    21  0.16290694    4.432923  102.225736      -2.496584  -1.276678  -0.572493
    22  0.11945409    3.250511   74.958637      -2.418475  -0.136388  -1.696263
    23  0.18169373    4.944138  114.014634      -2.408931   3.538510   1.294004
    24  0.13468617    3.664997   84.516919      -1.519696  -0.280628   0.663958
    25  0.13470798    3.665591   84.530607      -1.412622   0.942991  -0.403554
    26  0.05840344    1.589238   36.648744      -0.759249   2.478468  -2.934229
    27  0.11533589    3.138449   72.374427      -0.486562  -0.666895  -2.353186
    28  0.16587683    4.513738  104.089372      -0.616907   1.819922  -0.160775
    29  0.19128274    5.205068  120.031830       0.174909   2.083272   1.499577
    30  0.18369122    4.998492  115.268079       0.282021  -1.103506   0.059580
    31  0.18419623    5.012234  115.584978       0.307204   4.132631   0.829772
    32  0.16156002    4.396272  101.380530       0.439498   0.495741  -0.866645
    33  0.16071681    4.373327  100.851403       0.501951  -4.733579  -2.518183
    34  0.18601280    5.061666  116.724892       0.532395  -2.424106  -0.583290
    35  0.20289456    5.521042  127.318363       0.547870  -2.421799   1.148813
    36  0.23567617    6.413075  147.889151       1.006802   5.439087   0.001550
    37  0.21961385    5.975997  137.809889       1.405217   2.119538  -0.769821
    38  0.23923419    6.509893  150.121844       1.787134   2.235221   0.778520
    39  0.18474653    5.027209  115.930293       2.003240  -2.160825  -1.784080
    40  0.23888915    6.500504  149.905333       1.895783  -2.019306   0.762796
    41  0.18654746    5.076214  117.060395       2.094070  -4.332108  -0.358781
    42  0.18662289    5.078267  117.107730       2.436790  -4.253762  -0.680105
    43  0.22048053    5.999580  138.353736       2.444732   0.526173   1.337433
    44  0.19920028    5.420515  125.000166       2.304636   4.732099  -0.280752
*   45  0.24491348    6.664435  153.685660       3.033582  -1.777228  -0.293527
    46  0.21582119    5.872793  135.429955       3.214434   0.107690  -0.667389
    47  0.21762260    5.921812  136.560358       3.239429   5.947135  -0.805756
    48  0.24138129    6.568319  151.469172       3.225309  -5.063393   0.371771
    49  0.24050199    6.544392  150.917402       3.390551   1.737900   2.119672
    50  0.19958870    5.431085  125.243903       3.476524  -1.610444   2.636912
    51  0.22805359    6.205654  143.105908       3.355728   0.499756   0.505366
    52  0.18739553    5.099292  117.592570       3.583245   2.683193  -1.545727
    53  0.20761869    5.649592  130.282807       3.746855  -3.924803   1.294004
    54  0.19873448    5.407840  124.707873       4.116108   2.736027  -0.041544
    55  0.18480336    5.028755  115.965956       4.349349   0.892624   2.954853
    56  0.20547209    5.591180  128.935790       4.604326  -1.386790   1.558593
    57  0.23638946    6.432484  148.336750       4.647094  -0.468162  -0.831746
    58  0.16781260    4.566413  105.304087       4.631103   5.114135  -1.223021
    59  0.22430221    6.103574  140.751881       4.814573  -4.667415   2.225283
    60  0.17504669    4.763263  109.843546       5.372397  -3.351347   3.154947
    61  0.21893738    5.957589  137.385397       5.480656   0.632081   4.206640
    62  0.17796482    4.842669  111.674705       5.481696   0.769621  -1.217517
    63  0.17506099    4.763652  109.852524       5.658986  -1.063998   3.999901
    64  0.21424918    5.830017  134.443500       6.253913  -2.526802   4.333168
    65  0.16793877    4.569846  105.383255       6.225155   3.266423  -1.641748
    66  0.20775291    5.653244  130.367029       6.257509   4.860856  -1.743548
    67  0.21262155    5.785726  133.422146       6.888119   1.676391  -1.766503
