 Number of surface minima:    51
   #       a.u.         eV      kcal/mol           X/Y/Z coordinate(Angstrom)
     1  0.18569901    5.053127  116.527986      -6.460540  -0.744824  -1.202046
     2  0.17283290    4.703022  108.454374      -5.758286  -2.444940  -0.140518
     3  0.17022985    4.632190  106.820935      -5.752328  -1.142586  -0.197291
     4  0.18242590    4.964061  114.474074      -5.542775   0.203967  -0.408280
     5  0.17910589    4.873719  112.390738      -5.192576  -1.064031  -2.866927
     6  0.16275454    4.428776  102.130101      -4.297091  -2.783460  -1.808175
     7  0.15689514    4.269334   98.453270      -4.042124  -1.777449  -2.113945
     8  0.16724827    4.551057  104.949963      -3.900208  -0.417524  -2.352714
     9  0.15503100    4.218608   97.283503      -3.503325  -2.253305  -1.542609
    10  0.16697789    4.543699  104.780294      -3.038703   0.139411  -1.863517
    11  0.19746796    5.373376  123.913120      -3.003152   2.849853  -1.129248
    12  0.18945000    5.155197  118.881766      -2.996746   3.775913  -0.854472
    13  0.18009281    4.900575  113.010041      -2.683468   1.948528   1.347146
    14  0.19397226    5.278254  121.719531      -2.791734   5.148976  -0.225866
    15  0.18025006    4.904853  113.108713      -2.550068   3.007846   1.614025
    16  0.19012771    5.173638  119.307042      -2.477735   4.556921   1.786457
    17  0.04761097    1.295560   29.876360      -2.072887  -3.111021   0.901064
    18  0.02791811    0.759690   17.518893      -1.905966  -1.759859   1.832490
    19  0.18125066    4.932081  113.736600      -1.849977   4.437385  -0.871642
    20  0.17493940    4.760343  109.776224      -1.369378   3.659724   1.599795
    21  0.18744724    5.100699  117.625018      -0.745046   4.966562  -0.711796
    22  0.17905535    4.872344  112.359021      -0.568053   3.270872   1.346719
    23  0.03849213    1.047424   24.154199      -0.474431   0.177452  -2.057218
    24  0.18353597    4.994268  115.170658      -0.351490   4.294018   1.400826
    25  0.00522776    0.142255    3.280471      -0.063673  -3.422603  -0.540574
*   26 -0.00047946   -0.013047   -0.300866       0.040862  -3.692172   0.855058
    27  0.11101952    3.020995   69.665859       0.200916   2.019816   1.955837
    28  0.05451383    1.483397   34.207975       1.050371  -0.269521   2.822473
    29  0.11890821    3.235657   74.616089       0.992490   1.267073   0.657820
    30  0.09192609    2.501436   57.684541       1.188769   1.659204  -0.937457
    31  0.03705574    1.008338   23.252846       1.415641  -0.701680  -1.565100
    32  0.06650673    1.809740   41.733638       1.722149   1.989789   3.361956
    33  0.12168743    3.311283   76.360076       2.534566  -0.084297  -1.480229
    34  0.09276137    2.524165   58.208685       2.450436   1.272654   0.786625
    35  0.11078474    3.014606   69.518532       3.421482  -0.808884  -2.479486
    36  0.11262904    3.064792   70.675849       4.011871   0.957718  -0.415898
    37  0.10124054    2.754895   63.529449       4.130863  -1.443041  -1.477610
    38  0.10368546    2.821425   65.063665       4.593151  -1.861066  -0.488898
    39  0.11406164    3.103775   71.574818       4.551586   0.577349   0.505165
    40  0.10147651    2.761316   63.677522       4.720470   1.436472  -1.424779
    41  0.09215683    2.507715   57.829334       4.792704  -1.046962  -2.404064
    42  0.11555285    3.144353   72.510568       5.364444   1.664612  -2.389369
    43  0.10322470    2.808887   64.774532       5.735878   1.362260  -1.214376
    44  0.09466989    2.576099   59.406305       5.914389  -1.879232  -0.390092
    45  0.09649009    2.625629   60.548498       5.875925  -1.049755  -2.287137
    46  0.10290132    2.800087   64.571608       5.877176   0.582138   0.642278
    47  0.09537089    2.595174   59.846185       6.426370  -1.507835  -1.195274
    48  0.10150246    2.762022   63.693809       6.406225   0.939128  -0.168354
    49  0.11372900    3.094723   71.366085       7.007413   0.395749   0.709562
    50  0.11542838    3.140966   72.432460       7.282904  -0.854387  -2.128106
    51  0.11929894    3.246289   74.861276       7.274201   1.191714  -1.272653
 
 Number of surface maxima:    57
   #       a.u.         eV      kcal/mol           X/Y/Z coordinate(Angstrom)
     1  0.25140678    6.841126  157.760271      -6.559727  -0.593831  -2.665631
     2  0.20736935    5.642807  130.126343      -5.872276  -1.906105  -1.727912
     3  0.24510207    6.669566  153.803999      -5.684559  -3.432505  -1.101004
     4  0.21949487    5.972759  137.735225      -5.558020   0.600850  -2.066093
*    5  0.27515604    7.487377  172.663169      -4.975602   2.845639   0.506839
     6  0.27325865    7.435746  171.472538      -4.821811   2.081935  -2.113275
     7  0.20450797    5.564945  128.330797      -4.627705  -2.772534   0.253191
     8  0.25972815    7.067562  162.982010      -4.430360  -0.585328  -0.008407
     9  0.25507488    6.940941  160.062040      -4.044268   1.791499  -0.413833
    10  0.25328697    6.892289  158.940109      -3.900208   1.855004  -0.805163
    11  0.21895364    5.958032  137.395599      -3.882325  -1.642503   1.175975
    12  0.22568733    6.141265  141.621057      -3.835839   4.040502   0.650074
    13  0.24758939    6.737250  155.364820      -3.503325  -0.872180  -1.241319
    14  0.08325332    2.265438   52.242289      -3.238871  -3.905396   1.185553
    15  0.25946781    7.060478  162.818646      -3.238736   5.545194   1.096413
    16  0.18489100    5.031140  116.020953      -2.236389  -1.968750  -0.041808
    17  0.27039160    7.357730  169.673434      -1.844350   2.982147  -0.733720
    18  0.26260087    7.145733  164.784674      -1.644826   2.596949   0.781487
    19  0.21966727    5.977450  137.843407      -1.649861   5.232438   0.651643
    20  0.17362195    4.724494  108.949511      -1.641761  -0.587919  -0.519600
    21  0.19611409    5.336536  123.063552      -1.101106   0.751692   0.675780
    22  0.18911957    5.146205  118.674424      -1.121054   0.867337   3.032748
    23  0.06506084    1.770396   40.826328      -1.088877  -2.943029  -2.377311
    24  0.12187239    3.316316   76.476143      -1.108304  -2.041344   0.530135
    25  0.15391060    4.188120   96.580440      -0.725144  -0.854387   1.891255
    26  0.23396428    6.366492  146.814924      -0.320343   2.591469  -1.456297
    27  0.26277347    7.150430  164.892982       0.043814   5.491334   0.503080
    28  0.21380929    5.818047  134.167467       0.184334   1.677605   0.246962
    29  0.14226013    3.871095   89.269652       0.303112  -0.464719  -1.107241
    30  0.22601954    6.150304  141.829521       0.437827   3.770903   0.365712
    31  0.22540994    6.133716  141.446992       0.342993   4.045529  -0.271470
    32  0.04359525    1.186287   27.356453       0.730093  -3.553649   2.766783
    33  0.15934891    4.336104   99.993035       0.693507   0.584944   0.116095
    34  0.12446630    3.386900   78.103847       0.930398  -1.977026   0.056613
    35  0.14341738    3.902585   89.995840       1.405855   2.344089   1.435834
    36  0.17238447    4.690820  108.172981       1.392010  -0.854038   1.179338
    37  0.14310383    3.894053   89.799083       1.797853   0.354845   0.782369
    38  0.12340866    3.358120   77.440168       1.971001   2.886779  -0.640002
    39  0.15599020    4.244709   97.885411       2.596596   0.487525   0.397030
    40  0.18545080    5.046373  116.372232       2.613265   0.475851  -2.640332
    41  0.16983171    4.621356  106.571097       2.860556  -2.026732  -0.000976
    42  0.15371241    4.182727   96.456072       2.833497   0.356823  -0.527904
    43  0.19755974    5.375874  123.970711       2.846802   3.379030   1.372212
    44  0.19092353    5.195294  119.806427       3.000545  -1.494465   2.004038
    45  0.14470443    3.937608   90.803478       2.865910  -0.845024  -1.199066
    46  0.17693744    4.814713  111.030012       3.788632  -0.977147   1.318206
    47  0.18848839    5.129030  118.278351       3.964131   0.865439   3.135965
    48  0.14254348    3.878805   89.447459       4.164537   0.613371  -2.925369
    49  0.19743277    5.372419  123.891037       4.991501  -1.515859   2.158312
    50  0.15527024    4.225118   97.433630       5.233404   0.477687  -0.533769
    51  0.14916474    4.058979   93.602365       5.236344  -0.981976  -1.173518
    52  0.18654258    5.076082  117.057332       5.461349   1.064423  -3.847932
    53  0.14553673    3.960256   91.325751       6.337314  -1.089864   1.230112
    54  0.14186098    3.860234   89.019185       6.683337   0.600850  -2.699753
    55  0.14089345    3.833906   88.412052       7.735857  -0.195359  -0.679455
    56  0.18459303    5.023032  115.833974       7.966126  -0.863855   0.888515
    57  0.18580474    5.056004  116.594332       8.192480   0.390168  -2.128106
