 Number of surface minima:    82
   #       a.u.         eV      kcal/mol           X/Y/Z coordinate(Angstrom)
     1  0.09690930    2.637036   60.811556      -6.737176  -1.621876  -3.619970
     2  0.12309497    3.349584   77.243322      -6.389483  -0.574512   1.380988
     3  0.10175765    2.768967   63.853946      -6.422091  -0.164628  -2.930269
     4  0.11597522    3.155846   72.775608      -6.169188  -0.007488   3.019894
     5  0.09268293    2.522031   58.159463      -5.689622  -0.429216  -4.444025
     6  0.11562548    3.146329   72.556146      -5.591715  -3.625834  -1.644397
     7  0.12357677    3.362695   77.545659      -5.639511  -3.172188   0.087491
     8  0.09866277    2.684751   61.911875      -5.215463  -2.086668   4.982380
     9  0.13217050    3.596542   82.938309      -5.151376  -1.358254  -0.322728
    10  0.11765752    3.201624   73.831273      -4.895184  -3.082765  -3.510234
    11  0.12659797    3.444906   79.441490      -4.880954   3.060973   3.445386
    12  0.13278737    3.613328   83.325400      -4.752489  -1.621260   1.407038
    13  0.11869787    3.229933   74.484098      -4.729860   0.117444   4.611609
    14  0.10400824    2.830208   65.266209      -4.167490  -3.155404   4.082208
    15  0.13071684    3.556986   82.026122      -4.108107  -0.330357  -2.174367
    16  0.13553867    3.688195   85.051872      -3.889417   1.422904   4.121797
    17  0.13517244    3.678229   84.822055      -3.837248   2.477527   0.343513
    18  0.14015574    3.813832   87.949130      -3.563440   3.680243   0.349513
    19  0.13467572    3.664713   84.510362      -3.314875  -3.485097  -3.391206
    20  0.09542948    2.596768   59.882951      -3.382375  -2.281336   5.422605
    21  0.15325567    4.170299   96.169465      -3.370426   0.659460  -0.121807
    22  0.13416864    3.650914   84.192161      -3.222573   2.978152  -0.238543
    23  0.08845484    2.406979   55.506295      -3.001758  -0.824040  -5.074185
    24  0.12720815    3.461510   79.824384      -2.797227  -5.257574  -2.624158
    25  0.13333569    3.628249   83.669476      -2.895216  -1.618835   2.867619
    26  0.15493226    4.215921   97.221545      -2.207706  -2.101327   0.532089
    27  0.09309784    2.533321   58.419823      -2.102774  -2.035470  -4.719434
    28  0.07207537    1.961271   45.228017      -1.914126   5.259439  -2.264969
    29  0.08550204    2.326629   53.653383      -1.787930  -0.775844  -3.855216
    30  0.09632535    2.621146   60.445118      -1.775387   1.181777   4.912884
    31  0.13721906    3.733921   86.106333      -1.618936  -3.781913   0.087491
    32  0.09270969    2.522759   58.176255      -1.593172  -0.301149   5.362493
    33  0.07374952    2.006826   46.278560      -1.629083   6.185499  -0.335183
    34  0.11901332    3.238517   74.682048      -1.441302  -0.826099  -1.689954
    35  0.06823525    1.856775   42.818299      -1.520623   6.185499  -2.134931
    36  0.12136212    3.302431   76.155946      -1.411695   0.515013   1.690295
    37  0.06772996    1.843026   42.501227      -1.357488   6.714676  -1.126632
    38  0.11324060    3.081433   71.059608      -1.290667   2.757813   1.550955
    39  0.09003656    2.450019   56.498842      -0.977184   0.334810   3.791731
    40  0.14279197    3.885567   89.603389      -0.639207  -4.513901  -0.049289
    41  0.13730305    3.736206   86.159035      -0.577640  -3.666678   0.484374
    42  0.01468877    0.399702    9.217351      -0.409835   0.869611  -2.307837
    43  0.11275042    3.068095   70.752016       0.148103  -2.498419  -1.764629
    44  0.06448432    1.754708   40.464555       0.346848   4.068790   0.056931
    45  0.02046401    0.556854   12.841373       0.513452   0.042089   1.749444
    46  0.06507740    1.770846   40.836718       0.930733   5.144557  -2.022895
    47  0.06070019    1.651736   38.089975       0.808091   5.127395  -0.044504
    48  0.01958319    0.532886   12.288648       1.016371   0.970102   2.545164
    49  0.06226078    1.694202   39.069259       1.094519   5.669500  -0.968029
    50  0.01293949    0.352101    8.119659       1.861465   3.405758   1.024093
    51  0.08043198    2.188665   50.471870       2.104184  -4.305224   1.929569
    52  0.08294704    2.257104   52.050100       2.367613  -5.232751  -0.056405
    53  0.07197075    1.958424   45.162367       2.420029  -1.849415   0.370114
*   54 -0.00378485   -0.102991   -2.375030       2.319381   0.553287  -3.219867
    55  0.07051205    1.918730   44.247016       2.454126  -2.354737  -0.838569
    56  0.01069620    0.291058    6.711974       2.548205   1.730065  -2.648117
    57  0.02853027    0.776348   17.903029       2.773807   3.263191  -0.322700
    58  0.07862453    2.139482   49.337677       2.961240  -4.890392   1.695578
    59  0.07846775    2.135216   49.239298       3.111407  -5.401697   0.616668
    60  0.02026074    0.551323   12.713818       3.157682  -0.887162  -0.767338
    61  0.07968982    2.168470   50.006158       3.281254  -2.033090   1.139943
    62  0.07892739    2.147723   49.527726       3.428045  -3.002683  -1.118016
    63  0.02425875    0.660114   15.222611       3.987256   3.833434  -2.408759
    64  0.08876288    2.415361   55.699597       4.179578  -2.613700   0.945776
    65  0.09557990    2.600861   59.977344       4.372520  -3.210379  -0.292473
    66  0.04356431    1.185445   27.337043       4.350770   1.244866  -1.775311
    67  0.10221751    2.781480   64.142508       4.581739  -2.079244   0.748962
    68  0.09796754    2.665832   61.475610       5.069591  -1.090688   1.590329
    69  0.09606418    2.614039   60.281235       5.156551  -1.099671  -1.131583
    70  0.09911362    2.697019   62.194785       5.438001  -0.164628   2.125059
    71  0.08844552    2.406725   55.500446       5.764540  -0.014143  -0.706275
    72  0.09138026    2.486583   57.342029       5.882804  -2.016748   1.458353
    73  0.09278352    2.524768   58.222588       6.074563   0.879650  -0.223629
    74  0.08239190    2.241998   51.701741       6.602193  -0.958393  -0.883504
    75  0.08959049    2.437881   56.218926       6.645141  -0.025228   2.589949
    76  0.09368817    2.549385   58.790261       6.898686  -1.873804   1.832307
    77  0.09073872    2.469126   56.939453       7.260771  -0.826099   2.421375
    78  0.08705406    2.368861   54.627291       7.452738   1.026021   0.271289
    79  0.08719409    2.372672   54.715162       7.554710  -0.826099  -0.504020
    80  0.08690804    2.364888   54.535664       8.030175   0.178543   0.087491
    81  0.11115019    3.024550   69.747853       8.272753  -1.695588   2.128476
    82  0.10802491    2.939507   67.786710       8.879223  -0.953321   0.084378
 
 Number of surface maxima:   122
   #       a.u.         eV      kcal/mol           X/Y/Z coordinate(Angstrom)
     1  0.17092083    4.650992  107.254528      -6.742114  -1.467478  -1.863787
     2  0.18357271    4.995268  115.193713      -6.532221  -2.149042  -0.706275
     3  0.10783802    2.934422   67.669436      -6.558335  -0.561511  -3.574304
     4  0.13206607    3.593701   82.872782      -6.336191   0.036675   2.180248
     5  0.16762608    4.561338  105.187041      -6.203897   0.598736   4.523198
     6  0.18436173    5.016738  115.688830      -6.107410  -1.898600   2.332066
     7  0.15415707    4.194827   96.735100      -5.835106  -2.025162  -4.854139
     8  0.14150174    3.850458   88.793756      -5.807638   1.292530   2.732932
     9  0.18697051    5.087726  117.325864      -5.705119   0.629138   0.413181
    10  0.18955059    5.157934  118.944891      -5.788928   2.887993   2.090004
    11  0.14152633    3.851127   88.809187      -5.559691  -2.417555  -2.171819
    12  0.17207943    4.682519  107.981561      -5.586465  -2.426584   3.382052
    13  0.16699360    4.544127  104.790155      -5.530342  -4.393269  -3.084860
    14  0.13242834    3.603558   83.100106      -5.385071  -3.728069  -0.690561
    15  0.14245365    3.876361   89.391088      -5.289276   2.091336   3.682140
    16  0.15108815    4.111318   94.809328      -5.195482  -1.222982  -1.525995
    17  0.14236044    3.873825   89.332599      -5.235761  -0.916318   3.421197
    18  0.16064104    4.371265  100.803858      -5.162539   0.732435  -3.359693
    19  0.14164399    3.854329   88.883023      -4.980246  -1.025950   0.813700
    20  0.14182300    3.859200   88.995350      -4.729825  -1.848334   0.255905
    21  0.17283556    4.703095  108.456040      -4.531808   1.026021   1.362697
    22  0.14191324    3.861656   89.051976      -4.363231  -4.403152  -1.489005
    23  0.11012443    2.996638   69.104183      -4.370710  -2.853985   4.850086
    24  0.13194637    3.590443   82.797669      -4.467147  -2.409884  -3.879716
    25  0.12382835    3.369541   77.703526      -4.372630  -0.958393  -4.188415
    26  0.19827042    5.395213  124.416673      -4.351777   0.312292  -0.595974
    27  0.15254836    4.151052   95.725622      -4.310686  -1.711068   2.491357
    28  0.15611823    4.248193   97.965753      -4.339829  -1.227602   6.039087
    29  0.13893452    3.780601   87.182804      -4.254897   1.144970   4.257434
    30  0.18834663    5.125173  118.189397      -4.076849  -3.463503   0.762824
    31  0.13358220    3.634956   83.824164      -3.954894  -0.118532   4.763887
    32  0.13637769    3.711026   85.578366      -3.952795  -0.428905  -2.689598
    33  0.14265745    3.881907   89.518978      -3.780751  -4.761192  -2.666513
    34  0.13797978    3.754621   86.583694      -3.717166  -3.480713  -3.391720
    35  0.17693940    4.814766  111.031243      -3.817430   3.134289   2.069140
    36  0.15393058    4.188664   96.592981      -3.623708  -2.347033  -5.402273
    37  0.18438187    5.017286  115.701466      -3.551940   2.904794   4.198391
    38  0.21246298    5.781412  133.322647      -3.304181   4.558357   1.656766
    39  0.17435601    4.744468  109.410143      -3.170887  -3.340900  -0.561433
    40  0.19056495    5.185536  119.581410      -3.054696  -5.508409  -0.970864
    41  0.19992110    5.440130  125.452489      -2.995399  -2.371717   1.300859
    42  0.15486601    4.214119   97.179972      -3.002286   0.399280  -3.991242
    43  0.12653683    3.443242   79.403124      -2.881985  -1.090688   4.887323
    44  0.19533109    5.315229  122.572210      -2.961191  -0.794578   0.219785
    45  0.15661421    4.261689   98.276980      -2.786641   0.490402   6.008615
    46  0.20439509    5.561873  128.259964      -2.804978   1.678076   0.067267
    47  0.18187150    4.948975  114.126182      -2.670370  -0.164628  -0.856599
    48  0.15520527    4.223350   97.392857      -2.654071   1.676558   2.953006
    49  0.16384711    4.458506  102.815697      -2.552374  -2.942808   4.056320
    50  0.13929041    3.790285   87.406126      -2.615831  -1.358584   3.269159
    51  0.18386456    5.003209  115.376852      -2.102774  -4.421019  -3.670090
    52  0.09800859    2.666949   61.501369      -2.192020  -1.336342  -4.807398
    53  0.18327497    4.987165  115.006874      -2.102774  -0.906065   1.145845
    54  0.15428105    4.198201   96.812903      -1.838185  -2.779236  -2.634652
    55  0.16053715    4.368438  100.738669      -1.865171   1.760490   3.394848
    56  0.16195193    4.406936  101.626455      -1.734588   4.064816   1.004616
    57  0.17821761    4.849548  111.833330      -1.573597  -4.458333  -1.658446
    58  0.18814069    5.119568  118.060162      -1.641784   1.585010   1.209952
    59  0.17352423    4.721834  108.888191      -1.589649   2.474288  -1.262210
    60  0.17116853    4.657733  107.409964      -1.604254   2.558632  -2.965262
    61  0.15819308    4.304653   99.267741      -1.441302  -2.355592  -3.219867
    62  0.20687527    5.629362  129.816301      -1.309008  -2.413631   0.139198
    63  0.12007325    3.267359   75.347163      -1.358504   5.391733  -1.123548
    64  0.10238375    2.786003   64.246824      -1.290157   0.517471   4.867016
    65  0.16022850    4.360039  100.544986      -1.044419  -1.281220   4.029805
    66  0.11775620    3.204309   73.893191      -1.056809   4.064253  -3.373101
    67  0.17616686    4.793744  110.546469      -0.886998   4.883673   2.104176
    68  0.18967141    5.161222  119.020707      -0.779831  -1.884454  -1.280086
    69  0.16008563    4.356152  100.455334      -0.375156   5.283470  -4.413546
    70  0.13835540    3.764842   86.819395      -0.276291   2.471760  -0.061033
    71  0.12084825    3.288448   75.833487      -0.357190   6.057262   1.147811
    72  0.14584535    3.968654   91.519413      -0.144070   1.023162   0.469941
*   73  0.21488159    5.847225  134.840346      -0.110167  -5.195755  -1.369833
    74  0.11204415    3.048876   70.308823       0.021807   6.322469  -3.221049
    75  0.11635047    3.166057   73.011085       0.140012   4.748317  -1.099407
    76  0.14663805    3.990224   92.016842       0.167925  -0.285064  -0.963748
    77  0.09149084    2.489592   57.411415       0.322249   3.575935  -1.738021
    78  0.11270041    3.066734   70.720633       0.380686   7.372235  -0.988288
    79  0.16217018    4.412875  101.763408       0.378084   7.582638   0.739008
    80  0.17836090    4.853447  111.923248       0.532720  -2.153096   0.996100
    81  0.12263284    3.337009   76.953334       0.637712   2.294819  -0.321460
    82  0.15853318    4.313907   99.481155       0.669391   7.770671  -2.549774
    83  0.16268698    4.426938  102.087709       0.717838  -4.133457  -0.970864
    84  0.16393031    4.460771  102.867908       0.796827  -3.756423  -1.279768
    85  0.05023317    1.366914   31.521815       0.831384   2.921275   2.644216
    86  0.11583972    3.152159   72.690580       0.916646   1.276689  -1.944815
    87  0.13383228    3.641761   83.981091       1.048807   3.822017  -1.905772
    88  0.17618148    4.794142  110.555643       1.084550  -1.861680   2.621075
    89  0.13719953    3.733389   86.094075       1.165094  -1.506436  -0.452794
    90  0.18134559    4.934664  113.796169       1.569613  -4.278375  -2.484767
    91  0.04463766    1.214653   28.010581       1.569274  -1.504774  -3.376817
    92  0.12804371    3.484247   80.348710       1.849053   0.354617   0.983927
    93  0.11967430    3.256503   75.096817       1.871609  -0.674537  -0.434771
    94  0.13018442    3.542498   81.692027       2.382881  -4.290250   0.740220
    95  0.12848175    3.496166   80.623586       2.534511  -2.648376   2.742508
    96  0.14343070    3.902948   90.004199       2.704632   1.600009   0.239694
    97  0.11285176    3.070853   70.815611       2.821992   0.777414  -1.244412
    98  0.13015904    3.541808   81.676099       3.146282  -2.962025   0.213786
    99  0.11572145    3.148941   72.616365       3.561134   1.279158  -0.745698
   100  0.16529368    4.497870  103.723436       3.746812   0.378293   1.727520
   101  0.17317704    4.712387  108.670327       3.959479  -3.084807   3.484807
   102  0.17726183    4.823540  111.233572       4.086300   2.432675   1.268682
   103  0.16258874    4.424265  102.026063       4.225887  -2.206882  -0.631820
   104  0.12774567    3.476136   80.161683       4.481900  -0.175048  -0.492130
   105  0.12744100    3.467846   79.970501       4.381297   0.761892  -0.701785
   106  0.17367155    4.725843  108.980636       4.521438  -5.462997  -1.636221
   107  0.12739134    3.466495   79.939338       4.538401  -3.985275   2.216355
   108  0.12919084    3.515462   81.068545       4.887190  -4.909572  -0.027153
   109  0.16314348    4.439360  102.374163       4.960269   1.606643   1.329584
   110  0.14680020    3.994637   92.118592       5.570296   2.055014  -3.422000
   111  0.17672711    4.808989  110.898030       5.668951  -4.927223   1.396061
   112  0.13107224    3.566657   82.249140       5.822870  -2.547789  -0.315322
   113  0.18782064    5.110859  117.859327       5.999016   2.540732   1.999085
   114  0.16290259    4.432805  102.223007       5.866461   3.435564  -0.558531
   115  0.14197864    3.863435   89.093017       6.294448  -0.763418   1.542728
   116  0.13762999    3.745103   86.364196       6.752962  -0.186990   0.110409
   117  0.18222318    4.958545  114.346870       7.147971  -3.486319  -0.315443
   118  0.13622311    3.706819   85.481362       7.344505   1.609581   1.993994
   119  0.13470395    3.665481   84.528078       8.095133  -2.417556   0.490127
   120  0.13290105    3.616422   83.396740       8.922654  -0.394594   1.694611
   121  0.17723691    4.822862  111.217934       8.945514   1.226176   2.365085
   122  0.17929854    4.878961  112.511626       9.539125  -1.815443   1.214856
