 Number of surface minima:    60
   #       a.u.         eV      kcal/mol           X/Y/Z coordinate(Angstrom)
     1  0.13097687    3.564062   82.189298      -6.814036  -3.760661  -0.975734
     2  0.11582408    3.151734   72.680770      -6.102731  -2.762307  -0.456724
     3  0.11909886    3.240845   74.735729      -5.951978  -3.899252   0.117342
     4  0.12810241    3.485844   80.385542      -5.378741  -4.359614  -2.583208
     5  0.11075429    3.013778   69.499428      -5.174734  -4.146118   0.939050
     6  0.14976325    4.075265   93.977939      -5.290301   1.425370   0.553706
     7  0.14523914    3.952158   91.139010      -5.177834   2.855916   1.191228
     8  0.14678628    3.994258   92.109856      -5.174768   0.342200  -2.777210
     9  0.15116336    4.113364   94.856519      -4.660133   1.554398  -1.972807
    10  0.14599642    3.972765   91.614213      -4.515199  -2.192084   0.617927
    11  0.11007318    2.995243   69.072019      -4.382905  -3.586063  -2.338835
    12  0.11403972    3.103179   71.561064      -4.250611  -4.572016  -1.760998
    13  0.13520141    3.679018   84.840239      -4.100382   1.531111   2.153358
    14  0.16091821    4.378807  100.977783      -3.826896  -0.306040   0.522526
    15  0.10425465    2.836913   65.420833      -3.440347  -4.948858  -0.930990
    16  0.13840050    3.766069   86.847699      -3.269449   0.527858  -3.042610
    17  0.11728360    3.191449   73.596634      -3.079589   5.361653  -0.933040
    18  0.13231180    3.600387   83.026976      -3.166645   6.577199  -0.652677
    19  0.13048663    3.550722   81.881667      -2.725046  -2.896568  -1.120162
    20  0.13730264    3.736195   86.158778      -2.793171  -1.910215  -1.586979
    21  0.16343510    4.447295  102.557158      -2.528175   1.945402  -1.193075
    22  0.12833798    3.492254   80.533369      -2.416352   6.539131   1.448239
    23  0.15842330    4.310917   99.412206      -2.162919  -2.446250   2.338726
    24  0.10972293    2.985713   68.852239      -2.031488   5.352956   1.532446
    25  0.12080228    3.287197   75.804637      -1.985822   6.043465  -1.299599
    26  0.12419901    3.379627   77.936120      -1.924155  -3.154031  -0.319271
    27  0.12344707    3.359166   77.464273      -1.933653  -0.850186  -1.322784
    28  0.14778466    4.021425   92.736352      -1.890503   3.777619  -1.334987
    29  0.11939206    3.248823   74.919710      -1.723082   1.543511   1.343301
    30  0.13457622    3.662005   84.447922      -1.819176   2.879902   1.373240
    31  0.11418556    3.107147   71.652582      -1.092405   5.888128   1.159922
    32  0.01623784    0.441854   10.189406      -0.842550  -0.078757   2.626281
    33  0.12866310    3.501101   80.737381      -0.827604   3.640235   1.028952
    34  0.11335947    3.084668   71.134204      -0.922547   5.634765  -1.715683
    35  0.10503566    2.858166   65.910930      -0.120558   5.525905   0.835946
    36  0.02038293    0.554648   12.790490       0.123913  -0.573265  -1.714103
    37  0.12157907    3.308335   76.292083       0.045234   3.149708   0.724057
    38  0.01976458    0.537821   12.402468       0.515806  -1.907162  -1.981881
    39  0.02382871    0.648412   14.952752       1.399134  -3.628367   0.225838
*   40  0.00209835    0.057099    1.316736       1.755596   0.605051   3.228185
    41  0.01635408    0.445017   10.262348       1.888947  -0.717892   3.175222
    42  0.04448354    1.210459   27.913869       2.520161  -2.920479   1.596990
    43  0.03427560    0.932686   21.508281       2.805141   0.927201   0.290290
    44  0.02759897    0.751006   17.318628       3.466665  -2.658101   3.704400
    45  0.03707895    1.008970   23.267414       3.795855  -0.367535   2.249162
    46  0.10094398    2.746825   63.343355       4.633253  -0.304111  -2.220025
    47  0.10743944    2.923576   67.419324       4.897159   1.281037   0.026344
    48  0.10131942    2.757042   63.578952       4.993080  -1.386336  -2.145956
    49  0.09574102    2.605246   60.078445       5.370868   0.201352   0.253058
    50  0.09247331    2.516327   58.027927       5.380955   0.599406  -2.655107
    51  0.09939948    2.704798   62.374170       5.737358  -0.881238   0.330644
    52  0.09210428    2.506285   57.796357       6.098099  -1.755229  -2.471729
    53  0.08841978    2.406025   55.484297       6.307033   0.990965  -0.178075
    54  0.09472392    2.577569   59.440207       6.355684   0.229996  -2.902598
    55  0.09271127    2.522802   58.177248       6.713934  -0.989462  -2.806956
    56  0.09211325    2.506529   57.801987       6.979822  -1.253071  -0.004026
    57  0.09263603    2.520755   58.130038       7.227849   0.724055  -0.452816
    58  0.09154091    2.490955   57.442839       7.581247  -0.559054  -0.339059
    59  0.11270804    3.066942   70.725421       7.756293  -0.119366  -3.105555
    60  0.11167053    3.038710   70.074377       8.496130   0.230129  -1.011707
 
 Number of surface maxima:    77
   #       a.u.         eV      kcal/mol           X/Y/Z coordinate(Angstrom)
     1  0.19873966    5.407981  124.711125      -6.943053  -4.434171  -2.276426
     2  0.16145921    4.393529  101.317269      -6.197743  -2.823067  -2.228730
     3  0.15379991    4.185108   96.510980      -5.993529  -5.129613  -1.201609
     4  0.21769624    5.923816  136.606566      -5.902272  -1.379363  -2.709857
     5  0.21337695    5.806282  133.896167      -5.815893   0.749164  -1.337326
     6  0.19493901    5.304560  122.326175      -5.475652  -6.409037  -0.158390
     7  0.21282105    5.791155  133.547340      -5.343583   2.692850  -0.404819
     8  0.15578604    4.239154   97.757300      -5.302510   1.931316   1.194054
     9  0.19132369    5.206182  120.057531      -4.920210  -0.971273  -1.448071
    10  0.17847565    4.856569  111.995256      -4.853076  -3.099189   0.000159
    11  0.15740605    4.283236   98.773872      -4.654781   1.010175  -2.783060
    12  0.20967279    5.705487  131.571771      -4.476620   0.260967   1.218375
    13  0.21729553    5.912912  136.355119      -4.578641   4.543897   1.058514
    14  0.18251811    4.966570  114.531936      -4.279605  -1.254131  -2.162074
    15  0.20268053    5.515218  127.184058      -4.227244  -0.669270  -3.523165
    16  0.15427709    4.198093   96.810420      -4.094470  -5.580584   0.551723
    17  0.20012593    5.445703  125.581022      -4.250256   3.119080   2.381591
    18  0.17368936    4.726328  108.991809      -3.853728  -3.550628  -1.112750
    19  0.19092884    5.195438  119.809755      -3.693582   3.401997   0.175172
    20  0.16184217    4.403949  101.557581      -3.642556   5.896823   0.661631
    21  0.17925285    4.877718  112.482953      -3.462665   2.190917  -0.796185
    22  0.20685083    5.628697  129.800962      -3.369182   0.869640  -0.417727
    23  0.18277203    4.973480  114.691279      -3.356235   3.455767   1.131050
    24  0.22107545    6.015769  138.727056      -3.252399  -1.277444   0.661631
    25  0.19933986    5.424313  125.087755      -3.301558   7.480203   0.544440
    26  0.21172436    5.761313  132.859151      -3.115899   1.872057  -2.146683
    27  0.20567638    5.596739  129.063987      -2.925676  -5.341472   1.595640
    28  0.16801891    4.572027  105.433545      -2.772179  -2.010481   2.024378
    29  0.18344477    4.991786  115.113428      -2.912342   0.741928   0.958175
    30  0.19301031    5.252078  121.115902      -2.522759  -3.739708   1.333497
    31  0.18578470    5.055459  116.581760      -2.404796   0.602353  -1.332605
    32  0.20463135    5.568302  128.408221      -2.266196  -1.804265  -0.458863
    33  0.17895232    4.869540  112.294368      -1.758540   4.827519  -0.835464
    34  0.15493854    4.216092   97.225484      -1.768427   7.289298  -0.062603
    35  0.22243180    6.052677  139.578177      -1.492772   2.324877  -0.982905
    36  0.22908163    6.233628  143.751014      -1.310295  -3.478827   2.142862
    37  0.17268689    4.699049  108.362751      -1.226761   4.701488   0.655507
    38  0.20345259    5.536226  127.668534      -1.070277   2.329379   0.537025
    39  0.15617172    4.249649   97.999315      -0.813638  -2.282452   1.203055
    40  0.15545344    4.230103   97.548587      -0.558635  -1.119165  -0.020174
    41  0.15739625    4.282970   98.767722      -0.276503   0.601630   0.791564
    42  0.17156514    4.668525  107.658842      -0.181867   2.312583  -1.905402
    43  0.19695499    5.359418  123.591224      -0.225511   7.805214  -0.499797
    44  0.16996238    4.624912  106.653093       0.274862   1.712980  -1.670092
    45  0.05119385    1.393056   32.124654       0.352679  -3.818743  -1.248571
    46  0.13640108    3.711662   85.593042       0.269405  -2.038510   1.212665
    47  0.16376471    4.456264  102.763992       0.457571  -2.987518   2.766907
    48  0.15749566    4.285675   98.830101       0.438090   6.219812  -0.793607
    49  0.12421310    3.380010   77.944964       0.524564  -0.448545   2.247141
    50  0.19615419    5.337627  123.088714       0.682468   3.686009  -1.035205
    51  0.15267417    4.154476   95.804571       0.941343   1.550166  -0.239924
    52  0.13377509    3.640205   83.945210       1.271052  -0.727804  -0.842123
    53  0.13003288    3.538375   81.596931       1.437473   0.780142   0.132454
    54  0.04777273    1.299962   29.977863       1.534674   2.662365   2.369348
    55  0.21050345    5.728090  132.093018       1.567183   4.972984  -1.186249
*   56  0.23230809    6.321425  145.775649       1.702633   2.620563  -1.268315
    57  0.14794630    4.025824   92.837783       2.231810  -1.703337   0.367857
    58  0.12808411    3.485346   80.374058       2.422456  -0.427959   1.381453
    59  0.16590755    4.514574  104.108650       3.229332  -1.440196  -1.455078
    60  0.18217018    4.957103  114.313612       3.594371  -2.916757   0.033514
    61  0.14265688    3.881891   89.518619       3.652326   0.069643  -1.212183
    62  0.10712077    2.914904   67.219354       3.833206  -2.269680   1.605156
    63  0.18810210    5.118518  118.035949       3.873510   1.982162  -1.033386
    64  0.13730903    3.736369   86.162789       4.053289   0.283205  -0.057098
    65  0.16728290    4.551999  104.971692       4.485026  -2.309499  -0.378433
    66  0.14692790    3.998112   92.198728       4.776399  -0.435096   4.262742
    67  0.19094771    5.195951  119.821599       5.414935  -3.489645  -0.527039
    68  0.13956650    3.797798   87.579375       5.406873   2.001671  -1.486138
    69  0.16717384    4.549032  104.903258       5.550781  -2.567613   1.985922
    70  0.14517419    3.950391   91.098258       5.868364  -0.482941  -2.051942
    71  0.14421172    3.924200   90.494296       6.347134  -0.316077  -0.527303
    72  0.13979682    3.804065   87.723904       6.788805  -2.775612  -1.058195
    73  0.18312722    4.983145  114.914161       6.852001   2.703387  -2.122528
    74  0.13721566    3.733828   86.104201       7.720666   1.331312  -2.116550
    75  0.17949270    4.884245  112.633466       8.401983  -2.702307  -1.719667
    76  0.13539706    3.684341   84.963008       8.452402  -0.980195  -1.983347
    77  0.18120385    4.930808  113.707228       9.067335   0.465224  -2.412982
