 Number of surface minima:    70
   #       a.u.         eV      kcal/mol           X/Y/Z coordinate(Angstrom)
     1  0.12114270    3.296460   76.018253      -6.785200  -3.676500   1.325055
     2  0.11697953    3.183175   73.405823      -6.744961  -4.423878  -0.756785
     3  0.11914991    3.242234   74.767759      -6.315556  -1.584077   0.716021
     4  0.09832612    2.675590   61.700624      -5.853365  -3.407051  -1.310414
     5  0.10590367    2.881785   66.455609      -5.847746  -2.608737   1.210376
     6  0.10790402    2.936218   67.710851      -5.921247   1.455604   1.009567
     7  0.09675194    2.632754   60.712812      -5.359352  -4.625855  -0.955028
     8  0.10326389    2.809953   64.799126      -5.334619  -3.795682   1.569404
     9  0.10642443    2.895956   66.782391      -5.435438  -0.071587   1.055419
    10  0.09901725    2.694396   62.134316      -5.352444   1.096130   2.539882
    11  0.09432687    2.566765   59.191055      -5.196153  -2.616432  -1.580990
    12  0.11500943    3.129566   72.169564      -5.054706  -4.987911   1.737515
    13  0.10572368    2.876888   66.342667      -5.123148  -1.852733   0.975669
    14  0.09597361    2.611575   60.224403      -4.411840  -4.725381  -0.947028
    15  0.10449395    2.843425   65.570996      -4.362054  -4.025386   1.626122
    16  0.11284300    3.070614   70.810109      -4.266998  -1.553648  -1.710303
    17  0.12605830    3.430221   79.102845      -4.426347   3.714742   0.767610
    18  0.10232227    2.784330   64.208246      -3.928607  -2.777189  -1.531215
    19  0.11597361    3.155802   72.774600      -3.911548  -2.109870   1.010457
    20  0.10372935    2.822619   65.091205      -3.512647  -3.836433  -1.222647
    21  0.11743101    3.195460   73.689130      -3.512897  -3.043825   1.292569
    22  0.11402424    3.102757   71.551349      -3.475106   4.560405   0.422135
    23  0.10103646    2.749342   63.401392      -3.345521   3.083722  -1.734914
    24  0.09750665    2.653291   61.186397      -3.307823   1.791440   3.810795
    25  0.11262772    3.064756   70.675018      -3.256705   3.696888   1.005026
    26  0.09375176    2.551115   58.830168      -3.078636   2.145346  -1.182865
    27  0.10646346    2.897018   66.806887      -2.856897   5.424093  -0.037682
    28  0.09437190    2.567990   59.219313      -2.729310   3.964207  -2.288849
    29  0.10850634    2.952608   68.088812      -2.574263   0.725291  -0.105622
    30  0.03399990    0.925184   21.335279      -2.171379  -0.505549  -1.484663
    31  0.09900959    2.694188   62.129507      -2.153061   1.912529  -1.035093
    32  0.10736691    2.921602   67.373811      -1.909693   2.790659   3.282216
    33  0.07969728    2.168673   50.010838      -1.585957   0.437307   0.036506
    34  0.10042443    2.732688   63.017334      -1.578000   0.672879   2.990128
    35  0.06925274    1.884463   43.456789      -1.251320  -0.997765   2.090969
    36  0.09963792    2.711286   62.523792      -1.380639   0.942059   1.960774
    37  0.10927257    2.973458   68.569632      -0.722143  -2.842004  -1.027031
    38  0.05010949    1.363549   31.444205      -0.656223   0.341916   1.760006
    39  0.16683532    4.539820  104.690833      -0.588905   2.523786   1.429180
    40 -0.00395186   -0.107536   -2.479832      -0.167099  -0.489414  -3.449991
*   41 -0.00824972   -0.224486   -5.176784       0.256528  -1.708418  -3.412781
    42  0.15991119    4.351405  100.345869       0.327055   5.814288  -0.213544
    43  0.07125863    1.939046   44.715506       0.436945  -3.081831   0.889130
    44  0.05485905    1.492791   34.424600       0.535442  -2.899067   3.083965
    45  0.14908631    4.056845   93.553152       0.637841   4.669484  -2.095583
    46  0.14624400    3.979502   91.769571       0.612727   4.790373   0.641262
    47  0.07360046    2.002770   46.185027       0.662345  -0.456225   1.755631
    48  0.12461664    3.390991   78.198186       0.967414   3.524963  -1.671662
    49  0.02350339    0.639560   14.748611       1.394566  -3.501963  -1.348683
    50  0.01958505    0.532936   12.289812       1.949072   0.805173  -2.093742
    51  0.14346410    3.903857   90.025158       2.076424   0.956591   2.894313
    52  0.14008887    3.812012   87.907167       2.951607  -0.928660   1.690263
    53  0.16436970    4.472727  103.143628       2.961543   0.796082   3.818782
    54  0.07454088    2.028361   46.775149       3.084560  -2.293460  -2.154845
    55  0.07543010    2.052557   47.333141       3.643569   0.605612  -3.068509
    56  0.10254189    2.790307   64.346060       3.761285  -2.504948   0.360766
    57  0.06384492    1.737309   40.063323       3.829001  -3.375107  -3.015371
    58  0.14999980    4.081702   94.126377       4.046940   2.396508   1.834369
    59  0.10636549    2.894352   66.745406       4.298491  -2.106666   2.626278
    60  0.10967753    2.984477   68.823748       4.359053  -2.712760   1.459835
    61  0.16662336    4.534052  104.557825       4.612821   2.039014   3.038861
    62  0.12296996    3.346183   77.164878       5.224391  -2.902724   2.627381
    63  0.09207062    2.505369   57.775234       5.472007   1.199023  -2.024414
    64  0.07387922    2.010356   46.359951       5.655295  -2.618565  -3.472891
    65  0.10862099    2.955727   68.160757       5.738557  -0.786758  -0.175226
    66  0.07795954    2.121387   48.920391       5.757788   0.015741  -3.324685
    67  0.11335484    3.084542   71.131298       6.289455  -1.046947   0.817393
    68  0.12000326    3.265455   75.303245       6.324939  -1.814244  -0.270120
    69  0.10876515    2.959650   68.251219       6.355720  -0.583799   1.826381
    70  0.12395162    3.372895   77.780880       6.894877  -1.586633   1.922372
 
 Number of surface maxima:    92
   #       a.u.         eV      kcal/mol           X/Y/Z coordinate(Angstrom)
     1  0.18709089    5.091002  117.401403      -7.744339  -4.358473   0.363402
     2  0.14388467    3.915301   90.289070      -7.119970  -2.779375  -0.055910
     3  0.19011271    5.173230  119.297625      -7.129190  -1.179241  -0.580051
     4  0.14229776    3.872119   89.293265      -6.306077  -5.059389   0.625111
     5  0.11416293    3.106531   71.638380      -5.881621   0.805173   1.362530
     6  0.14807124    4.029223   92.916183      -5.484738  -0.983124  -0.554917
     7  0.19453723    5.293627  122.074058      -5.497598   2.915048  -0.033898
     8  0.16250436    4.421969  101.973111      -5.465075   2.648699   1.945831
     9  0.18564172    5.051568  116.492037      -5.227094  -6.340843   1.043319
    10  0.17280506    4.702265  108.436903      -5.321371   0.682027  -0.418173
    11  0.16368657    4.454138  102.714957      -4.830035  -0.387557   2.489354
    12  0.19194384    5.223057  120.446677      -4.832557   5.444886  -1.750491
    13  0.15117923    4.113796   94.866481      -4.662044  -3.499294  -0.758260
    14  0.15685417    4.268219   98.427560      -4.696819  -3.032970   0.766522
    15  0.15026137    4.088820   94.290513      -4.793703   4.135232  -0.800940
    16  0.19049893    5.183740  119.539985      -4.193656  -0.187278  -0.951800
    17  0.14137178    3.846922   88.712203      -4.186476   1.846581  -0.046107
    18  0.12702625    3.456560   79.710242      -4.029501   0.072948   0.564978
    19  0.14539839    3.956492   91.238946      -4.034850   2.615979   1.016076
    20  0.12756709    3.471277   80.049623      -3.935838   1.447139   2.620146
    21  0.14685500    3.996128   92.152983      -3.764912  -5.477460   0.768026
    22  0.13040840    3.548593   81.832572      -3.351638   0.309773   2.090969
    23  0.16008268    4.356071  100.453485      -3.315458   3.318765   3.149324
    24  0.15063434    4.098969   94.524554      -3.133145   5.707372  -1.754376
    25  0.14596582    3.971932   91.595013      -3.039884  -1.644862  -1.020538
    26  0.16096010    4.379947  101.004073      -2.973694   0.273386   3.813768
    27  0.15005279    4.083144   94.159628      -2.461338  -0.414235   0.892997
    28  0.17222470    4.686473  108.072724      -2.309675   4.043579   0.169897
    29  0.16406210    4.464357  102.950605      -2.270410   3.223669  -1.201723
    30  0.19864116    5.405301  124.649312      -2.157388  -5.264028   0.638750
    31  0.17803674    4.844626  111.719834      -2.113201  -3.692833   0.435323
    32  0.16392258    4.460560  102.863056      -2.018001  -2.879080  -1.444748
    33  0.17950988    4.884712  112.644244      -1.940963  -2.381181   0.986261
    34  0.11524444    3.135961   72.317037      -1.946410   1.982225   3.750564
    35  0.18535718    5.043825  116.313486      -1.879644  -3.545150   2.917443
    36  0.20553462    5.592881  128.975029      -1.646298   6.496639  -2.008831
    37  0.15146953    4.121695   95.048644      -1.455646   1.394614  -0.290328
    38  0.18567020    5.052343  116.509909      -1.383614   1.909544   1.078631
    39  0.13183251    3.587345   82.726215      -1.260051   0.176873  -0.668363
    40  0.05770415    1.570210   36.209929      -1.108969   1.605863  -3.323728
    41  0.19059881    5.186457  119.602659      -0.852803  -3.828010   0.109609
    42  0.12934277    3.519596   81.163881      -0.924559  -2.836895   1.694086
    43  0.10563498    2.874474   66.287009      -0.807911  -1.290237  -1.831334
    44  0.18365214    4.997429  115.243556      -0.618501  -0.932551   4.451354
    45  0.17196964    4.679532  107.912668      -0.686995  -0.762884   0.627359
    46  0.17966800    4.889015  112.743466      -0.645673   1.984049   2.451026
    47  0.18399795    5.006839  115.460554      -0.670211   5.567768  -1.296751
    48  0.15238217    4.146530   95.621337      -0.433280  -2.209003  -0.404609
    49  0.22546166    6.135124  141.479444      -0.060671   3.500949   0.553328
    50  0.20129967    5.477643  126.317555       0.095398   2.940233  -0.919321
    51  0.16339730    4.446267  102.533438       0.044682   5.517367   0.056153
    52  0.11931050    3.246604   74.868531       0.274674  -0.976190   2.955492
    53  0.16233353    4.417320  101.865912       0.468506   1.183262  -0.722961
    54  0.22623999    6.156303  141.967858       0.580040   6.184259  -1.613271
    55  0.12429444    3.382224   77.996007       1.007751  -0.380130  -2.012582
    56  0.04010550    1.091326   25.166604       1.140783  -3.552217  -2.797746
    57  0.16699250    4.544097  104.789466       1.227444   0.001189   0.587668
    58  0.14312305    3.894576   89.811143       1.611233  -1.311535  -0.580331
    59  0.18707364    5.090533  117.390578       1.603711   5.115442  -0.716632
*   60  0.24727307    6.728642  155.166324       1.987351   3.583354   2.884735
    61  0.22094896    6.012327  138.647682       2.166289   3.146794   1.023739
    62  0.17299203    4.707352  108.554227       2.443902  -2.491724   0.770263
    63  0.09949206    2.707317   62.432266       2.369373  -1.019083  -2.358290
    64  0.16620418    4.522646  104.294784       2.428849  -0.840382   0.048531
    65  0.21612156    5.880967  135.618438       2.506499   0.461869   1.694086
    66  0.19617120    5.338090  123.099388       3.138655   2.443825   3.332738
    67  0.24041204    6.541944  150.860958       3.071599   4.368264  -0.184452
    68  0.07983282    2.172361   50.095890       3.380985  -2.500527  -2.406162
    69  0.08591902    2.337975   53.915043       3.400891  -0.104278  -2.659550
    70  0.17765447    4.834224  111.479953       3.420299   0.052727  -0.819505
    71  0.22945387    6.243757  143.984598       3.569818   1.349997   0.946585
    72  0.16507493    4.491917  103.586170       3.893461   1.541781  -1.505532
    73  0.17533412    4.771084  110.023912       3.957582  -1.394405   1.457468
    74  0.09893390    2.692128   62.082009       4.018582  -1.188834  -3.108244
    75  0.13753690    3.742569   86.305782       4.170662  -4.093624  -1.466014
    76  0.23571587    6.414155  147.914068       4.199374   1.492573   4.384840
    77  0.12896781    3.509393   80.928592       4.365905  -2.471306  -4.198293
    78  0.13361273    3.635787   83.843326       4.483915  -0.098656  -4.212577
    79  0.12696694    3.454946   79.673024       4.635973  -2.700429  -0.753161
    80  0.16968994    4.617498  106.482131       4.778671   1.708100   2.608169
    81  0.17270205    4.699462  108.372264       5.098251  -0.385662   0.906278
    82  0.09650838    2.626127   60.559973       5.208896   1.146907  -2.803920
    83  0.08506591    2.314761   53.379711       5.337750  -3.593091  -2.811913
    84  0.10481118    2.852057   65.770063       5.354527  -1.160148  -2.787569
    85  0.13454215    3.661078   84.426542       5.458083  -1.716045  -0.982559
    86  0.21282337    5.791218  133.548793       5.466075  -0.263453   4.289793
    87  0.18453406    5.021427  115.796969       6.051316  -3.386403  -0.380782
    88  0.15623884    4.251475   98.041435       5.967038  -1.576124   3.223790
    89  0.14872881    4.047117   93.328818       6.212684  -2.843544   1.088138
    90  0.14533903    3.954876   91.201696       6.619913  -2.469576  -1.944285
    91  0.14658660    3.988824   91.984558       6.561137   0.149115  -1.871729
    92  0.19369118    5.270605  121.543151       6.818632  -2.962600   2.556614
