 Number of surface minima:    53
   #       a.u.         eV      kcal/mol           X/Y/Z coordinate(Angstrom)
     1  0.12699005    3.455575   79.687529      -6.514209   0.057127   0.599340
     2  0.13754921    3.742904   86.313503      -6.500173   2.040888  -0.209754
     3  0.12589485    3.425773   79.000280      -6.319204  -0.665045  -1.557766
     4  0.13500316    3.673623   84.715832      -6.300527   1.205752  -2.200561
     5  0.11938703    3.248686   74.916554      -5.832929   1.012761   0.511462
     6  0.11601824    3.157017   72.802606      -5.547967   0.099253  -1.968658
     7  0.11816154    3.215339   74.147548      -5.450279   0.063735   0.896415
     8  0.11609599    3.159132   72.851392      -5.192822  -0.730429  -1.626346
     9  0.12743785    3.467760   79.968522      -5.058512   2.037918   0.185022
    10  0.12125756    3.299586   76.090331      -4.797550   1.124513  -2.276576
    11  0.13352010    3.633267   83.785198      -4.133397   0.061563   1.020899
    12  0.13198333    3.591449   82.820857      -4.088911   1.988632   0.302145
    13  0.12760572    3.472328   80.073867      -3.829147  -0.827719  -1.440662
    14  0.12135440    3.302221   76.151099      -3.762842   1.127089  -2.197707
    15  0.14145305    3.849133   88.763201      -3.589698   0.977983   0.705650
    16  0.12906531    3.512046   80.989772      -3.167817  -0.003685  -1.690172
    17  0.18988058    5.166913  119.151960      -2.070918   2.921769   1.632166
    18  0.18225740    4.959476  114.368340      -1.457360   1.942616   1.175673
    19  0.18989854    5.167402  119.163234      -1.413960   3.049549   0.569297
    20  0.04428218    1.204979   27.787508      -1.173438  -4.107784  -2.373932
    21  0.05317498    1.446965   33.367834      -1.159489  -3.575283  -0.151204
    22  0.07596625    2.067147   47.669581      -1.199137  -1.373740  -2.130301
    23  0.19930482    5.423360  125.065770      -1.167246   4.334162   0.022246
    24  0.18163561    4.942556  113.978159      -1.043511   0.634777   1.853440
    25  0.08687760    2.364060   54.516563      -0.546929   0.212340  -0.875004
    26  0.18346216    4.992259  115.124341      -0.609767   3.589154   3.093316
    27  0.19164197    5.214843  120.257253      -0.383604   3.151672  -0.532458
    28  0.19295350    5.250532  121.080250       0.218265   5.041220   1.502613
    29  0.19051864    5.184276  119.552354       0.294426   2.244344  -0.765085
    30  0.17530999    4.770427  110.008773       0.267457   2.869803   2.894907
    31  0.17987236    4.894576  112.871705       0.405802   3.930024   2.235224
    32  0.05380124    1.464006   33.760814       0.640475  -2.691183  -1.991245
    33  0.20139068    5.480119  126.374664       0.555962   3.408699  -1.297316
*   34 -0.00373584   -0.101657   -2.344275       0.903392  -3.085602   2.897971
    35  0.04823063    1.312422   30.265202       0.886336  -1.246621  -2.011287
    36  0.18625315    5.068206  116.875713       1.290862   4.043449   1.296807
    37  0.02526499    0.687495   15.854037       1.541248  -0.316837   2.693353
    38  0.19634246    5.342750  123.206855       1.900001   3.188448   1.105078
    39 -0.00052526   -0.014293   -0.329605       2.380094  -2.961080   2.227605
    40  0.17220059    4.685816  108.057595       2.867037  -0.775375  -2.991038
    41  0.13934921    3.791885   87.443020       2.892641  -0.845328  -0.283864
    42  0.13616523    3.705244   85.445046       3.427287  -1.498259  -0.947501
    43  0.16490972    4.487422  103.482496       3.554194   1.193245   0.510268
    44  0.16620887    4.522773  104.297730       3.701338   0.358947  -3.040359
    45  0.17671638    4.808697  110.891297       3.818783   2.380120  -2.135618
    46  0.16749351    4.557730  105.103854       4.349353   1.412686  -2.799712
    47  0.14126517    3.844021   88.645310       4.399073  -0.713720  -0.761562
    48  0.16046788    4.366553  100.695199       4.613114   1.271239   0.114470
    49  0.17021035    4.631659  106.808697       4.781404   0.244855  -3.276401
    50  0.15293748    4.161640   95.969798       5.006612   0.217688  -0.549666
    51  0.17976674    4.891702  112.805430       5.305402   2.196754  -2.473856
    52  0.15882581    4.321870   99.664786       5.406314  -0.646981  -1.341852
    53  0.17184883    4.676245  107.836862       5.881777   1.372414  -0.601801
 
 Number of surface maxima:    53
   #       a.u.         eV      kcal/mol           X/Y/Z coordinate(Angstrom)
     1  0.19705024    5.362010  123.650996      -7.431987  -0.715855  -0.419869
     2  0.20326560    5.531138  127.551195      -7.096507   2.329049  -1.541303
     3  0.15690261    4.269537   98.457957      -6.916767   0.735955  -0.956374
     4  0.15914923    4.330671   99.867731      -5.818167  -1.364922  -0.003948
     5  0.16536978    4.499941  103.771192      -5.466113   2.743978  -1.482928
     6  0.20788641    5.656877  130.450801      -4.767637  -2.408544   0.520082
     7  0.17815748    4.847912  111.795603      -4.514160   0.879166   0.115494
     8  0.17365902    4.725502  108.972772      -4.410066   0.337431  -1.379917
     9  0.21756197    5.920162  136.522311      -4.094732   3.704302  -1.738735
    10  0.18538526    5.044590  116.331106      -3.581259  -2.958282  -2.136636
    11  0.19027021    5.177516  119.396460      -3.391597  -1.706268   0.082024
    12  0.19034701    5.179606  119.444653      -3.446789  -1.636904   0.388982
    13  0.19927009    5.422415  125.043974      -2.772414  -2.529196   0.666880
    14  0.20338393    5.534358  127.625448      -2.385450  -0.439136   1.321822
    15  0.18811223    5.118794  118.042304      -2.162388   0.604827   0.363376
    16  0.17820139    4.849106  111.823153      -2.002167   0.212340  -0.874481
    17  0.25711759    6.996525  161.343858      -2.065228   3.784286   2.828504
    18  0.24018208    6.535687  150.716658      -1.503447   2.055756  -0.831637
    19  0.22109243    6.016231  138.737712      -1.335028   2.203358   2.762654
    20  0.04970153    1.352447   31.188208      -1.208401  -2.565840   3.504789
    21  0.17635102    4.798755  110.662028      -1.256675  -2.217231  -4.252327
    22  0.21937469    5.969489  137.659812      -1.185700   4.427698   1.560766
    23  0.16505198    4.491293  103.571771      -1.045419  -1.860191   0.540064
    24  0.24440253    6.650531  153.365032      -1.024334   0.758865   3.288448
    25  0.20615629    5.609798  129.365134      -1.035501   3.804049  -0.110599
    26  0.26190613    7.126828  164.348717      -0.702990   5.603679   0.500358
    27  0.08728665    2.375191   54.773247      -0.376159  -4.103230  -1.444775
    28  0.19917143    5.419730  124.982064      -0.307710   0.412020   1.636008
    29  0.26208685    7.131746  164.462117      -0.161617   2.193574   0.503507
    30  0.17591837    4.786982  110.390535      -0.080228  -1.110603  -0.875151
    31  0.20032618    5.451153  125.706684       0.367700   0.344634   0.217803
    32  0.22803738    6.205213  143.095735       0.482495   4.653183  -0.283498
    33  0.11839948    3.221814   74.296857       0.786803  -2.943189   0.916968
    34  0.14584280    3.968584   91.517816       0.816901  -4.550255  -0.266654
    35  0.25951965    7.061889  162.851175       0.906660   2.725574   1.567756
    36  0.12301634    3.347445   77.193982       1.405264  -1.389320   1.907358
    37  0.22109302    6.016247  138.738083       1.369889   1.402989  -1.277154
    38  0.13222524    3.598032   82.972662       1.622125  -1.904369  -0.680381
*   39  0.27742042    7.548993  174.084085       1.841211   4.347022  -1.220912
    40  0.17298432    4.707143  108.549393       2.083459  -0.453313   0.235631
    41  0.19239431    5.235315  120.729354       2.335226  -0.192405  -2.547610
    42  0.25630292    6.974357  160.832646       2.370035   3.007345  -0.410098
    43  0.16983437    4.621428  106.572764       2.472155  -1.275556  -1.087624
    44  0.23337362    6.350419  146.444282       3.045873  -2.007219  -2.517240
    45  0.24995806    6.801705  156.851180       3.159592   1.145703  -1.862981
    46  0.23602641    6.422605  148.108931       3.708794   0.492701  -0.514450
    47  0.26969734    7.338838  169.237779       3.838734   3.811817   0.128245
    48  0.05730162    1.559256   35.957340       4.083371  -2.633380   0.744753
    49  0.20156987    5.484995  126.487107       4.322626  -1.010060  -2.537942
    50  0.21350314    5.809716  133.975358       4.767302   3.001494  -0.797203
    51  0.19920220    5.420567  125.001371       5.808874   1.009180  -2.134564
    52  0.23715299    6.453261  148.815874       5.949705  -0.580739  -2.798706
    53  0.24407765    6.641691  153.161165       6.275267   2.584856  -1.511761
