 Number of surface minima:    62
   #       a.u.         eV      kcal/mol           X/Y/Z coordinate(Angstrom)
     1  0.13782562    3.750426   86.486953      -6.669409   0.598495   2.782675
     2  0.12699167    3.455619   79.688546      -6.476091   2.150988   1.527459
     3  0.12360489    3.363460   77.563304      -5.899680  -1.516060   0.417051
     4  0.11998560    3.264974   75.292163      -5.995216   1.010701   1.729315
     5  0.11826182    3.218068   74.210473      -5.620892  -0.852706  -1.443296
     6  0.12686101    3.452064   79.606550      -5.583717  -4.130390   0.789539
     7  0.12992578    3.535460   81.529726      -5.482730  -0.050379   2.121145
     8  0.13148005    3.577754   82.505044      -5.590927   1.533596   4.406348
     9  0.11859890    3.227240   74.421996      -5.555621   1.718655   0.992692
    10  0.12350599    3.360769   77.501245      -5.065374  -5.187811  -0.645023
    11  0.11293673    3.073165   70.868929      -4.919506  -2.426184  -3.398376
    12  0.13113868    3.568465   82.290834      -4.706550  -0.206058  -0.009859
    13  0.11076065    3.013951   69.503418      -4.755244   2.302460   3.687309
    14  0.11484974    3.125220   72.069360      -4.597957  -4.240283  -3.114126
    15  0.13411949    3.649577   84.161320      -4.421617   1.388446   0.527041
    16  0.10909873    2.968727   68.460541      -4.333579   2.956311   3.009795
    17  0.11587626    3.153153   72.713513      -4.201650   1.240302   4.038723
    18  0.14129572    3.844852   88.664476      -3.980200   0.481599   0.848287
    19  0.11858383    3.226830   74.412539      -3.377477  -3.144938  -3.640941
    20  0.11506323    3.131030   72.203330      -3.271522   0.977496   3.650173
    21  0.11808127    3.213155   74.097176      -3.130675   2.569437   2.502111
    22  0.12140960    3.303723   76.185741      -2.674156   1.684237   2.792625
    23  0.18061089    4.914672  113.335139      -2.428324  -2.147293   0.830984
    24  0.18533686    5.043272  116.300735      -2.451417  -1.326163   0.196877
    25  0.19110630    5.200267  119.921113      -2.319122  -3.336978   1.493419
    26  0.06792801    1.848415   42.625505      -2.137973   2.358124  -2.096598
    27  0.18706569    5.090316  117.385588      -1.789945  -4.635187  -0.201673
    28  0.17442724    4.746407  109.454839      -1.772876  -3.735883  -1.170471
    29  0.18203295    4.953369  114.227498      -1.789945  -2.923311  -1.797154
    30  0.02783137    0.757330   17.464466      -1.776277   4.040507  -3.556742
    31  0.09114734    2.480245   57.195866      -1.525725   0.060077  -2.649629
    32  0.12889152    3.507317   80.880718      -1.528410   1.116007  -0.931295
    33  0.18040939    4.909189  113.208697      -1.260768  -2.386629   1.385413
    34  0.12511256    3.404486   78.509381      -1.203439   3.028069   0.419657
    35  0.17839116    4.854270  111.942235      -0.710022  -4.001642  -0.626482
    36  0.07198429    1.958792   45.170862      -0.525067   0.457148   1.260651
    37  0.01649426    0.448832   10.350310      -0.559747   4.576369  -1.155326
    38  0.17742712    4.828037  111.337290      -0.316359  -1.758304   1.219973
    39  0.19094703    5.195933  119.821172      -0.206998  -2.854284   1.845830
    40  0.18703811    5.089566  117.368283       0.169017  -3.395833  -0.813133
    41  0.01576559    0.429003    9.893065       0.348495   3.247513  -2.769038
    42  0.03385896    0.921349   21.246839       0.920116  -0.336618  -2.650113
    43  0.02101158    0.571754   13.184979       1.589539   1.515503   1.390843
*   44 -0.00516492   -0.140545   -3.241039       1.782001   4.029094  -0.470094
    45  0.15642337    4.256496   98.157229       2.443473  -1.924149  -1.264390
    46 -0.00286361   -0.077923   -1.796942       2.592065   3.125632  -1.842538
    47  0.04145033    1.127921   26.010495       2.892330   2.044680   0.841514
    48  0.17018307    4.630917  106.791577       3.260952  -2.828815   1.348914
    49  0.15383286    4.186005   96.531660       3.501611  -2.186273  -1.191047
    50  0.16094894    4.379643  100.997067       4.139918  -1.935966   1.678882
    51  0.14422439    3.924545   90.502249       4.168877  -0.332467  -0.653931
    52  0.14577694    3.966792   91.476488       4.427887  -1.262678  -0.862782
    53  0.17491022    4.759549  109.757910       4.688366  -3.107358   1.184253
    54  0.16692191    4.542176  104.745170       4.833752  -2.583034  -0.916452
    55  0.10441041    2.841152   65.518575       5.339849   0.037433   3.524618
    56  0.08210282    2.234131   51.520340       5.721037   1.250914  -1.136482
    57  0.09433216    2.566908   59.194371       6.605874   1.047603   2.702937
    58  0.10110233    2.751134   63.442724       6.808708  -0.732545   3.435246
    59  0.08593034    2.338283   53.922147       6.837084   1.789716   0.155171
    60  0.08973471    2.441806   56.309431       7.338362   0.653842  -1.130476
    61  0.10752632    2.925940   67.473839       7.820326  -2.453327   1.536092
    62  0.10440455    2.840992   65.514901       7.989343  -1.921956  -0.275363
 
 Number of surface maxima:    91
   #       a.u.         eV      kcal/mol           X/Y/Z coordinate(Angstrom)
     1  0.20208946    5.499134  126.813157      -6.817129   0.617781   4.275252
     2  0.19525521    5.313164  122.524594      -6.818749   3.368389   2.510791
     3  0.15532467    4.226599   97.467782      -6.552540   1.826805   3.217550
     4  0.18043761    4.909957  113.226404      -6.552347  -2.056287  -0.930208
     5  0.18414894    5.010947  115.555299      -6.286979  -4.172329  -0.532395
     6  0.17686309    4.812690  110.983360      -5.953380  -3.441698  -2.549246
     7  0.13690023    3.725245   85.906262      -5.494186  -0.534780  -0.070095
     8  0.16373942    4.455576  102.748125      -5.413911  -0.256344   3.912582
     9  0.15660116    4.261334   98.268795      -5.366486   3.374308   1.448312
    10  0.16290447    4.432856  102.224181      -5.285432  -2.995376  -1.227733
    11  0.15950344    4.340309  100.090001      -5.097303  -2.791764   0.318807
    12  0.14065773    3.827491   88.264132      -4.852082  -5.006473   0.644838
    13  0.14912865    4.057997   93.579717      -4.884442  -1.924149  -1.908075
    14  0.17734715    4.825861  111.287111      -4.631214   0.923237   1.652510
    15  0.15523752    4.224228   97.413098      -4.466061  -4.240093  -1.526405
    16  0.19475782    5.299630  122.212482      -4.504637  -1.362949   1.382205
    17  0.12671322    3.448042   79.513810      -4.281489  -3.361730  -3.677821
    18  0.21463175    5.840427  134.683567      -4.270791  -1.463951   4.096896
    19  0.20601226    5.605879  129.274755      -4.303573   4.028691   0.525184
    20  0.20412590    5.554548  128.091046      -4.151605  -3.628020   1.743379
    21  0.18511579    5.037257  116.162006      -4.182457   0.056768  -1.309872
    22  0.16866406    4.589582  105.838383      -3.927091   1.643580   2.896799
    23  0.17731440    4.824970  111.266557      -3.537014  -1.592805  -3.443879
    24  0.19835384    5.397482  124.469018      -3.368940  -5.502067  -0.535270
    25  0.20781158    5.654841  130.403842      -3.250858  -1.638756  -1.606208
    26  0.17751188    4.830344  111.390481      -3.274006  -0.916873   2.893113
    27  0.18847766    5.128738  118.271614      -3.356782   2.583966   0.278265
    28  0.16894017    4.597096  106.011649      -3.245770   5.091231  -1.459358
    29  0.20318476    5.528938  127.500468      -3.112888  -3.181995   0.590047
    30  0.11862307    3.227898   74.437164      -2.990416   0.072746  -2.657990
    31  0.18628871    5.069174  116.898027      -2.984697  -4.581258  -2.782719
    32  0.21780858    5.926873  136.677060      -2.962589  -0.987529  -0.794291
    33  0.20083225    5.464923  126.024246      -2.739680  -4.044725  -0.412917
    34  0.20335790    5.533650  127.609117      -2.815653   1.412907  -0.386884
    35  0.21767819    5.923325  136.595241      -2.583711  -0.655620  -0.587818
    36  0.21325148    5.802868  133.817437      -2.573092  -2.052182  -2.119564
    37  0.18217411    4.957210  114.316077      -2.551468   0.464703   0.688102
    38  0.19452522    5.293300  122.066521      -2.503642   3.499917  -0.188746
    39  0.25478991    6.933186  159.883216      -2.384487  -4.767694   1.186422
    40  0.19509765    5.308877  122.425724      -2.186828  -2.877343   1.385080
    41  0.11522226    3.135357   72.303119      -2.186828   3.499917  -1.401322
    42  0.23010650    6.261516  144.394131      -1.922239  -0.954898   2.133355
    43  0.17021424    4.631765  106.811139      -1.903059   0.869021   1.725909
    44  0.21662166    5.894575  135.932260      -1.490147  -0.157507  -0.903193
    45  0.17901164    4.871154  112.331591      -1.606156   2.493057   1.502505
    46  0.22287968    6.064865  139.859231      -1.231615  -1.638796  -2.349833
    47  0.25547408    6.951803  160.312540      -1.289924  -1.718690   0.201232
    48  0.15927123    4.333990   99.944288      -1.119671   1.147640  -3.564641
    49  0.22167221    6.032007  139.101525      -0.863487  -4.175530   1.187989
    50  0.25822365    7.026623  162.037923      -0.833001  -2.661683  -1.006350
    51  0.16037843    4.364119  100.639071      -0.893102   2.399548  -0.280120
    52  0.14162378    3.853779   88.870338      -0.610858   6.141366  -3.028452
    53  0.18598147    5.060813  116.705229      -0.189795  -0.067407  -0.113672
    54  0.07236257    1.969086   45.408236      -0.305838   4.435356  -2.898141
    55  0.14287768    3.887899   89.657175       0.238956   1.531697   0.843991
    56  0.14026191    3.816721   88.015751       0.571823   0.979028  -2.282951
*   57  0.27060933    7.363654  169.810062       0.640439  -4.173152   1.632391
    58  0.04522146    1.230539   28.376919       0.875623   4.466362   1.359101
    59  0.21144815    5.753797  132.685830       0.988235  -1.161088   1.116603
    60  0.10005311    2.722583   62.784324       0.992320   2.837050  -1.447113
    61  0.24678386    6.715330  154.859337       1.252971  -3.116381   0.394943
    62  0.16664106    4.534534  104.568932       1.645244   0.184514  -0.815527
    63  0.11644186    3.168544   73.068434       1.941347   1.673510  -0.119998
    64  0.26466150    7.201806  166.077736       2.209516  -4.396059  -0.513392
    65  0.17242142    4.691825  108.196164       2.694229   0.863453  -0.006182
    66  0.24614486    6.697942  154.458361       2.854695  -1.527266   1.086582
    67  0.20744484    5.644861  130.173712       2.826296   0.036823   1.802799
    68  0.23351441    6.354250  146.532627       3.076731  -1.140618  -0.448305
    69  0.20932096    5.695913  131.350996       3.562575  -3.776270  -0.136521
    70  0.05465045    1.487114   34.293703       3.697192   1.383208  -2.517819
    71  0.18021283    4.903841  113.085354       4.552501   0.453257   0.139910
    72  0.17914660    4.874827  112.416281       4.851903   0.361083   1.070812
    73  0.15593566    4.243225   97.851186       4.957064   1.287916   2.658320
    74  0.18401181    5.007216  115.469253       5.214914  -2.308934   1.051057
    75  0.23927391    6.510974  150.146770       5.226571  -3.769827   0.000272
    76  0.17799385    4.843459  111.692922       5.373088  -2.049710  -0.278554
    77  0.17436138    4.744614  109.413509       5.419505  -1.726297   3.303131
    78  0.14087962    3.833529   88.403369       5.367595   2.033613   0.254430
    79  0.15600720    4.245172   97.896076       6.120597  -0.226435  -1.873687
    80  0.11220692    3.053306   70.410963       6.165464   0.074162   3.592305
    81  0.18446006    5.019414  115.750535       6.251910  -3.318330   1.715599
    82  0.17791786    4.841391  111.645239       6.636404  -2.598591  -1.130266
    83  0.12375017    3.367413   77.654467       6.575268   0.727028   1.326523
    84  0.13804888    3.756501   86.627055       6.733504  -1.527266   2.036802
    85  0.09822898    2.672947   61.639669       6.808028   1.380745  -0.922359
    86  0.13185529    3.587965   82.740512       7.062584  -0.847963  -0.368558
    87  0.14069259    3.828440   88.286004       7.271761  -0.403218   1.155136
    88  0.12257949    3.335558   76.919856       7.602950  -2.946283   0.409272
    89  0.15989358    4.350926  100.334819       7.905551   0.087895   2.532601
    90  0.15506555    4.219548   97.305184       8.180473   0.744953   0.308707
    91  0.16535666    4.499584  103.762960       8.600812  -1.275211   1.019065
