 Number of surface minima:    69
   #       a.u.         eV      kcal/mol           X/Y/Z coordinate(Angstrom)
     1  0.07743867    2.107213   48.593537      -8.461800   1.754510  -0.267289
     2  0.07455441    2.028729   46.783638      -8.296700   0.758283  -0.859975
     3  0.07627197    2.075466   47.861426      -8.135579   0.481238   2.050499
     4  0.07193221    1.957375   45.138181      -8.023467  -0.614417   1.410383
     5  0.07583442    2.063559   47.586856      -7.360726   0.303358  -1.250251
     6  0.08216442    2.235808   51.558994      -7.306580   1.024804   2.246853
     7  0.07267871    1.977688   45.606616      -7.056812  -1.023671   1.041384
     8  0.09845339    2.679053   61.780487      -6.729079   1.874146  -0.369124
     9  0.07072717    1.924584   44.382009      -4.807077  -1.502877   1.256734
    10  0.16208767    4.410630  101.711635      -4.601378   2.810444  -0.995698
    11  0.14337081    3.901318   89.966618      -4.214387   1.482959  -1.022386
    12  0.17869957    4.862663  112.135769      -4.323526   3.347021   1.125501
    13  0.16097835    4.380444  101.015524      -4.150727   1.913185   1.579398
    14  0.14342691    3.902845   90.001822      -4.007354   0.487496  -0.859975
    15  0.15160926    4.125498   95.136329      -3.243359   2.337104  -1.203441
    16  0.03999800    1.088401   25.099146      -3.137222  -2.027131   0.650156
    17  0.16858904    4.587541  105.791311      -3.152282   2.810829   1.387931
    18  0.00096484    0.026255    0.605447      -2.805331  -2.940783  -1.918330
*   19 -0.00262572   -0.071449   -1.647664      -2.306011  -3.917275  -0.690235
    20  0.15655348    4.260037   98.238873      -2.279234   1.951027  -1.192636
    21  0.18110993    4.928252  113.648291      -2.203456   2.422301   1.399317
    22  0.02158407    0.587332   13.544219      -1.788364  -1.655277   1.270971
    23  0.02729491    0.742732   17.127831      -0.207691   0.183368  -2.818038
    24  0.02721759    0.740628   17.079308       0.053216   0.046985  -2.824047
    25  0.18657687    5.077015  117.078854       0.036284   3.211116  -0.596646
    26  0.17612124    4.792503  110.517839       0.317570   1.504726   1.407690
    27  0.18874363    5.135975  118.438514       0.306373   2.552456   2.059263
    28  0.08193214    2.229487   51.413235       0.371691  -0.689821   1.193700
    29  0.03653023    0.994038   22.923087       0.598354  -3.890157  -1.756155
    30  0.17740538    4.827446  111.323648       0.981104   3.766372  -0.336699
    31  0.04525551    1.231465   28.398284       1.245723  -1.514307  -2.976684
    32  0.17695864    4.815289  111.043315       1.331565   2.151393   1.721056
    33  0.12014796    3.269392   75.394047       1.666343  -1.114995  -0.727681
    34  0.07220316    1.964748   45.308204       1.674820  -0.326760  -2.424471
    35  0.19140978    5.208525  120.111550       2.051132   4.325215   0.198379
    36  0.17478129    4.756041  109.677010       2.087451   3.342041  -0.927074
    37  0.17806742    4.845461  111.739086       2.292403   2.689768  -1.507483
    38  0.04477923    1.218505   28.099412       2.519755  -3.546205  -3.291391
    39  0.12487636    3.398058   78.361162       2.551433  -1.685142   2.772545
    40  0.18810444    5.118582  118.037414       2.482110   2.945158   1.848882
    41  0.09582999    2.607667   60.134275       2.661307  -1.852630  -1.136064
    42  0.19114653    5.201362  119.946360       2.595210   0.828450   0.374451
    43  0.18273057    4.972352  114.665258       2.653460   1.886804   1.183831
    44  0.12079075    3.286884   75.797405       2.816021  -2.639901   2.789577
    45  0.11813170    3.214527   74.128825       3.380579  -0.855996   3.373442
    46  0.19249459    5.238044  120.792281       3.509683   0.966234  -1.111312
    47  0.13813349    3.758803   86.680144       3.874376  -1.372860   0.510661
    48  0.11026193    3.000380   69.190464       3.904257  -3.126637   3.365561
    49  0.12987690    3.534130   81.499055       4.011390  -2.474834   0.448201
    50  0.11767256    3.202033   73.840710       4.198802  -1.228421   3.770325
    51  0.11230331    3.055929   70.471453       4.535847  -2.460638   3.804933
    52  0.12242531    3.331362   76.823108       4.872316  -3.597677   3.638031
    53  0.13036310    3.547360   81.804148       4.814638  -0.490603   1.144558
    54  0.11779662    3.205409   73.918554       5.197319  -2.845307   1.051016
    55  0.13948809    3.795664   87.530172       5.340358   0.334593   1.781456
    56  0.10094427    2.746833   63.343537       5.306707   3.729497  -1.824239
    57  0.13241867    3.603295   83.094039       5.594202  -1.685142   4.233290
    58  0.12604136    3.429760   79.092214       5.522253  -0.831030   1.521322
    59  0.09915618    2.698177   62.221498       5.634246   1.525401  -1.995546
    60  0.11042646    3.004857   69.293710       5.576405   3.598315   0.830193
    61  0.11255669    3.062823   70.630446       5.890685   1.357627   0.660827
    62  0.12711774    3.459050   79.767653       5.992547  -3.395172   1.664476
    63  0.11942150    3.249624   74.938183       5.860409  -2.210776   1.517869
    64  0.09602170    2.612883   60.254579       6.243643   3.336797  -1.938558
    65  0.09465650    2.575734   59.397901       6.404488   2.165900  -2.027943
    66  0.13704492    3.729182   85.997057       6.646681  -1.407189   2.338820
    67  0.10283423    2.798262   64.529508       6.633018   3.201253   0.694626
    68  0.10477088    2.850961   65.744777       6.792484   2.025847   0.605817
    69  0.11653449    3.171065   73.126559       7.734154   2.833858   0.365353
 
 Number of surface maxima:    73
   #       a.u.         eV      kcal/mol           X/Y/Z coordinate(Angstrom)
     1  0.16488533    4.486758  103.467191     -10.482741   0.362234   0.760256
     2  0.12263449    3.337054   76.954370      -9.487349   1.529471   1.296284
     3  0.11735986    3.193524   73.644488      -9.281144  -0.552877   0.039520
     4  0.17436377    4.744680  109.415010      -9.090466   2.991236   2.096577
     5  0.16137321    4.391188  101.263302      -8.630253  -1.886401  -0.757829
     6  0.13120447    3.570255   82.332118      -7.267951   1.225333  -0.137663
     7  0.12927568    3.517770   81.121782      -7.097591   0.425725   1.273500
     8  0.11893622    3.236419   74.633665      -7.012234  -1.347381  -0.737462
     9  0.20736289    5.642631  130.122285      -5.808098   3.414017   1.857886
    10  0.16193219    4.406399  101.614067      -5.373661  -1.429089  -0.998919
    11  0.19194149    5.222994  120.445204      -5.121637   2.487914   0.931783
    12  0.23981248    6.525629  150.484730      -4.989343   3.959293  -0.090283
    13  0.19055265    5.185201  119.573692      -4.694612  -0.222324  -0.059072
    14  0.07433077    2.022643   46.643300      -4.339818  -1.954512   1.277695
    15  0.05634730    1.533288   35.358493      -3.670600  -1.134887  -2.715265
    16  0.20922452    5.693289  131.290478      -3.264875   3.878106  -0.062166
    17  0.20495963    5.577235  128.614219      -2.990810  -0.084173   1.673855
    18  0.23335422    6.349891  146.432105      -3.027482   1.215177  -0.498973
    19  0.24636803    6.704015  154.598403      -2.885006   1.465479   1.062703
    20  0.17332112    4.716308  108.760738      -2.708145  -0.830167  -0.137295
    21  0.11425797    3.109118   71.698021      -2.027019  -1.778853  -0.170934
    22  0.26504705    7.212297  166.319672      -1.820198   4.398709  -0.312364
    23  0.16410427    4.465504  102.977073      -1.540800  -0.094737  -0.843186
    24  0.04516703    1.229057   28.342761      -1.409195  -4.718766   0.998433
    25  0.11028131    3.000907   69.202627      -1.114186  -2.846665  -1.630970
    26  0.20839889    5.670822  130.772385      -1.025484   1.105887   1.253619
    27  0.24677856    6.715186  154.856011      -1.033490   3.020624   0.570459
    28  0.13196379    3.590917   82.808598      -0.572398  -1.104733  -2.315213
*   29  0.27057579    7.362742  169.789011      -0.491336   3.938337   1.853029
    30  0.14147625    3.849765   88.777761      -0.426770  -3.075813  -3.705884
    31  0.14804591    4.028534   92.900290      -0.429338  -1.817436   0.789554
    32  0.18454868    5.021825  115.806144       0.091631  -0.097610  -0.012420
    33  0.16382567    4.457923  102.802248       0.732873  -2.697996  -0.306064
    34  0.15638849    4.255547   98.135340       0.963901  -1.023671  -1.080983
    35  0.25705097    6.994713  161.302057       1.016044   2.468125  -0.727681
    36  0.22160943    6.030299  139.062133       1.120454   3.920210   1.438019
    37  0.08350661    2.272330   52.401232       1.255740  -3.217322  -3.318215
    38  0.18647009    5.074109  117.011844       1.154719  -2.420384   1.785911
    39  0.25613725    6.969849  160.728687       1.361261   1.489584   0.463919
    40  0.21017365    5.719116  131.886068       1.485647  -0.109749  -0.863335
    41  0.21725378    5.911776  136.328922       1.463017   1.489921  -2.120096
    42  0.19511684    5.309399  122.437767       1.718473  -4.125019   0.450170
    43  0.17359594    4.723786  108.933186       1.882038  -0.999800   1.534609
    44  0.23345660    6.352677  146.496351       2.155012   0.695858   1.389916
    45  0.17913094    4.874401  112.406454       2.430890  -0.900705   0.621544
    46  0.19232346    5.233387  120.684893       2.382254   2.410070   1.639631
    47  0.18646193    5.073887  117.006727       2.683727  -3.476652   0.788167
    48  0.25691050    6.990890  161.213911       2.660065   4.346445   1.599666
    49  0.20479519    5.572760  128.511028       2.818724   1.754144  -1.779567
    50  0.20932720    5.696083  131.354914       3.055354   3.700942  -0.078337
    51  0.11498447    3.128886   72.153903       3.228722  -0.338551  -2.292462
    52  0.22440836    6.106462  140.818490       3.221778   0.823933  -0.592487
    53  0.20558853    5.594348  129.008858       3.372018  -4.823997   1.273804
    54  0.20136010    5.479287  126.355477       3.477493   0.960744  -1.019010
    55  0.22288033    6.064882  139.859634       3.406845   5.061867  -0.198504
    56  0.18553179    5.048577  116.423051       3.750211  -4.472304  -1.116968
    57  0.16856347    4.586845  105.775264       3.783913  -1.925908   2.844265
    58  0.20948492    5.700375  131.453882       4.258067  -0.495843  -0.603996
    59  0.18711830    5.091748  117.418603       4.302265  -1.672855  -2.557371
    60  0.17539551    4.772755  110.062436       4.535847  -1.654086   1.452253
    61  0.15669000    4.263752   98.324540       4.644181  -4.236120   2.043631
    62  0.21389470    5.820371  134.221060       4.903231   1.294544   3.045771
    63  0.15301825    4.163838   96.020479       5.337015   2.554085  -1.373889
    64  0.16016222    4.358236  100.503396       5.504991   2.548276   0.241462
    65  0.16271880    4.427804  102.107676       5.784635  -0.171766   3.166993
    66  0.19549760    5.319760  122.676698       6.123379  -4.289154   2.976559
    67  0.15568100    4.236295   97.691384       6.258909  -2.609381   3.242843
    68  0.18962970    5.160087  118.994535       6.665083   5.594299  -0.456586
    69  0.20217026    5.501333  126.863861       6.936901  -1.133469   3.788642
    70  0.19162254    5.214315  120.245062       7.446322  -0.046864  -0.834948
    71  0.14138603    3.847309   88.721146       7.396973   4.127228  -0.627096
    72  0.14223666    3.870456   89.254924       7.761810   1.622215  -0.833075
    73  0.18427002    5.014242  115.631278       8.702709   3.010897  -0.859975
