 Number of surface minima:    65
   #       a.u.         eV      kcal/mol           X/Y/Z coordinate(Angstrom)
     1  0.07975294    2.170188   50.045766      -6.617468  -3.202062  -0.661405
     2  0.08022631    2.183069   50.342810      -6.305595  -4.123170  -1.407886
     3  0.07531633    2.049462   47.261750      -5.956560  -4.693271   1.452216
     4  0.08729092    2.375307   54.775927      -5.955997  -2.510719  -0.396816
     5  0.11401976    3.102635   71.548539      -6.078537   5.623574  -0.930515
     6  0.07666930    2.086278   48.110750      -5.723038  -5.625691   0.721821
     7  0.09734006    2.648758   61.081858      -5.426820   4.267182  -0.580277
     8  0.08588416    2.337027   53.893167      -5.374421  -4.250349  -1.799655
     9  0.07801931    2.123013   48.957897      -5.148536  -3.918503   1.742778
    10  0.09388989    2.554874   58.916842      -5.162231   5.487030   0.046671
    11  0.09656219    2.627591   60.593739      -5.051545   3.493777  -0.510426
    12  0.08423560    2.292167   52.858682      -4.752360  -5.616605   0.411440
    13  0.11538749    3.139853   72.406806      -4.756385   6.149644  -2.650033
    14  0.09290448    2.528059   58.298491      -4.356352   5.364937   0.667699
    15  0.12372752    3.366797   77.640257      -4.304750  -0.466213  -0.200807
    16  0.10410035    2.832715   65.324011      -3.971582   3.424570   0.318904
    17  0.09942469    2.705483   62.389989      -3.839288   4.957853  -2.583005
    18  0.10249399    2.789003   64.316001      -3.713497   4.314334   0.821870
    19  0.12850761    3.496870   80.639812      -3.550865  -0.709603  -2.214127
    20  0.09652606    2.626608   60.571071      -3.570025   6.149978  -1.971600
    21  0.09889507    2.691072   62.057643      -3.380003   4.094195  -2.513525
    22  0.09700843    2.639734   60.873757      -2.727585   6.069555  -1.322876
    23  0.11764778    3.201359   73.825156      -2.539698  -0.346006   0.600711
    24  0.10936438    2.975956   68.627240      -2.384051   4.072308  -1.679244
    25  0.15421179    4.196316   96.769441      -2.270455  -2.869748  -1.592653
    26  0.13019923    3.542901   81.701318      -2.232214  -2.170659   0.952321
    27  0.06501215    1.769071   40.795777      -2.300324   1.364705   0.912831
    28  0.13110589    3.567573   82.270257      -1.999347  -3.248689   1.171383
    29  0.10800476    2.938959   67.774069      -2.044103   4.957853  -1.115222
    30  0.15131111    4.117385   94.949232      -1.821706  -3.747808  -1.411456
    31  0.05969248    1.624315   37.457630      -1.860746   1.384794  -0.795749
    32  0.14836154    4.037123   93.098351      -1.852332  -4.564572   1.195631
    33  0.16516100    4.494259  103.640177      -1.580820  -5.081952  -0.920521
    34  0.13518250    3.678503   84.828370      -0.835899  -3.521683   1.261983
    35 -0.00265836   -0.072338   -1.668149      -0.907271   0.744517   3.449051
    36  0.15581137    4.239843   97.773192      -0.796213  -4.037766  -1.322853
    37  0.09544839    2.597283   59.894820      -0.617058   3.800207  -1.165323
    38  0.04654578    1.266575   29.207944      -0.254058   0.341071  -1.827895
*   39 -0.00740913   -0.201613   -4.649301      -0.002753   1.713723   3.635241
    40  0.13818694    3.760258   86.713685       0.003361  -2.840276   1.191261
    41  0.05981493    1.627647   37.534469       0.303612   1.933620  -1.810277
    42  0.08161999    2.220993   51.217361       0.394130   4.092396   0.060670
    43  0.01520820    0.413836    9.543298       1.296370  -0.476880   2.608001
    44  0.04802107    1.306720   30.133699       1.681737   2.967593   0.380969
    45  0.02272230    0.618305   14.258467       1.659698   3.445241   1.852187
    46  0.15782395    4.294608   99.036104       1.849367  -1.319170  -1.719759
    47  0.05260431    1.431436   33.009728       1.868882   3.777230  -2.123430
    48  0.08229150    2.239266   51.638738       2.643133   1.043120   2.170872
    49  0.15471372    4.209974   97.084407       2.912476  -1.399385  -2.101882
    50  0.15661726    4.261772   98.278900       3.569193  -3.179942  -0.264522
    51  0.15413823    4.194315   96.723282       3.855003  -0.698054  -1.726583
    52  0.15432489    4.199394   96.840411       3.804220   0.139772  -0.925993
    53  0.10626624    2.891652   66.683131       4.022989   2.104292   1.088500
    54  0.16794819    4.570103  105.389171       4.230678  -1.781263  -2.522104
    55  0.15702701    4.272922   98.536018       4.240922  -1.641293   0.945014
    56  0.15053364    4.096229   94.461366       4.494127  -2.447782   0.130081
    57  0.11543336    3.141101   72.435587       4.641450   1.127860   2.384019
    58  0.16139457    4.391770  101.276709       4.794522  -3.112099  -0.891313
    59  0.08435088    2.295304   52.931019       6.876551   0.922413  -1.521782
    60  0.08591328    2.337819   53.911444       7.141139   0.781703   0.690034
    61  0.08439855    2.296601   52.960933       7.632527  -1.845699   0.516749
    62  0.07879863    2.144220   49.446927       7.913302   1.089053  -1.065724
    63  0.07836338    2.132376   49.173803       7.941215   0.987822   0.134746
    64  0.07898764    2.149363   49.565535       8.499379  -1.611874  -0.104857
    65  0.07951167    2.163623   49.894371       8.478638  -1.506256  -1.311962
 
 Number of surface maxima:    80
   #       a.u.         eV      kcal/mol           X/Y/Z coordinate(Angstrom)
     1  0.16672814    4.536903  104.623577      -8.239266  -5.103204   0.241794
     2  0.12188087    3.316547   76.481464      -7.473194  -3.773571   0.793833
     3  0.16950588    4.612490  106.366635      -7.281981  -2.448642   1.861199
     4  0.12333889    3.356222   77.396384      -6.864051  -5.747006  -0.650854
     5  0.18354273    4.994452  115.174897      -6.204099   6.423143  -2.232503
     6  0.17340968    4.718717  108.816311      -5.941234  -6.764218  -1.687872
     7  0.12976327    3.531038   81.427748      -5.705673  -2.120280   1.429518
     8  0.18866869    5.133936  118.391488      -5.761369   3.168066  -2.980369
     9  0.14112068    3.840089   88.554636      -5.716540   4.817315  -2.424249
    10  0.13308215    3.621349   83.510379      -5.294559  -3.508786  -0.661427
    11  0.13762728    3.745029   86.362492      -5.040588   6.831897  -1.179964
    12  0.13111405    3.567795   82.275379      -4.953585  -4.490985   0.605596
    13  0.18676325    5.082087  117.195809      -4.691394  -1.404827  -1.487304
    14  0.14824803    4.034034   93.027119      -4.454531   2.622784  -2.070413
    15  0.17796145    4.842577  111.672591      -4.261755  -1.316026   1.531552
    16  0.14800423    4.027400   92.874137      -4.243298   4.436136  -0.247130
    17  0.18077266    4.919074  113.436653      -4.229081   7.872877  -0.126119
    18  0.14660196    3.989242   91.994193      -3.845244   0.224392  -1.302763
    19  0.17512571    4.765413  109.893136      -3.543914   0.513044   0.450147
    20  0.17908239    4.873080  112.375988      -3.455546  -2.028125   0.137834
    21  0.20144725    5.481658  126.410162      -3.432294   1.524533  -1.576855
    22  0.17053165    4.640402  107.010314      -3.201057  -2.329718  -1.238241
    23  0.15067166    4.099984   94.547971      -3.255818   4.842833  -1.455170
    24  0.19977448    5.436140  125.360484      -2.913530  -5.621698  -1.849902
    25  0.14960717    4.071018   93.879994      -2.925442   2.553278  -0.007396
    26  0.14038838    3.820162   88.095113      -3.011674   6.721215   0.415858
    27  0.18054800    4.912961  113.295675      -2.601841  -4.535548  -0.772003
    28  0.06239531    1.697863   39.153680      -2.546002  -0.748092   2.773906
    29  0.19123927    5.203885  120.004553      -2.446443   0.327552  -2.311328
    30  0.16726912    4.551624  104.963047      -2.384051   3.076622   1.403917
    31  0.15261909    4.152977   95.770008      -2.113776   2.833544  -0.926874
    32  0.22433644    6.104505  140.773357      -1.702096  -5.862254   0.282843
    33  0.16465059    4.480370  103.319889      -1.748141  -0.475510   0.111312
    34  0.18997485    5.169479  119.211119      -1.765278   6.121419   1.288221
    35  0.16813001    4.575050  105.503262      -1.666893   4.748951   0.817756
    36  0.16867607    4.589909  105.845923      -1.431112  -4.680313  -1.153858
    37  0.18407020    5.008805  115.505891      -1.566381  -1.123831  -1.590536
    38  0.14518387    3.950654   91.104331      -1.483653   0.584335   0.379138
    39  0.20824425    5.666614  130.675350      -1.030080  -2.561910   0.567321
    40  0.15132799    4.117844   94.959827      -1.129225   3.337527  -0.793699
    41  0.22519676    6.127915  141.313219      -1.017198  -2.828476  -1.001339
    42  0.12106361    3.294308   75.968624      -0.981787   1.994405   1.666919
    43  0.17938382    4.881282  112.565140      -0.829295   4.556546   1.440049
    44  0.13823706    3.761622   86.745139      -0.551513   1.376373  -0.695698
    45  0.17810317    4.846434  111.761519      -0.421077   4.679122  -2.823581
    46  0.19261064    5.241202  120.865103      -0.236934  -5.036564   0.132361
    47  0.16342412    4.446997  102.550272      -0.259799  -0.731642   0.796204
    48  0.16483143    4.485291  103.433373      -0.075833  -0.863096   0.720753
    49  0.16487060    4.486357  103.457948      -0.096278   2.615325   0.548462
    50  0.19633652    5.342588  123.203129       0.419977  -1.656862  -1.406389
    51  0.11829449    3.218957   74.230973       0.462547   0.528264   2.249070
    52  0.18396276    5.005881  115.438474       1.160840   0.188327  -0.168833
    53  0.04357719    1.185796   27.345124       1.159976   3.439919   3.377023
    54  0.22393760    6.093652  140.523083       1.317537  -3.389174  -0.677023
    55  0.24695570    6.720006  154.967174       1.367566  -4.831925   0.155312
    56  0.17034794    4.635403  106.895036       1.386061   5.817490  -0.463239
*   57  0.25269334    6.876136  158.567599       1.872249  -3.892779  -2.227491
    58  0.18100304    4.925343  113.581221       2.352682   0.555785   0.254639
    59  0.20129541    5.477527  126.314883       2.521316   0.737979  -1.177366
    60  0.22717914    6.181859  142.557180       2.801618  -0.950705  -0.925993
    61  0.14556811    3.961110   91.345446       2.665674   2.171711   0.933345
    62  0.22673121    6.169670  142.276099       3.040016  -1.995770   0.264656
    63  0.19959596    5.431282  125.248464       3.323043  -3.231453  -2.090463
    64  0.17761393    4.833121  111.454515       3.359936  -1.204647   1.510636
    65  0.17619306    4.794457  110.562908       3.802287   0.062964   3.110350
    66  0.11997142    3.264588   75.283267       4.239755   1.663491   2.124212
    67  0.16963922    4.616118  106.450308       4.543199   0.375498  -0.104559
    68  0.18690253    5.085877  117.283209       4.861894  -0.606038   0.912984
    69  0.18318233    4.984645  114.948746       4.911559  -1.237881  -1.822551
    70  0.23048045    6.271692  144.628786       5.034036  -2.989736  -2.386327
    71  0.19947692    5.428043  125.173765       5.354631  -0.665189  -3.241678
    72  0.17724319    4.823032  111.221873       5.476908   1.441501   0.956019
    73  0.19333635    5.260949  121.320490       5.709659  -0.983869   2.375754
    74  0.13380061    3.640900   83.961221       7.020537   0.318501  -0.392140
    75  0.13469024    3.665108   84.519475       7.263902  -1.289444  -0.544067
    76  0.17379184    4.729116  109.056118       8.584974   0.073887  -3.417467
    77  0.17098578    4.652760  107.295289       8.895924  -0.445089   2.260124
    78  0.12378019    3.368230   77.673310       9.197891   0.036323  -1.852053
    79  0.12260588    3.336276   76.936419       9.350811  -0.211226   0.639777
    80  0.16690403    4.541690  104.733946      10.381740   0.128502  -0.628769
