 Number of surface minima:    57
   #       a.u.         eV      kcal/mol           X/Y/Z coordinate(Angstrom)
     1  0.11469169    3.120920   71.970183      -7.605954  -0.359082   2.170862
     2  0.11884072    3.233820   74.573741      -7.268629   1.779682   1.747825
     3  0.09458477    2.573782   59.352887      -6.859875  -0.940095   1.115836
     4  0.10112909    2.751862   63.459512      -6.503885   1.636589   0.583330
     5  0.09388053    2.554619   58.910969      -6.337759  -1.203378   0.319310
     6  0.09583463    2.607793   60.137191      -6.174025  -0.766752   2.328825
     7  0.10279478    2.797188   64.504753      -5.963314   1.380756  -0.225478
     8  0.10306144    2.804444   64.672081      -5.757516   1.753945   1.641684
     9  0.09135508    2.485898   57.326227      -5.143969  -0.936846   2.310414
    10  0.10240265    2.786518   64.258688      -5.042384  -1.384436   0.306790
    11  0.11442865    3.113762   71.805125      -4.746889   1.179906  -0.203230
    12  0.10193501    2.773793   63.965239      -4.781730   1.651692   1.759332
    13  0.10020041    2.726592   62.876761      -4.504822  -1.214859   1.399125
    14  0.11371747    3.094410   71.358852      -4.217151   1.303990   0.716448
    15  0.10973901    2.986150   68.862325      -3.803295  -0.900555   2.435450
    16  0.12079564    3.287017   75.800473      -2.770622  -0.213445   1.582291
    17  0.09382885    2.553213   58.878541      -2.533436   1.565775  -0.523459
    18  0.13968656    3.801065   87.654713      -2.392408  -0.028541  -1.642926
    19  0.03335405    0.907610   20.929998      -1.778615  -0.947817   1.443043
    20  0.06353135    1.728776   39.866560      -1.712268   2.491835  -3.051292
    21  0.05402900    1.470204   33.903739      -1.512936   0.177575  -2.789285
*   22 -0.00191187   -0.052025   -1.199719      -1.033766  -3.559264  -1.268790
    23  0.12710203    3.458622   79.757796      -0.807970   1.425601  -0.510296
    24  0.00309733    0.084283    1.943607      -0.733590  -3.541085   0.106770
    25  0.01300710    0.353941    8.162084      -0.633301  -1.736965  -3.521605
    26  0.10209482    2.778141   64.065521      -0.064093   2.094952  -1.766739
    27  0.17899796    4.870782  112.323008      -0.001637   2.753359   1.627807
    28  0.03131727    0.852186   19.651900       0.423668  -0.286345   1.943629
    29  0.15596795    4.244104   97.871448       0.517073   2.880300  -1.038904
    30  0.17049759    4.639475  106.988942       0.694920   4.236660  -1.098000
    31  0.17520820    4.767658  109.944896       1.224494   4.627526   1.016432
    32  0.16944330    4.610787  106.327366       1.240494   3.444687   1.433561
    33  0.02788930    0.758906   17.500812       1.370901  -1.707752  -2.310643
    34  0.15844340    4.311464   99.424819       1.583497   3.413140  -1.421305
    35  0.16683715    4.539870  104.691978       2.318630   3.974613   1.042282
    36  0.12795836    3.481924   80.295150       2.500056  -2.940679   0.869575
    37  0.14917928    4.059375   93.611491       2.521150  -0.683228   1.563915
    38  0.16421090    4.468406  103.043983       2.493133   1.422312  -1.317236
    39  0.16585146    4.513048  104.073448       2.516221   2.622130  -1.535007
    40  0.17577663    4.783125  110.301592       2.685697   4.109542  -1.620553
    41  0.18842434    5.127287  118.238160       3.078014   2.151925   1.169480
    42  0.15790369    4.296778   99.086144       3.182621  -2.869072  -1.734808
    43  0.17896815    4.869971  112.304302       3.165033   3.146187   0.950010
    44  0.13880807    3.777160   87.103453       3.314916  -2.667643   1.705856
    45  0.15007371    4.083713   94.172754       3.337251  -1.595710   2.026560
    46  0.18087105    4.921752  113.498394       3.284955   4.541762   0.384254
    47  0.14911655    4.057668   93.572129       3.985967   0.905858   3.373879
    48  0.15486347    4.214049   97.178378       4.373270  -2.565842  -0.932076
    49  0.16039903    4.364680  100.651997       4.988887  -3.354925  -0.342730
    50  0.15148179    4.122029   95.056338       5.137396   1.559027  -1.971413
    51  0.16425386    4.469575  103.070938       5.139533   1.898432   2.238930
    52  0.15607518    4.247022   97.938736       5.182551  -2.133495  -0.086062
    53  0.18565866    5.052029  116.502668       5.563919   0.144393   1.014068
    54  0.15583852    4.240582   97.790227       5.747803   3.072602  -0.977225
    55  0.17213299    4.683977  108.015175       5.888152  -1.974896   0.980213
    56  0.15292568    4.161319   95.962395       5.892755   0.539137   2.896581
    57  0.16436666    4.472644  103.141720       5.976155   1.571238  -0.334906
 
 Number of surface maxima:    64
   #       a.u.         eV      kcal/mol           X/Y/Z coordinate(Angstrom)
     1  0.18401403    5.007276  115.470643      -8.245868   0.229294  -0.765220
     2  0.18518045    5.039016  116.202583      -8.311867   0.911064   2.441509
     3  0.14014981    3.813670   87.945410      -7.915182   0.644619   0.849165
     4  0.14137492    3.847007   88.714178      -6.739451   0.837614   3.030232
     5  0.12106458    3.294335   75.969233      -6.871124   1.830297   1.641972
     6  0.14493379    3.943849   90.947399      -6.659783  -0.047547  -1.189122
     7  0.14879332    4.048872   93.369299      -5.565589  -0.588660   1.112507
     8  0.18588692    5.058240  116.645899      -5.524579   0.922939   4.187583
     9  0.19609802    5.336099  123.053469      -5.392073  -0.553952  -2.196087
    10  0.15431737    4.199189   96.835693      -5.316732   0.972104   0.847919
    11  0.14229359    3.872006   89.290652      -4.208641   0.522041   3.122164
    12  0.17593181    4.787348  110.398971      -4.126825  -0.158434  -1.291590
    13  0.18817989    5.120635  118.084762      -4.136750   1.950370  -2.618392
    14  0.18875475    5.136278  118.445491      -3.403538  -0.654711  -2.147302
    15  0.16711578    4.547452  104.866826      -3.270994  -1.679840  -0.210436
    16  0.14330329    3.899481   89.924245      -3.167505  -0.762032   1.112507
    17  0.15528773    4.225594   97.444604      -2.976419   0.566212   0.642121
    18  0.16030677    4.362169  100.594101      -2.841552   0.833374  -0.312308
    19  0.18551958    5.048244  116.415392      -2.719502   0.267445   2.751159
    20  0.20462185    5.568044  128.402258      -2.270996   3.932432  -0.765334
    21  0.16420290    4.468188  103.038962      -1.833683  -0.541648  -1.254051
    22  0.03845975    1.046543   24.133877      -1.607582  -3.128195  -3.184580
    23  0.11763933    3.201129   73.819854      -1.451861  -1.874540  -0.333923
    24  0.15086431    4.105227   94.668865      -1.292510   2.638425  -0.983258
*   25  0.25117217    6.834742  157.613046      -1.178173   2.758196   0.848946
    26  0.16088758    4.377974  100.958563      -0.918502   0.580094  -0.103707
    27  0.13966337    3.800434   87.640164      -0.669768  -0.688785   0.956140
    28  0.11237928    3.057996   70.519123      -0.542735   1.956338  -2.717574
    29  0.18440019    5.017784  115.712964      -0.278805   1.514925   0.044101
    30  0.21419127    5.828441  134.407167      -0.124736   3.748719   0.419720
    31  0.14802944    4.028086   92.889951       0.249181  -0.822353  -2.094041
    32  0.05978925    1.626948   37.518355       0.417230  -3.442505   1.902310
    33  0.19163289    5.214596  120.251553       0.404441   1.962658   1.559245
    34  0.12097488    3.291894   75.912948       0.536735  -2.185571  -0.892297
    35  0.24611452    6.697117  154.439324       0.536735   5.358959  -0.100710
    36  0.18692998    5.086623  117.300432       0.863092   0.569189  -0.739613
    37  0.17983319    4.893510  112.847127       0.819232   0.914021  -3.117555
    38  0.16561316    4.506563  103.923915       1.193905  -1.062868   0.316979
    39  0.15650923    4.258833   98.211104       1.553729  -2.278521  -0.501049
    40  0.23470302    6.386594  147.278493       1.633182   2.257152  -0.689610
    41  0.24421831    6.645518  153.249430       2.020290   2.501566   0.864498
    42  0.20346528    5.536572  127.676496       2.109673   4.848957  -0.349448
    43  0.21686853    5.901293  136.087168       2.267515  -3.709402  -1.524553
    44  0.21769374    5.923748  136.605000       2.918033  -1.640412   0.925306
    45  0.17669211    4.808037  110.876066       3.091993  -1.970125  -1.612891
    46  0.21315878    5.800345  133.759268       3.014187   0.891880   1.452363
    47  0.18946430    5.155586  118.890741       3.420432  -3.766076  -0.483110
    48  0.22796548    6.203256  143.050615       3.568761   2.118175   2.181289
    49  0.21488200    5.847237  134.840604       3.711799   0.669237  -0.676400
    50  0.24562107    6.683689  154.129681       3.680498   4.991355  -0.876753
    51  0.23566396    6.412742  147.881490       3.993718  -1.334630  -0.223998
    52  0.23766758    6.467264  149.138783       3.932444   1.027762   0.557889
    53  0.21241784    5.780183  133.294319       4.165898   3.475112  -0.578285
    54  0.22816449    6.208671  143.175497       4.646523  -4.527657   0.587525
    55  0.21221195    5.774581  133.165123       4.922883  -0.286345   3.802455
    56  0.21663394    5.894909  135.939964       4.872343   3.153307  -2.255030
    57  0.22585020    6.145696  141.723259       5.204023   0.289213  -0.977059
    58  0.19037740    5.180432  119.463722       5.206119  -3.064526   1.283884
    59  0.16882520    4.593967  105.939500       5.223521   1.489965   2.888818
    60  0.20571180    5.597703  129.086211       5.365485  -0.749368   2.011351
    61  0.22732678    6.185876  142.649827       5.799810   2.750814   0.701167
    62  0.23722926    6.455337  148.863735       5.910457  -2.165441   2.517400
    63  0.16995252    4.624643  106.646903       5.991136   1.986307  -0.982801
    64  0.22576426    6.143358  141.669334       6.290528   1.140439   1.377096
