 Number of surface minima:    55
   #       a.u.         eV      kcal/mol           X/Y/Z coordinate(Angstrom)
     1  0.14237879    3.874324   89.344113      -7.400131  -1.378233  -2.239467
     2  0.13139979    3.575570   82.454683      -6.849800  -1.725136  -1.033576
     3  0.12904157    3.511400   80.974877      -6.486565  -0.610955  -1.546547
     4  0.12123320    3.298923   76.075046      -6.317682  -2.245658   0.012983
     5  0.14133639    3.845959   88.689998      -5.959553  -2.395697  -3.596081
     6  0.12988375    3.534317   81.503351      -5.223529  -3.104207  -2.552454
     7  0.12621723    3.434545   79.202572      -4.886540  -1.989287  -3.184706
     8  0.11959520    3.254351   75.047182      -4.754245  -3.644167  -1.637177
     9  0.17013610    4.629639  106.762102      -3.706718   0.950949   0.058389
    10  0.15919736    4.331980   99.897934      -3.034419  -0.840568  -2.140935
    11  0.18656374    5.076657  117.070611      -2.895438   3.323464  -1.015751
    12  0.14729794    4.008181   92.430930      -1.976065  -0.202848  -1.635510
    13  0.17158295    4.669009  107.670015      -1.848265   2.530095  -1.422310
    14  0.05264195    1.432460   33.033348      -1.593680  -2.244278   2.538477
    15  0.13460952    3.662911   84.468819      -1.596656   2.126887   1.219796
    16  0.12688262    3.452652   79.620111      -1.604081   6.084637  -1.067040
    17  0.14796424    4.026312   92.849038      -1.513929   3.318320   1.289441
    18  0.14013334    3.813222   87.935069      -1.533016   7.315177  -0.714062
    19  0.00590525    0.160690    3.705601      -1.346057  -0.782803   2.750027
    20  0.11906609    3.239953   74.715165      -1.340479   5.820635   1.578552
    21  0.13594735    3.699316   85.308322      -1.293163   7.046816   1.490867
    22  0.13051000    3.551358   81.896331      -0.483018   6.526662  -1.105645
    23  0.06779975    1.844925   42.545023      -0.321602  -1.444275  -1.400563
    24  0.12384161    3.369901   77.711846      -0.133712   6.224335   1.472581
    25  0.05559259    1.512751   34.884908       0.027564  -0.353904  -1.541172
    26  0.05235491    1.424650   32.853232       0.327328  -3.903477  -2.189814
    27  0.12210547    3.322659   76.622402       0.662189   5.960711  -1.301597
    28  0.13619441    3.706038   85.463353       0.829659   7.068538  -0.978838
    29  0.11386314    3.098374   71.450259       0.913496   5.557838   1.320675
    30  0.03707260    1.008797   23.263424       1.065466  -3.291368   0.169330
*   31 -0.02255649   -0.613793  -14.154423       1.178520  -1.489546   3.824802
    32 -0.01306367   -0.355480   -8.197582       1.301613  -0.176487   3.605485
    33  0.09776615    2.660352   61.349236       1.570591  -1.487669  -2.095105
    34  0.09871251    2.686104   61.943088       1.729781   0.543579  -0.362335
    35  0.09596119    2.611237   60.216609       2.368707  -2.640233  -1.301914
    36  0.08972716    2.441600   56.304690       2.623858   1.730788   0.759917
    37  0.12589988    3.425910   79.003432       2.654236   3.318320  -1.737945
    38  0.00569510    0.154972    3.573734       2.764736  -1.708864   1.703502
    39  0.09875336    2.687216   61.968719       3.774514  -1.841158   1.091893
    40  0.09872909    2.686555   61.953491       4.347058  -2.815364  -0.637925
    41  0.10682287    2.906798   67.032419       4.364691  -2.371065  -1.689929
    42  0.09779051    2.661015   61.364520       4.495324  -3.165263   0.687808
    43  0.09725560    2.646459   61.028862       5.127796  -1.247061   1.478382
    44  0.09821316    2.672516   61.629740       5.175470  -0.506449   0.308587
    45  0.10855685    2.953982   68.120511       5.170928  -0.120443  -0.627278
    46  0.09766942    2.657720   61.288538       5.372148  -2.370335  -2.540322
    47  0.08549540    2.326448   53.649219       5.496915  -3.364191  -0.298846
    48  0.09442761    2.569506   59.254272       6.203407  -2.769854  -2.227306
    49  0.09869810    2.685712   61.934044       6.194504  -0.058336  -1.490997
    50  0.09101109    2.476538   57.110370       6.240161  -3.293750  -1.022894
    51  0.08510891    2.315931   53.406694       6.262528  -1.032102   0.728902
    52  0.09497772    2.584475   59.599467       6.992671  -0.446647  -1.217837
    53  0.09123092    2.482520   57.248313       7.083684  -0.983656  -0.035019
    54  0.11111034    3.023466   69.722849       7.539785  -3.178129  -1.693319
    55  0.11133024    3.029450   69.860839       8.145316  -1.244967  -0.825508
 
 Number of surface maxima:    64
   #       a.u.         eV      kcal/mol           X/Y/Z coordinate(Angstrom)
     1  0.20985553    5.710459  131.686445      -7.393212  -1.969238  -3.667747
     2  0.20461054    5.567736  128.395158      -7.207285  -4.294198  -1.391780
     3  0.16574253    4.510084  104.005094      -7.037009  -2.950882  -2.375031
     4  0.17420326    4.740312  109.314290      -6.170726  -0.762327  -3.367357
     5  0.16415904    4.466995  103.011442      -5.917893  -3.947817  -0.359095
     6  0.19414318    5.282905  121.826788      -5.548011  -1.390518  -0.838765
     7  0.23085169    6.281794  144.861742      -5.308257   0.623350  -3.538408
     8  0.20659249    5.621668  129.638853      -4.877649  -4.227487   0.845133
     9  0.19203627    5.225573  120.504680      -4.566524  -2.182614  -1.763155
    10  0.18920791    5.148609  118.729857      -4.357362  -2.342080   1.007253
    11  0.21394572    5.821759  134.253078      -4.322964   0.547352  -2.333562
    12  0.25630774    6.974488  160.835671      -3.904895   3.096948   0.068468
    13  0.22577000    6.143514  141.672932      -3.697219   5.438544   0.438359
    14  0.24173277    6.577883  151.689731      -3.628890  -0.253626   0.165833
    15  0.19088094    5.194134  119.779698      -3.545524  -3.022225   0.315162
    16  0.18235148    4.962036  114.427375      -3.431302  -0.937982   1.692629
*   17  0.26112895    7.105680  163.861026      -3.462063   1.804354  -2.480053
    18  0.22307518    6.070184  139.981905      -2.927778   1.863083  -0.782892
    19  0.16698036    4.543767  104.781846      -2.778712  -3.671259   2.925456
    20  0.22209860    6.043610  139.369094      -2.769831   1.802085  -1.085813
    21  0.20902932    5.687977  131.167986      -2.875200   4.102420   0.046216
    22  0.23679498    6.443519  148.591217      -2.706472  -1.047392  -0.760227
    23  0.16990797    4.623431  106.618952      -2.473686   6.615850   0.448490
    24  0.20659913    5.621848  129.643019      -1.744376   8.168113   0.553727
    25  0.18595062    5.059974  116.685871      -1.681652  -1.973452   0.709525
    26  0.17918023    4.875742  112.437385      -1.498992  -3.305112   0.131140
    27  0.20033639    5.451430  125.713089      -1.159616   1.111618  -1.379398
    28  0.17493715    4.760282  109.774809      -0.917711  -0.628433  -0.049587
    29  0.24424841    6.646337  153.268318      -0.674189   2.776376  -0.937437
    30  0.22572018    6.142158  141.641667      -0.491695   2.666423   0.610947
    31  0.19196089    5.223522  120.457379      -0.507858   5.187516  -0.727119
    32  0.18609989    5.064036  116.779545      -0.377114   5.047533   0.843192
    33  0.16246461    4.420887  101.948168      -0.228482   0.719878   0.874748
    34  0.16280641    4.430188  102.162651      -0.296111   7.680654   0.272539
    35  0.10987812    2.989936   68.949619      -0.099631  -0.632057   2.444540
    36  0.02551803    0.694381   16.012821       0.802693  -3.548814   3.616068
    37  0.20177829    5.490666  126.617894       0.923630   1.710905  -1.337667
    38  0.18618163    5.066260  116.830835       1.084394  -2.105747  -4.028078
    39  0.18953717    5.157569  118.936470       1.198998  -0.946648  -0.429258
    40  0.17240034    4.691252  108.182936       1.253039   1.466200   0.352168
    41  0.10086240    2.744606   63.292166       1.463587  -2.273265   0.809046
    42  0.19596561    5.332495  122.970378       1.400180   3.715203  -1.024816
    43  0.20368682    5.542600  127.815519       1.408090   7.893124   0.138043
    44  0.05617474    1.528593   35.250214       1.503495   2.047586   2.966903
    45  0.14081667    3.831817   88.363871       1.658258   0.205634   0.562716
    46  0.18966031    5.160919  119.013741       1.656880   3.744523   0.226831
    47  0.09659570    2.628503   60.614766       1.819432  -1.061613   2.008180
    48  0.16430837    4.471058  103.105146       1.836401   6.223017  -0.115318
    49  0.21005273    5.715825  131.810187       2.273030   0.030431  -1.925420
    50  0.15242062    4.147576   95.645460       2.640826  -2.107032  -0.899634
    51  0.17331149    4.716046  108.754696       2.911732  -4.086634  -2.217284
    52  0.21039140    5.725041  132.022707       2.793754   5.041054  -0.365275
    53  0.18006580    4.899840  112.993090       3.345576   0.284409  -0.334519
    54  0.19756703    5.376072  123.975288       3.712590   2.175398  -0.844795
    55  0.20881807    5.682229  131.035430       3.888539  -0.094671  -3.230164
    56  0.15638136    4.255353   98.130865       4.506356  -2.399754   1.966350
    57  0.14618876    3.977998   91.734908       5.460948  -2.329394  -1.266936
    58  0.12408526    3.376532   77.864743       5.934754  -2.634924   1.303344
    59  0.14548387    3.958818   91.292586       5.943374  -0.945833  -0.634695
    60  0.18661894    5.078160  117.105252       7.019948  -0.884686  -3.881307
    61  0.17178246    4.674438  107.795211       7.495048  -3.164101   1.302404
    62  0.13823208    3.761486   86.742011       7.675036  -1.575830  -2.481267
    63  0.13243736    3.603804   83.105765       7.878603  -2.634924  -0.298455
    64  0.18047107    4.910868  113.247403       8.819795  -2.384576  -1.581205
