 Number of surface minima:    67
   #       a.u.         eV      kcal/mol           X/Y/Z coordinate(Angstrom)
     1  0.11522449    3.135418   72.304517      -6.257755  -0.037655   2.312388
     2  0.12604284    3.429800   79.093142      -5.934854  -1.274580   2.279107
     3  0.13570337    3.692677   85.155224      -5.657929  -2.588511   2.530696
     4  0.12133918    3.301807   76.141547      -5.225940  -1.920464   1.627299
     5  0.14298055    3.890699   89.721727      -4.883671   1.360543   0.647032
     6  0.12150245    3.306250   76.244000      -4.689526  -3.360620  -0.457029
     7  0.12649374    3.442070   79.376087      -4.498263  -4.500141  -1.018697
     8  0.10906942    2.967930   68.442150      -4.326312   0.322142   4.126610
     9  0.13223433    3.598279   82.978364      -4.236516   2.080642  -0.161050
    10  0.11964250    3.255638   75.076863      -4.088291  -0.887429   4.088299
    11  0.11839481    3.221686   74.293924      -3.771220  -3.243921  -3.191348
    12  0.11046294    3.005849   69.316597      -3.897326  -2.177720  -2.729682
    13  0.11619797    3.161907   72.915386      -3.512216  -5.339991  -1.126921
    14  0.07179380    1.953609   45.051329      -3.498172   4.564173  -2.076214
    15  0.11256409    3.063025   70.635092      -3.266686  -1.537943   3.425235
    16  0.06787698    1.847027   42.593486      -3.278159   5.476733  -1.967583
    17  0.07354569    2.001280   46.150656      -3.296633   5.487503  -0.118747
    18  0.06723721    1.829617   42.192021      -3.163692   6.016680  -0.913110
    19  0.10793178    2.936973   67.728272      -2.818382  -4.037687  -3.353889
    20  0.13398118    3.645813   84.074531      -2.797627   0.350402   2.468488
    21  0.11025069    3.000074   69.183410      -2.285490   2.198357   1.642739
    22  0.13473007    3.666192   84.544464      -2.071151  -0.211989   1.848188
    23  0.13148351    3.577848   82.507215      -1.919099  -1.524095  -1.752728
    24  0.13185446    3.587942   82.739995      -1.786805  -2.450155  -2.166486
    25  0.14482944    3.941010   90.881925      -1.389922  -4.434570  -0.043476
    26  0.02007361    0.546231   12.596392      -1.116552   0.473669  -2.206138
    27  0.06527591    1.776248   40.961286      -0.995835   3.645624   0.176859
    28  0.06063858    1.650060   38.051315      -0.728451   4.756218   0.102139
    29  0.06555173    1.783753   41.134366      -0.658352   4.958326  -1.975852
    30  0.06240528    1.698134   39.159935      -0.576507   5.364304  -0.884307
    31  0.13543966    3.685501   84.989743      -0.306232  -4.037687   0.485147
    32  0.02561744    0.697086   16.075197       0.023751  -0.213697   1.827855
    33  0.02217781    0.603489   13.916795       0.304725   0.857202   2.634421
    34  0.10781912    2.933908   67.657578       0.338346  -2.570648  -1.665812
    35  0.01679014    0.456883   10.535981       0.486197   3.422248   1.098012
*   36 -0.00042114   -0.011460   -0.264272       1.389562   0.728504  -3.264528
    37  0.01446837    0.393704    9.079046       1.533032   1.933783  -2.599463
    38  0.03194181    0.869181   20.043806       1.481102   3.493708  -0.285551
    39  0.07362507    2.003440   46.200466       2.213071  -1.614280   0.459112
    40  0.07233288    1.968278   45.389604       2.328721  -2.038799  -0.745627
    41  0.08010083    2.179654   50.264073       2.416865  -4.107158   2.024072
    42  0.02735864    0.744466   17.167817       2.511142   4.296854  -2.321742
    43  0.02364839    0.643505   14.839601       2.706656  -0.503852  -0.778191
    44  0.08307406    2.260560   52.129802       2.890884  -4.916359  -0.092637
    45  0.07992004    2.174735   50.150624       3.024325  -1.607854   1.257539
    46  0.07819430    2.127775   49.067706       3.348218  -4.480024   1.745099
    47  0.08154763    2.219024   51.171955       3.372673  -2.450155  -1.084801
    48  0.04803917    1.307212   30.145060       3.406132   1.825856  -1.787044
    49  0.07839425    2.133216   49.193178       3.612118  -4.891012   0.701129
    50  0.08801850    2.395105   55.232486       4.102235  -1.985182   1.098012
    51  0.10408019    2.832166   65.311358       4.431027  -1.391801   0.780283
    52  0.09860964    2.683305   61.878534       4.491752  -2.521724  -0.224931
    53  0.09919268    2.699170   62.244396       4.710261  -0.319584  -1.130664
    54  0.09980569    2.715851   62.629066       4.754968  -0.274094   1.627189
    55  0.10126288    2.755503   63.543469       4.858338   0.727708   2.153228
    56  0.09160082    2.492585   57.480433       5.112509   0.871532  -0.711658
    57  0.09575861    2.605724   60.089486       5.278734   1.797939  -0.224931
    58  0.09307673    2.532747   58.406581       5.648095  -1.127212   1.409010
    59  0.08506923    2.314851   53.381791       6.128450   0.063437  -0.927367
    60  0.09164707    2.493844   57.509451       6.030120   0.998117   2.548424
    61  0.09552816    2.599453   59.944873       6.552382  -0.719029   1.785107
    62  0.08956638    2.437225   56.203799       6.570724   2.180145   0.214271
    63  0.09290169    2.527984   58.296740       6.820262   0.453151   2.436482
    64  0.08978106    2.443067   56.338511       7.076913   0.390736  -0.559103
    65  0.08952978    2.436229   56.180833       7.231241   1.521036   0.037832
    66  0.11299422    3.074729   70.905003       7.976253  -0.201152   2.097256
    67  0.11025511    3.000194   69.186182       8.340728   0.620199   0.039658
 
 Number of surface maxima:    90
   #       a.u.         eV      kcal/mol           X/Y/Z coordinate(Angstrom)
     1  0.20009300    5.444807  125.560358      -6.669321  -0.592043   4.798049
     2  0.20362542    5.540930  127.776989      -6.352987  -3.111627  -2.409816
     3  0.15836988    4.309463   99.378681      -6.077305   0.724908   3.876192
     4  0.20747389    5.645652  130.191943      -5.900062   2.272242   3.459782
     5  0.15959527    4.342808  100.147627      -5.769048  -1.796004   4.021911
     6  0.15903245    4.327493   99.794451      -5.287731  -4.363550  -2.632759
     7  0.16699076    4.544050  104.788372      -5.292939  -2.119754  -1.515210
     8  0.20469888    5.570140  128.450591      -5.095716  -3.377752   3.753937
     9  0.22279142    6.062463  139.803846      -4.829574  -0.771282  -0.772118
    10  0.18442262    5.018395  115.727041      -4.909303  -0.572907   1.812049
    11  0.18317194    4.984362  114.942226      -4.829574   2.108028   2.260735
    12  0.19983204    5.437706  125.396602      -4.779635  -5.856379  -3.242274
    13  0.21726638    5.912119  136.336826      -4.690612   3.512746   1.763520
    14  0.16827129    4.578895  105.591916      -4.010858  -2.946455   2.575931
    15  0.17729858    4.824540  111.256632      -3.791084  -0.342208   2.912588
    16  0.21910208    5.962071  137.488743      -3.590667   0.761494   0.193593
    17  0.18489560    5.031265  116.023835      -3.374337  -3.839071  -0.952375
    18  0.16267261    4.426547  102.078691      -3.217622   3.416763   1.011686
    19  0.15850321    4.313092   99.462350      -3.209477  -5.747523  -2.708022
    20  0.21069302    5.733249  132.211975      -3.238932  -1.658347   0.303459
    21  0.19980248    5.436902  125.378055      -3.228200  -0.995779  -0.750884
    22  0.17647174    4.802040  110.737779      -2.977454  -3.111627  -2.275426
*   23  0.22410507    6.098209  140.628174      -2.922509  -3.243921   1.494895
    24  0.12051465    3.279370   75.624150      -2.924124   4.738694  -0.996483
    25  0.18053828    4.912696  113.289576      -2.684208   1.807987  -1.111382
    26  0.17282874    4.702909  108.451760      -2.804787   1.968118  -2.848671
    27  0.20109715    5.472132  126.190473      -2.553696   0.878918   1.379510
    28  0.11826591    3.218179   74.213042      -2.425742   3.520640  -3.236496
    29  0.20166679    5.487632  126.547928      -2.342263  -1.656389   1.171036
    30  0.17495015    4.760636  109.782971      -2.345221   4.284769   2.244734
    31  0.16001254    4.354163  100.409467      -2.051394   4.858092  -4.265229
    32  0.12032106    3.274103   75.502669      -1.951747   5.551997   1.294801
    33  0.11159110    3.036548   70.024531      -1.765157   6.021898  -3.007778
    34  0.20843840    5.671897  130.797178      -1.533300  -6.183160  -2.490030
    35  0.11245803    3.060139   70.568541      -1.590866   7.006385  -0.822758
    36  0.16168202    4.399592  101.457087      -1.511178   7.221837   0.842795
    37  0.15811721    4.302588   99.220133      -1.382922   7.481110  -2.337273
    38  0.22039366    5.997217  138.299227      -1.277105  -2.899212   0.171952
    39  0.14410383    3.921265   90.426596      -1.338958   2.098816   0.064016
    40  0.11641778    3.167889   73.053324      -1.345003   4.329700  -0.991119
    41  0.18409950    5.009602  115.524280      -0.998295  -4.971803  -1.683275
    42  0.20000246    5.442344  125.503543      -0.988264  -2.310519  -1.271327
    43  0.09258357    2.519327   58.097116      -0.995155   3.246269  -1.677023
    44  0.15039925    4.092572   94.377034      -0.881476   0.717696   0.561983
    45  0.15018119    4.086638   94.240201      -0.461987  -0.465279  -0.886240
    46  0.12779031    3.477351   80.189696      -0.331568   2.116295  -0.255739
    47  0.13603562    3.701717   85.363709      -0.331568   3.694091  -1.753754
    48  0.05333692    1.451371   33.469448      -0.173220   2.755914   2.732135
    49  0.12143439    3.304398   76.201296       0.047442   1.243964  -1.845852
    50  0.21985847    5.982653  137.963390       0.314990  -5.414884  -1.441189
    51  0.18475674    5.027487  115.936702       0.383697  -2.292280   1.019512
    52  0.17736796    4.826428  111.300166       0.796123  -2.053272   2.685544
    53  0.14305109    3.892618   89.765992       0.854545  -1.525219  -0.486346
    54  0.16450798    4.476490  103.230404       0.991375  -3.930107  -1.210543
    55  0.04768106    1.297468   29.920342       1.227653  -1.445457  -3.321356
    56  0.13328883    3.626973   83.640073       1.178231   0.358096   1.020280
    57  0.07145580    1.944411   44.839231       1.318577   3.830290  -2.014438
    58  0.12619506    3.433942   79.188659       1.402496  -0.575317  -0.477428
    59  0.18035159    4.907616  113.172429       1.915798  -4.038181  -2.474536
    60  0.14986622    4.078067   94.042552       1.838578   1.836700   0.225389
    61  0.11850632    3.224721   74.363901       2.049730   1.094377  -1.203979
    62  0.12851262    3.497006   80.642955       2.371437  -2.450155   2.817838
    63  0.12155669    3.307726   76.278040       2.609071   1.678077  -0.714793
    64  0.12937248    3.520404   81.182528       2.706447  -4.039146   0.704693
    65  0.18071443    4.917490  113.400111       3.007519   2.905885   1.294574
    66  0.16759030    4.560364  105.164591       3.035057   0.916470   1.759484
    67  0.13146425    3.577324   82.495129       3.158548  -2.531986   0.304246
    68  0.12995731    3.536318   81.549514       3.372673  -4.193257  -1.738307
    69  0.13142377    3.576223   82.469729       3.568142   1.386380  -0.690933
    70  0.13616047    3.705115   85.442059       3.639324  -0.200910   0.703088
    71  0.17298859    4.707259  108.552070       3.879278  -2.596835   3.596784
    72  0.13132933    3.573653   82.410470       3.874169   0.266210  -0.419041
    73  0.16586875    4.513518  104.084297       4.034144   2.344148   1.243468
    74  0.16413896    4.466448  102.998841       4.096271  -1.594263  -0.691982
    75  0.14979683    4.076179   93.999010       4.431831   2.842017  -3.401218
    76  0.16618052    4.522002  104.279935       4.539836   4.238527  -0.547846
    77  0.12733735    3.465025   79.905459       4.695278  -3.244012   2.288466
    78  0.18993525    5.168401  119.186269       4.827910   3.433355   1.954338
    79  0.17443715    4.746676  109.461057       5.102071  -4.568519  -1.552801
    80  0.12998681    3.537121   81.568021       5.224793  -4.097558   0.018642
    81  0.13318915    3.624261   83.577523       5.731542  -1.659535  -0.236413
    82  0.14289129    3.888270   89.665711       5.905331   0.203191   1.526663
    83  0.17663142    4.806385  110.837982       6.007134  -3.908274   1.486193
    84  0.14153527    3.851371   88.814799       6.133201   0.979608   0.137853
    85  0.13829380    3.763166   86.780742       6.255107   2.790547   2.014431
    86  0.18385766    5.003021  115.372522       7.209207  -2.249006  -0.288371
    87  0.13675754    3.721362   85.816724       7.930928  -0.934669   0.436541
    88  0.17917457    4.875588  112.433833       8.024790   2.724478   2.300467
    89  0.13486260    3.669798   84.627629       8.270900   1.258655   1.628539
    90  0.18085040    4.921190  113.485433       9.198983  -0.068201   1.097594
