 Number of surface minima:    53
   #       a.u.         eV      kcal/mol           X/Y/Z coordinate(Angstrom)
     1  0.12728392    3.463572   79.871933      -7.106171  -2.730160   1.494791
     2  0.13099373    3.564521   82.199874      -6.813905  -3.856038  -0.430900
     3  0.11282809    3.070208   70.800755      -6.715657  -1.390321   1.010318
     4  0.10040458    2.732147   63.004876      -6.557116  -0.422268   0.521992
     5  0.11843553    3.222795   74.319477      -6.437470  -2.709763  -1.236116
     6  0.10746868    2.924371   67.437670      -6.216142  -1.660190  -1.819983
     7  0.10940312    2.977010   68.651555      -5.946052  -2.237293   1.617442
     8  0.11620789    3.162177   72.921613      -5.672504  -3.517325  -0.718838
     9  0.12359524    3.363198   77.557251      -4.303618   0.247637   0.398131
    10  0.13987201    3.806111   87.771088      -3.646152  -1.478059   1.450616
    11  0.02750109    0.748343   17.257210      -2.718017   2.343654  -1.609736
    12  0.16305565    4.436970  102.319051      -2.357632  -2.461668  -0.856498
    13  0.13121175    3.570453   82.336685      -2.355876  -1.144295   1.486580
    14 -0.01029584   -0.280164   -6.460743      -2.477908   3.775699   0.882823
*   15 -0.01114994   -0.303405   -6.996701      -1.549810   4.388597  -0.590877
    16  0.00543541    0.147905    3.410774      -1.440433   1.392668  -1.945855
    17  0.02110267    0.574233   13.242137      -1.093767   0.466608   2.469223
    18  0.00933047    0.253895    5.854962      -0.458223   4.058177   1.680042
    19  0.16920919    4.604416  106.180462      -0.319229  -2.800817   1.318507
    20  0.15331929    4.172030   96.209387       0.192953  -1.514246  -0.975362
    21  0.04649447    1.265179   29.175743       0.595425   0.624350  -1.619033
    22  0.00756880    0.205957    4.749495       0.737997   4.852243  -0.005565
    23  0.16954586    4.613577  106.391721       1.256064  -2.311573  -1.055201
    24  0.08420942    2.291455   52.842254       1.418334   0.995785   2.866105
    25  0.02847499    0.774844   17.868344       1.616086   4.961066   2.586387
    26  0.07620448    2.073629   47.819071       2.022860   2.979286   1.806515
    27  0.12929872    3.518397   81.136241       2.469797   0.069725  -2.904066
    28  0.13149387    3.578130   82.513718       2.602054  -5.039012   0.881691
    29  0.14006562    3.811379   87.892578       3.209237  -3.755992  -1.381239
    30  0.11601112    3.156823   72.798140       3.349370   1.001754  -2.548402
    31  0.14709676    4.002706   92.304689       3.540027  -5.688571   0.484808
    32  0.13653557    3.715322   85.677436       3.625704  -4.569504   1.437092
    33  0.14131645    3.845416   88.677487       3.582518  -0.459452  -0.369420
    34  0.12122921    3.298815   76.072541       3.734970   0.345832   1.698970
    35  0.12689380    3.452956   79.627127       3.788063  -3.588415   2.118440
    36  0.10998757    2.992914   69.018300       3.904066  -0.003464  -3.219432
    37  0.13156671    3.580112   82.559425       4.023829  -1.385513  -0.934842
    38  0.11667247    3.174819   73.213144       4.034924   1.709451  -2.108884
    39  0.15395193    4.189245   96.606375       4.059904  -4.639517  -1.367312
    40  0.13801533    3.755588   86.606002       4.168455   0.334313   0.148544
    41  0.14486478    3.941971   90.904100       4.196677  -3.179801  -0.705841
    42  0.14607627    3.974938   91.664322       4.269999  -2.322608  -1.760830
    43  0.13363686    3.636444   83.858466       4.403434  -2.250386  -0.115477
    44  0.14403309    3.919340   90.382202       4.777870  -4.031399   1.892025
    45  0.13154026    3.579392   82.542826       4.901400  -1.517807  -1.033597
    46  0.11380187    3.096706   71.411811       4.943907  -0.041873  -3.224698
    47  0.11015114    2.997365   69.120943       5.352815   1.524962  -2.244872
    48  0.12697841    3.455258   79.680220       5.446174   0.190654   0.061615
    49  0.12761094    3.472470   80.077144       5.750267  -0.724041  -0.526172
    50  0.11119700    3.025824   69.777231       5.701147   0.731196  -2.742572
    51  0.13244085    3.603899   83.107956       6.387848  -0.327158  -3.169190
    52  0.14486576    3.941998   90.904715       6.448388  -1.517807  -1.306773
    53  0.13525738    3.680541   84.875361       6.650395   0.205955  -0.177943
 
 Number of surface maxima:    69
   #       a.u.         eV      kcal/mol           X/Y/Z coordinate(Angstrom)
     1  0.19262677    5.241641  120.875225      -8.595404  -1.262858  -0.857286
     2  0.15311198    4.166389   96.079296      -7.837850  -2.514075  -0.013335
     3  0.19872460    5.407571  124.701673      -7.733971  -3.997728   0.767926
     4  0.14837092    4.037378   93.104238      -7.175592  -0.327158  -1.172145
     5  0.18901311    5.143308  118.607617      -6.403613   0.859332  -1.751174
     6  0.16181306    4.403157  101.539311      -6.008645  -3.992228   1.036591
     7  0.17116581    4.657658  107.408255      -5.551805  -1.395284   0.565789
     8  0.17788029    4.840369  111.621658      -5.294703  -2.192766  -0.774096
     9  0.16230515    4.416548  101.848103      -4.857168   0.641126  -0.795911
    10  0.16677089    4.538067  104.650402      -4.702584  -0.041543  -1.731671
    11  0.21885568    5.955366  137.334128      -4.617053  -4.560576   1.479124
    12  0.22706679    6.178802  142.486684      -4.469094   3.530749  -3.372821
    13  0.20105516    5.470989  126.164121      -3.666519  -3.417460   0.853221
    14  0.04222296    1.148945   26.495329      -3.754348   2.341576   1.940045
    15  0.22708444    6.179282  142.497756      -3.008478  -1.420382  -0.857722
    16  0.21354420    5.810833  134.001121      -3.130215  -0.705822   0.497983
    17  0.13828214    3.762848   86.773425      -2.585008   1.174931  -0.394400
    18  0.25193865    6.855599  158.094022      -2.211281  -3.823281   1.410868
    19  0.10324764    2.809511   64.788925      -1.887765   2.082415  -0.454448
    20  0.15254074    4.150845   95.720843      -1.627291   0.653715   0.617102
    21  0.22247440    6.053836  139.604910      -1.300310  -2.867546   0.213363
    22  0.08791166    2.392198   55.165445      -1.040862   3.347517   0.610718
    23  0.03800646    1.034208   23.849436      -0.737248   4.335886  -2.433766
    24  0.25934191    7.057052  162.739644      -0.735677  -4.020407  -1.083876
    25  0.13023771    3.543948   81.725466      -0.623750   1.759779   1.880810
    26  0.12780521    3.477757   80.199050      -0.097305   1.523905  -1.239307
    27  0.16907855    4.600861  106.098480       0.054994   0.221581  -0.016655
    28  0.06765125    1.840884   42.451833       0.302310   5.289251   1.603211
    29  0.24204183    6.586293  151.883666       0.722641  -2.179278   1.323990
    30  0.13795022    3.753816   86.565142       0.699193   6.881487   1.379910
    31  0.21601475    5.878060  135.551415       0.703490  -4.030142  -0.704739
    32  0.17869770    4.862612  112.134593       0.831487  -0.709754   2.499308
    33  0.15550104    4.231399   97.578460       0.814090   2.172976   3.229770
    34  0.15477416    4.211619   97.122334       0.949465   1.255694   0.872691
    35  0.13839427    3.765900   86.843787       0.883335   2.635164  -0.176663
    36  0.23324160    6.346827  146.361434       1.207487  -5.359333  -1.378260
    37  0.23655486    6.436985  148.440540       1.219500  -1.389778   0.070886
    38  0.18858136    5.131560  118.336691       1.329886   0.403012   1.013985
    39  0.14175097    3.857240   88.950149       1.485066   2.601124  -0.169390
    40  0.21206815    5.770668  133.074886       1.561982  -1.000965  -2.198762
    41  0.18150262    4.938938  113.894711       2.057070  -0.027636   0.484808
    42  0.15829369    4.307390   99.330876       2.155594   0.738368  -1.763323
    43  0.11547854    3.142331   72.463938       2.286725   3.814800   0.790231
    44  0.17983070    4.893442  112.845561       2.430077   2.338992  -1.504943
    45  0.19428357    5.286725  121.914885       2.524369   0.863491   0.559104
    46  0.19655185    5.348448  123.338250       2.698328  -3.605000   1.136859
    47  0.18004651    4.899315  112.980988       2.830771  -5.339746  -0.962485
    48  0.19682528    5.355888  123.509833       2.946438  -1.377572   2.203976
    49  0.16897063    4.597925  106.030763       3.056631  -1.655264  -2.439296
    50  0.20069691    5.461241  125.939315       3.129196  -2.831758  -0.184260
    51  0.19957911    5.430824  125.237884       3.212785  -0.856335   1.341303
    52  0.20029762    5.450375  125.688757       3.111441   3.005352   0.371216
    53  0.16509618    4.492496  103.599504       3.427089   5.336053   0.484808
    54  0.18928203    5.150626  118.776365       3.662667   2.077381   0.008630
*   55  0.26411208    7.186855  165.732973       3.846706   1.999647   3.915106
    56  0.21196731    5.767924  133.011604       4.107481  -2.642208  -3.285479
    57  0.21733850    5.914081  136.382081       4.403434  -5.947019  -0.769341
    58  0.17794799    4.842211  111.664146       4.513090  -0.327158  -0.890816
    59  0.16619551    4.522410  104.289343       4.535728   0.598902  -2.207976
    60  0.21993757    5.984806  138.013025       4.759000  -1.142609   2.167979
    61  0.17540873    4.773114  110.070733       4.974999  -4.692870   0.109480
    62  0.21294191    5.794444  133.623178       5.035746   2.834623   0.194563
    63  0.17574616    4.782296  110.282473       5.124676  -2.549511   1.470639
    64  0.16524343    4.496502  103.691903       5.462115  -1.915873  -2.690533
    65  0.16224377    4.414877  101.809586       6.058651   1.724942  -0.373567
    66  0.21655483    5.892757  135.890324       6.142869  -3.751774   1.025614
    67  0.15960984    4.343205  100.156773       7.033385  -0.199062  -1.774342
    68  0.20592757    5.603574  129.221607       7.111654  -1.650101  -2.627921
    69  0.20054064    5.456988  125.841256       7.620959   1.158540  -0.949078
