 Number of surface minima:    72
   #       a.u.         eV      kcal/mol           X/Y/Z coordinate(Angstrom)
     1  0.08493982    2.311330   53.300585      -6.571468  -2.955106  -0.510567
     2  0.08502786    2.313726   53.355831      -6.368192  -3.836710  -1.225544
     3  0.12783308    3.478515   80.216534      -6.322011   4.691410  -1.701193
     4  0.08253872    2.245993   51.793869      -5.792070  -4.431111   1.571858
     5  0.08970381    2.440965   56.290035      -5.697255  -2.239713  -0.290018
     6  0.12047991    3.278425   75.602350      -5.675909   4.029951   0.400866
     7  0.08341332    2.269792   52.342695      -5.618592  -5.345671   0.843071
     8  0.11473382    3.122066   71.996617      -5.580255   3.830531  -0.865028
     9  0.08966831    2.439999   56.267764      -5.320984  -3.901934  -1.633574
    10  0.11547819    3.142321   72.463719      -5.351371   3.780599  -2.203025
    11  0.08577965    2.334183   53.827587      -5.058574  -3.769640   1.803900
    12  0.12493582    3.399677   78.398476      -5.081488   3.927631  -3.389201
    13  0.12052958    3.279777   75.633516      -5.059169   6.468326  -1.530496
    14  0.11216307    3.052112   70.383451      -4.912132   3.308005   0.032175
    15  0.09092965    2.474322   57.059264      -4.711182  -5.486849   0.433020
    16  0.09836966    2.676775   61.727947      -4.781719  -2.382531  -0.697425
    17  0.11953487    3.252709   75.009329      -4.470755   3.199587  -2.624014
    18  0.09315913    2.534989   58.458288      -4.249663  -1.189003  -1.223723
    19  0.10034628    2.730561   62.968295      -3.995555   5.944408  -0.733479
    20  0.12858807    3.499059   80.690301      -3.771374   2.585058  -0.354528
    21  0.13629175    3.708687   85.524436      -3.732230   2.635787  -1.660674
    22  0.11892679    3.236163   74.627752      -3.723086   2.777225   0.890385
    23  0.10144850    2.760554   63.659948      -3.772971   5.893478  -1.944014
    24  0.09409803    2.560538   59.047453      -3.396329   5.490115   0.026579
    25  0.04538754    1.235058   28.481134      -3.227431  -0.197693   3.399624
    26  0.09276099    2.524155   58.208449      -2.982473   0.614123   0.172454
    27  0.10138433    2.758808   63.619679      -2.956810   5.375694  -2.311579
    28  0.05411855    1.472641   33.959932      -2.752737   1.866411   1.619707
    29  0.10760852    2.928177   67.525420      -2.664163   4.629914   0.928912
    30  0.16177539    4.402132  101.515676      -2.358476  -2.457067  -1.599596
    31  0.09892623    2.691920   62.077201      -2.389827   0.442459  -1.687651
    32  0.11410942    3.105075   71.604805      -2.413701   3.241958   0.876826
    33  0.10337768    2.813050   64.870526      -2.354355   4.785608  -0.375451
    34  0.15171221    4.128299   95.200927      -2.208599  -1.920491   0.944968
    35  0.08899769    2.421750   55.846941      -2.136963  -0.859165   1.550448
    36  0.09551973    2.599224   59.939584      -2.092030   0.188311   0.783703
    37  0.10852005    2.952981   68.097415      -2.153770   4.743424  -1.400083
    38  0.15060295    4.098115   94.504860      -1.895562  -3.340366   1.142821
    39  0.16148102    4.394122  101.330956      -1.837068  -3.517373  -1.476667
    40  0.17457360    4.750389  109.546679      -1.534843  -4.954544  -1.024087
    41  0.16186260    4.404505  101.570402      -1.658109  -4.559445   1.085135
    42  0.02312128    0.629162   14.508835      -1.405283   2.978565   1.487715
    43  0.02355011    0.640831   14.777933      -1.167771   1.241655   3.053732
    44  0.13822721    3.761354   86.738958      -1.024417   1.367168  -1.296082
    45  0.16500550    4.490028  103.542598      -0.760603  -3.907561  -1.448231
    46  0.15428369    4.198273   96.814559      -0.652009  -3.519697   1.159454
    47 -0.00361608   -0.098399   -2.269129      -0.215308   2.184258   3.603958
    48  0.15974638    4.346920  100.242448       0.158701  -2.719603   1.054528
    49  0.04156388    1.131011   26.081752       0.391935   0.409826  -1.687651
    50  0.03900310    1.061328   24.474837       1.344925   1.368506  -1.969411
*   51 -0.00922127   -0.250924   -5.786440       1.702131   3.439847   1.685301
    52  0.14813019    4.030827   92.953174       1.898892  -0.989944  -1.687564
    53  0.01191232    0.324151    7.475103       1.926871   0.223550   2.423617
    54 -0.00128763   -0.035038   -0.807999       2.003760   3.175747   0.362846
    55  0.02740296    0.745673   17.195633       2.822225   1.427378   2.006803
    56  0.14469459    3.937340   90.797304       2.968902  -1.134090  -2.191053
    57  0.15658608    4.260924   98.259331       3.727478  -3.020920  -0.497002
    58  0.13919149    3.787593   87.344052       3.877714  -0.442671  -1.706521
    59  0.16186242    4.404501  101.570289       4.176926  -1.520636  -2.691730
    60  0.15166170    4.126925   95.169236       4.285744  -1.653247   0.827036
    61  0.14756596    4.015474   92.599116       4.600176  -2.393532  -0.100119
    62  0.15870299    4.318528   99.587715       4.976328  -2.823215  -1.127299
    63  0.08024800    2.183659   50.356424       6.103945   0.801241  -0.953305
    64  0.07708772    2.097664   48.373315       6.246131   0.695935   0.156342
    65  0.07209628    1.961839   45.241134       6.887753   1.065951  -1.567763
    66  0.07021766    1.910720   44.062283       7.208637   0.855087   0.692395
    67  0.08111991    2.207385   50.903556       7.610893  -1.493838  -1.802866
    68  0.07699279    2.095080   48.313745       7.757785  -1.739149   0.323553
    69  0.06899839    1.877542   43.297181       7.854369   1.204386  -1.050474
    70  0.06797630    1.849729   42.655806       7.963141   1.091902   0.024831
    71  0.07361225    2.003091   46.192423       8.547375  -1.348266  -1.399304
    72  0.07302819    1.987198   45.825920       8.648134  -1.475465  -0.211036
 
 Number of surface maxima:    72
   #       a.u.         eV      kcal/mol           X/Y/Z coordinate(Angstrom)
     1  0.17277134    4.701347  108.415742      -8.179098  -4.836217   0.412440
     2  0.12852308    3.497291   80.649518      -7.359476  -3.528649   1.032812
     3  0.17746937    4.829187  111.363806      -7.094888  -2.087177   1.993521
     4  0.12897672    3.509635   80.934181      -6.890241  -5.417114  -0.525002
     5  0.19093181    5.195519  119.811622      -6.478958   6.152433  -1.840950
     6  0.17863087    4.860793  112.092660      -6.070625  -6.474502  -1.566038
     7  0.13156455    3.580053   82.558069      -6.034791   4.301118  -1.686650
     8  0.18682215    5.083689  117.232770      -5.771945   5.342070   1.182946
     9  0.14623240    3.979186   91.762294      -5.885612   5.501367  -0.493096
    10  0.14837915    4.037602   93.109400      -5.375062   5.422856  -2.878300
    11  0.13778561    3.749337   86.461850      -5.238672  -3.374034  -0.623636
    12  0.18736367    5.098425  117.572575      -4.985832   0.196398   1.350928
*   13  0.26526391    7.218198  166.455753      -5.069288   1.389838  -1.514172
    14  0.13838533    3.765656   86.838176      -4.818164  -4.246506   0.693647
    15  0.19256440    5.239944  120.836086      -4.596691   5.085630  -4.360755
    16  0.12206902    3.321667   76.599532      -4.643999   6.354318  -1.586971
    17  0.14138199    3.847200   88.718615      -4.449002   4.300313   1.156346
    18  0.16737701    4.554560  105.030746      -4.315362   3.639211  -1.290411
    19  0.18245259    4.964787  114.490823      -4.081612  -1.057184   1.553982
    20  0.16459162    4.478766  103.282885      -4.077715   2.149401   3.729965
    21  0.13167014    3.582927   82.624327      -4.018298   2.722418   0.038209
    22  0.15494947    4.216389   97.232342      -3.409278   4.028807  -3.701363
    23  0.15453564    4.205129   96.972660      -3.422550   4.956536  -1.180227
    24  0.17476955    4.755721  109.669638      -3.286658  -2.056918  -1.043245
    25  0.18740382    5.099517  117.597769      -3.258353  -1.853926   0.360357
    26  0.17525618    4.768963  109.975008      -3.265022   3.635818   1.873302
    27  0.20628370    5.613265  129.445085      -2.992322  -5.487348  -1.817974
    28  0.19095285    5.196091  119.824823      -2.574435  -4.388139  -0.760826
    29  0.18285594    4.975763  114.743930      -2.299943   1.669739  -1.127128
    30  0.20665191    5.623285  129.676142      -1.960809   3.123439  -3.658291
    31  0.18446260    5.019482  115.752124      -1.919316   2.716138  -2.215980
    32  0.14192172    3.861886   89.057297      -1.888469   3.685782   0.211410
    33  0.23584126    6.417567  147.992750      -1.646305  -5.702256   0.164469
    34  0.17330001    4.715733  108.747489      -1.662340  -0.319399   0.171072
    35  0.18751684    5.102593  117.668695      -1.533289  -0.853446  -1.545222
    36  0.15054972    4.096666   94.471454      -1.348780   0.785819   0.354216
    37  0.23871347    6.495724  149.795087      -0.984122  -2.528384  -1.107867
    38  0.23227887    6.320629  145.757312      -0.952475  -2.314402   0.485932
    39  0.20011166    5.445315  125.572067      -0.918562   2.171362  -2.409712
    40  0.11698753    3.183393   73.410844      -0.868678   1.934212   1.765099
    41  0.17114880    4.657196  107.397586      -0.838462   3.654529  -0.869116
    42  0.17151491    4.667158  107.627321      -0.463722  -1.393848   2.814786
    43  0.17492177    4.759863  109.765157      -0.353794   1.519024  -0.639245
    44  0.20421005    5.556838  128.143849      -0.215584  -4.895933  -0.100119
    45  0.17934168    4.880135  112.538698      -0.072589  -0.719075   0.718582
    46  0.10786187    2.935071   67.684401       0.202732   2.717014   0.696343
    47  0.13686492    3.724284   85.884106       0.562186   0.455661   2.252984
    48  0.16135130    4.390592  101.249554       1.270409   0.097577  -0.190253
    49  0.25624709    6.972838  160.797611       1.371948  -4.766270  -0.068387
    50  0.23248074    6.326123  145.883989       1.371948  -3.169118  -0.919342
    51  0.03328843    0.905824   20.888820       1.305475   3.307780   3.604121
    52  0.10981452    2.988205   68.909710       1.707332   1.328339   1.194257
    53  0.25533220    6.947942  160.223508       1.909996  -3.623900  -2.473742
    54  0.14597426    3.972162   91.600310       2.438988   0.607334   0.568466
    55  0.05966914    1.623680   37.442980       2.422911   2.583936  -1.672779
    56  0.21651332    5.891627  135.864272       2.836069  -0.710111  -0.897288
    57  0.16712676    4.547750  104.873710       3.076343  -1.005413   1.581190
    58  0.22981468    6.253575  144.211010       3.152582  -1.917519   0.092984
    59  0.14962281    4.071444   93.889810       4.841270   0.376820   0.185345
    60  0.22195164    6.039611  139.276872       4.832685   2.627393   3.386439
    61  0.22906760    6.233246  143.742210       5.069959  -2.751232  -2.633061
    62  0.17585994    4.785392  110.353871       5.075091  -1.120346  -1.955249
    63  0.17468027    4.753292  109.613614       4.983878  -0.706079   0.865925
    64  0.19169071    5.216170  120.287838       5.352727  -0.455175  -3.270243
    65  0.17830612    4.851956  111.888872       5.929453  -1.102449   2.281178
    66  0.12229970    3.327944   76.744283       7.036641   0.425582  -0.505768
    67  0.12614674    3.432627   79.158344       7.456457  -1.125351  -0.762033
    68  0.16815334    4.575685  105.517904       8.581344   0.304768  -3.539771
    69  0.16489086    4.486909  103.470665       9.030643  -0.334005   2.142714
    70  0.11774964    3.204131   73.889076       9.249783   0.306143  -1.952240
    71  0.11650236    3.170191   73.106399       9.440966  -0.066152   0.560693
    72  0.16214668    4.412236  101.748662      10.464193   0.323546  -0.784669
