 Number of surface minima:    78
   #       a.u.         eV      kcal/mol           X/Y/Z coordinate(Angstrom)
     1  0.08403942    2.286829   52.735578      -6.666053  -2.739921  -0.148927
     2  0.08497491    2.312285   53.322607      -6.466289  -3.806256  -0.612235
     3  0.11579960    3.151067   72.665407      -6.398901   4.792491  -1.725709
     4  0.08642314    2.351693   54.231383      -5.878171  -3.654434   2.229438
     5  0.08864092    2.412042   55.623063      -5.877708  -2.065492  -0.150953
     6  0.08749418    2.380838   54.903472      -5.758591  -4.732316   1.786454
     7  0.09780260    2.661344   61.372107      -5.790983   4.473449  -0.543565
     8  0.09013123    2.452596   56.558250      -5.539132  -4.070845  -1.008021
     9  0.09823642    2.673149   61.644335      -5.500049   3.721362  -1.605296
    10  0.09044290    2.461076   56.753823      -5.052411  -2.857615   2.267119
    11  0.09926898    2.701246   62.292275      -5.177929   4.272001   0.278544
    12  0.11222950    3.053920   70.425131      -4.947174   6.378732  -2.390006
    13  0.09589257    2.609370   60.173548      -4.830943  -5.008693   1.395539
    14  0.09807094    2.668646   61.540495      -4.922840  -2.338054  -0.538207
    15  0.09587687    2.608942   60.163695      -4.780732   2.985240  -1.713149
    16  0.10086994    2.744811   63.296894      -4.704621  -3.409373  -1.007822
    17  0.07389898    2.010894   46.372351      -4.761062  -1.028076  -2.743542
    18  0.08220456    2.236900   51.584185      -4.371402   0.956339  -1.295528
    19  0.11011691    2.996433   69.099460      -4.224307   3.394239   0.250201
    20  0.10754112    2.926343   67.483129      -4.016321   2.808459  -0.611730
    21  0.09211870    2.506677   57.805404      -3.990517   6.260922  -1.331189
    22  0.09272556    2.523191   58.186217      -3.783450   5.568956  -2.401844
    23  0.11403711    3.103108   71.559427      -3.601923   2.173406  -1.850017
    24  0.06764550    1.840728   42.448231      -3.346111   0.289157   3.176770
    25  0.09143618    2.488105   57.377115      -3.451909   6.133097  -0.535508
    26  0.09658274    2.628150   60.606635      -3.190134   1.750105   0.843993
    27  0.08837737    2.404871   55.457686      -3.026484   4.856651  -2.464202
    28  0.07442868    2.025307   46.704739      -2.849496  -0.114674  -3.642198
    29  0.10395975    2.828889   65.235785      -2.669866   2.453472   1.994123
    30  0.08068839    2.195643   50.632773      -2.585584   1.215775  -0.691109
    31  0.10009538    2.723734   62.810849      -2.507193   5.243647  -0.512887
    32  0.17075630    4.646515  107.151284      -2.270393  -2.861392  -1.433829
    33  0.09637642    2.622536   60.477167      -2.367830   0.323757   0.575749
    34  0.09748286    2.652643   61.171468      -2.341669   4.640747  -1.474630
    35  0.10630436    2.892689   66.707048      -2.164201   3.734519  -2.472727
    36  0.16069388    4.372703  100.837018      -2.013964  -2.721922   1.448006
    37  0.15120432    4.114479   94.882222      -2.031907  -0.835606   0.574965
    38  0.17044290    4.637987  106.954623      -1.899612  -3.830731   1.784468
    39  0.17126945    4.660479  107.473295      -1.896872  -3.802176  -0.939146
    40  0.18314304    4.983576  114.924091      -1.794591  -4.922630  -0.072407
    41  0.05706712    1.552875   35.810187      -1.314568   0.350735  -2.368672
    42  0.04648191    1.264837   29.167860      -1.205539   1.249018   2.910606
    43  0.17833105    4.852635  111.904520      -0.957494  -4.059319  -0.786713
    44  0.16641492    4.528380  104.427029      -0.973174  -2.879636   1.573350
    45  0.03459055    0.941257   21.705917      -0.945018   2.168283  -1.433731
    46  0.19141603    5.208695  120.115470      -0.063750  -3.282468  -1.099698
    47  0.02908125    0.791341   18.248774      -0.071320   0.427162  -2.041138
    48  0.16782331    4.566704  105.310804       0.064864  -2.092482   1.277645
    49  0.15894958    4.325238   99.742450       0.887504  -5.778890   1.051637
    50  0.16655511    4.532195  104.514996       1.188517  -4.422367  -2.482619
    51  0.15202789    4.136889   95.399020       1.511102  -4.272291   2.165464
    52  0.14923808    4.060975   93.648387       1.474020  -2.946215  -3.520059
    53  0.14960934    4.071077   93.881359       1.689303  -0.866940  -1.477654
    54  0.02214212    0.602518   13.894400       1.658628   0.291621   2.495712
*   55 -0.00029792   -0.008107   -0.186946       1.825267   3.347639   1.585870
    56  0.00787290    0.214232    4.940323       1.944853   3.206882   0.118815
    57  0.16642076    4.528539  104.430693       2.262894  -4.864610   0.647084
    58  0.03218581    0.875821   20.196921       2.411640   0.691750   3.292970
    59  0.18709905    5.091224  117.406525       2.710490  -2.747902   0.064514
    60  0.01556067    0.423427    9.764478       2.730688   2.323207   1.969607
    61  0.15626738    4.252252   98.059347       2.769810  -4.335433  -2.924862
    62  0.14745946    4.012576   92.532286       2.858233  -0.870031  -1.979166
    63  0.12488189    3.398209   78.364635       2.920898   0.691750  -0.221061
    64  0.13963951    3.799784   87.625192       3.656748  -0.316992  -1.734214
    65  0.15671782    4.264509   98.342001       4.176686  -1.048013  -2.506313
    66  0.15716811    4.276762   98.624560       4.457518  -1.436909   0.810443
    67  0.16121151    4.386788  101.161836       4.480743  -2.223354  -0.137436
    68  0.17456289    4.750098  109.539960       4.796349  -2.747902  -1.357515
    69  0.04785420    1.302179   30.028989       5.927421   0.970785   2.642280
    70  0.07708509    2.097592   48.371662       6.275716   0.545829   0.464114
    71  0.07339748    1.997247   46.057650       6.288262   1.346950  -2.288361
    72  0.08443158    2.297500   52.981660       6.672347  -0.504535   0.372383
    73  0.06705857    1.824756   42.079921       6.896444   1.385656   0.314833
    74  0.07199082    1.958970   45.174957       7.369958   1.096346  -2.515284
    75  0.07573561    2.060871   47.524854       7.690339  -0.698725   0.182668
    76  0.07517995    2.045750   47.176169       7.849923   0.077932  -2.596719
    77  0.06639911    1.806812   41.666104       7.880577   1.216643   0.101302
    78  0.07031903    1.913478   44.125897       8.319802   0.058064   0.031024
 
 Number of surface maxima:    84
   #       a.u.         eV      kcal/mol           X/Y/Z coordinate(Angstrom)
     1  0.17422999    4.741039  109.331058      -8.295045  -4.212444   1.277578
     2  0.13038981    3.548087   81.820910      -7.389420  -2.813643   1.507402
     3  0.18017638    4.902849  113.062479      -7.059090  -1.226302   2.036389
     4  0.13096559    3.563755   82.182217      -7.044703  -5.121842   0.524184
     5  0.18293741    4.977980  114.795054      -6.482356   6.115817  -2.525471
     6  0.18072320    4.917728  113.405616      -6.366305  -6.446380  -0.138069
     7  0.11761496    3.200466   73.804561      -6.230410   4.550579  -1.579734
     8  0.13768206    3.746519   86.396872      -5.852478   6.244657  -1.067464
     9  0.18179108    4.946787  114.075718      -5.736147   6.838034   0.575535
    10  0.13919519    3.787694   87.346373      -5.348361  -3.146156  -0.153314
    11  0.13781968    3.750264   86.483227      -5.448648   4.939261  -3.050260
    12  0.19349912    5.265379  121.422635      -5.141913   0.889102   1.149389
    13  0.14324563    3.897912   89.888067      -4.942381  -3.732723   1.308555
    14  0.09241415    2.514717   57.990804      -4.861894  -2.138237  -2.286383
    15  0.18142021    4.936695  113.842998      -4.817015   3.732492  -4.117694
    16  0.14953996    4.069189   93.837820      -4.580717   3.984200  -0.812923
    17  0.18812040    5.119016  118.047434      -4.092973  -0.443256   1.203331
    18  0.10624058    2.890953   66.667028      -3.887882   1.195898  -0.166085
    19  0.18353537    4.994251  115.170277      -3.894614   2.670709   3.549632
    20  0.19716068    5.365015  123.720296      -3.686049   0.030279  -2.240635
    21  0.13659705    3.716995   85.716018      -3.627765   3.189722  -3.097165
    22  0.23146570    6.298502  145.247041      -3.580139  -1.253365  -0.411270
    23  0.13695965    3.726861   85.943547      -3.511914   0.237641   1.251329
    24  0.14583127    3.968271   91.510578      -3.487144   5.057462  -1.272380
    25  0.19373121    5.271694  121.568270      -3.370215   5.186668   2.098916
    26  0.21116764    5.746164  132.509803      -3.163952  -5.658376  -0.808153
    27  0.15282720    4.158640   95.900598      -2.775414   2.197246   0.408007
    28  0.14706574    4.001862   92.285222      -2.708184   2.409489  -0.551038
    29  0.17207340    4.682355  107.977778      -2.734692   4.120495   1.250873
    30  0.19851820    5.401955  124.572156      -2.664549  -4.331334  -0.008044
    31  0.22387596    6.091975  140.484403      -2.538808  -1.797939  -2.116725
    32  0.17751388    4.830398  111.391732      -2.404185   2.192893  -2.627801
    33  0.24418174    6.644523  153.226481      -1.902914  -5.264825   1.323165
    34  0.20638518    5.616026  129.508765      -1.987352  -0.057461  -0.763599
    35  0.18641888    5.072716  116.979714      -1.899612   3.933141   2.036354
    36  0.08917449    2.426561   55.957884      -1.766696  -0.102907  -3.573352
    37  0.14686725    3.996461   92.160671      -1.430928   0.763551   0.093305
    38  0.17126829    4.660447  107.472562      -1.109188   2.146592   1.311973
    39  0.16621114    4.522835  104.299153      -1.130250   4.127163   0.099751
*   40  0.24784680    6.744254  155.526346      -0.977588  -2.751125  -0.810686
    41  0.23409021    6.369919  146.893947      -1.091451  -2.092198   0.643138
    42  0.19622573    5.339574  123.133605      -0.829192  -1.294986   2.501874
    43  0.21348033    5.809095  133.961042      -0.512285  -4.800226   0.680063
    44  0.13584758    3.696601   85.245716      -0.294184   1.500395  -0.916568
    45  0.19043029    5.181872  119.496911      -0.179787  -0.548206   0.647084
    46  0.21950003    5.972900  137.738467       0.217096  -5.261493   2.316920
    47  0.22813358    6.207830  143.156103       0.136774  -3.251163  -2.476007
    48  0.12294093    3.345393   77.146664       0.107079   2.812959   0.385394
    49  0.14431837    3.927102   90.561218       0.352071   0.689620   2.107407
    50  0.21622797    5.883862  135.685214       0.856479  -2.230292  -1.511186
    51  0.04472835    1.217120   28.067490       0.780065   3.652821   3.304937
    52  0.23339227    6.350927  146.455981       1.265672  -5.544687  -0.592717
    53  0.16807523    4.573560  105.468886       1.184325   0.184771  -0.229531
    54  0.24077023    6.551691  151.085727       1.284314  -3.120588  -0.531539
    55  0.21777238    5.925888  136.654347       1.398465  -2.595008   0.773915
    56  0.17162440    4.670137  107.696026       1.589421  -4.286051  -3.007775
    57  0.12165597    3.310427   76.340340       1.602739   1.415922   1.012874
    58  0.17238653    4.690876  108.174272       1.825557  -5.270310   1.188384
    59  0.23281897    6.335326  146.096230       2.331987  -5.011148  -1.457254
    60  0.22706768    6.178826  142.487241       2.571022  -3.417952   1.158869
    61  0.21718108    5.909798  136.283298       2.713520  -0.631193  -0.845257
    62  0.18490089    5.031409  116.027156       2.645123   0.691750   1.200355
    63  0.06847657    1.863342   42.969732       2.648316   2.329204  -1.684291
    64  0.06905227    1.879008   43.330993       2.862061  -0.629921   3.699402
    65  0.21525972    5.857515  135.077626       3.014881  -3.142191  -3.823956
    66  0.23932009    6.512231  150.175752       3.131671  -1.822568   0.120492
    67  0.20556650    5.593749  128.995036       3.524454  -3.064153  -2.019716
    68  0.04886857    1.329781   30.665514       3.898118   2.892228   1.308555
    69  0.20508132    5.580546  128.690579       4.185925  -0.842610   1.837733
    70  0.16488917    4.486863  103.469605       4.349750   1.107306   2.805859
    71  0.15720863    4.277864   98.649988       4.442570   2.307147  -0.661475
    72  0.20762981    5.649894  130.289782       4.582808   0.691750   0.568028
    73  0.23496358    6.393684  147.441997       4.847397  -2.445715  -2.754970
    74  0.18671666    5.080819  117.166571       5.244280  -1.878600  -1.101280
    75  0.11618664    3.161599   72.908279       6.038791   2.545286  -0.937111
    76  0.20206189    5.498384  126.795859       6.322458  -2.984029  -0.923029
    77  0.07179402    1.953615   45.051467       6.368060  -0.102015   2.070857
    78  0.12813238    3.486659   80.404350       6.737007   0.194716  -1.816029
    79  0.12239806    3.330620   76.806004       7.028965   0.227432  -0.214117
    80  0.15945975    4.339120  100.062585       7.368218   3.470308  -1.199099
    81  0.11462299    3.119050   71.927071       8.448745   2.158416  -1.448955
    82  0.17098532    4.652747  107.295000       9.333904  -1.928473  -1.586367
    83  0.11939579    3.248925   74.922055       9.345403  -0.157902  -1.525512
    84  0.16212450    4.411632  101.734748       9.923323   1.401964  -1.707796
