 Number of surface minima:    60
   #       a.u.         eV      kcal/mol           X/Y/Z coordinate(Angstrom)
     1  0.12409845    3.376891   77.873018      -7.090747   1.217868  -0.241583
     2  0.12090116    3.289888   75.866688      -6.814102   0.755476  -2.423802
     3  0.13550694    3.687331   85.031961      -6.478366   3.202323  -0.628691
     4  0.11597607    3.155869   72.776145      -6.066293   2.027342  -0.081882
     5  0.13210754    3.594829   82.898800      -6.191882   2.687364  -2.749825
     6  0.11430743    3.110463   71.729053      -5.953755   0.962105   0.161114
     7  0.11114285    3.024351   69.743250      -5.851960   1.472401  -2.668392
     8  0.10893843    2.964365   68.359952      -5.664349   0.473538  -2.441151
     9  0.12458302    3.390076   78.177089      -5.048986   2.798573  -0.139903
    10  0.12760542    3.472320   80.073678      -4.764178   0.625139   0.356337
    11  0.11735122    3.193289   73.639063      -4.764178   2.209151  -2.689953
    12  0.11882666    3.233438   74.564919      -4.475041   0.046032  -2.193844
    13  0.12817413    3.487795   80.430547      -4.226403   2.535238   0.021509
    14  0.13376506    3.639932   83.938914      -3.970787   1.343580   0.286335
    15  0.11677196    3.177527   73.275572      -3.867589   1.953906  -2.548315
    16  0.02768115    0.753242   17.370200      -3.572547  -3.674672   2.933052
    17  0.12289822    3.344231   77.119860      -3.565200   0.686773  -2.226840
    18  0.02569329    0.699150   16.122796      -3.203909  -3.816284   0.249282
    19  0.13182697    3.587194   82.722745      -3.116637  -2.029480   0.479897
    20  0.06228671    1.694907   39.085531      -2.912057  -1.630186   2.111168
    21  0.11626646    3.163771   72.958363      -2.647339  -2.099959  -0.904606
    22  0.12276278    3.340545   77.034873      -2.099082  -0.618812   0.973301
    23  0.16590794    4.514585  104.108891      -1.803087   1.770518   0.602798
    24  0.01293584    0.352002    8.117371      -1.589114  -4.002427   1.712244
    25  0.18245527    4.964860  114.492506      -1.341149   2.933753  -0.118819
    26  0.08911007    2.424808   55.917458      -1.191142  -0.500155   2.802059
    27  0.07250217    1.972884   45.495834      -0.996478  -0.041615  -1.167643
    28  0.17749484    4.829880  111.379790      -0.868692   3.393529   2.595549
    29 -0.00450995   -0.122722   -2.830038      -0.706584  -4.603081  -0.681996
    30  0.14362505    3.908236   90.126153      -0.558252   4.644315  -1.489282
    31  0.16477005    4.483621  103.394857      -0.204770   2.568635   2.597999
    32  0.15642107    4.256434   98.155785      -0.022659   5.704998  -2.020062
    33  0.01931013    0.525455   12.117302       0.164853  -1.795543  -2.079119
    34  0.17432768    4.743697  109.392362       0.237730   3.589023   1.825648
    35  0.17042502    4.637500  106.943401       0.323384   1.542835  -0.974971
*   36 -0.00500995   -0.136328   -3.143792       0.467855  -4.603081   0.624737
    37  0.14813653    4.031000   92.957157       0.445560   4.310897  -2.175738
    38  0.04398537    1.196903   27.601262       0.811261  -3.266875  -1.948304
    39  0.03059501    0.832533   19.198674       0.922880  -1.160545   2.402477
    40  0.13878971    3.776660   87.091929       1.089014   3.231934  -2.344241
    41  0.14101765    3.837285   88.489982       1.107573   5.369793   0.470690
    42  0.18230856    4.960868  114.400445       1.260089   3.440105   1.020088
    43  0.15513903    4.221548   97.351295       1.236259   6.292245  -0.326684
    44  0.15336237    4.173202   96.236422       1.614006   4.155295  -2.878168
    45  0.14964199    4.071966   93.901844       2.093431   5.044754  -0.285573
    46  0.14876076    4.047986   93.348866       2.788842  -0.343493   1.206199
    47  0.14389389    3.915552   90.294853       2.754982   4.068173  -0.434048
    48  0.15598045    4.244444   97.879291       3.015416   4.917054  -1.318859
    49  0.11727814    3.191300   73.593204       3.237122  -2.486372  -0.310236
    50  0.14935126    4.064054   93.719409       3.540070  -0.898840  -2.415551
    51  0.14763439    4.017336   92.642055       3.834952  -0.697104   1.018507
    52  0.15864635    4.316987   99.552171       4.521562  -1.405817  -2.458811
    53  0.15976724    4.347488  100.255540       4.491387  -0.230969  -1.817490
    54  0.12448877    3.387512   78.117948       4.509488   0.812095   2.297198
    55  0.13828966    3.763053   86.778144       4.649455   2.583693   0.287594
    56  0.15009566    4.084311   94.186527       5.422484   3.069989   1.010155
    57  0.13138215    3.575090   82.443611       5.559497   0.552810   2.149129
    58  0.14137818    3.847096   88.716222       5.819367   2.143929   0.096259
    59  0.11970318    3.257289   75.114940       5.925865  -0.423680   1.478243
    60  0.12939814    3.521102   81.198628       6.320406   1.148531  -0.638466
 
 Number of surface maxima:    68
   #       a.u.         eV      kcal/mol           X/Y/Z coordinate(Angstrom)
     1  0.19384965    5.274917  121.642592      -7.982269   0.811647  -1.458348
     2  0.15427868    4.198137   96.811418      -7.082598   2.276223  -1.633943
     3  0.20177244    5.490507  126.614226      -6.855994   3.854581  -1.946728
     4  0.15465820    4.208464   97.049570      -6.672903  -0.161680  -1.063913
     5  0.20375039    5.544330  127.855405      -5.936474  -1.557903  -0.621713
     6  0.17367424    4.725916  108.982321      -5.534092  -2.629415   1.228310
     7  0.16412115    4.465964  102.987661      -5.154442   3.857867  -1.694405
     8  0.17243754    4.692264  108.206281      -4.914343   1.608460  -0.403430
     9  0.16785501    4.567567  105.330699      -4.617852   1.229976  -1.941989
    10  0.18419839    5.012293  115.586334      -4.438461  -0.970006  -0.241583
    11  0.14294879    3.889834   89.701796      -4.267630  -5.584708   1.464304
    12  0.18788896    5.112718  117.902199      -4.150208  -2.100913  -0.405405
    13  0.11435245    3.111688   71.757306      -3.837852  -2.222109   1.213845
    14  0.21835754    5.941811  137.021543      -3.598672   4.466473  -1.710327
    15  0.19187097    5.221075  120.400952      -3.284721  -0.483335   0.715267
    16  0.12123756    3.299042   76.077779      -3.185583  -2.208002   0.535190
    17  0.18069238    4.916890  113.386275      -2.907254  -1.005354  -1.690538
    18  0.18301108    4.979985  114.841284      -2.918417   0.296823   3.739022
    19  0.17890781    4.868329  112.266438      -2.890272   3.080449  -1.154072
    20  0.17586473    4.785523  110.356875      -2.717563   0.750892  -0.047088
    21  0.17058529    4.641862  107.043976      -2.447515   0.491762  -1.232278
*   22  0.25641034    6.977280  160.900052      -2.235724   3.985950   1.995524
    23  0.16370377    4.454606  102.725753      -2.176457  -1.966841  -0.014205
    24  0.20272218    5.516351  127.210193      -2.119934   2.409472   2.141258
    25  0.04651675    1.265785   29.189728      -1.964014  -4.059831  -2.338877
    26  0.22990866    6.256133  144.269984      -1.582978   2.149172  -0.898512
    27  0.23824674    6.483023  149.502210      -1.513221   5.715875   0.684477
    28  0.15139538    4.119678   95.002116      -1.324526  -0.720915   1.126991
    29  0.19570132    5.325304  122.804534      -1.268073   0.215967   1.270107
    30  0.15230050    4.144307   95.570086      -1.130005  -2.027262   3.462657
    31  0.22076605    6.007350  138.532901      -1.138788   4.260637   1.081360
    32  0.09439783    2.568695   59.235580      -0.779948  -3.523802   0.566172
    33  0.14289695    3.888424   89.669267      -0.902332  -1.405418  -1.164084
    34  0.24843576    6.760281  155.895921      -0.415774   1.737673   0.251554
    35  0.18105147    4.926661  113.611611      -0.328748  -0.237369   0.092723
    36  0.18608417    5.063608  116.769680      -0.266171   6.060391  -0.400764
    37  0.19884623    5.410881  124.777995      -0.139317   0.836002   2.664727
    38  0.13608312    3.703010   85.393517      -0.018566  -1.967244   1.844880
    39  0.20993351    5.712581  131.735375       0.342789   3.574924  -1.087860
    40  0.11532746    3.138220   72.369133       0.455235  -2.691025  -0.710825
    41  0.25321892    6.890437  158.897407       0.553218   2.161388   1.381814
    42  0.22223564    6.047339  139.455085       0.690464   6.946421  -1.536501
    43  0.16320420    4.441012  102.412266       1.078568  -1.400738   0.440212
    44  0.21192460    5.766762  132.984804       1.349721   4.004969   0.040067
    45  0.15881602    4.321604   99.658640       1.517154  -2.290578  -0.903055
    46  0.18143803    4.937180  113.854180       1.698078   5.708648  -1.943111
    47  0.18450391    5.020607  115.778048       1.847707  -1.027144  -2.226913
    48  0.15304370    4.164531   96.036451       1.901079  -3.891068  -3.366105
    49  0.22490208    6.119897  141.128304       1.916787   1.416413  -0.969099
    50  0.22071074    6.005845  138.498196       2.226566   1.209474   1.176872
    51  0.05049045    1.373915   31.683265       2.399186  -3.928636   1.349098
    52  0.23342082    6.351704  146.473901       2.399802   1.771673   0.047795
    53  0.24280478    6.607054  152.362426       2.512009   2.621893   1.856391
    54  0.18817934    5.120620  118.084415       2.815307   3.351845  -2.093703
    55  0.22278158    6.062195  139.797672       2.901521   4.943085  -2.856917
    56  0.22209093    6.043402  139.364283       2.958218  -1.031135   0.072332
    57  0.23982637    6.526007  150.493446       3.042812  -0.066234  -1.175001
    58  0.24266900    6.603359  152.277227       3.185490   1.885693  -1.829741
    59  0.17578609    4.783383  110.307532       3.834952  -2.294704  -2.298918
    60  0.19083765    5.192957  119.752536       4.679808   0.159514   1.132450
    61  0.20209446    5.499270  126.816296       4.818182   1.142744  -0.109289
    62  0.23061028    6.275225  144.710255       5.422484  -2.428944  -1.903981
    63  0.19765156    5.378372  124.028329       5.554778  -1.255428  -0.995053
    64  0.21672925    5.897503  135.999769       5.656241   3.186480   2.509856
    65  0.17095864    4.652021  107.278257       6.547816   2.078613   1.714170
    66  0.21663130    5.894837  135.938305       7.075763  -1.295723  -0.770760
    67  0.16869582    4.590447  105.858312       7.228423   0.014644   0.259068
    68  0.20990204    5.711725  131.715631       7.985810   1.234886   1.245044
