 Number of surface minima:    87
   #       a.u.         eV      kcal/mol           X/Y/Z coordinate(Angstrom)
     1  0.12666444    3.446715   79.483204      -6.565223   0.942037   2.894598
     2  0.04341840    1.181475   27.245479      -6.317404   1.075388  -4.388266
     3  0.09053649    2.463623   56.812553      -5.797408  -1.840631  -2.008570
     4  0.13446790    3.659058   84.379953      -5.813144  -0.011637   4.459836
     5  0.11884961    3.234062   74.579317      -5.683513   0.252493   3.135461
     6  0.11981143    3.260235   75.182873      -5.708248   0.718809   2.147477
     7  0.13730121    3.736156   86.157879      -5.681795   1.443311   1.152001
     8  0.08551817    2.327068   53.663505      -5.092360  -1.996213  -3.021373
     9  0.12827103    3.490432   80.491351      -5.002711   1.861244   5.266598
    10  0.12535902    3.411192   78.664037      -4.627570  -0.409299   3.663435
    11  0.10839699    2.949632   68.020193      -4.679692   2.501793   4.138304
    12  0.10736444    2.921535   67.372259      -4.694608   2.959309   3.163092
    13  0.09543184    2.596833   59.884437      -4.520865  -1.930869  -4.074147
    14  0.13556883    3.689016   85.070798      -4.563375   0.576950   1.442636
    15  0.08571006    2.332289   53.783921      -4.103449  -2.277439  -3.085232
    16  0.11062987    3.010392   69.421351      -4.205748  -2.256075  -1.225081
    17  0.13053789    3.552117   81.913833      -3.774776  -0.486572   3.058805
    18  0.14176591    3.857647   88.959528      -3.725183  -0.016240   2.060634
    19  0.11295606    3.073691   70.881058      -3.678327   1.874425   4.609914
    20  0.11598018    3.155981   72.778720      -3.590984   2.838932   2.415480
    21  0.05494753    1.495198   34.480125      -3.283662   0.276185  -2.934327
    22  0.16063662    4.371145  100.801085      -2.755300  -3.560966  -0.026335
    23  0.11278997    3.069171   70.776834      -2.737677   1.752926   4.083678
    24  0.11922403    3.244251   74.814273      -2.741141   2.276608   2.889689
    25  0.14760577    4.016557   92.624096      -2.335951  -4.604107   3.268989
    26  0.15933726    4.335787   99.985727      -2.209982  -1.141751   1.080683
    27  0.11661007    3.173121   73.173986      -2.166707   0.724614  -0.699840
    28  0.15326972    4.170681   96.178280      -1.982388  -3.189546  -0.571736
    29  0.16064781    4.371449  100.808107      -1.854669  -1.651443   1.794534
    30  0.09331386    2.539199   58.555380      -1.732017   3.124968   1.549163
    31  0.15473242    4.210483   97.096140      -1.429783  -3.676605   0.119503
    32  0.13760488    3.744419   86.348440      -1.183294  -1.575476   4.644917
*   33 -0.01616714   -0.439930  -10.145044      -1.183294   2.766382  -3.534889
    34  0.01770350    0.481737   11.109126      -1.163266   4.104062  -1.200158
    35  0.03804832    1.035348   23.875703      -0.820093   5.532869   0.752082
    36  0.06399897    1.741500   40.159991      -0.677758   0.905855   1.271364
    37  0.16790066    4.568809  105.359342      -0.405035  -3.592666   0.347585
    38  0.15414448    4.194485   96.727205       0.152269  -0.922780   1.425379
    39  0.01856758    0.505250   11.651341       0.009694  -0.406160  -2.680174
    40  0.13650531    3.714498   85.658448       0.036350  -0.520348   3.160466
    41  0.16856379    4.586854  105.775463       0.257612  -3.062102  -0.182321
    42 -0.01318088   -0.358670   -8.271136       0.202695   2.369499  -3.679562
    43  0.04999187    1.360348   31.370397       0.301316   3.303836   1.032472
    44  0.13734547    3.737360   86.185658       0.562003  -4.101135   4.726564
    45  0.12091045    3.290141   75.872517       0.642671  -0.865201   5.193767
    46  0.13052161    3.551674   81.903618       0.911857  -5.473277   3.391897
    47  0.04508658    1.226868   28.292281       1.035352   2.226872   0.859812
    48  0.13505916    3.675147   84.750972       1.597088  -5.827024   1.818474
    49  0.12652399    3.442893   79.395071       1.835130  -1.083486  -1.676491
    50  0.10749539    2.925098   67.454432       1.933000  -6.288399  -2.581991
    51  0.08360123    2.274905   52.460610       1.954147   2.887190   0.074902
    52  0.07700012    2.095280   48.318348       1.887862   3.979297   0.769928
    53  0.08935193    2.431390   56.069230       2.129002  -1.727869  -3.869183
    54  0.16475505    4.483213  103.385443       2.290150   0.150540   1.199334
    55  0.09670584    2.631500   60.683884       2.357035  -5.574008  -4.019643
    56  0.14553938    3.960328   91.327416       2.520946  -4.112922   1.858201
    57  0.09105289    2.477675   57.136602       2.492374  -3.067140  -4.852421
    58  0.07828398    2.130215   49.123979       2.414224   4.899016   0.372530
    59  0.14129088    3.844720   88.661438       2.594196  -4.701143   0.093926
    60  0.11212036    3.050950   70.356649       2.569092  -4.112922   5.433844
    61  0.11054326    3.008035   69.367004       2.575874  -2.370183   5.705215
    62  0.07461469    2.030369   46.821467       2.713120   2.930796  -1.169138
    63  0.16609512    4.519678  104.226350       2.901125  -1.607091   0.724535
    64  0.07090181    1.929336   44.491593       3.178164   4.107656  -1.364327
    65  0.07580447    2.062744   47.568060       3.114771   5.015385  -0.767487
    66  0.11797612    3.210293   74.031194       3.283901   0.649673  -1.696580
    67  0.04151918    1.129794   26.053700       3.357421   7.396682  -0.127953
    68  0.10121134    2.754101   63.511127       3.579301  -6.424298  -2.847103
    69  0.11662371    3.173492   73.182542       3.564831  -3.058357   4.583417
    70  0.09542786    2.596724   59.881938       3.579301  -1.996213  -4.470508
    71  0.12454211    3.388963   78.151422       3.636840  -0.113265  -1.965244
    72  0.14360427    3.907671   90.113115       4.214686   0.250194   0.741315
    73  0.08545671    2.325395   53.624940       4.243972   3.433262   1.949794
    74  0.13092435    3.562633   82.156342       4.429891  -4.774393   0.812222
    75  0.14367168    3.909505   90.155415       4.491338  -0.813897   0.464699
    76  0.12132432    3.301403   76.132221       4.658527  -4.468228  -2.774972
    77  0.08251671    2.245394   51.780063       4.634965   4.232359   1.679414
    78  0.09860127    2.683077   61.873282       4.877139   2.626720   0.343520
    79  0.13826257    3.762316   86.761143       4.903199  -2.789817  -2.816499
    80  0.12090186    3.289907   75.867128       5.094226  -4.847000  -0.832134
    81  0.14802002    4.027830   92.884043       5.143767   0.241258   0.313731
    82  0.04462762    1.214379   28.004278       5.068251   7.165807  -0.302957
    83  0.08113226    2.207721   50.911304       5.294531   4.376198   0.619741
    84  0.08424049    2.292300   52.861748       5.443129   3.565673  -0.032015
    85  0.04503884    1.225569   28.262324       5.702937   6.868213   0.491730
    86  0.04503341    1.225421   28.258916       5.758141   6.797342   0.787261
    87  0.12981806    3.532529   81.462131       6.431940  -1.890427  -1.890488
 
 Number of surface maxima:   120
   #       a.u.         eV      kcal/mol           X/Y/Z coordinate(Angstrom)
     1  0.11514670    3.133301   72.255708      -7.969683   0.224104  -4.283095
     2  0.19337162    5.261909  121.342627      -7.172890   2.356322   3.378271
     3  0.19206370    5.226319  120.521893      -7.012484  -0.134639  -0.278363
     4  0.12779011    3.477346   80.189569      -6.688003  -0.011799  -1.838836
     5  0.15275738    4.156740   95.856784      -6.210478   1.411728   4.393998
     6  0.15422054    4.196554   96.774932      -6.084102   2.380567   2.074168
     7  0.19898393    5.414628  124.864403      -5.761466   0.649673   5.834710
     8  0.11617084    3.161169   72.898364      -5.446567  -1.003932  -4.073271
     9  0.20044087    5.454274  125.778652      -5.522260   2.912401   0.645607
    10  0.11277498    3.068763   70.767429      -5.234847  -0.094522  -4.089921
    11  0.14496333    3.944653   90.965942      -4.459438  -1.681646  -1.873780
    12  0.21880888    5.954092  137.304760      -4.383266  -1.081302   1.376846
    13  0.16009637    4.356444  100.462070      -4.195584   0.120496   5.305946
    14  0.17423144    4.741079  109.331970      -4.355500   0.518226   2.740420
    15  0.16556798    4.505334  103.895562      -4.064612  -0.882481  -5.142468
    16  0.17863971    4.861034  112.098206      -4.164977   2.004220   0.551895
    17  0.13710887    3.730922   86.037185      -4.067293  -0.106052  -1.870867
    18  0.16428291    4.470365  103.089169      -3.853681   1.915588   3.344255
    19  0.18419016    5.012069  115.581167      -3.829180   2.711991  -0.435251
*   20  0.23670622    6.441104  148.535519      -3.808480  -3.305416   1.033469
    21  0.03840840    1.045146   24.101656      -3.302461   2.256575  -3.215110
    22  0.16582256    4.512261  104.055317      -3.408926   5.423755   0.633254
    23  0.19352974    5.266212  121.441847      -3.242601  -1.541928   0.548211
    24  0.18495040    5.032756  116.058228      -3.238059   0.579323   0.253105
    25  0.12600627    3.428805   79.070193      -3.022059  -1.318069  -3.987645
    26  0.21151572    5.755635  132.728228      -2.705973  -0.540976   5.450552
    27  0.21230919    5.777227  133.226138      -2.501776  -3.173863   3.818287
    28  0.20143730    5.481388  126.403922      -2.432330  -3.509837   1.813752
    29  0.17121633    4.659033  107.439959      -2.174807  -0.144093   3.865008
    30  0.20691252    5.630376  129.839675      -1.947023  -5.546491   1.964690
    31  0.16902294    4.599348  106.063583      -1.844766  -0.227247  -0.542046
    32  0.16290434    4.432852  102.224100      -1.918710   1.501789   1.872102
    33  0.13609835    3.703424   85.403075      -1.776099   0.718340  -1.028056
    34  0.15322559    4.169480   96.150588      -1.714448   2.374048  -0.565633
    35  0.17656214    4.804500  110.794506      -1.739049   4.353913   3.082648
    36  0.18966875    5.161149  119.019040      -1.610985  -1.608822  -1.670949
    37  0.17764669    4.834012  111.475074      -1.481886  -1.731624  -3.345726
    38  0.16237760    4.418519  101.893571      -1.443219  -4.770930   3.667871
    39  0.20555687    5.593487  128.988989      -1.422630  -1.319512   3.017799
    40  0.18839271    5.126426  118.218310      -1.183294  -2.197094   2.671225
    41  0.22056501    6.001879  138.406752      -1.043561  -1.428108   0.909277
    42  0.21399847    5.823194  134.286179      -1.099257  -0.011799   2.713370
    43  0.22499968    6.122553  141.189550      -0.766330  -2.617708  -0.142639
    44  0.16169049    4.399822  101.462400      -0.652662  -3.586770   4.187700
    45  0.11153833    3.035112   69.991417      -0.559490   0.902488  -2.480002
    46  0.15828710    4.307211   99.326740      -0.417401  -5.310825   2.711558
    47  0.18432182    5.015652  115.663783      -0.416387  -1.874324   5.877756
    48  0.17173416    4.673124  107.764904      -0.457130   0.185189   0.026325
    49  0.13827021    3.762524   86.765936      -0.226100   1.900741   0.551229
    50  0.08832738    2.403510   55.426317      -0.280552   2.851337  -2.022783
    51  0.19202499    5.225266  120.497602      -0.190906  -4.178888   1.416869
    52  0.18345764    4.992136  115.121502       0.037995  -5.435865   4.784392
    53  0.07963646    2.167018   49.972674       0.092158   4.835600   0.202529
    54  0.15494014    4.216136   97.226487       0.404237  -3.186862   4.795233
    55  0.20002766    5.443029  125.519354       0.503773  -5.313042   0.610628
    56  0.14580449    3.967542   91.493777       0.902525  -5.769422   2.475224
    57  0.20983148    5.709805  131.671351       0.892161  -4.122055  -0.463645
    58  0.16646034    4.529616  104.455530       0.977013  -5.148776  -3.169832
    59  0.15439929    4.201418   96.887101       0.996999   0.448669  -1.165432
    60  0.15923033    4.332878   99.918622       1.101708  -3.028607  -3.853295
    61  0.19347841    5.264815  121.409635       1.173474  -2.447598  -0.754342
    62  0.12683600    3.451383   79.590857       1.077516   2.252896  -0.817757
    63  0.18676995    5.082269  117.200013       1.303029  -0.158241   3.793262
    64  0.17250299    4.694045  108.247353       1.440080  -3.326143   6.276166
    65  0.14842330    4.038803   93.137104       1.360924  -1.855262   4.859771
    66  0.14626069    3.979956   91.780048       1.435642   4.215239  -0.983828
    67  0.15722491    4.278307   98.660202       1.604569  -4.379203   3.802297
    68  0.20999980    5.714385  131.776974       1.596843  -2.508682   0.358908
    69  0.20014531    5.446231  125.593185       1.488250  -1.448464   1.188760
    70  0.15942957    4.338299  100.043650       1.757804  -1.817287   3.422819
    71  0.14278033    3.885250   89.596086       1.859876  -3.716030  -2.419000
    72  0.14367819    3.909682   90.159499       1.984848   1.599115  -0.679863
    73  0.19411860    5.282236  121.811361       1.924581   1.905429   2.475224
    74  0.15441732    4.201909   96.898413       1.983842  -4.374963   1.139923
    75  0.13777440    3.749032   86.454813       2.351504   3.419094   2.427622
    76  0.11265527    3.065506   70.692306       2.490255  -6.429842  -3.016760
    77  0.16736039    4.554108  105.020316       2.390179  -3.450731   2.873137
    78  0.18937542    5.153167  118.834968       2.520946   1.244542   0.953384
    79  0.05215742    1.419275   32.729300       2.453732   1.808826  -3.412940
    80  0.17635052    4.798742  110.661717       2.520946   4.985213   3.063265
    81  0.15867683    4.317816   99.571296       2.551842  -4.766526  -1.091667
    82  0.12809615    3.485674   80.381616       2.623112  -4.258050  -3.797004
    83  0.19466820    5.297191  122.156241       2.675616  -0.258491  -1.198903
    84  0.19600682    5.333617  122.996239       2.783325  -5.298751   2.870734
    85  0.10076575    2.741976   63.231516       2.758294  -2.128507  -4.596604
    86  0.15190779    4.133621   95.323658       2.941033  -4.103166   0.746615
    87  0.21484933    5.846348  134.820102       3.055678  -0.555278   0.382072
    88  0.13296394    3.618133   83.436203       2.985162   3.824736  -0.103329
    89  0.17690238    4.813758  111.008009       3.103398  -6.308651  -1.175743
    90  0.18455918    5.022111  115.812730       3.118095  -4.574128   3.866138
    91  0.21245028    5.781066  133.314677       3.072715  -2.245448   1.695860
    92  0.17808745    4.846006  111.751656       3.151283  -1.479215   4.323451
    93  0.12314003    3.350811   77.271602       3.212925  -3.171056   5.283911
    94  0.11721922    3.189697   73.556232       3.180749   5.675769   1.807356
    95  0.11764148    3.201187   73.821204       3.467716   5.586966   1.988451
    96  0.19089984    5.194649  119.791557       3.513822  -5.898226  -0.038368
    97  0.16267367    4.426576  102.079356       3.551877  -1.120518  -2.959472
    98  0.15874618    4.319703   99.614817       3.825834  -1.479253  -2.327365
    99  0.15746875    4.284942   98.813213       3.978685  -5.691844  -4.130126
   100  0.14702948    4.000876   92.262469       3.978014  -5.033576  -1.488608
   101  0.13553089    3.687983   85.046991       4.027732  -4.193668  -3.294178
   102  0.15615534    4.249203   97.989035       4.098897  -3.439873  -4.913198
   103  0.18011443    4.901163  113.023604       4.252862  -2.379561  -0.009594
   104  0.19662101    5.350330  123.381652       4.340738  -3.124020   1.347417
   105  0.17008464    4.628238  106.729813       4.383743   1.450212  -1.103742
   106  0.13780145    3.749768   86.471790       4.312512   3.427853   0.729907
   107  0.11105707    3.022017   69.689423       4.490366   8.032738   1.146545
   108  0.18659450    5.077495  117.089915       4.902244   2.213169  -2.349568
   109  0.13843118    3.766904   86.866947       5.006151  -4.520357   0.078744
   110  0.14168690    3.855496   88.909944       4.968609  -3.186862  -2.750183
   111  0.13164216    3.582165   82.606771       5.034439   3.693783  -1.759399
   112  0.11506057    3.130957   72.201655       5.035988   5.677540  -0.302111
   113  0.18218939    4.957625  114.325663       5.365200  -0.739491  -1.162943
   114  0.16909724    4.601370  106.110212       5.427847   5.282707  -1.883005
   115  0.18606492    5.063084  116.757599       5.587660  -1.584261  -3.165404
   116  0.14658092    3.988670   91.980990       5.600965  -3.563882  -0.662590
   117  0.17072173    4.645575  107.129596       5.952461  -4.886408  -2.143462
   118  0.21856408    5.947431  137.151144       5.887313   0.751466  -0.964428
   119  0.14601566    3.973288   91.626284       6.092892  -2.978104  -1.910842
   120  0.19438652    5.289526  121.979485       6.550053  -2.099251  -0.242679
