 Number of surface minima:    57
   #       a.u.         eV      kcal/mol           X/Y/Z coordinate(Angstrom)
     1  0.12157491    3.308222   76.289473      -7.340223  -1.748647  -0.690464
     2  0.10846274    2.951421   68.061452      -6.749123  -0.700608  -0.700056
     3  0.10991089    2.990828   68.970185      -6.523182  -1.344938   0.242124
     4  0.11243956    3.059636   70.556948      -6.137885  -2.231427   1.341071
     5  0.10388015    2.826723   65.185833      -5.608707  -1.174602   1.207247
     6  0.16581250    4.511987  104.049000      -5.460599   1.926564  -2.162824
     7  0.09750877    2.653349   61.187728      -5.062320  -2.169667  -2.163962
     8  0.09590413    2.609684   60.180803      -4.814942  -2.883272  -1.030600
     9  0.15141312    4.120160   95.013245      -4.663660   2.194635  -1.105330
    10  0.08191845    2.229114   51.404649      -3.888882  -2.628187  -0.149458
    11  0.15698899    4.271888   98.512163      -4.012965   0.750077  -3.355221
    12  0.13284705    3.614952   83.362851      -2.818564   0.906289  -2.534235
    13  0.00659637    0.179496    4.139288      -2.368362  -2.222858   2.143406
    14  0.00902217    0.245506    5.661499      -2.188069  -0.700608   2.043073
    15  0.16050191    4.367479  100.716555      -1.406882   2.545071   1.416653
    16 -0.00865922   -0.235629   -5.433748      -1.091953  -3.176110  -0.700056
    17  0.15446112    4.203101   96.925897      -1.109405   3.274075   1.809032
    18  0.16269686    4.427207  102.093904      -1.101913   4.738970  -0.413708
*   19 -0.01539730   -0.418982   -9.661958      -0.931403  -3.564079   0.537597
    20  0.17350297    4.721256  108.874846      -0.688594   4.480799   2.242471
    21  0.17803760    4.844649  111.720373      -0.707193   5.644030   0.373912
    22  0.00299962    0.081624    1.882289      -0.199407  -2.160998   3.111892
    23  0.02143875    0.583378   13.453032      -0.157611   0.250976  -2.014043
    24  0.03102223    0.844158   19.466758       0.233262  -0.814399   2.882834
    25  0.00664281    0.180760    4.168431       1.104795  -2.689041  -0.586254
    26  0.15932260    4.335388   99.976524       1.244073   2.606749   1.224411
    27  0.05279709    1.436682   33.130704       1.446731   0.533881  -2.001236
    28  0.05204876    1.416319   32.661118       1.954054   0.671695   3.961500
    29  0.09033660    2.458184   56.687122       1.872643   1.092088   1.681241
    30  0.04243658    1.154758   26.629377       2.038377  -1.635131   2.581258
    31  0.14605599    3.974386   91.651597       2.038109   1.812984   0.565893
    32  0.13316294    3.623548   83.561075       2.573133   5.384930  -0.345690
    33  0.13504230    3.674688   84.740396       2.726759   3.539045  -1.633368
    34  0.13040304    3.548447   81.829214       2.784298   3.929693   1.872000
    35  0.09452161    2.572064   59.313254       2.990422  -3.875671  -0.082334
    36  0.10462179    2.846904   65.651221       2.917994  -3.081906  -2.095428
    37  0.14045617    3.822007   88.137648       3.055305   2.077572   0.555475
    38  0.13830335    3.763426   86.786735       3.133461   4.609478  -0.937598
    39  0.13848700    3.768423   86.901977       3.450893   3.135927   1.215652
    40  0.14640176    3.983794   91.868567       3.661503   5.513735  -0.155126
    41  0.09273418    2.523425   58.191628       3.807207  -2.949611   0.536577
    42  0.10711438    2.914731   67.215348       3.764251  -2.023551  -1.931208
    43  0.14643448    3.984685   91.889100       3.888495   3.665104  -1.546157
    44  0.14650811    3.986688   91.935306       3.842926   4.326575   1.739979
    45  0.09264999    2.521134   58.138796       4.333753  -2.949611  -2.377386
    46  0.08318803    2.263661   52.201322       4.428255  -4.019332   0.065018
    47  0.11273986    3.067808   70.745392       4.416175  -1.097491  -1.550938
    48  0.15656099    4.260241   98.243588       4.371032   2.474455   0.283671
    49  0.10462393    2.846962   65.652561       4.757881  -3.983620  -2.636838
    50  0.09670814    2.631562   60.685322       5.376971  -2.943480  -2.408063
    51  0.09010781    2.451958   56.543554       5.434190  -4.007966   0.023886
    52  0.10338590    2.813273   64.875684       5.638914  -1.094768  -1.616599
    53  0.09664972    2.629973   60.648669       5.736302  -2.155845   0.823875
    54  0.09396505    2.556919   58.964011       6.196820  -3.020197   0.420007
    55  0.09964218    2.711402   62.526464       6.185650  -1.891257  -1.982272
    56  0.11498491    3.128898   72.154179       6.798437  -3.225396  -2.329840
    57  0.11157554    3.036125   70.014766       6.873312  -4.007966  -0.256819
 
 Number of surface maxima:    65
   #       a.u.         eV      kcal/mol           X/Y/Z coordinate(Angstrom)
     1  0.19150319    5.211067  120.170165      -7.428856  -3.054312  -1.605091
     2  0.15426089    4.197652   96.800249      -6.780192  -1.606728  -2.271506
     3  0.21144175    5.753623  132.681814      -6.617920  -0.275071  -3.296800
     4  0.14411867    3.921668   90.435907      -6.447147  -3.089532  -0.202236
     5  0.17891590    4.868549  112.271517      -6.028824  -3.662195   1.137856
     6  0.19075691    5.190759  119.701867      -5.540016   0.477309  -2.576365
     7  0.17358816    4.723574  108.928305      -5.349532  -0.558032  -0.146615
     8  0.12210651    3.322687   76.623054      -5.211825  -2.288140   1.617786
     9  0.23347327    6.353131  146.506810      -5.296587   1.680689  -3.562998
    10  0.16749235    4.557699  105.103125      -4.418059  -1.560329  -0.987574
    11  0.19481620    5.301218  122.249115      -4.027695   2.501311  -2.700807
    12  0.23004246    6.259774  144.353946      -3.941692   1.151512  -0.435467
    13  0.17083393    4.648628  107.200001      -3.505023  -0.043652   1.132320
*   14  0.25258619    6.873220  158.500360      -3.317286   4.096378   0.784360
    15  0.20239849    5.507543  127.007078      -3.118189  -2.300184   4.815798
    16  0.20705815    5.634339  129.931062      -2.979535   0.344619  -1.382143
    17  0.24950449    6.789362  156.566561      -2.856938   3.606016  -2.419882
    18  0.14126368    3.843980   88.644372      -2.700046  -1.099051   0.226903
    19  0.22992641    6.256616  144.281121      -2.515506   3.054065  -0.700056
    20  0.20461054    5.567736  128.395161      -1.839458   4.788467   1.217073
    21  0.05399932    1.469396   33.885112      -1.757166  -2.281287  -2.550064
    22  0.10923590    2.972460   68.546616      -1.577781  -1.564570   0.521874
    23  0.15881122    4.321473   99.655626      -1.454631   0.093158  -0.567762
    24  0.12621718    3.434544   79.202541      -0.846113  -0.669161   1.872587
    25  0.24660735    6.710527  154.748577      -0.728113   5.980741   1.786553
    26  0.03216260    0.875189   20.182356      -0.533094  -3.827242   2.523437
    27  0.18419295    5.012145  115.582921      -0.445199   0.901685   0.640881
    28  0.24348937    6.625683  152.792012      -0.312476   3.411840  -0.573025
    29  0.19713463    5.364306  123.703952      -0.206206   1.916449   2.204512
    30  0.23529074    6.402587  147.647295      -0.197818   2.732833   0.865240
    31  0.08925496    2.428751   56.008380       0.188990  -2.321285  -0.044324
    32  0.13293432    3.617327   83.417616       0.476830  -0.732352  -1.026840
    33  0.21010677    5.717296  131.844099       0.582023   5.328633   1.360356
    34  0.19368851    5.270532  121.541475       0.968926   2.065151  -1.422447
    35  0.13719949    3.733388   86.094049       1.155200  -1.221219   1.299725
    36  0.09048240    2.462151   56.778611       1.282505  -0.790077   3.792033
    37  0.18021346    4.903858  113.085748       1.270596   1.354190  -0.038585
    38  0.16432670    4.471557  103.116646       1.337065  -0.104962   0.226004
    39  0.23063865    6.275997  144.728056       1.633212   6.300057   1.916264
    40  0.20145701    5.481924  126.416286       1.932068   4.061987  -0.493687
    41  0.20511916    5.581576  128.714321       2.197293   3.135091   0.756211
    42  0.15953148    4.341072  100.107599       2.205210  -4.003704  -1.358671
    43  0.15925990    4.333682   99.937182       2.474127  -1.600390   4.848827
    44  0.16260907    4.424818  102.038815       2.435549   1.233118  -0.038585
    45  0.15536564    4.227714   97.493491       2.566794  -0.714776  -1.275124
    46  0.12984968    3.533390   81.481973       2.643185  -2.503083   0.122889
    47  0.13768711    3.746657   86.400040       2.725834   0.157819   1.878197
    48  0.16120497    4.386610  101.157730       2.891343  -1.330746   1.197836
    49  0.21188857    5.765781  132.962197       3.087761   0.605360   0.726210
    50  0.17813934    4.847418  111.784217       3.050382   5.577183   1.344318
    51  0.23750138    6.462741  149.034490       3.387305  -0.521142  -3.827947
    52  0.12704908    3.457181   79.724569       3.679936  -4.382948  -1.608765
    53  0.17230576    4.688678  108.123587       3.795605   1.942271  -0.825760
    54  0.19001943    5.170692  119.239095       4.363464   0.010962   2.769000
    55  0.17786614    4.839984  111.612780       4.562141   4.058368   0.083529
    56  0.21680409    5.899539  136.046733       4.717126   5.388514   1.021993
    57  0.17446576    4.747455  109.479008       4.957885  -5.467795  -2.038879
    58  0.14482978    3.941019   90.882137       4.997099  -2.795199  -0.006577
    59  0.15020464    4.087276   94.254916       4.987458  -2.140764  -1.465078
    60  0.21543140    5.862187  135.185358       5.136611   0.549624   0.550176
    61  0.21993885    5.984841  138.013830       5.106530   2.875196  -0.964160
    62  0.13477607    3.667443   84.573332       6.165485  -4.463397  -1.649980
    63  0.14029949    3.817743   88.039333       7.494485  -2.548117  -0.828510
    64  0.18214587    4.956441  114.298356       7.753017  -4.059934  -1.515069
    65  0.18922312    5.149023  118.739398       7.935694  -1.047108  -0.278903
