 Number of surface minima:    81
   #       a.u.         eV      kcal/mol           X/Y/Z coordinate(Angstrom)
     1  0.12762530    3.472861   80.086152      -6.744943   0.364115   0.280688
     2  0.11906821    3.240011   74.716495      -6.092047  -2.935596   0.004263
     3  0.11945689    3.250587   74.960391      -5.969825  -2.262341   2.007568
     4  0.13587891    3.697453   85.265374      -5.849604  -0.684496   1.731603
     5  0.09930411    2.702202   62.314324      -5.554304  -4.493839   2.530439
     6  0.12915486    3.514482   81.045964      -5.097034  -3.345830  -1.342651
     7  0.09226768    2.510731   57.898894      -4.665179   0.040544   3.643323
     8  0.09432559    2.566730   59.190251      -4.495417  -3.834462   3.884674
     9  0.14449335    3.931864   90.671019      -4.409462   1.815196  -1.604838
    10  0.08792536    2.392571   55.174040      -4.120480  -1.210122   4.384856
    11  0.14126744    3.844083   88.646732      -4.033791   0.618587  -1.506789
    12  0.10503993    2.858282   65.913604      -3.933745  -4.795363   2.619390
    13  0.07390477    2.011051   46.375984      -3.769498   4.987716  -1.738886
    14  0.13914098    3.786218   87.312353      -3.481025  -3.586023  -0.125544
    15  0.14115547    3.841036   88.576468      -3.490640   1.416308  -1.748075
    16  0.06850027    1.863987   42.984604      -3.364622   5.643502  -2.300367
    17  0.08502784    2.313725   53.355818      -3.150784  -0.142733   3.364580
    18  0.13529539    3.681575   84.899211      -2.980171  -2.683697   1.955494
    19  0.11409514    3.104687   71.595839      -3.015616   2.013678   0.791831
    20  0.14461786    3.935252   90.749154      -2.820881  -3.334210  -1.986989
    21  0.11756841    3.199199   73.775356      -2.853491  -2.559150  -4.917679
    22  0.07103938    1.933080   44.577924      -2.570929   5.246928  -3.094243
    23  0.13387884    3.643028   84.010308      -2.481016  -5.124791  -1.457172
    24  0.12349866    3.360569   77.496644      -2.266649  -0.019923   1.344339
    25  0.07714640    2.099260   48.410138      -2.358879   4.228027  -3.119701
    26  0.11275027    3.068091   70.751924      -1.998316  -3.855878  -5.405580
    27  0.05615626    1.528089   35.238612      -1.865454   5.140134   0.141308
    28  0.16683193    4.539728  104.688707      -1.661416   0.879614  -1.651352
    29  0.06011857    1.635909   37.725003      -1.712214   4.088651   0.172849
    30  0.11245842    3.060149   70.568785      -1.494756  -2.274971  -5.825280
    31  0.05867710    1.596685   36.820468      -1.374235   5.916468  -0.540860
    32  0.12984961    3.533387   81.481927      -1.299429  -5.266147  -2.854017
    33  0.16617678    4.521900  104.277592      -0.945263  -2.537363   0.524278
    34  0.06672389    1.815649   41.869905      -0.851748   3.666293  -0.676989
    35  0.06104376    1.661085   38.305568      -0.582150   5.519231  -1.335301
    36  0.01213560    0.330227    7.615213      -0.563038   0.364325   2.777449
    37  0.06282751    1.709624   39.424891      -0.348856   4.441815  -1.374267
    38  0.13739633    3.738744   86.217572      -0.197691  -4.145589  -4.149189
    39  0.04358577    1.186029   27.350507      -0.165718   2.754360  -0.795139
    40 -0.01943101   -0.528745  -12.193151      -0.137783   3.039983   3.452451
    41  0.16236339    4.418133  101.884654       0.218123  -0.832222  -1.183115
    42  0.03876871    1.054950   24.327755       0.362004   4.000882  -0.663407
    43  0.15025205    4.088566   94.284662       0.568668  -3.662638   0.791831
    44  0.12707323    3.457838   79.739721       0.598058  -1.284726  -4.958134
    45  0.14860359    4.043709   93.250242       0.730547  -0.709040  -2.802961
    46  0.01301275    0.354095    8.165631       0.726958   0.351146   2.983886
    47  0.17029397    4.633935  106.861169       0.779184  -1.614629  -1.434824
    48  0.14711224    4.003128   92.314401       0.947804  -3.151209   1.585597
*   49 -0.02863386   -0.779167  -17.968033       1.155770   2.933662   3.758261
    50  0.15423544    4.196960   96.784279       1.663420  -3.786027   1.321008
    51  0.09867537    2.685093   61.919779       1.623235   2.551406  -1.749456
    52  0.14513189    3.949239   91.071710       1.943737  -5.179455  -1.849434
    53  0.13578917    3.695011   85.209065       2.010083  -2.281771  -3.808087
    54  0.15899032    4.326347   99.768018       2.024452  -2.074561  -0.795701
    55  0.07032501    1.913641   44.129646       2.326979  -2.579376   4.486793
    56  0.15622821    4.251186   98.034765       2.364197  -1.603834   0.007864
    57  0.03552768    0.966757   22.293975       2.449890   0.051642   3.953752
    58  0.03714810    1.010851   23.310804       2.450663   5.067827  -1.251467
    59  0.01738530    0.473078   10.909447       2.741829   3.669416   0.658677
    60  0.16638216    4.527489  104.406471       2.875596  -2.678654  -0.220236
    61  0.09399525    2.557741   58.982962       3.112456  -2.874498   2.844989
    62  0.01871808    0.509345   11.745781       3.058372   1.050084   1.239195
    63  0.06731481    1.831729   42.240715       3.305514  -2.633795   4.790068
    64  0.13797588    3.754515   86.581245       3.529347  -1.104187  -1.857763
    65  0.13322192    3.625153   83.598088       3.952163  -1.065232  -0.911380
    66  0.07165798    1.949913   44.966101       4.177249  -2.847680   4.088826
    67  0.12434201    3.383518   78.025852       4.170638  -1.549909  -2.927702
    68  0.11683643    3.179281   73.316031       4.192932   1.420805  -2.237186
    69  0.05692937    1.549127   35.723748       4.300667  -0.224142   3.702305
    70  0.11011240    2.996311   69.096630       4.617209   1.453776  -1.304679
    71  0.10918320    2.971026   68.513549       4.965605   0.962967  -3.371913
    72  0.11002111    2.993827   69.039347       5.022988   1.333308   0.023215
    73  0.11881701    3.233175   74.558863       5.097200  -1.812491  -2.794977
    74  0.11992477    3.263319   75.253993       5.060964  -1.419346  -0.795701
    75  0.11777879    3.204924   73.907367       5.657282  -1.752322  -1.586211
    76  0.10634628    2.893830   66.733356       5.851952   0.694585  -3.243412
    77  0.09901039    2.694210   62.130008       5.889346   1.104767  -1.074825
    78  0.12754166    3.470585   80.033669       6.346930  -1.579467  -0.634136
    79  0.10422553    2.836121   65.402563       6.335326   0.789490  -1.967124
    80  0.13125829    3.571720   82.365892       6.457890  -2.003368  -2.771539
    81  0.12350728    3.360804   77.502051       7.137212   0.107766  -3.017494
 
 Number of surface maxima:   119
   #       a.u.         eV      kcal/mol           X/Y/Z coordinate(Angstrom)
     1  0.16894650    4.597268  106.015616      -7.198297  -2.551741   1.043486
     2  0.14390534    3.915863   90.302039      -6.730641  -0.789539   0.560731
     3  0.19252181    5.238785  120.809360      -6.471877  -0.141457  -1.279456
     4  0.18383134    5.002305  115.356005      -6.264670   0.741120   1.668094
     5  0.14472489    3.938165   90.816318      -6.159534  -1.647010  -0.409329
     6  0.15546529    4.230426   97.556023      -6.058697  -3.440344   3.570011
     7  0.13955791    3.797564   87.573984      -5.980283  -1.097313   1.706400
     8  0.15375307    4.183834   96.481589      -5.723534  -1.193645   4.020838
     9  0.13669365    3.719623   85.776630      -5.669411  -2.889120  -0.873873
    10  0.13325186    3.625967   83.616873      -5.521292  -2.048827   2.511657
    11  0.17907149    4.872783  112.369149      -5.278096   1.025587  -0.217969
    12  0.21387013    5.819702  134.205644      -5.257778   2.613118  -0.692060
    13  0.14489183    3.942707   90.921075      -5.188209  -3.338712   0.930107
    14  0.18876600    5.136584  118.452552      -4.766047  -4.487486  -0.239516
    15  0.17469829    4.753782  109.624923      -4.651047  -4.775523   1.065328
    16  0.11039681    3.004050   69.275100      -4.546337  -4.699270   3.026796
    17  0.19496403    5.305241  122.341880      -4.429081  -1.884888  -2.039888
    18  0.17860013    4.859957  112.073365      -4.367905  -1.064332  -0.749674
    19  0.12507176    3.403376   78.483779      -4.245567  -2.414065   3.483518
    20  0.15566115    4.235755   97.678931      -4.281321   0.221034   1.447520
    21  0.17514725    4.765999  109.906649      -4.286080   3.928473   0.816309
    22  0.09724625    2.646205   61.022992      -4.044884  -0.175805   3.899212
    23  0.15940484    4.337626  100.028132      -4.135793   0.630230   2.116037
    24  0.16134356    4.390382  101.244698      -3.871413   2.949633  -0.663407
    25  0.15656400    4.260323   98.245477      -3.723602  -3.452042   0.937513
    26  0.16168234    4.399600  101.457284      -3.739119   2.949532  -0.194699
    27  0.15835946    4.309180   99.372146      -3.718749   7.101556  -0.144124
    28  0.14992080    4.079552   94.076799      -3.471759  -3.069070  -0.922688
    29  0.19546706    5.318929  122.657533      -3.119359  -4.543604  -2.922958
    30  0.13988911    3.806576   87.781813      -3.150604  -2.414065   2.349430
    31  0.18465419    5.024696  115.872353      -2.999487  -3.923437  -4.001823
    32  0.16328859    4.443308  102.465222      -2.905471  -3.852999   3.458798
    33  0.21217553    5.773590  133.142264      -2.820433  -1.333171  -2.104498
    34  0.21446785    5.835967  134.580723      -2.708181   0.434987  -0.989417
    35  0.19353963    5.266481  121.448051      -2.680765   0.817256   0.583500
    36  0.12245098    3.332061   76.839215      -2.718004   4.460530  -2.002131
    37  0.11118444    3.025482   69.769346      -2.654198   7.025197  -1.420952
    38  0.15306532    4.165119   96.050019      -2.623608  -3.604714  -1.192584
    39  0.15513090    4.221327   97.346193      -2.555231  -1.600227   3.830394
    40  0.12415386    3.378398   77.907787      -2.293419  -2.813479  -5.563035
    41  0.04594691    1.250279   28.832143      -2.362129   3.142296   2.643951
    42  0.16751743    4.558381  105.118860      -2.231206  -2.917817  -2.992028
    43  0.18049334    4.911474  113.261375      -2.118446  -1.050892  -4.738328
    44  0.20819788    5.665352  130.646250      -1.897446  -1.754435  -0.405382
    45  0.20692149    5.630620  129.845302      -1.876190  -3.344632   0.796231
    46  0.14486390    3.941947   90.903547      -1.591437  -5.395156  -1.924671
    47  0.19809125    5.390337  124.304241      -1.613623  -4.787180  -0.113111
    48  0.19097594    5.196720  119.839312      -1.739198  -1.618969   0.790722
    49  0.15868399    4.318011   99.575789      -1.623987   7.639649  -2.644402
    50  0.15796589    4.298471   99.125178      -1.552519  -4.133891  -3.503990
    51  0.18788770    5.112684  117.901410      -1.490116   1.845905  -1.539884
    52  0.11357554    3.090548   71.269786      -1.515085   4.723699  -0.943689
    53  0.20158709    5.485464  126.497915      -1.197105  -0.931079  -1.285114
    54  0.13756257    3.743268   86.321889      -1.323273   2.366359   0.163539
    55  0.16242931    4.419926  101.926016      -1.093233  -1.557360  -3.409248
    56  0.15158008    4.124704   95.118017      -0.828644   1.157881   0.991714
    57  0.11619216    3.161749   72.911740      -0.950417   6.195005  -3.038911
    58  0.17362372    4.724542  108.950619      -0.510605  -3.551263  -5.955179
    59  0.19904006    5.416156  124.899631      -0.431762   2.142069  -2.890037
    60  0.11001104    2.993553   69.033029      -0.450227   2.768418   0.515813
    61  0.18942972    5.154645  118.869046      -0.374722  -3.944557  -0.663407
    62  0.15145221    4.121224   95.037777      -0.330521  -1.884888  -4.700664
    63  0.18279709    4.974162  114.707000      -0.144546  -5.677010  -3.926351
    64  0.15687850    4.268881   98.442828      -0.187871  -5.368902  -1.986350
    65  0.19663498    5.350710  123.390415      -0.034879  -0.116051  -3.944560
    66  0.21969928    5.978321  137.863493       0.073836  -2.340149   0.791831
    67  0.17281447    4.702521  108.442807      -0.011491   5.137711  -3.977765
    68  0.15580962    4.239795   97.772098       0.104986  -3.325521  -4.354823
    69  0.16280272    4.430087  102.160335       0.100812  -1.221564   3.966432
    70  0.10067933    2.739624   63.177289       0.352858   1.439798   2.632329
    71  0.17864736    4.861242  112.103005       0.756300  -1.485903   2.384586
    72  0.17665293    4.806971  110.851480       0.746667   0.361326   0.244828
    73  0.09014510    2.452973   56.566955       0.799241   3.201144   1.998512
    74  0.13026117    3.544587   81.740187       0.872315   5.100111   1.312316
    75  0.20438652    5.561640  128.254584       1.001710  -5.764003  -0.663407
    76  0.16109437    4.383601  101.088329       0.901870  -3.997397  -3.313840
    77  0.22274819    6.061286  139.776716       0.953725  -1.425461  -0.266524
    78  0.16069734    4.372797  100.839190       1.136870  -5.199094  -2.531044
    79  0.22424297    6.101962  140.714709       1.099457   0.865396  -2.307251
    80  0.17917959    4.875724  112.436982       1.155770   1.819353  -0.437345
    81  0.18819767    5.121119  118.095921       1.354474  -2.521471  -1.854055
    82  0.18600178    5.061366  116.717978       1.554047  -2.544892  -5.163205
    83  0.15384871    4.186436   96.541603       1.618345  -0.983160  -3.719513
    84  0.15492064    4.215605   97.214250       1.650109  -0.304752   1.299487
    85  0.18487560    5.030721  116.011288       1.701926   3.686822  -3.548088
    86  0.07404329    2.014820   46.462907       1.684947   4.926490  -0.334449
    87  0.12231947    3.328482   76.756693       1.729599   0.628704   1.602406
    88  0.19762081    5.377536  124.009037       1.949536  -3.935755  -0.597565
    89  0.20519746    5.583707  128.763456       1.870373  -1.727063  -2.197807
    90  0.21232254    5.777590  133.234515       1.883180  -0.363713  -0.994352
    91  0.15066712    4.099861   94.545125       2.187290  -0.966784   6.443680
    92  0.19870891    5.407144  124.691828       2.281212   0.166615  -2.316145
    93  0.22318900    6.073281  140.053328       2.262624   0.272264  -3.953977
    94  0.09077968    2.470241   56.965159       2.351849   2.220431   1.059583
    95  0.20890694    5.684647  131.091197       2.580841  -3.874986  -2.538037
    96  0.18228324    4.960179  114.384558       2.886925  -2.142241   0.781928
*   97  0.23052179    6.272817  144.654729       3.007890  -4.055932   0.499479
    98  0.14892019    4.052324   93.448908       3.113745   1.885364  -0.861984
    99  0.01982118    0.539362   12.437991       3.073291   2.116326   4.032295
   100  0.12184910    3.315683   76.461530       3.259835  -2.305405   3.563206
   101  0.10766637    2.929751   67.561725       3.408025  -0.703803   3.321377
   102  0.14664888    3.990519   92.023641       3.690074   1.203709  -0.352990
   103  0.10617350    2.889128   66.624934       3.814672  -1.213024   5.836396
   104  0.14384487    3.914218   90.264092       4.207791  -0.944576  -0.125133
   105  0.20334270    5.533236  127.599580       4.335844  -2.271477   0.406118
   106  0.16915149    4.602846  106.144251       4.624728  -0.917923  -1.829666
   107  0.16844627    4.583656  105.701717       4.479562   3.683895  -1.975842
   108  0.17267178    4.698638  108.353270       4.834501   0.486996   1.146614
   109  0.20108484    5.471797  126.182751       5.017217  -0.908513  -5.243392
   110  0.15860259    4.315796   99.524711       5.097271   0.578698  -2.262608
   111  0.15683660    4.267741   98.416532       5.451038  -1.325222   5.880865
   112  0.11640344    3.167499   73.044326       5.650379  -1.621287   4.229019
   113  0.14588419    3.969711   91.543791       5.894831  -0.309138   0.220435
   114  0.13414562    3.650288   84.177720       6.071612  -1.988999  -2.497420
   115  0.15340275    4.174301   96.261758       6.187038  -1.087458  -3.964920
   116  0.17470723    4.754025  109.630534       6.474990  -2.002458   2.787368
   117  0.14957233    4.070070   93.858133       7.233501  -0.938887  -1.716865
   118  0.19117506    5.202138  119.964264       7.503874  -0.683272  -0.135543
   119  0.19481992    5.301320  122.251449       7.652923  -1.373923  -3.320089
