 Number of surface minima:    76
   #       a.u.         eV      kcal/mol           X/Y/Z coordinate(Angstrom)
     1  0.06756521    1.838543   42.397847      -8.119575  -0.924521   0.718761
     2  0.06986271    1.901061   43.839548      -8.103955  -3.069278  -0.878511
     3  0.07000529    1.904941   43.929020      -8.040324  -2.304228  -1.864480
     4  0.06705718    1.824719   42.079051      -8.038337  -0.233912  -0.178162
     5  0.07696722    2.094385   48.297702      -7.246660  -3.411643  -0.445418
     6  0.07242190    1.970700   45.445469      -7.197139  -1.328478   1.240864
     7  0.07435616    2.023334   46.659234      -7.079440  -2.022211  -2.232207
     8  0.06999447    1.904646   43.922229      -7.044517   0.106859  -0.613093
     9  0.06745841    1.835637   42.330824      -6.213642   2.415047  -0.802653
    10  0.06880833    1.872370   43.177917      -6.098130   1.472204  -0.324166
    11  0.07136863    1.942039   44.784531      -5.621022   2.608245  -1.836292
    12  0.07942330    2.161218   49.838917      -5.026697   1.930824  -2.267596
    13  0.15229340    4.144114   95.565629      -4.329393  -3.624224  -1.355134
    14  0.15103528    4.109879   94.776147      -4.056207  -3.620943   0.784086
    15  0.06425020    1.748337   40.317645      -4.131622   2.357987   1.245459
    16  0.06550670    1.782528   41.106108      -4.144748   3.423022   0.559215
    17  0.14324467    3.897886   89.887460      -3.916307  -2.424651  -1.706304
    18  0.06920819    1.883251   43.428829      -3.964679   1.121343   1.544697
    19  0.12842864    3.494721   80.590256      -3.793460  -2.165380   0.910420
    20  0.14978689    4.075908   93.992769      -3.805845  -1.293373  -1.766799
    21  0.12183924    3.315414   76.455345      -3.737379  -1.068790   0.858174
    22  0.07031118    1.913264   44.120966      -3.434606   1.387603   0.884120
    23  0.06569017    1.787520   41.221236      -3.458642   3.582515  -0.595153
    24  0.15132014    4.117630   94.954901      -2.963009  -3.069006  -1.680886
    25  0.13105663    3.566232   82.239344      -2.838032  -2.942870   0.955339
    26  0.06603726    1.796965   41.439039      -2.851686   2.735727  -0.913154
    27  0.13253533    3.606470   83.167244      -1.800050  -2.426223   0.925976
    28  0.03562484    0.969401   22.354943      -1.658612   1.477964  -0.911832
    29 -0.01337484   -0.363948   -8.392847      -1.551546   0.826475   3.792699
    30  0.04440801    1.208404   27.866473      -1.548629   2.732084  -0.656914
    31  0.03907554    1.063299   24.520291      -1.261729   5.063410  -0.011105
    32  0.01893545    0.515260   11.882183      -0.618398   3.524062   1.834932
*   33 -0.01509724   -0.410817   -9.473668      -0.339254   1.552771   3.995435
    34  0.01611735    0.438575   10.113796      -0.203375  -1.257509   2.486576
    35  0.16318383    4.440458  102.399487       0.295528  -1.232171  -1.767999
    36  0.06329750    1.722413   39.719816       0.394183   0.915801  -1.108039
    37  0.17070465    4.645110  107.118877       0.595605  -3.471794  -0.385859
    38  0.09070069    2.468091   56.915588       0.465069   3.272259  -0.908933
    39  0.16469112    4.481473  103.345322       1.258262  -1.613367  -2.374917
    40  0.16010937    4.356798  100.470232       1.483907  -3.811310  -0.911832
    41  0.11068565    3.011910   69.456355       1.628059   0.752244   1.017809
    42  0.11782031    3.206054   73.933425       2.025438   2.876719  -2.243155
    43  0.17801637    4.844072  111.707052       2.316017  -2.295874  -3.016236
    44  0.04651658    1.265781   29.189620       2.310217   0.018751   3.381859
    45  0.15460824    4.207104   97.018217       2.465929  -3.566699  -0.514949
    46  0.16563011    4.507025  103.934552       2.414125  -1.287287  -1.837892
    47  0.16574176    4.510063  104.004609       2.555827  -4.045363  -1.715050
    48  0.15915348    4.330786   99.870397       2.551715  -2.998849   0.411111
    49  0.16254219    4.422998  101.996851       2.575348  -0.715604  -0.902332
    50  0.11140514    3.031488   69.907839       2.508824   2.604364  -3.359111
    51  0.11529578    3.137358   72.349257       2.574805   3.729020  -1.639296
    52  0.05370309    1.461335   33.699226       3.092244   0.646988   3.729954
    53  0.11222419    3.053775   70.421800       3.448931   3.133541  -3.741947
    54  0.10711058    2.914627   67.212959       3.613502   4.331676  -2.111146
    55  0.13868849    3.773906   87.028411       3.784129   1.162739  -1.300356
    56  0.10808409    2.941118   67.823850       4.011689   4.066364  -3.035617
    57  0.13037677    3.547732   81.812730       4.162337   2.021480  -0.382655
    58  0.08154929    2.219069   51.172996       4.190462  -1.899828   3.206679
    59  0.12559707    3.417670   78.813415       4.196303   0.884538  -2.200809
    60  0.12815538    3.487285   80.418780       4.689379   3.665601  -4.087105
    61  0.12138025    3.302924   76.167318       4.956103   1.351174  -2.499364
    62  0.07563275    2.058072   47.460309       4.973638  -1.236616   3.464144
    63  0.08441877    2.297151   52.973620       5.352986  -0.637943   1.701964
    64  0.11578026    3.150541   72.653272       5.249077   2.621632  -0.885258
    65  0.09379967    2.552419   58.860232       5.646287  -3.308872  -2.476437
    66  0.07806068    2.124139   48.983860       5.607801  -0.548103   2.669153
    67  0.11513260    3.132917   72.246860       5.541199   2.207481  -1.914267
    68  0.08569710    2.331937   53.775790       5.679704  -4.080516  -0.452819
    69  0.08590268    2.337531   53.904793       6.020239  -1.622890   0.549129
    70  0.09805578    2.668234   61.530985       6.021657  -0.827130  -1.566880
    71  0.13301920    3.619637   83.470881       6.055283   2.207481  -3.142923
    72  0.12455223    3.389239   78.157772       6.059477   3.265835  -1.395989
    73  0.08227490    2.238814   51.628323       6.565180  -3.980038  -1.027691
    74  0.08442318    2.297271   52.976388       6.565921  -3.582258  -2.085334
    75  0.08428979    2.293642   52.892684       6.933966  -1.497107  -0.120164
    76  0.08849809    2.408155   55.533434       6.958694  -1.098107  -1.174762
 
 Number of surface maxima:    88
   #       a.u.         eV      kcal/mol           X/Y/Z coordinate(Angstrom)
     1  0.16012302    4.357169  100.478796     -10.334213  -1.587319  -0.612728
     2  0.11462498    3.119104   71.928323      -9.238841  -2.430289   0.383326
     3  0.11470555    3.121297   71.978881      -9.163210  -0.816066  -1.547376
     4  0.16396044    4.461590  102.886815      -8.802505  -3.348880   1.669467
     5  0.16404231    4.463818  102.938189      -8.512793   0.103407  -2.875609
     6  0.12321932    3.352968   77.321358      -7.070806  -2.278342  -1.037603
     7  0.11986904    3.261802   75.219020      -7.045091  -1.044560   0.030855
     8  0.15537894    4.228076   97.501837      -6.421217   3.135062   1.729565
     9  0.11073454    3.013240   69.487029      -5.892030   3.868777   0.256294
    10  0.11115003    3.024546   69.747756      -5.682844   1.652402   1.469466
    11  0.18409643    5.009519  115.522351      -5.513111  -3.493845   1.697353
    12  0.15932368    4.335418   99.977200      -5.610892   5.108395  -0.913237
    13  0.17976861    4.891753  112.806602      -5.277931  -0.059055  -2.763952
    14  0.16046820    4.366562  100.695400      -5.224253   0.110518   1.857730
    15  0.12098234    3.292097   75.917626      -5.030641   1.710648  -1.108798
    16  0.16801808    4.572004  105.433023      -4.896102  -3.014423   0.278817
    17  0.16825237    4.578380  105.580047      -4.594920  -0.702994  -1.372491
    18  0.15730384    4.280455   98.709731      -4.616645  -0.438405   0.278817
    19  0.11625560    3.163476   72.951554      -4.656379   4.191896  -1.925184
    20  0.22007400    5.988518  138.098637      -4.500735  -4.603470  -0.282815
    21  0.11716630    3.188257   73.523024      -3.774457   2.340227  -0.250186
    22  0.16928130    4.606378  106.225708      -3.643027   3.927307  -3.223618
    23  0.05036901    1.370610   31.607056      -3.444152  -0.239530   2.924703
    24  0.14072209    3.829243   88.304519      -3.035191   2.854982   1.168643
    25  0.18932010    5.151662  118.800254      -2.877480  -4.338570  -0.382655
    26  0.20384254    5.546838  127.913232      -2.742970  -1.771972   0.370619
    27  0.18754843    5.103452  117.688513      -2.716967   0.090772  -1.491137
    28  0.22145948    6.026219  138.968037      -2.650232  -1.790599  -1.241980
    29  0.14415799    3.922738   90.460580      -2.564125   0.251378   0.424979
    30  0.19062944    5.187291  119.621883      -2.452378   0.863801  -2.951140
    31  0.12614869    3.432680   79.159564      -1.973038   1.134879   0.779960
    32  0.07873064    2.142370   49.404266      -1.866866   4.059601   0.306820
    33  0.24544097    6.678788  154.016663      -1.261729  -4.740054  -0.415396
    34  0.15830103    4.307590   99.335482      -1.268474  -0.584470   0.818361
    35  0.09010316    2.451832   56.540636      -1.065833   1.874200   2.326833
    36  0.22521429    6.128393  141.324222      -0.736734  -3.217897  -1.048046
    37  0.13758645    3.743918   86.336871      -0.443902   1.546010  -0.334807
*   38  0.25466840    6.929880  159.806968      -0.444426  -3.468817  -2.891991
    39  0.10911254    2.969103   68.469208      -0.202901   0.097816   2.517855
    40  0.17552789    4.776357  110.145506       0.175272   4.713728  -2.263782
    41  0.17237152    4.690468  108.164855       0.296273  -0.173816  -0.043935
    42  0.15505857    4.219358   97.300801       0.522471   2.271855   1.004662
    43  0.20428550    5.558891  128.191192       1.251828  -3.348905  -2.763975
    44  0.13251379    3.605884   83.153729       1.184718   0.552805   1.270027
    45  0.16838500    4.581989  105.663271       1.180972   5.840831   0.568998
    46  0.23109338    6.288371  145.013404       1.366418  -2.720505  -0.127121
    47  0.23094962    6.284459  144.923199       1.412525  -1.364465  -0.995098
    48  0.21867806    5.950533  137.222669       1.511299   0.222158  -2.503230
    49  0.16076964    4.374764  100.884554       1.507367   1.808136  -1.449720
    50  0.17552864    4.776377  110.145976       1.529590  -2.549707   3.065726
    51  0.16863790    4.588871  105.821968       1.621244  -0.217518   0.666041
    52  0.18850968    5.129609  118.291711       1.781040  -1.961759   1.533643
    53  0.04006608    1.090253   25.141864       1.758513   2.147934   3.923510
    54  0.18559085    5.050184  116.460114       2.282577   3.394127   1.326049
    55  0.23681378    6.444031  148.603016       2.694386  -3.636548  -3.215815
    56  0.17107870    4.655288  107.353597       2.729779   0.670218  -3.375155
    57  0.17617323    4.793917  110.550465       2.777925   1.352246   0.481936
    58  0.17741302    4.827654  111.328447       2.867161   3.284926   0.314461
    59  0.11740551    3.194767   73.673135       3.236277   0.278988   2.451447
    60  0.19236902    5.234627  120.713486       3.292333  -2.025937  -2.178719
    61  0.15857664    4.315090   99.508428       3.350900  -1.241564   5.543602
    62  0.18339308    4.990380  115.080995       3.368571  -0.702994  -0.156996
    63  0.16275912    4.428901  102.132975       3.330402   3.133541  -2.405238
    64  0.18018143    4.902986  113.065651       3.506093  -2.418948   0.549749
    65  0.21156691    5.757028  132.760353       3.632187   0.619872  -4.748545
    66  0.21736834    5.914893  136.400808       3.887988  -1.208186  -3.434256
    67  0.20101053    5.469775  126.136117       3.866623   4.300947   0.656578
    68  0.18606685    5.063136  116.758808       4.182872  -3.343729   1.724518
    69  0.12837555    3.493276   80.556943       4.308933  -0.977223   2.271995
    70  0.19807995    5.390029  124.297147       4.263216   0.487655  -0.706869
    71  0.16952046    4.612886  106.375783       4.224570   1.942892  -1.775659
    72  0.11380933    3.096909   71.416490       4.481806  -0.146038   4.831704
    73  0.16001996    4.354365  100.414128       4.755048   1.874132  -4.287950
    74  0.15357288    4.178930   96.368515       4.809595   4.321381  -0.656118
    75  0.13780734    3.749929   86.475486       5.652573  -3.202586  -1.275903
    76  0.16336245    4.445318  102.511570       5.719075   1.011252   4.759375
    77  0.12323236    3.353323   77.329540       5.674738   1.206291   3.114161
    78  0.13281064    3.613961   83.340008       5.864221  -3.348880   1.299065
    79  0.13974363    3.802618   87.690525       5.851155  -1.690555  -0.708744
    80  0.15216113    4.140515   95.482632       5.851603   3.655691  -2.918965
    81  0.19899529    5.414937  124.871535       6.009290   2.876418  -4.469212
    82  0.18021439    4.903883  113.086330       6.096463   1.892604   1.601760
    83  0.19352524    5.266090  121.439024       6.176531   4.745732  -1.684619
    84  0.18612860    5.064817  116.797558       7.101158  -1.486723  -3.829893
    85  0.17267753    4.698794  108.356876       7.483908  -3.600620   1.491188
    86  0.13205218    3.593322   82.864061       7.783221  -2.109294  -2.367069
    87  0.12671856    3.448187   79.517161       7.926617  -3.084291  -0.058027
    88  0.17301113    4.707872  108.566211       8.967868  -2.654794  -1.412296
