 Number of surface minima:    71
   #       a.u.         eV      kcal/mol           X/Y/Z coordinate(Angstrom)
     1  0.11266946    3.065892   70.701212      -6.392664   5.267027  -1.035318
     2  0.09416506    2.562361   59.089514      -6.011142  -2.581666   0.749830
     3  0.09412781    2.561348   59.066139      -5.688502   3.973083  -0.756337
     4  0.09888416    2.690775   62.050799      -5.554899  -4.633794  -1.173397
     5  0.09239117    2.514092   57.976381      -5.547288   5.026081   0.096444
     6  0.09083656    2.471788   57.000848      -5.150405   3.096157  -0.716239
     7  0.08861796    2.411417   55.608653      -5.012163  -2.513472   2.401461
     8  0.11416532    3.106596   71.639881      -4.885996   6.211887  -2.345027
     9  0.07641343    2.079315   47.950192      -4.775079  -1.468647  -2.547623
    10  0.09155646    2.491378   57.452593      -4.844215   4.935388   0.816802
    11  0.10453228    2.844468   65.595052      -4.653008  -6.155593  -0.575094
    12  0.08787223    2.391125   55.140702      -4.643500  -1.358153   1.073137
    13  0.11032319    3.002047   69.228908      -4.279270   2.060681  -0.770729
    14  0.09977506    2.715017   62.609847      -4.279517   3.019858   0.155331
    15  0.10898394    2.965604   68.388514      -4.074752  -5.136243  -1.954302
    16  0.10106352    2.750078   63.418372      -4.069435   3.848258   0.938001
    17  0.10842250    2.950326   68.036203      -3.987097  -6.148081   1.993126
    18  0.09943851    2.705860   62.398661      -3.955572  -4.491616   3.073730
    19  0.09679103    2.633818   60.737340      -3.902266   5.083571  -2.358261
    20  0.09514736    2.589091   59.705917      -3.750939   6.062693  -1.564495
    21  0.09426780    2.565157   59.153989      -3.358077   4.209076  -2.358261
    22  0.07633556    2.077196   47.901326      -3.146521  -0.384922  -3.278365
    23  0.05329312    1.450180   33.441966      -3.110110   0.155649   0.608093
    24  0.09582701    2.607586   60.132409      -3.034758   6.085485  -0.770309
    25  0.11403132    3.102950   71.555794      -2.779970   2.925853  -2.194146
    26  0.10601365    2.884778   66.524628      -2.484687   4.119152  -1.418869
    27  0.10740249    2.922570   67.396138      -2.350631   4.914489  -0.755813
    28  0.16178182    4.402307  101.519711      -2.178435  -3.246964  -1.370706
    29  0.04475455    1.217833   28.083926      -2.049339   1.247844  -0.712432
    30  0.16005609    4.355348  100.436794      -1.819771  -4.186548  -0.987346
    31  0.13820149    3.760654   86.722819      -1.551051  -3.119667   1.402478
    32  0.17114095    4.656982  107.392659      -1.525498  -5.239914  -0.320886
    33  0.15822263    4.305457   99.286283      -1.313870  -4.399335   1.677014
    34  0.04025999    1.095530   25.263549      -1.122050   0.395781  -1.637264
    35  0.00413551    0.112533    2.595075      -1.009079   0.433519   3.478740
    36  0.14410882    3.921400   90.429725      -0.542402  -3.315064   1.442836
*   37 -0.00423230   -0.115167   -2.655811      -0.123727   1.453932   3.727853
    38  0.06277620    1.708227   39.392695      -0.096731   2.279046  -1.409224
    39  0.14393176    3.916582   90.318616       0.240579  -2.393311   1.162228
    40  0.05402123    1.469992   33.898862       0.506355   3.957135   0.639173
    41  0.15587798    4.241656   97.814991       1.295645  -2.785160  -3.699192
    42  0.15326304    4.170499   96.174091       1.438541  -5.993820   0.410200
    43  0.16834868    4.581001  105.640481       1.440226  -4.370177  -2.636724
    44  0.16920174    4.604214  106.175784       1.430942  -0.917486  -1.705589
    45  0.01282912    0.349098    8.050404       1.623432  -0.242984   2.574216
    46  0.04928293    1.341057   30.925533       1.850838   2.510051   0.546997
    47  0.05644414    1.535923   35.419260       1.861193   3.938098  -1.757396
    48  0.14514488    3.949593   91.079863       2.013458  -4.478484   1.647274
    49  0.02939903    0.799988   18.448184       2.258076   0.049196   2.983809
    50  0.16812544    4.574926  105.500396       2.451883  -0.662574  -2.296749
    51  0.16326879    4.442770  102.452796       2.654959  -4.958941  -0.039913
    52  0.02632625    0.716374   16.519984       2.525580   2.116769   2.273005
    53  0.16001292    4.354173  100.409709       2.919548  -3.897211  -3.437233
    54  0.18854924    5.130686  118.316536       2.859995  -2.646988  -0.301105
    55  0.15060998    4.098306   94.509270       3.051842   0.978211  -0.506141
    56  0.16500827    4.490103  103.544338       3.184136   0.051182  -2.093673
    57  0.17458366    4.750663  109.552994       3.760183  -0.530279  -2.972864
    58  0.17362996    4.724712  108.954538       3.878805  -2.361042  -0.873056
    59  0.16404946    4.464013  102.942678       4.444330  -1.191751   0.224875
    60  0.16562226    4.506811  103.929622       4.584458  -1.643550  -0.638435
    61  0.09054127    2.463753   56.815553       4.520164   2.635012   0.283047
    62  0.17902590    4.871543  112.340544       4.839092  -1.985517  -1.857775
    63  0.11066035    3.011221   69.440477       4.934461   2.039133  -3.548910
    64  0.09711532    2.642642   60.940837       4.980063   3.306255  -1.356100
    65  0.06238933    1.697700   39.149930       5.752965   0.554228   2.724159
    66  0.12235106    3.329342   76.776512       5.990378   0.013754   0.540994
    67  0.11683247    3.179173   73.313542       6.359200   0.566551  -3.775023
    68  0.09588755    2.609233   60.170394       6.392660   2.786838  -0.234444
    69  0.10990745    2.990734   68.968021       7.233551  -1.243459  -0.373847
    70  0.10829936    2.946975   67.958929       7.695528  -0.544692  -1.967613
    71  0.09963670    2.711252   62.523023       7.741949   0.421888  -0.314041
 
 Number of surface maxima:   103
   #       a.u.         eV      kcal/mol           X/Y/Z coordinate(Angstrom)
     1  0.18241916    4.963878  114.469845      -6.369646   6.211262  -2.251416
     2  0.15738308    4.282611   98.759456      -6.010073  -3.771245   1.875157
     3  0.16196485    4.407288  101.634564      -5.805984  -5.554581   0.159034
     4  0.13806861    3.757038   86.639437      -5.783867   4.648156  -2.477308
     5  0.18325747    4.986689  114.995894      -5.636376   3.212576  -3.264048
     6  0.10261484    2.792292   64.391836      -5.543877  -1.987554   1.479015
     7  0.15522688    4.223938   97.406418      -5.279756  -1.713313  -0.377086
     8  0.13644898    3.712966   85.623101      -5.346490   6.613613  -0.966815
     9  0.16463077    4.479831  103.307454      -5.142420  -5.287000   2.408089
    10  0.12699062    3.455590   79.687882      -5.086299  -3.705343  -0.140236
    11  0.17992183    4.895922  112.902749      -4.901052   7.518887   0.276197
    12  0.14160736    3.853332   88.860032      -4.854887  -4.478347   0.970021
    13  0.11638795    3.167077   73.034605      -4.711997  -5.522586  -1.544085
    14  0.16320838    4.441126  102.414891      -4.588708  -3.812137  -2.185009
    15  0.14630087    3.981049   91.805260      -4.555768   4.165481  -0.241552
    16  0.13840043    3.766067   86.847656      -4.348942   2.654819  -2.352440
    17  0.12803566    3.484027   80.343654      -4.092050  -3.656316   2.188771
    18  0.08363669    2.275870   52.482859      -4.224499   0.659390   0.022876
    19  0.19632069    5.342158  123.193195      -3.959756  -0.466234  -1.829084
    20  0.13760795    3.744503   86.350363      -3.849387  -5.605538   0.552214
    21  0.14283691    3.886790   89.631592      -3.764848  -1.790608   2.404334
    22  0.13951423    3.796375   87.546574      -3.668510   6.403842   0.871619
    23  0.22203987    6.042012  139.332241      -3.548580  -1.973111  -0.244376
    24  0.14748102    4.013163   92.545814      -3.430579   4.761493  -1.224522
    25  0.18134693    4.934701  113.797014      -3.339158   1.525103  -1.840200
    26  0.11984620    3.261181   75.204692      -3.243211  -5.634684   2.801217
    27  0.14184922    3.859914   89.011804      -3.061246   2.327399   0.009549
    28  0.17974661    4.891154  112.792794      -2.901401  -6.045974  -0.994652
    29  0.16593058    4.515201  104.123099      -2.789615   2.768886   1.499380
    30  0.17058873    4.641955  107.046135      -2.667848  -3.716620  -1.089454
    31  0.15726925    4.279514   98.688027      -2.471949  -3.111238   1.410907
    32  0.22122383    6.019806  138.820162      -2.504519  -2.039178  -2.015039
    33  0.18858754    5.131728  118.340570      -2.511096   5.817887   1.872564
    34  0.18780505    5.110435  117.849545      -2.398510  -4.823655   0.227667
    35  0.07390795    2.011138   46.377979      -2.421143  -1.240670   2.668922
    36  0.18819999    5.121182  118.097377      -2.305776  -6.218934   1.147839
    37  0.16502058    4.490438  103.552063      -2.293403  -3.983429   3.053559
    38  0.16709236    4.546814  104.852127      -2.088682   4.526236   1.096538
    39  0.19359825    5.268076  121.484840      -2.087349  -0.526430  -0.371366
    40  0.09329593    2.538711   58.544128      -1.975341  -0.133396  -3.224134
    41  0.16091722    4.378780  100.977163      -1.937278  -4.210367   1.528378
    42  0.13978659    3.803786   87.717480      -1.563592   0.414026   0.435356
    43  0.17791206    4.841233  111.641598      -1.350259   4.222971   1.944648
    44  0.23595209    6.420583  148.062294      -1.158889  -5.822051   0.998521
    45  0.12925455    3.517195   81.108520      -1.190831   1.729525   1.761692
    46  0.16488629    4.486784  103.467796      -1.127122   3.625298  -0.187098
    47  0.21200270    5.768887  133.033812      -0.940335  -2.521938   0.647879
    48  0.23838791    6.486865  149.590797      -0.844486  -2.971370  -0.903024
    49  0.13911675    3.785559   87.297154      -0.660542   1.207685  -0.642596
    50  0.17786105    4.839845  111.609590      -0.365782   5.305461  -1.687891
    51  0.16875385    4.592026  105.894729      -0.115710  -0.927162   0.699965
    52  0.16436948    4.472721  103.143492      -0.245771   2.514040   0.685463
    53  0.20477127    5.572110  128.496019       0.024576  -5.138796   0.300671
    54  0.11538697    3.139839   72.406480      -0.056814   3.637251  -1.365794
    55  0.23034879    6.268109  144.546170       0.213886  -3.322178  -2.528705
    56  0.12203036    3.320615   76.575274       0.417507   0.400009   2.279625
    57  0.04551596    1.238552   28.561723       0.775641   3.298959   3.548085
    58  0.21191963    5.766626  132.981689       0.935133  -5.689757   1.811162
    59  0.21881833    5.954349  137.310688       0.852004  -2.225352  -1.647624
    60  0.18715629    5.092782  117.442445       1.094244   0.154210  -0.205467
    61  0.24027761    6.538286  150.776605       1.464310  -3.113052  -0.839910
    62  0.22825416    6.211112  143.231768       1.566139  -5.565413  -1.214078
    63  0.13341702    3.630462   83.720513       1.481221   1.211172   1.100549
    64  0.21247845    5.781833  133.332352       1.642761  -2.779282   0.466075
    65  0.17448477    4.747972  109.490938       1.769173  -4.051156  -3.396621
    66  0.20615037    5.609637  129.361417       1.864701   0.686741  -1.683296
    67  0.10293264    2.800940   64.591261       2.084892   3.692975   0.002174
    68  0.16646713    4.529801  104.459789       2.174430   5.589257   0.179258
    69  0.16784886    4.567400  105.326837       2.390371  -5.367595   0.477493
    70  0.23109615    6.288446  145.015147       2.512983  -0.393350  -1.038706
    71  0.19285170    5.247762  121.016368       2.522665   0.710425   1.131447
    72  0.22272508    6.060658  139.762214       2.759193  -2.658077  -4.257730
    73  0.23148197    6.298945  145.257251       2.791123  -4.765028  -1.960382
    74  0.22422860    6.101571  140.705692       2.958795  -3.547079   0.573920
    75  0.06814929    1.854437   42.764363       3.160869  -0.981619   3.462688
    76  0.24235754    6.594884  152.081782       3.224964  -1.588634  -0.200724
    77  0.18253393    4.967001  114.541869       3.432302   1.316885  -3.293903
    78  0.21307700    5.798120  133.707946       3.508254  -2.514694  -2.622850
    79  0.17768996    4.835190  111.502226       3.591750   0.655727  -1.686695
    80  0.15806995    4.301302   99.190477       3.522778   2.612829  -1.093560
    81  0.06531195    1.777229   40.983905       3.614162   2.953460   1.638680
    82  0.17761510    4.833153  111.455251       3.890461  -0.133396  -2.577997
    83  0.21391602    5.820951  134.234441       4.149957  -0.794868   1.518034
    84  0.17553403    4.776524  110.149361       4.369521   1.055669   2.666987
*   85  0.24715032    6.725302  155.089295       4.507079  -1.749124  -3.350867
    86  0.22359551    6.084343  140.308416       4.466117   0.883996   0.419919
    87  0.13914266    3.786264   87.313410       4.820192   1.983312  -2.177443
    88  0.17451219    4.748718  109.508147       5.033893  -1.056773  -0.371299
    89  0.19726673    5.367901  123.786844       5.036257  -0.853394  -2.019904
    90  0.13029452    3.545494   81.761111       5.174671   0.937829  -4.212476
    91  0.19982304    5.437461  125.390953       5.265407  -0.984759  -3.561332
    92  0.10690894    2.909140   67.086430       5.276690   3.267976  -0.381493
    93  0.15155731    4.124084   95.103730       5.809334   2.106580   1.044673
    94  0.11694475    3.182228   73.384000       6.030471  -0.001102   0.684508
    95  0.14451739    3.932518   90.686107       6.359200  -0.059796  -2.549249
    96  0.18540365    5.045090  116.342645       6.400542  -1.798951  -1.937833
    97  0.14786677    4.023660   92.787880       6.378975   1.333425  -1.949622
    98  0.13059145    3.553574   81.947444       6.616624   1.319981  -0.775246
    99  0.17247715    4.693342  108.231134       6.540158   2.031976  -3.389968
   100  0.16313418    4.439107  102.368327       6.556937   2.974816  -1.829084
   101  0.16120850    4.386706  101.159949       6.881736  -0.401263   0.805527
   102  0.11826884    3.218259   74.214877       7.770057  -0.794868  -0.923370
   103  0.16573225    4.509804  103.998646       8.022912   0.901223  -1.843686
