 Number of surface minima:    72
   #       a.u.         eV      kcal/mol           X/Y/Z coordinate(Angstrom)
     1  0.11952053    3.252319   75.000330      -7.113439  -3.545155  -0.060514
     2  0.11342194    3.086368   71.173402      -6.238540  -2.284824  -1.736471
     3  0.11265197    3.065416   70.690239      -6.030722  -5.295751  -0.899990
     4  0.11674617    3.176825   73.259387      -6.131026  -3.683708   1.728994
     5  0.10541668    2.868534   66.150022      -6.128226  -3.019437   0.729793
     6  0.10528717    2.865010   66.068753      -6.176036  -2.525708  -0.499536
     7  0.07341084    1.997611   46.066039      -5.531568   0.900913   2.129346
     8  0.07712776    2.098753   48.398439      -5.518815   1.163385   1.071104
     9  0.10717830    2.916470   67.255454      -5.261319  -2.769830   1.376282
    10  0.10274737    2.795898   64.475000      -5.377857  -1.859492  -0.905099
    11  0.09171293    2.495636   57.550779      -4.838948  -4.623591  -1.413415
    12  0.07497518    2.040178   47.047675      -4.864436   1.340561   2.812883
    13  0.09280281    2.525293   58.234689      -4.796136  -5.126999  -0.187121
    14  0.12241364    3.331044   76.815782      -4.578182   3.571681  -0.352159
    15  0.11023584    2.999670   69.174090      -4.335259  -1.966449   0.856720
    16  0.10830533    2.947138   67.962675      -4.335259  -1.578232  -0.078005
    17  0.07729812    2.103389   48.505345      -4.138971   2.080888   2.522760
    18  0.09336592    2.540616   58.588048      -4.052180  -4.940848   0.396314
    19  0.08468553    2.304411   53.141019      -4.057854  -3.986144  -1.834484
    20  0.09838488    2.677189   61.737498      -3.874478  -1.162572   1.660597
    21  0.09897538    2.693257   62.108040      -3.801678  -0.824064   0.408081
    22  0.11447269    3.114960   71.832759      -3.653159   4.501116  -0.745667
    23  0.11193270    3.045844   70.238887      -3.541493   3.613577   0.086619
    24  0.09759686    2.655746   61.243008      -3.147987  -2.948142  -2.236704
    25  0.09915632    2.698181   62.221581      -3.012316  -4.096211  -0.082393
    26  0.09254977    2.518407   58.075905      -3.012316  -3.655164  -1.067863
    27  0.09397267    2.557126   58.968789      -3.023906  -0.545284   2.394849
    28  0.10118808    2.753468   63.496530      -3.134437   2.752690  -2.633328
    29  0.10915415    2.970236   68.495321      -3.012316   5.196543  -1.108595
    30  0.08778162    2.388659   55.083843      -2.880021   0.172715  -0.012962
    31  0.09388803    2.554823   58.915678      -2.859680   1.854310  -1.804942
    32  0.10426937    2.837314   65.430071      -2.818502  -1.694127  -1.516844
    33  0.09587440    2.608875   60.162144      -2.332428   3.569918  -3.132103
    34  0.08657833    2.355916   54.328768      -2.227578   0.247027   2.131954
    35  0.09589288    2.609378   60.173740      -1.953961   1.753934  -1.508435
    36  0.01024185    0.278695    6.426861      -1.806386  -1.080240  -1.821912
    37  0.14722297    4.006141   92.383885      -1.694616   4.157457  -0.013248
    38  0.04781765    1.301184   30.006055      -0.895607   0.726910   1.672452
    39  0.09502246    2.585693   59.627545      -0.809786  -0.975773   1.701133
    40  0.17069060    4.644727  107.110058      -0.699476   2.673901   1.131359
    41  0.09150505    2.489979   57.420331      -0.185854  -2.236543   2.154259
    42  0.06809631    1.852995   42.731118      -0.158625   0.493356   2.465976
    43  0.16170884    4.400321  101.473915       0.189138   5.842846  -0.878739
    44 -0.01602860   -0.436160  -10.058107       0.171397  -0.822125  -3.293918
    45  0.14781564    4.022268   92.755790       0.406661   4.980946   0.116574
*   46 -0.02067159   -0.562503  -12.971632       0.824810  -1.887832  -3.033392
    47  0.05994285    1.631128   37.614735       0.797552  -1.801913   3.713409
    48  0.12484378    3.397172   78.340720       1.076804   3.381331  -1.901874
    49  0.14404828    3.919753   90.391736       1.633786   1.558700   2.929219
    50  0.08168018    2.222631   51.255132       1.952366  -1.288972   1.833062
    51  0.00764168    0.207941    4.795233       2.544045  -0.232814  -1.643063
    52  0.00748138    0.203579    4.694640       2.455311   0.113135  -1.790153
    53  0.02271023    0.617977   14.250896       3.072277  -2.671878  -2.108700
    54  0.02440259    0.664028   15.312868       3.261225  -2.374385  -3.132174
    55  0.03098885    0.843249   19.445812       3.264585  -0.638224  -2.709944
    56  0.02711871    0.737938   17.017264       3.345075  -1.353299  -3.426029
    57  0.10031178    2.729622   62.946643       3.525670  -2.096965   1.332111
    58  0.10699756    2.911552   67.142039       3.866988  -1.491058   3.518738
    59  0.15024503    4.088375   94.280261       3.762608   2.891789   2.001006
    60  0.10820835    2.944499   67.901823       3.980825  -2.157577   2.508212
    61  0.16730089    4.552489  104.982982       4.277673   2.618086   3.326120
    62  0.11981717    3.260391   75.186472       4.484682  -2.964236   1.327377
    63  0.12391597    3.371925   77.758508       4.735377  -2.342495   3.655737
    64  0.10428097    2.837630   65.437355       5.646411  -0.637695   0.670640
    65  0.04810982    1.309135   30.189392       5.744624  -2.795186  -1.827964
    66  0.04212980    1.146410   26.436874       5.916492  -2.516386  -2.836217
    67  0.04952476    1.347637   31.077282       5.900521  -0.671354  -2.323011
    68  0.11365313    3.092659   71.318473       6.115991  -1.623353   0.709970
    69  0.04432505    1.206146   27.814413       5.985368  -1.356827  -3.031210
    70  0.11194040    3.046053   70.243723       6.080337  -0.717472   1.856874
    71  0.10977949    2.987252   68.887730       6.022771  -0.141491   2.674060
    72  0.12409824    3.376885   77.872889       6.514811  -1.092599   3.052343
 
 Number of surface maxima:    86
   #       a.u.         eV      kcal/mol           X/Y/Z coordinate(Angstrom)
     1  0.18415100    5.011003  115.556591      -7.475443  -4.906983  -0.633758
     2  0.12239499    3.330537   76.804082      -6.829829  -3.228836   0.001885
     3  0.13860469    3.771625   86.975826      -6.606856  -3.877838  -1.592396
     4  0.14075961    3.830264   88.328060      -6.471509  -4.809103   0.667984
     5  0.18024861    4.904814  113.107805      -6.203355  -3.083442  -3.040393
     6  0.17537938    4.772316  110.052317      -6.282806  -1.347399   0.697740
     7  0.18644399    5.073399  116.995467      -5.908353  -5.168321   2.249456
     8  0.11371967    3.094470   71.360233      -5.723217  -5.260314  -0.849613
     9  0.12917343    3.514988   81.057618      -5.499585  -1.051972   2.276196
    10  0.19363807    5.269160  121.509827      -5.481577   2.641601  -1.153616
    11  0.13097556    3.564026   82.188472      -5.343494  -0.279918  -0.205302
    12  0.17714402    4.820334  111.159644      -5.236610  -1.204542   3.862395
    13  0.15406289    4.192264   96.676001      -4.996730  -2.734382   0.118435
    14  0.13407234    3.648294   84.131737      -4.837581  -2.361134  -2.448440
    15  0.18058465    4.913958  113.318671      -4.945355   0.518854  -1.526989
    16  0.15135974    4.118708   94.979748      -4.708429   3.686210  -2.094404
    17  0.19380907    5.273813  121.617129      -4.612104   5.015100  -3.176154
    18  0.12166449    3.310659   76.345685      -4.463042  -1.344565  -1.041975
    19  0.12414155    3.378063   77.900062      -4.424433   1.287122   1.749347
    20  0.14441415    3.929709   90.621322      -4.206887  -4.030016  -0.407880
    21  0.14774346    4.020304   92.710496      -4.088707   1.643900  -0.956997
    22  0.13113315    3.568315   82.287366      -3.958887  -0.035821   3.939069
    23  0.16814334    4.575413  105.511627      -3.522795  -1.501063  -2.604870
    24  0.13480473    3.668223   84.591318      -3.345649   0.096473   1.464405
    25  0.20140505    5.480510  126.383682      -3.093904  -3.582361   2.705760
    26  0.15312306    4.166690   96.086253      -2.958931   5.309336  -2.980216
    27  0.18259843    4.968756  114.582339      -2.759028   0.887163   4.635212
    28  0.13041042    3.548648   81.833843      -2.483138  -2.443476  -1.106246
    29  0.17716512    4.820908  111.172882      -2.607993  -1.081184   0.941563
    30  0.17304625    4.708828  108.588252      -2.460596   3.961584  -0.638663
    31  0.13787304    3.751716   86.516709      -2.311241   1.701862   3.223834
    32  0.16534253    4.499199  103.754091      -2.112083   2.998681  -1.886522
    33  0.19727005    5.367991  123.788928      -1.653900  -2.384569   2.041693
    34  0.19040630    5.181219  119.481856      -1.614993   2.155267   0.670640
    35  0.16815663    4.575775  105.519966      -1.436693  -3.060556   0.145546
    36  0.14413080    3.921999   90.443521      -1.449795   1.410337  -0.676844
    37  0.20811465    5.663088  130.594024      -1.468741   6.168869  -3.037756
    38  0.19871765    5.407382  124.697309      -1.415948   2.747008   2.263577
    39  0.18980430    5.164838  119.104094      -1.165706  -0.432081   4.638499
    40  0.12357054    3.362525   77.541750      -1.211646   0.096473  -0.807574
    41  0.16314145    4.439305  102.372889      -0.834123  -0.534349   0.670640
    42  0.05036216    1.370424   31.602760      -0.749071   1.287122  -3.528484
    43  0.12668864    3.447373   79.498390      -0.735315  -1.074710   2.937357
    44  0.18657867    5.077064  117.079980      -0.630753   5.389343  -2.106895
    45  0.08722854    2.373609   54.736781      -0.606552  -1.335634  -1.699708
    46  0.14293824    3.889547   89.695173      -0.373712  -2.032464   0.005684
    47  0.22818057    6.209109  143.185590      -0.264279   3.627194   0.131478
    48  0.16531662    4.498494  103.737835      -0.070874   5.576281  -0.596562
    49  0.20080382    5.464150  126.006403       0.139989   2.867243  -1.216431
    50  0.15783533    4.294918   99.043251       0.559631   1.185198  -0.729832
    51  0.22838698    6.214726  143.315115       0.713946   6.074962  -2.228049
    52  0.17242231    4.691850  108.196727       1.088808   0.331567   0.743614
    53  0.16122045    4.387032  101.167445       1.256847  -3.168050   1.228101
    54  0.11228877    3.055533   70.462328       1.243318  -0.419034  -1.715515
    55  0.03431858    0.933856   21.535252       1.357759  -3.722208  -2.099577
*   56  0.24901085    6.775930  156.256797       1.600604   4.174857   2.644853
    57  0.18862627    5.132782  118.364869       1.579693   5.117598  -1.210092
    58  0.12387072    3.370694   77.730114       1.657342  -1.226470  -0.104147
    59  0.20465650    5.568987  128.424001       1.843653   0.613815   4.353266
    60  0.22252728    6.055275  139.638093       1.859232   3.494650   0.926302
    61  0.21584697    5.873495  135.446131       2.277647   0.889099   1.997950
    62  0.15236842    4.146156   95.612708       2.385796  -0.612768   0.526753
    63  0.19818100    5.392779  124.360562       2.666026   3.119015   3.389192
    64  0.24162621    6.574984  151.622863       2.929324   4.589735  -0.262678
    65  0.23055672    6.273767  144.676647       3.396593   1.699434   1.246173
    66  0.23887760    6.500190  149.898083       3.602086   2.477702   4.639389
    67  0.08304240    2.259699   52.109934       3.675183  -1.638642  -2.267118
    68  0.17394224    4.733209  109.150493       3.666710  -0.897571   2.258171
    69  0.17693181    4.814559  111.026480       3.602511   0.361137  -0.255230
    70  0.15838307    4.309823   99.386962       4.018859  -4.012045   0.041278
    71  0.19632412    5.342251  123.195348       4.011249   1.165896   3.995553
    72  0.17983525    4.893566  112.848420       4.418376   1.462965  -1.137932
    73  0.17017571    4.630716  106.786957       4.337853   2.467792   2.881047
    74  0.13941029    3.793547   87.481349       4.506355  -4.802386  -3.055896
    75  0.13477461    3.667404   84.572417       4.424104  -2.540321   0.419568
    76  0.08814819    2.398634   55.313870       4.805517  -3.344895  -3.962766
    77  0.09139135    2.486885   57.348987       4.901309  -0.961881  -4.532460
    78  0.17391233    4.732395  109.131727       4.920527  -0.023990   1.745747
    79  0.21630331    5.885912  135.732488       4.894026   0.552921   5.036352
    80  0.14754105    4.014796   92.583486       4.936769   0.774308  -4.342989
    81  0.13762532    3.744975   86.361266       5.034616  -2.423679  -5.315879
    82  0.09426322    2.565033   59.151111       5.281469  -1.634807  -2.000935
    83  0.15820621    4.305010   99.275978       5.447452  -0.805524   4.237247
    84  0.14910527    4.057361   93.565050       5.851403  -2.477970   2.390466
    85  0.18381872    5.001962  115.348083       5.983697  -3.132863   0.912064
    86  0.19524560    5.312903  122.518568       6.273662  -2.272057   4.000720
