 Number of surface minima:    53
   #       a.u.         eV      kcal/mol           X/Y/Z coordinate(Angstrom)
     1  0.15634330    4.254318   98.106986      -6.009986   1.274749   0.377487
     2  0.14699658    3.999980   92.241821      -5.920904   2.762300   0.814030
     3  0.14777914    4.021275   92.732891      -5.788389   0.117972  -2.877621
     4  0.16798179    4.571017  105.410250      -5.586734  -2.169357  -0.909225
     5  0.15743879    4.284127   98.794414      -5.159524   1.565917  -2.232484
     6  0.14090462    3.834210   88.419056      -5.041031   1.406328   1.967566
     7  0.12621933    3.434603   79.203891      -4.893486  -5.147655   0.462499
     8  0.15359223    4.179457   96.380659      -4.839731  -2.232207   0.149129
     9  0.17887517    4.867441  112.245957      -4.654816   2.677751  -0.644637
    10  0.12836108    3.492883   80.547864      -4.526047  -5.337629  -1.362729
    11  0.15458448    4.206458   97.003308      -3.958114  -2.677976   1.072533
    12  0.14308765    3.893613   89.788931      -3.901738   0.624513  -3.357129
    13  0.17015147    4.630057  106.771748      -3.593757   4.328754  -0.569850
    14  0.16416430    4.467138  103.014738      -3.297481   3.144367  -1.040519
    15  0.12366413    3.365072   77.600480      -3.041365  -5.508311  -0.273391
    16  0.14257505    3.879664   89.467272      -3.046737  -1.749677  -1.951014
    17  0.13958990    3.798434   87.594055      -2.895518  -2.675451  -1.574961
    18  0.16037520    4.364031  100.637039      -2.718063  -2.682844   1.868955
    19  0.14074713    3.829924   88.320231      -2.527265   2.732420   1.443278
    20  0.15800455    4.299522   99.149435      -2.551463   3.665234  -1.181625
    21  0.14045561    3.821991   88.137298      -2.346854   1.447593   1.254939
    22  0.14256185    3.879305   89.458987      -2.375525  -0.703747  -1.573621
    23  0.13665727    3.718633   85.753805      -1.737300   3.392433   1.305731
    24  0.13183469    3.587404   82.727585      -1.586128   6.534095  -0.005140
    25  0.02596490    0.706541   16.293234      -1.453834  -0.235518   2.464161
    26  0.15839712    4.310205   99.395776      -1.395148   3.402694  -1.512011
    27  0.03058972    0.832389   19.195355      -0.253931  -0.156224  -1.830723
    28  0.12300070    3.347019   77.184168      -0.195416   5.622085   1.010664
    29  0.13043436    3.549299   81.848864      -0.244592   5.933560  -1.029372
    30  0.16303514    4.436412  102.306180      -0.031572   2.729996  -1.619668
    31  0.02897099    0.788341   18.179589       0.136153  -1.490944  -2.230322
    32  0.02754389    0.749507   17.284065       0.927464  -3.422159  -0.115459
*   33  0.00596629    0.162351    3.743906       1.192052   0.544941   3.324192
    34  0.03815040    1.038125   23.939759       1.573295  -2.948443   1.203934
    35  0.02358812    0.641866   14.801784       1.885171  -0.782714   2.939241
    36  0.03566571    0.970513   22.380587       2.264939   1.073521   0.710195
    37  0.03546011    0.964919   22.251576       3.033920  -2.970465   3.212993
    38  0.06808544    1.852699   42.724297       3.458914  -0.806400   1.752829
    39  0.10359125    2.818861   65.004547       4.211025   0.743999  -1.877285
    40  0.10729341    2.919602   67.327689       4.377958   1.559523   0.825161
    41  0.10415681    2.834251   65.359443       4.526699  -0.275684  -2.193489
    42  0.09805338    2.668168   61.529477       4.948247   0.255675   0.597967
    43  0.09388368    2.554705   58.912948       5.041109   1.694472  -1.949569
    44  0.10105168    2.749756   63.410939       5.206002  -0.674339   0.326544
    45  0.09369240    2.549500   58.792915       5.706848  -0.417546  -2.604515
    46  0.08920906    2.427502   55.979579       5.716249   1.178745   0.583534
    47  0.09550555    2.598838   59.930689       5.933959   1.548471  -2.242608
    48  0.09309870    2.533344   58.420365       6.489628  -0.961343  -0.110265
    49  0.09377682    2.551797   58.845892       6.357570   0.365767  -2.628734
    50  0.09289318    2.527752   58.291399       6.722730   1.006954   0.226014
    51  0.09233619    2.512596   57.941886       7.127879  -0.178589  -0.147152
    52  0.11297810    3.074290   70.894888       7.397892   1.280122  -2.515637
    53  0.11174584    3.040759   70.121631       8.020910   0.862967  -0.430494
 
 Number of surface maxima:    70
   #       a.u.         eV      kcal/mol           X/Y/Z coordinate(Angstrom)
     1  0.21922420    5.965394  137.565375      -6.264335   0.756807  -1.438403
     2  0.16129232    4.388987  101.212543      -6.024969   1.609738   0.942895
     3  0.19702543    5.361334  123.635425      -5.834045  -4.539434  -0.790375
     4  0.21896164    5.958249  137.400621      -5.870396   2.471553  -0.795948
     5  0.23294657    6.338799  146.176304      -5.585844  -2.556938  -2.383229
     6  0.16264386    4.425764  102.060646      -5.151001   1.167005  -2.896848
     7  0.20600728    5.605743  129.271628      -5.173461   2.997238   2.123073
     8  0.19915523    5.419289  124.971899      -5.146751  -1.087438  -1.959632
     9  0.21713641    5.908582  136.255269      -5.055433   0.044967   0.929001
    10  0.20766378    5.650819  130.311096      -4.733646  -0.642019  -3.763289
    11  0.18848335    5.128893  118.275187      -4.703603  -3.419022  -1.380814
    12  0.16848060    4.584590  105.723262      -4.628897  -3.103773   0.498571
    13  0.13916686    3.786923   87.328598      -4.334708  -5.683644  -0.486765
    14  0.19963354    5.432305  125.272040      -4.364308   3.319583   0.438684
*   15  0.23344234    6.352289  146.487404      -4.066484   4.850653   0.699687
    16  0.22629348    6.157759  142.001420      -3.893724   0.874445  -0.538815
    17  0.22814246    6.208072  143.161676      -3.734224  -1.374176   0.281423
    18  0.20027348    5.449719  125.673614      -3.696094   0.625215   0.675290
    19  0.21903711    5.960303  137.447978      -3.592621   1.904057  -2.244078
    20  0.19181382    5.219520  120.365093      -3.414559  -5.171935   1.242630
    21  0.20243901    5.508646  127.032502      -3.041365   0.744828  -1.458473
    22  0.18732711    5.097430  117.549634      -3.041258  -5.196327  -1.835390
    23  0.18912287    5.146295  118.676490      -2.790282  -3.902019   0.669981
    24  0.21128374    5.749323  132.582659      -2.644482  -1.730600  -0.852875
    25  0.17441153    4.745979  109.444980      -2.525581  -1.894021   1.715670
    26  0.19175911    5.218031  120.330756      -2.512188   4.939821   0.123999
    27  0.22917525    6.236176  143.809762      -2.105596   2.485996  -0.906422
    28  0.17242533    4.691932  108.198618      -1.843695   4.198910  -1.300021
    29  0.22823860    6.210688  143.222002      -1.691773  -3.614268   1.622377
    30  0.20866867    5.678163  130.941675      -1.833279   2.347677   0.683508
    31  0.19844070    5.399846  124.523521      -1.742652   6.034423  -1.623998
    32  0.19351696    5.265864  121.433829      -1.713716   6.053745   1.479557
    33  0.16186097    4.404461  101.569378      -1.250816  -2.285961   0.780899
    34  0.16484870    4.485761  103.444211      -1.057948  -0.963354  -0.249187
    35  0.16379023    4.456959  102.780009      -0.797648   0.645107   0.825318
    36  0.14210083    3.866760   89.169692      -0.632367   6.451985  -0.099765
    37  0.17704363    4.817602  111.096651      -0.395479   2.013995  -1.504158
    38  0.13895145    3.781061   87.193422      -0.216403  -1.974591   0.968237
    39  0.06057997    1.648465   38.014537      -0.027001  -3.405204  -1.763879
    40  0.16460450    4.479116  103.290971      -0.056633  -2.572220   3.059604
    41  0.13859331    3.771316   86.968687      -0.128409  -0.564575   2.133400
    42  0.19164838    5.215018  120.261278      -0.080377   3.982384  -0.644637
    43  0.15864249    4.316882   99.549747       0.192632   1.682868   0.075769
    44  0.05200901    1.415237   32.636176       0.623343   2.546069   2.783834
    45  0.14379096    3.912751   90.230263       0.800399  -0.430473  -0.917862
    46  0.13882809    3.777704   87.116015       0.900852   0.962285   0.266444
    47  0.19367398    5.270137  121.532359       0.842139   5.158751  -0.216824
    48  0.23177778    6.306994  145.442874       1.070968   3.015476  -0.768099
    49  0.16237260    4.418383  101.890433       1.822492  -1.403237   0.271164
    50  0.11926402    3.245339   74.839365       1.798640  -0.181819   1.454962
    51  0.12769460    3.474747   80.129636       2.557733  -0.938760   0.998573
    52  0.17342806    4.719218  108.827844       2.742690  -0.647784  -1.636716
    53  0.18669103    5.080121  117.150490       3.072338  -2.514031  -0.755751
    54  0.14570706    3.964891   91.432638       3.176467   0.706373  -0.909225
    55  0.13922548    3.788518   87.365383       3.425674  -0.440435   0.806322
    56  0.18341894    4.991083  115.097218       3.388075   2.476633   0.016835
    57  0.14014701    3.813594   87.943650       3.560785   0.468833   0.356493
    58  0.17038680    4.636461  106.919423       3.958519  -1.792204  -0.927398
    59  0.17073687    4.645986  107.139093       4.631704  -3.498214   1.140479
    60  0.13857764    3.770889   86.958853       4.929233   2.649978  -0.357243
    61  0.19362953    5.268927  121.504466       4.906989  -2.813507  -1.435530
    62  0.15873316    4.319349   99.606646       4.915779  -1.087631   3.195919
    63  0.14713695    4.003800   92.329910       5.404054   0.479278  -1.746453
    64  0.14467045    3.936683   90.782157       5.837467   0.103075  -0.243226
    65  0.14120558    3.842399   88.607912       6.351530  -1.956757  -1.638376
    66  0.18247616    4.965429  114.505613       6.340594   3.516250  -0.516684
    67  0.13713632    3.731669   86.054410       7.283881   2.214700  -1.037652
    68  0.18083508    4.920773  113.475820       7.939062  -1.690224  -2.165608
    69  0.13628942    3.708624   85.522972       7.964339  -0.023145  -1.822610
    70  0.18164306    4.942759  113.982839       8.647450   1.450866  -1.671887
