 Number of surface minima:    66
   #       a.u.         eV      kcal/mol           X/Y/Z coordinate(Angstrom)
     1  0.10317827    2.807623   64.745394      -7.983546   0.022104   0.825796
     2  0.11204189    3.048815   70.307406      -8.068377   0.610069  -1.735786
     3  0.09971786    2.713461   62.573953      -7.252426  -1.638934   1.218820
     4  0.11198149    3.047171   70.269503      -7.213914  -0.503351  -3.139311
     5  0.10509824    2.859869   65.950197      -6.637614  -0.150035   1.858788
     6  0.10013224    2.724737   62.833982      -6.023876  -3.279643  -0.717409
     7  0.10344989    2.815015   64.915838      -6.023230  -2.748899  -2.474384
     8  0.17567205    4.780280  110.235970      -5.337660   2.129760  -1.167671
     9  0.16211503    4.411374  101.728800      -4.940777   1.513609  -0.105578
    10  0.11322504    3.081010   71.049846      -4.927938  -2.293068   1.024910
    11  0.10502228    2.857802   65.902534      -4.543894  -2.920718  -1.611278
    12  0.16325244    4.442325  102.442541      -4.668203   0.615133   0.762799
    13  0.17426643    4.742031  109.353928      -4.421006   0.868038  -2.693106
    14  0.16870748    4.590764  105.865631      -4.255881   2.378317  -0.406908
    15  0.16195632    4.407056  101.629210      -3.882423  -0.002949  -1.977438
    16  0.16431689    4.471290  103.110491      -3.617834  -0.923333  -1.045702
    17  0.16452649    4.476993  103.242016      -3.063322   0.917416  -2.247721
    18  0.17858759    4.859616  112.065500      -3.209261   2.487681   0.112237
    19  0.05534393    1.505985   34.728872      -2.300295  -1.375761   2.071496
    20  0.16677721    4.538239  104.654365      -2.030302   1.116648  -1.822731
    21  0.01328055    0.361382    8.333675      -1.764727  -0.314250   2.474435
    22  0.17139571    4.663914  107.552521      -1.501125   0.112749  -0.671091
    23  0.01887260    0.513550   11.842745      -1.350150  -3.349671   1.820646
    24  0.04312681    1.173540   27.062504      -1.236537  -2.961878   0.305376
    25  0.05340579    1.453245   33.512665      -1.060376  -3.999442  -2.114319
    26  0.14456671    3.933860   90.717058      -0.730995   2.715486   1.242186
    27  0.16555237    4.504909  103.885765      -0.251277   4.314309  -1.172926
    28  0.14474856    3.938808   90.831166      -0.072226   3.637638   1.362043
    29  0.05855514    1.593366   36.743938       0.219571  -1.771268  -1.759407
*   30 -0.00765405   -0.208277   -4.802992       0.192165  -1.565753   3.603651
    31  0.17074233    4.646135  107.142519       0.350297   5.511111  -0.714105
    32  0.07789393    2.119602   48.879219       0.463242  -3.897951   0.055469
    33  0.16107128    4.382972  101.073841       0.470973   4.959914   1.409221
    34 -0.00233506   -0.063540   -1.465274       0.880172  -0.448286   3.477919
    35  0.15911863    4.329838   99.848533       0.882631   4.446941  -1.231368
    36  0.12255858    3.334989   76.906733       1.122589  -3.629651   0.341089
    37  0.03985222    1.084434   25.007669       1.144761  -0.073805  -1.554665
    38  0.14126239    3.843945   88.643559       1.149365   3.664695   1.277777
    39  0.16294577    4.433980  102.250099       1.547827   3.404046  -1.500516
    40  0.13557519    3.689189   85.074791       1.680481   2.600254   1.025745
    41  0.04534315    1.233850   28.453279       2.262221  -0.653768  -0.511548
    42  0.12304082    3.348111   77.209344       2.996881  -1.439769  -0.768371
    43  0.10922160    2.972071   68.537648       3.012820   7.260941  -0.438360
    44  0.10633645    2.893562   66.727184       3.058920  -4.355076  -1.037792
    45  0.10746457    2.924260   67.435090       3.161444  -3.462893  -1.613838
    46  0.10613164    2.887989   66.598664       3.166121   6.849121   1.462418
    47  0.11019265    2.998494   69.146988       3.491765   4.171198  -2.741155
    48  0.09043065    2.460743   56.746137       3.759594   2.991366   2.013510
    49  0.09564241    2.602562   60.016570       3.884931  -5.349694  -1.120634
    50  0.10496204    2.856162   65.864729       3.917690   5.767210  -2.287101
    51  0.09685013    2.635426   60.774427       4.028607  -3.234728  -2.435238
    52  0.11669384    3.175401   73.226554       4.166547   2.323234  -0.451429
    53  0.09476182    2.578600   59.463993       4.425856   4.649601   2.278229
    54  0.10033470    2.730246   62.961030       4.460306  -3.222127   0.886099
    55  0.09522470    2.591196   59.754452       4.651436  -5.107327  -1.826574
    56  0.10088994    2.745355   63.309445       4.629920  -2.387193   0.268619
    57  0.10749192    2.925004   67.452256       4.741347  -6.117271  -1.086417
    58  0.09785020    2.662639   61.401978       4.777592  -4.091641  -2.494184
    59  0.10315501    2.806990   64.730797       5.000644   4.318707  -1.620149
    60  0.09622173    2.618326   60.380096       5.221164   3.644752   1.134791
    61  0.09106742    2.478070   57.145716       5.315587  -4.215118   0.821992
    62  0.09374185    2.550845   58.823949       5.476169  -2.174384  -0.455872
    63  0.11418784    3.107209   71.654011       5.837757  -5.015890  -2.492373
    64  0.09231866    2.512118   57.930879       6.103171  -4.089006   0.154338
    65  0.09518311    2.590064   59.728353       6.189099  -2.953881  -0.567991
    66  0.11274602    3.067975   70.749255       7.075414  -4.157910  -0.849578
 
 Number of surface maxima:    88
   #       a.u.         eV      kcal/mol           X/Y/Z coordinate(Angstrom)
     1  0.16460442    4.479114  103.290918      -8.339625  -1.345038  -0.021648
     2  0.17138545    4.663635  107.546085      -8.312343  -0.909377  -2.057414
     3  0.16490090    4.487182  103.476961      -7.347305  -2.708329  -1.644873
     4  0.11428711    3.109910   71.716302      -7.452094  -0.445865   1.548767
     5  0.14157026    3.852323   88.836756      -7.322075   0.281330  -0.570654
     6  0.12805871    3.484655   80.358124      -7.382740   0.742363  -2.880323
     7  0.14804899    4.028618   92.902222      -7.102042  -1.250022  -0.994576
     8  0.17428756    4.742606  109.367190      -6.891922   1.315720   0.910536
     9  0.18706853    5.090394  117.387376      -6.893918   1.939619  -1.466497
    10  0.13246361    3.604518   83.122239      -6.368697  -1.871933  -0.026408
    11  0.14149307    3.850222   88.788319      -6.287699  -1.251612  -2.332827
    12  0.16131694    4.389657  101.227992      -5.887101  -1.506640   1.891849
    13  0.18630751    5.069685  116.909829      -5.734543   0.213186  -3.552093
    14  0.18656620    5.076725  117.072158      -5.651813   1.139246  -1.099831
    15  0.11448534    3.115304   71.840695      -5.477986  -3.238328  -1.767040
    16  0.24118468    6.562969  151.345797      -5.400184   2.065306  -2.617593
    17  0.18563666    5.051430  116.488859      -4.947622  -0.584635   0.633179
    18  0.18516192    5.038512  116.190954      -4.969987   0.281818  -2.089554
    19  0.18485684    5.030211  115.999518      -4.892943  -1.061923   0.270946
    20  0.16059078    4.369897  100.772318      -4.670286  -3.090811  -0.035369
    21  0.17391268    4.732405  109.131944      -4.543894  -1.931266  -2.871914
    22  0.18583453    5.056815  116.613024      -4.351944  -1.314690  -0.279668
    23  0.16654878    4.532023  104.511024      -3.906507  -2.618181   2.207526
    24  0.21094347    5.740064  132.369134      -3.924322   2.588121  -2.180921
    25  0.24132947    6.566909  151.436656      -3.485540   1.337937   0.157215
    26  0.18559367    5.050261  116.461882      -3.215083   0.222740   1.548442
    27  0.23970845    6.522799  150.419450      -2.956363   0.410550  -1.034761
*   28  0.26230792    7.137762  164.600845      -2.685508   3.528778  -2.284289
    29  0.25605306    6.967558  160.675854      -2.436356   4.583516   0.353265
    30  0.20595434    5.604303  129.238407      -2.273784  -1.095988  -1.353744
    31  0.18954337    5.157737  118.940359      -2.292586  -0.979444   0.219573
    32  0.23488710    6.391603  147.394006      -2.092771   3.123660  -0.633123
    33  0.18728713    5.096342  117.524548      -1.121105  -0.190333  -0.201626
    34  0.20307468    5.525943  127.431394      -0.920578   5.108075   0.251906
    35  0.10131272    2.756859   63.574746      -0.771548  -4.216715  -0.306065
    36  0.04413888    1.201080   27.697588      -0.522051  -3.570334   3.265881
    37  0.11833934    3.220177   74.259121      -0.420633  -0.432206   2.234526
    38  0.17002134    4.626516  106.690088      -0.298758  -5.846057  -0.558763
    39  0.16849283    4.584923  105.730939      -0.198508   0.999764   0.722515
    40  0.23360364    6.356678  146.588618       0.112087   6.198835   0.506707
    41  0.23781830    6.471365  149.233362       0.350995   3.044278  -0.967537
    42  0.22117494    6.018476  138.789486       0.491340   2.866116   0.630263
    43  0.16446806    4.475403  103.205351       0.626991  -2.430587   0.625923
    44  0.13748780    3.741233   86.274969       0.748689  -0.978785  -0.704789
    45  0.19197451    5.223892  120.465924       1.259433   1.653310  -1.505334
    46  0.12162253    3.309517   76.319355       1.301174  -1.631769   1.689123
    47  0.18097053    4.924459  113.560817       1.386769   5.191259  -0.570654
    48  0.17722450    4.822524  111.210148       1.540658  -4.282971  -2.683897
    49  0.13851618    3.769217   86.920286       1.484484  -0.076537   0.473602
    50  0.16759977    4.560622  105.170534       1.569401   1.055024   0.223112
    51  0.17448636    4.748015  109.491934       1.452673   4.994965   0.927907
    52  0.18392524    5.004860  115.414927       1.430718   6.850148  -0.960478
    53  0.17724153    4.822987  111.220830       1.691020  -4.115056   1.546055
    54  0.17731076    4.824871  111.264274       1.572383   6.182530   1.934089
    55  0.14848622    4.040516   93.176589       1.852307  -2.807208  -0.789168
    56  0.06137999    1.670235   38.516559       2.032490   1.395701   2.981116
    57  0.17645117    4.801480  110.724873       2.315476   5.361108  -2.613161
    58  0.12326142    3.354114   77.347774       2.345373   7.370006   0.627391
    59  0.16616516    4.521584  104.270298       2.609086  -4.160585   0.901728
    60  0.14903277    4.055388   93.519552       2.538050  -2.300406  -0.897191
    61  0.18573075    5.053991  116.547906       2.625266   3.147907  -1.081859
    62  0.15786932    4.295843   99.064575       2.890659   4.174159   2.720330
    63  0.18845223    5.128046  118.255657       2.999093  -5.474645   1.419384
    64  0.16451281    4.476621  103.233433       2.935191  -2.460704   1.484365
    65  0.18259625    4.968697  114.580971       3.010024   3.129567  -0.434559
    66  0.13977598    3.803498   87.710828       3.135497   6.052437  -0.974472
    67  0.14348138    3.904327   90.036001       3.281108  -1.742964  -0.024825
    68  0.13427586    3.653832   84.259445       3.377818   5.498571   1.384576
    69  0.19385100    5.274954  121.643443       3.670665  -0.688515  -1.619677
    70  0.19028159    5.177825  119.403602       4.073750   0.718800  -1.109409
    71  0.14461983    3.935306   90.750389       4.106365   5.423793  -0.017183
    72  0.13892423    3.780321   87.176344       4.346106  -5.819306   0.487700
    73  0.14976237    4.075241   93.977384       4.190495  -4.018967  -1.363933
    74  0.16842219    4.583001  105.686605       4.296591   2.961473  -1.904990
    75  0.11806002    3.212576   74.083841       4.224589   4.731046  -2.562372
    76  0.16794908    4.570127  105.389726       4.302799   6.953424   0.343146
    77  0.13117800    3.569535   82.315505       4.442746   4.201629  -0.301782
    78  0.15705905    4.273794   98.556127       4.457311   2.339915   0.626910
    79  0.10579725    2.878890   66.388834       4.660938   3.652838   2.019463
    80  0.14496000    3.944562   90.963851       4.870976  -1.591419  -2.110670
    81  0.14631386    3.981403   91.813411       5.086952  -3.368261  -0.222780
    82  0.16514355    4.493784  103.629228       5.090960   5.849365  -1.245635
    83  0.16077056    4.374789  100.885135       5.314428   5.308913   1.117161
    84  0.17976593    4.891680  112.804919       5.783174  -6.676841  -0.038238
    85  0.18702637    5.089246  117.360916       6.226824  -1.903523  -3.029366
    86  0.13658405    3.716641   85.707858       6.356994  -5.475469  -1.072819
    87  0.13970394    3.801538   87.665621       6.491044  -3.436543  -2.422774
    88  0.18267323    4.970791  114.629277       7.394631  -4.800081  -2.150097
