 Number of surface minima:    60
   #       a.u.         eV      kcal/mol           X/Y/Z coordinate(Angstrom)
     1  0.13849967    3.768768   86.909929      -7.201450  -1.079663  -2.228197
     2  0.14162264    3.853748   88.869620      -7.188362  -2.265324   0.836485
     3  0.14687291    3.996615   92.164222      -6.945751  -3.205963  -1.165464
     4  0.12842433    3.494604   80.587550      -6.690144  -0.999021   0.513191
     5  0.13695061    3.726616   85.937878      -6.408809  -2.142923  -1.819407
     6  0.11502887    3.130095   72.181768      -6.371191   0.141719   0.045091
     7  0.12852136    3.497244   80.648441      -6.131507   0.981166  -0.549391
     8  0.12571689    3.420931   78.888608      -5.997609  -1.869678   1.098095
     9  0.12508105    3.403628   78.489607      -5.977346  -1.065508  -2.296152
    10  0.13562108    3.690437   85.103585      -5.579274  -3.028608  -1.273106
    11 -0.00911022   -0.247902   -5.716755      -3.750209   3.891700  -2.738075
    12  0.16785318    4.567517  105.329551      -3.088738  -4.514875   1.424432
    13  0.19680874    5.355438  123.499450      -2.313670  -2.021038  -1.158849
    14  0.14758316    4.015942   92.609906      -2.292402  -0.807919   1.231166
    15  0.15938186    4.337001  100.013708      -2.008244  -3.304846   2.321478
    16 -0.00909662   -0.247532   -5.708218      -1.925691   3.285853   2.675908
    17  0.17605890    4.790806  110.478719      -1.765795  -4.585143   0.966166
    18  0.18162419    4.942245  113.970993      -1.318682  -3.950751  -1.919048
    19  0.05184024    1.410645   32.530268      -1.227434   1.984246  -1.553106
    20  0.17481891    4.757065  109.700617      -0.571139  -2.660656  -2.866453
*   21 -0.01842671   -0.501416  -11.562948      -0.524857   3.687371   3.082874
    22  0.05809068    1.580728   36.452485      -0.295591   3.435093  -1.923015
    23  0.20162148    5.486400  126.519497      -0.178263  -2.795049   0.903858
    24  0.01286421    0.350053    8.072420      -0.173620   0.784546   2.952758
    25  0.01058533    0.288042    6.642402      -0.027757   4.649528   0.473085
    26  0.18040191    4.908986  113.204006       0.087261  -4.247762  -2.472342
    27  0.17989279    4.895132  112.884525       0.358022  -0.805423  -0.885286
    28  0.02794038    0.760297   17.532871       0.466572   5.555759  -1.686024
    29  0.04154122    1.130394   26.067529       1.913391   4.084254  -0.022958
    30  0.04357282    1.185677   27.342378       2.094875   1.990592   1.112046
    31  0.15158190    4.124753   95.119160       2.702521  -4.852992   0.304694
    32  0.15565641    4.235626   97.675955       2.914489  -0.363769  -2.051487
    33 -0.01444981   -0.393199   -9.067402       2.961475   1.030619   4.740878
    34  0.15516172    4.222165   97.365532       3.306428  -0.501007  -0.996732
    35  0.15359325    4.179485   96.381303       3.638754  -4.521952   1.247983
    36  0.14038795    3.820150   88.094845       3.650627  -3.739200   2.176242
    37  0.15238170    4.146517   95.621042       3.629168  -2.795049   2.896737
    38  0.14001032    3.809875   87.857879       3.643223  -0.706489  -3.010175
    39  0.15388968    4.187551   96.567312       3.738918  -2.978991  -1.282838
    40  0.16387316    4.459215  102.832047       3.850997  -5.380504   0.040106
    41  0.12864499    3.500608   80.726018       3.818343   2.108180  -1.927239
    42  0.12353822    3.361646   77.521468       3.993252   2.037937  -0.915862
    43  0.14198287    3.863550   89.095673       4.323148  -0.942313  -0.618904
    44  0.14649521    3.986337   91.927211       4.398568  -0.810635  -3.982193
    45  0.12863505    3.500338   80.719780       4.350787   1.713974   0.334199
    46  0.15903725    4.327624   99.797463       4.567979  -2.668391  -0.346305
    47  0.16247044    4.421046  101.951828       4.584332  -1.339812   1.563792
    48  0.13850330    3.768867   86.912208       4.571339  -1.076491  -2.746856
    49  0.16787461    4.568100  105.342995       4.717706  -3.853817  -1.279576
    50  0.14900265    4.054568   93.500654       4.599680  -1.855700   0.577146
    51  0.12101256    3.292919   75.936593       4.645636   1.764261  -3.103767
    52  0.15573177    4.237677   97.723245       4.734324  -4.117868   2.023914
    53  0.14221254    3.869800   89.239792       4.874197  -1.169962  -1.526764
    54  0.11463171    3.119287   71.932545       5.226880   1.568526  -0.633349
    55  0.15299171    4.163116   96.003829       5.352285  -1.131561  -0.224483
    56  0.16454681    4.477546  103.254767       5.551669  -2.621478   0.724616
    57  0.12053721    3.279984   75.638304       5.579319   1.375001  -2.769633
    58  0.12100387    3.292683   75.931136       5.885077   1.265392  -1.558426
    59  0.15315381    4.167527   96.105549       5.908690  -1.339729  -2.737986
    60  0.13975894    3.803034   87.700130       6.720592   0.676818  -2.584966
 
 Number of surface maxima:    75
   #       a.u.         eV      kcal/mol           X/Y/Z coordinate(Angstrom)
     1  0.20408672    5.553482  128.066455      -8.421259  -0.689619  -1.438240
     2  0.21242149    5.780283  133.296609      -7.777330  -3.477124   0.029142
     3  0.16709052    4.546764  104.850971      -7.737557  -2.008529  -0.767798
     4  0.16219895    4.413658  101.781461      -6.901674   0.261076  -1.656756
     5  0.17893976    4.869198  112.286487      -6.130426  -3.588579   0.305702
     6  0.19899432    5.414911  124.870927      -5.993842   1.470013  -2.057144
     7  0.18954718    5.157841  118.942752      -5.463186  -1.058186   0.181308
     8  0.19847068    5.400662  124.542339      -5.178453  -1.683452  -1.229594
     9  0.23749264    6.462503  149.029009      -4.796383  -4.226375   0.954328
    10  0.19692274    5.358540  123.570986      -4.600360   1.173780  -1.150543
    11  0.20522883    5.584560  128.783142      -4.390230   0.668436  -1.904083
    12  0.20714571    5.636721  129.986004      -3.882504  -2.824669   1.041410
    13  0.05556862    1.512099   34.869863      -3.827346   2.140376   1.796457
    14  0.21510790    5.853384  134.982358      -3.647713  -3.248537   0.029516
    15  0.22124913    6.020495  138.836040      -3.576394  -3.547294   2.421403
    16  0.23247574    6.325987  145.880851      -3.026119  -0.413752   0.304694
    17  0.23784969    6.472219  149.253056      -2.824865  -4.779554  -0.224737
    18  0.25466668    6.929833  159.805885      -2.802408  -1.030496  -1.105816
    19  0.17041973    4.637357  106.940086      -2.398087   1.475664  -0.341333
    20  0.20056743    5.457717  125.858069      -2.231919   0.613139  -1.944309
    21  0.18046059    4.910582  113.240825      -2.156521  -4.503603   1.505005
    22  0.13287452    3.615700   83.380090      -2.098299   4.084254  -1.046803
    23  0.24423277    6.645912  153.258507      -1.889944  -2.526740  -2.071039
    24  0.13185320    3.587908   82.739204      -1.658921   2.361223  -0.112364
    25  0.16834018    4.580769  105.635144      -1.538429   0.632787   0.648746
    26  0.21861577    5.948837  137.183579      -1.231364  -2.128841   1.105255
    27  0.24278304    6.606462  152.348786      -1.125139  -2.570264  -0.234150
    28  0.22721247    6.182766  142.578094      -0.844742  -1.606603  -1.158571
    29  0.09356999    2.546169   58.716104      -0.817304   3.461717   1.269689
    30  0.19013398    5.173809  119.310971      -0.691782  -3.823570  -2.592321
    31  0.11658006    3.172305   73.155153      -0.724582   1.696008   2.263684
    32  0.24103967    6.559023  151.254803      -0.573996  -3.454982   1.364776
    33  0.07341669    1.997770   46.069704      -0.523010   4.613431  -1.530321
    34  0.24502110    6.667363  153.753188      -0.338420  -4.969230  -1.018249
    35  0.21856152    5.947361  137.149539      -0.148360  -3.432298   0.187207
    36  0.19622279    5.339494  123.131764       0.218620   0.410577   0.237479
    37  0.18468990    5.025668  115.894760       0.202815   1.828483  -0.782435
    38  0.19370823    5.271069  121.553852       0.614479  -0.809509   2.688437
*   39  0.26118592    7.107230  163.896774       0.739075  -2.136064   1.249866
    40  0.13859379    3.771329   86.968988       0.926485   1.332085   1.541736
    41  0.21922991    5.965549  137.568963       0.895483   1.848263  -2.603451
    42  0.13394755    3.644898   84.053427       0.984257   2.887951   0.418275
    43  0.22860921    6.220773  143.454567       1.017646  -3.848414  -1.014631
    44  0.24296860    6.611512  152.465223       1.043005  -3.175334  -3.011418
    45  0.18352633    4.994006  115.164610       1.297452   0.408573   1.513353
    46  0.25851787    7.034629  162.222551       1.319343  -1.165149   0.172400
    47  0.22407911    6.097503  140.611883       1.331401   0.302147  -1.257156
    48  0.22772189    6.196628  142.897764       1.442463  -3.038530  -1.505756
    49  0.02972225    0.808784   18.651010       1.511680   3.682246   3.463987
    50  0.25438408    6.922143  159.628553       1.783037  -4.569528  -2.131256
    51  0.20802238    5.660577  130.536121       1.869127   0.935867  -2.410510
    52  0.22591741    6.147525  141.765436       2.101444   1.312799  -4.045531
    53  0.14820100    4.032754   92.997607       2.528611   6.261951  -0.462779
    54  0.21499877    5.850414  134.913877       2.705058  -3.516261   0.966166
    55  0.21571757    5.869974  135.364935       2.642025  -1.604401   2.595806
    56  0.17979737    4.892535  112.824646       2.602597   4.219026  -2.866603
    57  0.16588639    4.513998  104.095370       2.958326   1.691171  -0.158573
    58  0.21733701    5.914041  136.381149       3.068947  -0.837324   1.878632
    59  0.21735165    5.914439  136.390333       3.341513  -2.450336  -0.012064
    60  0.17431557    4.743368  109.384765       3.509975   0.624023  -4.198028
    61  0.20440885    5.562248  128.268598       3.788612   0.646406   1.369200
    62  0.19065598    5.188013  119.638536       4.069238  -0.277161  -1.804406
    63  0.21696101    5.903809  136.145204       4.429179  -1.527320   3.027661
    64  0.17537624    4.772230  110.050345       4.633449   1.222897  -1.922154
    65  0.23186646    6.309407  145.498521       4.868267  -5.321304  -1.029326
    66  0.17045177    4.638229  106.960190       4.959531  -0.016869   0.521434
    67  0.21073847    5.734485  132.240496       4.941946   0.102203  -5.046999
    68  0.18473224    5.026820  115.921328       4.986514  -2.658073   2.025683
    69  0.18897754    5.142340  118.585294       5.175841  -4.320249   0.172400
    70  0.15784738    4.295246   99.050806       5.491687  -1.370899  -2.216821
    71  0.16887805    4.595405  105.972666       5.904985  -0.274303  -3.651306
    72  0.22618143    6.154710  141.931110       6.107131  -3.721110   1.466952
    73  0.21424503    5.829904  134.440897       6.589625  -0.526897   0.348939
    74  0.17117047    4.657785  107.411180       6.567542  -0.543137  -1.281544
    75  0.21244293    5.780866  133.310062       7.241528  -0.802339  -2.735016
