 Number of surface minima:    65
   #       a.u.         eV      kcal/mol           X/Y/Z coordinate(Angstrom)
     1  0.13234701    3.601345   83.049072      -7.268707   1.332656  -2.407047
     2  0.12025371    3.272270   75.460407      -6.942633   0.563251  -1.192038
     3  0.11199663    3.047583   70.279002      -6.725213  -0.168711  -0.332225
     4  0.13163609    3.582000   82.602962      -6.292407  -0.027412  -3.899409
     5  0.11690454    3.181134   73.358768      -6.326994   1.551942  -1.655504
     6  0.11888446    3.235011   74.601187      -5.813470  -1.043914  -2.931497
     7  0.09407297    2.559856   59.031729      -5.737287  -2.432281   2.834353
     8  0.11019242    2.998488   69.146843      -5.548881  -1.797983  -2.098034
     9  0.09944257    2.705970   62.401210      -5.554387  -0.685496   2.851874
    10  0.11514159    3.133162   72.252501      -5.151998  -0.081703  -3.424524
    11  0.09022024    2.455018   56.614103      -4.538385  -4.414177   1.122823
    12  0.09547495    2.598006   59.911486      -3.984670  -3.914937  -0.643042
    13  0.08256840    2.246800   51.812498      -4.037940  -1.587843   3.697069
    14  0.15473386    4.210522   97.097045      -3.297008   1.956865   0.073121
    15  0.15061675    4.098490   94.513520      -3.035012   0.367855  -2.317892
    16  0.07611266    2.071131   47.761453      -2.460549  -3.996241   0.752461
    17  0.09210084    2.506191   57.794201      -2.303532  -2.867601   1.462648
    18  0.14298870    3.890920   89.726841      -1.844640   0.569699  -1.714767
    19  0.08907623    2.423888   55.896227      -1.744962  -2.288729   2.037551
    20  0.00669874    0.182282    4.203525      -1.419298   0.029574   2.639997
    21  0.04858944    1.322186   30.490360      -1.075024  -4.142360  -2.096934
    22  0.04975751    1.353971   31.223335      -1.074253  -3.078793   0.480723
    23  0.11840439    3.221947   74.299941      -0.931697   2.347710   1.370705
    24  0.15747981    4.285243   98.820153      -0.896020   3.035177  -1.224751
    25  0.13203381    3.592823   82.852535      -0.392912   3.570191   1.518758
    26  0.02456641    0.668486   15.415667       0.264467  -4.263365   0.331645
    27  0.08521640    2.318856   53.474141       0.148300  -2.399625  -1.902504
    28  0.11440228    3.113044   71.788576       0.206975   6.257621  -0.789440
    29  0.06040925    1.643819   37.907407       0.325295  -0.106480  -1.729474
    30  0.10611489    2.887533   66.588155       0.461108   5.823538   1.845991
*   31 -0.02192911   -0.596722  -13.760738       0.610059  -2.070718   3.582474
    32  0.12945803    3.522732   81.236209       0.558180   7.392477  -0.435223
    33  0.12912044    3.513546   81.024368       0.963938   3.703265   1.433079
    34 -0.01470352   -0.400103   -9.226607       1.074741  -0.932620   3.500945
    35  0.11914585    3.242123   74.765213       1.431595   6.307685  -0.910384
    36  0.15107396    4.110932   94.800421       1.538861  -0.953472  -1.148439
    37  0.11602036    3.157074   72.803933       1.623888   0.124365   0.348504
    38  0.11194184    3.046092   70.244621       1.733212   5.925631   1.667949
    39  0.11313058    3.078440   70.990572       2.108454   5.521456  -1.147864
    40  0.00784195    0.213390    4.920900       2.447900  -2.011826   1.716074
    41  0.10792712    2.936846   67.725348       2.521072   0.703115   0.799946
    42  0.10447712    2.842967   65.560436       2.493163   5.118534   1.476768
    43  0.12749221    3.469239   80.002637       2.679047   6.591237  -0.859519
    44  0.11944116    3.250159   74.950524       2.972125   2.618474  -2.919179
    45  0.08205054    2.232709   51.487536       3.599972   0.943298   1.789246
    46  0.11980458    3.260048   75.178571       3.680082   1.023677  -2.886893
    47  0.11019093    2.998448   69.145912       3.962650  -3.621643  -1.259244
    48  0.10237596    2.785792   64.241939       4.135684  -3.595886  -0.178356
    49  0.09866890    2.684917   61.915719       4.189536   2.876185   1.779975
    50  0.10401752    2.830461   65.272032       4.359839  -3.338425   1.142053
    51  0.12582652    3.423914   78.957399       4.518748  -1.066549  -1.506222
    52  0.11534257    3.138631   72.378614       4.643628   2.357388  -2.176670
    53  0.11682529    3.178978   73.309035       4.883045  -1.250833   1.121193
    54  0.10165989    2.766306   63.792600       4.919516  -3.861020  -2.177695
    55  0.09123463    2.482621   57.250645       5.335169  -3.813868   0.234117
    56  0.11199100    3.047430   70.275474       5.416586  -1.243382  -2.318313
    57  0.10369326    2.821637   65.068554       5.320639   1.972658   0.875658
    58  0.09984366    2.716884   62.652897       5.823297  -3.996443  -1.779022
    59  0.10333487    2.811885   64.843667       5.841000  -1.200562   0.080202
    60  0.09777484    2.660589   61.354687       5.985803  -3.960605  -0.570217
    61  0.10780580    2.933545   67.649221       6.416746  -1.423509  -2.016746
    62  0.10610726    2.887325   66.583367       6.602754  -1.384601  -0.601353
    63  0.11339311    3.085583   71.155312       6.789079  -1.567990   0.620914
    64  0.11775632    3.204312   73.893269       7.129292  -4.029381  -1.394028
    65  0.12226999    3.327136   76.725644       7.600166  -1.827621  -1.491673
 
 Number of surface maxima:    89
   #       a.u.         eV      kcal/mol           X/Y/Z coordinate(Angstrom)
     1  0.19707485    5.362679  123.666437      -8.142671  -1.695141  -1.889882
     2  0.15594920    4.243594   97.859685      -7.555083  -0.298698  -2.723311
     3  0.20091974    5.467304  126.079146      -7.510062   0.907220  -3.887191
     4  0.15795315    4.298124   99.117179      -6.848672  -1.871318  -0.833455
     5  0.17182459    4.675585  107.821648      -6.275219  -1.646754   1.459791
     6  0.20518220    5.583292  128.753881      -6.108759  -2.553748   0.327962
     7  0.16352905    4.449852  102.616112      -6.016216   1.560120  -3.440684
     8  0.17909626    4.873457  112.384693      -5.681175   0.443775  -1.046925
     9  0.10581153    2.879278   66.397792      -5.541381  -1.333275   3.260972
    10  0.17256015    4.695600  108.283218      -5.528253  -3.319135   0.081194
    11  0.17880677    4.865580  112.203038      -4.909235  -0.466663  -2.089658
    12  0.17960355    4.887261  112.703025      -4.748344  -1.607534   0.477382
    13  0.21954149    5.974028  137.764477      -4.650348   2.552052  -3.502526
    14  0.14647085    3.985675   91.911923      -4.593126  -3.070282   3.641406
    15  0.17542162    4.773465  110.078820      -4.473943  -1.874471   0.073039
    16  0.15520893    4.223450   97.395154      -4.255909   0.040778   3.180379
    17  0.10291505    2.800461   64.580226      -3.940572  -4.496742   0.084847
    18  0.16984869    4.621818  106.581751      -3.798822   0.025176   1.312656
    19  0.20019783    5.447660  125.626138      -3.829055   2.068032  -2.338032
    20  0.11793401    3.209148   74.004771      -3.589633  -2.937886   2.262006
    21  0.13993407    3.807800   87.810026      -3.423368  -4.664744   1.941157
    22  0.21937718    5.969557  137.661372      -3.563620   0.767963   0.070918
    23  0.10252945    2.789968   64.338257      -3.363297  -1.779240   2.916476
    24  0.21998910    5.986208  138.045361      -2.794716  -0.060919  -0.997412
    25  0.24042673    6.542344  150.870178      -2.835654   4.008758   0.301506
    26  0.14708645    4.002426   92.298221      -2.638406  -3.497886  -0.921386
*   27  0.24729695    6.729292  155.181309      -2.644240   3.003388  -2.302444
    28  0.20458204    5.566960  128.377274      -2.241523   2.682555  -0.724346
    29  0.11193970    3.046034   70.243278      -2.227480  -2.003523   2.587422
    30  0.16362171    4.452373  102.674260      -2.109229  -1.422937   0.495896
    31  0.20418996    5.556291  128.131243      -2.109229   2.684414  -0.856640
    32  0.21284775    5.791882  133.564090      -1.941380   6.219756   0.754668
    33  0.19380673    5.273749  121.615664      -1.585062  -1.079309  -1.786631
    34  0.10171506    2.767807   63.827216      -1.458954  -4.132270  -0.449186
    35  0.19313611    5.255501  121.194840      -1.526520   4.735183   0.361674
    36  0.15805543    4.300907   99.181362      -1.314772  -5.980484  -0.326738
    37  0.13063477    3.554753   81.974627      -1.256056  -1.820124   0.995480
    38  0.17868564    4.862284  112.127026      -1.044214  -0.413151  -0.174297
    39  0.18840202    5.126680  118.224149      -0.670991   1.422641  -1.279972
    40  0.02949027    0.802471   18.505439      -0.409076  -3.909168   3.244483
    41  0.10697604    2.910966   67.128532      -0.367935  -0.805084   2.344194
    42  0.15811842    4.302621   99.220891      -0.473850   6.984186   0.730891
    43  0.15445789    4.203013   96.923870      -0.102385   0.648919   0.892145
    44  0.21998342    5.986053  138.041795       0.120420   2.883063  -0.760068
    45  0.20562209    5.595262  129.029918       0.306599   2.645162   0.775275
    46  0.12812637    3.486496   80.400579       0.668951  -2.609992   0.566208
    47  0.19688194    5.357430  123.545385       0.654391   8.285107   0.858489
    48  0.12114248    3.296454   76.018115       0.787702  -3.473511  -1.493300
    49  0.17459729    4.751034  109.561544       1.103380  -1.185833  -0.542584
    50  0.17596450    4.788238  110.419483       1.044962   5.132066  -0.509617
    51  0.17143912    4.665096  107.579765       1.132955   4.934598   1.062601
    52  0.17189521    4.677506  107.865961       1.333047  -5.185103  -2.045679
    53  0.09273720    2.523508   58.193523       1.402045  -1.614943   1.860868
    54  0.18567053    5.052352  116.510114       1.486450   1.444285  -1.221573
    55  0.20898344    5.686729  131.139200       1.567279  -1.761839  -2.231825
    56  0.15185342    4.132142   95.289539       1.517516   0.953447   0.521102
    57  0.13812391    3.758543   86.674133       1.603337  -0.286805   0.605112
    58  0.18355723    4.994846  115.183996       2.062580   1.268085  -3.034958
    59  0.05614424    1.527763   35.231073       2.084509   1.239164   2.952310
    60  0.15311028    4.166342   96.078229       2.011872   7.386594   0.477023
    61  0.17780712    4.838378  111.575747       2.183665  -3.142999  -0.828302
    62  0.19748153    5.373746  123.921635       2.650646  -0.693527  -0.837299
    63  0.18731313    5.097050  117.540864       2.632350  -0.296330  -0.480283
    64  0.18804467    5.116956  117.999909       2.734327   3.124544  -0.473493
    65  0.18790545    5.113167  117.912548       2.871091  -1.879532  -2.094152
    66  0.14573482    3.965646   91.450057       3.074784   0.535420  -1.498237
    67  0.21108731    5.743978  132.459401       3.120786  -2.176697  -3.564284
    68  0.14486300    3.941923   90.902981       3.114299   2.221591   2.450717
    69  0.15854662    4.314273   99.489590       3.578730   5.396439  -0.056527
    70  0.18370754    4.998936  115.278318       3.740769   3.717420  -1.889782
    71  0.19642871    5.345097  123.260982       3.665511   7.106512   0.171679
    72  0.14959109    4.070581   93.869904       3.859155   0.761400  -0.583754
    73  0.12966991    3.528498   81.369165       3.858306   2.094680  -2.949670
    74  0.21036423    5.724302  132.005661       4.165818   4.073712  -0.295565
    75  0.16829798    4.579621  105.608663       4.352584  -2.150987   2.023084
    76  0.17872511    4.863357  112.151791       4.639929   3.547952   0.202891
    77  0.15504365    4.218952   97.291442       4.747634  -2.418314  -3.539204
    78  0.17855988    4.858861  112.048107       4.895771   0.785489  -2.039380
    79  0.15299418    4.163183   96.005381       5.067346  -3.291677  -1.091772
    80  0.10978974    2.987531   68.894158       4.930189   2.118955   1.546489
    81  0.16370133    4.454540  102.724224       5.053277   0.393878   0.741410
    82  0.15950394    4.340323  100.090315       5.324834  -1.700644  -1.103934
    83  0.13529476    3.681558   84.898814       5.796287  -2.421087   1.340145
    84  0.19145713    5.209813  120.141263       6.185850  -2.818787  -4.222007
    85  0.14544528    3.957767   91.268365       7.096242  -2.937886  -2.708761
    86  0.12482936    3.396780   78.331671       7.239903  -1.629761  -1.522392
    87  0.18123008    4.931521  113.723689       7.381670  -2.811000   1.374965
    88  0.14141733    3.848161   88.740788       7.574387  -2.917837  -0.313813
    89  0.18751279    5.102483  117.666153       8.408030  -3.070181  -1.716692
