 Number of surface minima:    72
   #       a.u.         eV      kcal/mol           X/Y/Z coordinate(Angstrom)
     1  0.11254080    3.062391   70.620477      -7.688445  -2.989270   0.564776
     2  0.10012004    2.724405   62.826327      -6.772348  -2.199934   0.880548
     3  0.09070277    2.468148   56.916897      -6.753679  -1.777977  -1.753620
     4  0.09743959    2.651466   61.144317      -6.586905  -3.347675   0.687995
     5  0.13831733    3.763806   86.795506      -6.652016   1.764219   1.117798
     6  0.09072735    2.468817   56.932318      -6.523913  -2.856975  -1.933860
     7  0.14243227    3.875779   89.377674      -6.571694  -0.020399   2.410037
     8  0.13053818    3.552125   81.914013      -5.996099   0.695734   1.404379
     9  0.13466073    3.664305   84.500957      -5.982339   1.217122   4.137113
    10  0.10714014    2.915431   67.231509      -5.858243  -1.534032   0.983589
    11  0.09548724    2.598340   59.919198      -5.847420  -1.009778  -1.635011
    12  0.10521601    2.863073   66.024098      -5.566985  -3.646687   0.638176
    13  0.13220301    3.597427   82.958713      -5.651579   1.530890   0.684266
    14  0.09576487    2.605895   60.093415      -5.437353  -3.253636  -2.006295
    15  0.11480577    3.124024   72.041770      -5.285104   2.218047   3.457835
    16  0.12856156    3.498338   80.673667      -5.260559  -0.296796   1.869052
    17  0.10490171    2.854521   65.826874      -4.870681  -1.367613  -1.695397
    18  0.11387197    3.098614   71.455797      -4.809088   2.894622   2.811467
    19  0.11779687    3.205416   73.918712      -4.543405   1.223698   3.916253
    20  0.13150929    3.578550   82.523395      -4.282249  -0.485587   1.632308
    21  0.14961717    4.071290   93.886268      -4.262389   1.505968   0.231212
    22  0.10893249    2.964204   68.356226      -4.089373  -0.582772  -2.523828
    23  0.11511884    3.132543   72.238225      -3.483225   1.092227   3.652891
    24  0.12150466    3.306310   76.245389      -3.485261   2.765687   2.417943
    25  0.12240145    3.330713   76.808137      -2.946919   1.899089   2.844263
    26  0.18094212    4.923685  113.542987      -2.793555  -2.475765   1.517786
    27  0.16751006    4.558180  105.114235      -2.532490  -1.437159   1.010528
    28  0.16943686    4.610611  106.323321      -2.502498  -0.557037   0.285867
    29  0.18550320    5.047799  116.405110      -2.276215  -4.052277   0.092052
    30  0.16932145    4.607471  106.250905      -2.334670  -2.133502  -1.819774
    31  0.13657785    3.716472   85.703968      -2.291187   0.780331   3.210767
    32  0.17071888    4.645497  107.127805      -2.168122  -3.141732  -0.981290
    33  0.06974411    1.897834   43.765126      -2.043916   2.954505  -2.040176
    34  0.02661638    0.724269   16.702045      -1.629823   4.804286  -3.119517
    35  0.17272312    4.700035  108.385486      -1.422288  -1.759189   1.444400
    36  0.13700425    3.728075   85.971536      -1.452006   3.379534   0.516653
    37  0.17791879    4.841416  111.645819      -1.242822  -3.394523  -0.612950
    38  0.06177884    1.681088   38.766840      -0.495294   0.876571   1.474839
    39  0.01401725    0.381429    8.795967      -0.465785   4.948389  -0.612361
    40  0.18760919    5.105106  117.726645      -0.308956  -2.916776  -0.883223
    41  0.16612109    4.520385  104.242644      -0.303920  -1.154002   1.130847
    42  0.15982244    4.348990  100.290179      -0.080321  -4.906336   1.889812
    43  0.15491859    4.215549   97.212966       0.483648  -3.265363   2.829637
    44  0.01321623    0.359632    8.293314       0.513802   3.757740  -2.342677
    45  0.02998252    0.815866   18.814334       0.648999   0.064745  -2.654542
    46  0.16331815    4.444113  102.483771       1.068288  -4.803686  -1.332276
    47  0.14671694    3.992371   92.066344       1.422541  -3.655855  -2.682180
    48  0.16506944    4.491768  103.582722       1.459589  -4.177632   1.567996
    49  0.01678186    0.456658   10.530782       1.592039   1.552175   1.601313
    50  0.14099571    3.836688   88.476217       1.967025  -1.128470  -1.497017
*   51 -0.00719769   -0.195859   -4.516623       1.914070   4.267045  -0.161950
    52  0.18330920    4.988097  115.028354       2.551312  -3.888628   0.023440
    53  0.15097533    4.108248   94.738526       2.670244  -4.841390  -1.723957
    54  0.04321048    1.175817   27.115010       2.669766   2.302503   1.179457
    55 -0.00540617   -0.147109   -3.392425       2.664626   3.369569  -1.584091
    56  0.14340778    3.902324   89.989816       3.159162  -1.532485  -1.621245
    57  0.15985584    4.349899  100.311139       3.829228  -1.128358   1.577115
    58  0.12502101    3.401995   78.451934       3.754735   0.251663  -0.691128
    59  0.13462559    3.663348   84.478901       3.947172  -0.865584  -1.223894
    60  0.15234514    4.145522   95.598100       4.151615  -2.327798   0.962270
    61  0.16097085    4.380240  101.010819       4.482631  -2.195504  -1.667922
    62  0.16339589    4.446228  102.532557       4.524231  -3.095258   0.276532
    63  0.07734241    2.104594   48.533133       6.208449   0.455000   0.765460
    64  0.07798242    2.122009   48.934745       6.304370   0.255537  -0.426539
    65  0.06975217    1.898053   43.770183       7.022059   0.582677   1.347678
    66  0.07963713    2.167036   49.973095       7.144431  -2.042165   1.836219
    67  0.06955172    1.892599   43.644400       7.297930   0.234310  -0.792075
    68  0.08204707    2.232614   51.485357       7.500622  -2.378214  -0.294245
    69  0.06657935    1.811716   41.779205       8.024049   0.535242   0.882356
    70  0.06697610    1.822512   42.028175       8.213992   0.353939  -0.270337
    71  0.07398484    2.013230   46.426225       8.352088  -2.264420   0.234932
    72  0.07424007    2.020175   46.586385       8.200106  -2.068410   1.440620
 
 Number of surface maxima:    83
   #       a.u.         eV      kcal/mol           X/Y/Z coordinate(Angstrom)
     1  0.18143593    4.937123  113.852861      -8.809297  -2.919474  -0.589643
     2  0.13987343    3.806149   87.771974      -7.905705  -1.495313  -0.262586
     3  0.19266607    5.242710  120.899887      -7.688445   0.121313  -0.059234
     4  0.13737999    3.738300   86.207315      -7.490351  -3.925909  -0.732137
     5  0.20228680    5.504504  126.936992      -7.302163   2.848285   1.958927
     6  0.20553018    5.592761  128.972242      -7.041043   0.183552   3.807462
     7  0.16126179    4.388157  101.193388      -6.839178   1.536130   2.764022
     8  0.18607850    5.063454  116.766120      -6.651847  -5.409027  -0.964910
     9  0.14572072    3.965262   91.441209      -6.270101   0.045357   2.069040
    10  0.15392452    4.188499   96.589178      -5.952416   0.073426  -0.018483
    11  0.16332540    4.444310  102.488323      -5.704030   3.178816   1.160993
    12  0.14671916    3.992431   92.067741      -5.534032  -2.163600  -1.300423
    13  0.15323177    4.169649   96.154470      -5.501656  -2.460092   0.305012
    14  0.16446527    4.475328  103.203602      -5.496987  -0.400930   3.674584
    15  0.18306916    4.981565  114.877729      -4.675615   0.839077   1.505773
    16  0.21212933    5.772333  133.113275      -4.638873   3.902894   0.230403
    17  0.20310461    5.526757  127.450174      -4.423584   0.703156  -0.032648
    18  0.21304279    5.797189  133.686480      -4.244007  -1.392325   4.067763
    19  0.17077589    4.647048  107.163580      -4.206688   1.683135   2.790628
    20  0.21569361    5.869322  135.349897      -3.463078  -4.822153  -0.814832
    21  0.20453723    5.565741  128.349157      -3.456876  -0.600026  -0.681407
    22  0.18683506    5.084040  117.240866      -3.472206   0.979559  -3.119299
    23  0.19276427    5.245383  120.961510      -3.464463   2.719711   0.227191
    24  0.18550123    5.047745  116.403877      -3.256768  -1.468067  -1.749482
    25  0.19943612    5.426933  125.148162      -3.069400  -3.405072  -0.306068
    26  0.17407405    4.736796  109.233207      -3.130630  -0.680458   3.013113
    27  0.16770791    4.563564  105.238394      -3.069761   5.611933  -0.953529
*   28  0.24939936    6.786502  156.500590      -2.809483  -4.053494   1.442394
    29  0.20218031    5.501606  126.870165      -2.766995   1.658781  -0.389725
    30  0.20066903    5.460482  125.921823      -2.661261   3.717529  -0.187889
    31  0.16736615    4.554265  105.023935      -1.938076   1.376442   1.884178
    32  0.22241229    6.052146  139.565938      -1.735201  -0.548020   2.383513
    33  0.18359801    4.995956  115.209587      -1.837373   2.849148   1.584581
    34  0.19786094    5.384070  124.159721      -1.602216   0.451066  -0.954966
    35  0.21388002    5.819971  134.211851      -1.309946  -3.853875   1.160993
    36  0.24070592    6.549941  151.045374      -1.405249  -1.204081   0.300295
    37  0.19481324    5.301138  122.247253      -1.330728  -0.874685  -2.283484
    38  0.24694760    6.719786  154.962091      -1.167926  -2.179247  -0.921462
    39  0.15292850    4.161396   95.964164      -1.098062   2.774977  -0.043769
    40  0.22408669    6.097709  140.616639      -1.000512  -3.941876   2.880818
    41  0.15679607    4.266638   98.391100      -1.064752   1.249893  -0.950368
    42  0.15566389    4.235830   97.680647      -0.963545   1.889084  -3.485085
    43  0.15373709    4.183399   96.471559      -0.809141   2.766034  -0.061072
    44  0.17751617    4.830461  111.393175      -0.274922   0.318088  -0.019886
    45  0.13977269    3.803408   87.708763      -0.303998   6.739542  -2.292333
    46  0.06985731    1.900914   43.836158      -0.082692   5.145660  -2.278659
    47  0.22693427    6.175196  142.403524       0.044130  -3.620898  -1.689977
    48  0.13835757    3.764901   86.820756       0.232191   1.766987   1.001784
    49  0.13602720    3.701488   85.358430       0.506657   1.506334  -2.157650
    50  0.23063448    6.275883  144.725441       0.612159  -5.116234   0.470230
    51  0.20884876    5.683064  131.054684       0.775149  -2.330838  -1.222012
    52  0.17261680    4.697142  108.318766       0.836471  -4.386427   2.219347
    53  0.23480423    6.389348  147.342002       0.930633  -2.831675  -0.012887
    54  0.21361234    5.812687  134.043879       0.918114  -2.056793   1.039211
    55  0.04252378    1.157131   26.684097       1.066997   4.601424   1.740088
    56  0.09364415    2.548187   58.762640       1.157672   3.195077  -1.099894
    57  0.16754950    4.559254  105.138984       1.475057  -4.794702  -1.860996
    58  0.16361411    4.452166  102.669492       1.448015   0.446182  -0.825265
    59  0.22576909    6.143489  141.672364       1.770939  -2.737398   2.049969
    60  0.22465800    6.113255  140.975141       2.129357  -5.105978  -0.102374
    61  0.11324303    3.081500   71.061134       1.978706   1.911546  -0.024243
    62  0.18123151    4.931560  113.724584       2.630511  -0.057855   1.732719
    63  0.15453642    4.205150   96.973148       2.562109   1.043451   0.102638
    64  0.23623269    6.428218  148.238374       2.742384  -1.534032   0.716262
    65  0.20894620    5.685715  131.115830       2.883281  -3.902806  -2.920684
    66  0.21413433    5.826891  134.371434       2.876421  -0.872561  -0.723701
    67  0.20240430    5.507701  127.010724       3.352186  -3.590538  -0.895513
    68  0.05047093    1.373384   31.671014       3.580983   1.653582  -2.553828
    69  0.15229624    4.144192   95.567417       4.326902   2.431435   2.076214
    70  0.18175546    4.945818  114.053369       4.594184  -0.348319   1.416913
    71  0.15300619    4.163510   96.012913       4.665831   0.368993   0.102638
    72  0.23074187    6.278806  144.792831       4.879514  -3.562192  -1.105833
    73  0.17459940    4.751091  109.562870       5.136317  -1.806166  -0.965503
    74  0.18588246    5.058119  116.643105       5.144103  -0.585424   3.060081
    75  0.18801845    5.116242  117.983458       5.778225  -1.539325  -2.423089
    76  0.12785049    3.478989   80.227462       6.788635  -0.580817   2.937819
    77  0.12863108    3.500230   80.717288       7.103055  -1.711771   0.620709
    78  0.12201332    3.320151   76.564578       7.106122  -0.114394   0.357427
    79  0.16570097    4.508953  103.979016       8.492158  -0.348257   3.413997
    80  0.16593384    4.515289  104.125143       9.046700  -1.335676  -2.146365
    81  0.11650187    3.170177   73.106088       9.121994  -0.601937   1.960523
    82  0.11652406    3.170781   73.120010       9.408644  -0.980802  -0.535918
    83  0.16125092    4.387861  101.186562      10.391727  -0.751282   0.870467
