 Number of surface minima:    71
   #       a.u.         eV      kcal/mol           X/Y/Z coordinate(Angstrom)
     1  0.07255546    1.974334   45.529274      -8.313210  -0.296448   0.957718
     2  0.07433353    2.022718   46.645033      -8.164764  -0.432923  -1.696854
     3  0.06844381    1.862451   42.949177      -7.957994  -1.372400   1.025480
     4  0.07136927    1.942057   44.784933      -7.788202  -1.460554  -1.633704
     5  0.07847926    2.135529   49.246523      -7.653392   0.513475   0.951545
     6  0.06883589    1.873120   43.195210      -6.855370  -1.617316   1.093408
     7  0.07249843    1.972783   45.493489      -6.739650  -1.758735  -1.576652
     8  0.08866896    2.412805   55.640658      -6.573609   0.249325   0.982039
     9  0.09449583    2.571362   59.297079      -6.488125   0.088856  -1.599458
    10  0.17293861    4.705899  108.520705      -5.077411   2.543196  -0.835077
    11  0.06600692    1.796140   41.420003      -4.667453  -1.383121   1.863374
    12  0.15381861    4.185617   96.522715      -4.623048   1.798892   0.373680
    13  0.13219589    3.597233   82.954242      -3.931646   0.120446  -1.551094
    14  0.16592083    4.514935  104.116978      -3.951667   2.539618  -0.044889
    15  0.13391285    3.643954   84.031654      -3.554784  -0.507764  -0.843268
    16  0.15033910    4.090935   94.339286      -3.357300   4.198117  -2.686912
    17  0.14266961    3.882238   89.526610      -3.157901   0.837010  -1.879791
    18  0.17712151    4.819721  111.145517      -2.887630   2.615888   0.299447
    19  0.03516046    0.956765   22.063539      -2.739615  -1.605266   1.878816
    20  0.16195444    4.407005  101.628034      -2.432289   4.991883   0.487102
    21  0.14258763    3.880007   89.475164      -1.946991   0.928488  -1.523725
    22  0.14819030    4.032463   92.990893      -1.834958   4.350132   2.049046
    23  0.00012790    0.003480    0.080258      -1.755390  -3.395385   0.105646
    24  0.14499177    3.945427   90.983783      -1.834724   3.007568  -3.281748
    25  0.16140281    4.391994  101.281877      -1.785691   4.511973  -2.195797
*   26 -0.00624520   -0.169941   -3.918926      -1.633681  -3.538264   1.454830
    27  0.01434965    0.390474    9.004546      -1.694059  -0.689924   2.401834
    28  0.15368867    4.182081   96.441178      -1.157518   5.806844   0.964715
    29  0.15996654    4.352911  100.380601      -0.247426   2.274827   1.349022
    30  0.18255413    4.967550  114.554541      -0.245024   3.155338  -1.173004
    31  0.02518082    0.685205   15.801217      -0.115068  -0.432164  -1.958330
    32  0.16085764    4.377159  100.939776       0.695160   3.023456   1.513224
    33  0.17422668    4.740949  109.328982       0.651039   3.918136  -0.954261
    34  0.02965207    0.806874   18.606973       1.009684  -2.217842  -1.494992
    35  0.18203498    4.953424  114.228769       1.342666   4.989840  -0.365439
    36  0.04477159    1.218297   28.094621       1.378449  -1.452194   2.804259
    37  0.16515701    4.494151  103.637677       1.660863   3.725109  -1.108401
    38  0.16786527    4.567846  105.337135       1.722942   4.058929   1.587771
    39  0.15321816    4.169278   96.145928       1.900413   2.904335   1.391238
    40  0.16128274    4.388727  101.206532       2.109721   1.935643   1.044128
    41  0.11415048    3.106193   71.630570       2.158174  -2.534522  -1.572892
    42  0.07680008    2.089836   48.192816       2.206632  -0.299889  -1.224104
    43  0.10161894    2.765192   63.766900       2.266165  -0.328562   0.501013
    44  0.10532863    2.866138   66.094769       2.325778  -3.581612  -2.560194
    45  0.10372228    2.822427   65.086769       2.370082   0.693828   1.598941
    46  0.09556496    2.600455   59.967967       2.470115  -4.461652  -1.588081
    47  0.09823311    2.673059   61.642257       2.728750  -5.129076  -0.701985
    48  0.08742597    2.378982   54.860670       3.165065  -4.589410  -2.631299
    49  0.09068434    2.467646   56.905332       3.216601  -1.572435   0.605652
    50  0.06286697    1.710697   39.449655       3.562415  -0.223790   3.012652
    51  0.09027800    2.456589   56.650349       3.698732  -6.035056  -0.645402
    52  0.09564357    2.602594   60.017297       3.668415   0.999098  -1.561453
    53  0.11658917    3.172553   73.160871       3.787580  -2.019715  -1.892158
    54  0.09200262    2.503519   57.732564       3.999889  -5.321229  -2.612548
    55  0.10741544    2.922923   67.404261       4.140396  -2.669512  -0.623792
    56  0.09109468    2.478812   57.162825       4.278313  -6.098368  -1.544055
    57  0.10892302    2.963946   68.350287       4.416001  -3.315621   0.180532
    58  0.09534814    2.594555   59.831912       4.632332   5.227979   0.890463
    59  0.09658257    2.628145   60.606530       4.887607  -2.743730  -1.756291
    60  0.09277767    2.524609   58.218917       5.028084   4.315950  -1.581961
    61  0.09043467    2.460852   56.748659       5.159167   3.253939   1.724126
    62  0.11157456    3.036098   70.014151       5.205115  -6.108385  -2.593334
    63  0.09858839    2.682726   61.865200       5.419325  -4.192401   0.234690
    64  0.09061866    2.465859   56.864118       5.578895   2.377009  -0.760640
    65  0.08742403    2.378929   54.859455       5.608005   5.016193   1.128663
    66  0.09867414    2.685060   61.919008       5.677018  -3.481638  -1.709443
    67  0.09728443    2.647244   61.046952       5.909305  -4.197525  -0.662629
    68  0.08647854    2.353201   54.266149       5.956922   4.040376   1.555177
    69  0.08737221    2.377519   54.826934       5.970406   4.135250  -1.359732
    70  0.08606761    2.342019   54.008289       6.353330   3.123426  -0.917634
    71  0.11553682    3.143917   72.500508       6.608409  -4.540798  -1.840684
 
 Number of surface maxima:    79
   #       a.u.         eV      kcal/mol           X/Y/Z coordinate(Angstrom)
     1  0.16243519    4.420086  101.929708     -10.209142  -1.630811  -0.395738
     2  0.17200054    4.680373  107.932061      -9.645137   1.571084  -0.492605
     3  0.12000373    3.265468   75.303542      -9.575403  -0.102675  -0.438179
     4  0.11468567    3.120756   71.966406      -8.730347  -2.419100  -0.249462
     5  0.15945412    4.338967  100.059052      -7.695651  -3.742038  -0.263492
     6  0.12775720    3.476450   80.168918      -7.087913  -0.534005  -1.114225
     7  0.12530930    3.409840   78.632840      -7.158349  -0.494330   0.493109
     8  0.20404777    5.552422  128.042018      -6.492356   2.683460  -0.517540
     9  0.11610548    3.159391   72.857352      -6.216713  -2.836693  -0.244015
    10  0.18442033    5.018332  115.725602      -5.463770   1.684526  -0.635393
    11  0.23337622    6.350490  146.445911      -5.294465   2.334217  -2.274579
    12  0.15856169    4.314683   99.499045      -4.613138  -2.610952  -0.138070
    13  0.18359153    4.995780  115.205521      -4.358075  -0.962666   0.152645
    14  0.07005944    1.906414   43.962999      -4.067551  -1.740134   2.153220
    15  0.20212045    5.499977  126.832606      -3.882505   2.944337  -1.756879
    16  0.23648175    6.434996  148.394661      -3.302478   1.497406   0.400154
    17  0.20862667    5.677020  130.915320      -3.371853   2.925811  -3.627525
    18  0.19624810    5.340182  123.147647      -3.260582   0.494976   1.746199
    19  0.22300520    6.068280  139.937996      -3.119097   4.905759  -1.285378
    20  0.21829468    5.940100  136.982097      -2.894393   0.492705  -0.767494
    21  0.22221061    6.046658  139.439378      -2.825010   3.472654   1.084433
    22  0.05885653    1.601568   36.933061      -2.561139  -2.575933  -1.693747
    23  0.16672706    4.536874  104.622895      -2.364135  -0.912475   0.579841
    24  0.16599241    4.516883  104.161899      -2.111684   4.325399  -2.741163
    25  0.16761097    4.560926  105.177560      -2.086992   5.273441   1.100976
    26  0.11275291    3.068163   70.753576      -1.609191  -1.497103   0.923950
    27  0.20853729    5.674588  130.859237      -1.570369   2.717805   0.765834
    28  0.23261314    6.329725  145.967069      -1.570369   3.076464  -0.370804
    29  0.22490245    6.119907  141.128539      -1.434021   5.648310  -0.624671
    30  0.15697036    4.271381   98.500468      -1.288992  -0.281537  -0.236067
    31  0.20665490    5.623366  129.678019      -1.158919   2.350256  -1.406020
    32  0.03792652    1.032033   23.799273      -0.641280  -3.869486   3.203208
    33  0.22373821    6.088226  140.397967      -0.582824   3.434129  -2.222924
    34  0.21386426    5.819543  134.201963      -0.497994   5.261436   2.276983
    35  0.13971954    3.801962   87.675409      -0.247210  -0.828525   2.143220
    36  0.11515819    3.133614   72.262918       0.054607  -2.896696   0.445517
    37  0.17961504    4.887574  112.710234       0.149457   0.554368   0.748041
    38  0.20944496    5.699287  131.428807       0.162122   4.877368   0.434324
    39  0.13269204    3.610734   83.265583       0.258003  -1.498897  -0.935641
    40  0.18555554    5.049223  116.437959       0.688598   1.013411   2.801974
    41  0.23615431    6.426085  148.189188       0.938953   2.228126   0.682788
*   42  0.24648385    6.707167  154.671083       0.857813   2.657470  -0.853097
    43  0.16374518    4.455733  102.751736       1.143698  -2.216123   1.284908
    44  0.16366997    4.453686  102.704541       1.340400  -4.136321   0.026177
    45  0.14502098    3.946221   91.002113       1.403881  -0.765291   0.026079
    46  0.24236463    6.595077  152.086227       1.590074   5.496474   0.947067
    47  0.19350826    5.265627  121.428365       1.659729   0.361583   0.081114
    48  0.21119569    5.746927  132.527404       1.667569   1.482813  -1.693747
    49  0.13711586    3.731112   86.041571       1.972500  -3.219964  -1.210696
    50  0.18336588    4.989639  115.063922       2.112221  -3.871835   1.962186
    51  0.13059911    3.553782   81.952245       2.133871  -1.490538   0.669270
    52  0.19704897    5.361975  123.650196       2.398460   4.474156  -0.258734
    53  0.17925706    4.877833  112.485601       2.538330  -2.030272  -2.717057
    54  0.21342914    5.807702  133.928921       2.553937   5.669064  -1.019509
    55  0.14697347    3.999351   92.227320       2.795343  -2.284303  -0.576745
    56  0.17068026    4.644446  107.103570       2.902675  -4.018984   1.157993
    57  0.14772161    4.019709   92.696786       2.857159  -2.090193   0.189827
    58  0.20913595    5.690879  131.234900       3.117318   1.684526   0.215760
    59  0.19217478    5.229342  120.591599       3.483239  -5.182642   1.926401
    60  0.10973547    2.986054   68.860105       3.589109   0.048900  -1.184138
    61  0.13735692    3.737672   86.192843       3.719139  -2.942898  -3.150499
    62  0.14464485    3.935987   90.766089       3.736921  -4.922891  -1.420851
    63  0.19292895    5.249864  121.064848       4.224753   0.712846   0.939356
    64  0.18280696    4.974430  114.713195       4.386719  -2.548642   3.071532
    65  0.14129110    3.844726   88.661581       4.702987  -5.723955   0.875368
    66  0.15014422    4.085632   94.216997       4.711155  -3.808143  -0.836290
    67  0.18238768    4.963021  114.450092       4.887659  -3.486205  -4.243991
    68  0.14300064    3.891245   89.734330       4.887169   4.047642   0.807384
    69  0.14248993    3.877348   89.413854       5.044346   3.471827  -0.700211
    70  0.19508549    5.308546  122.418094       5.117720  -0.358809   0.819845
    71  0.18158395    4.941150  113.945743       5.681293   6.791137  -1.032276
    72  0.13783811    3.750766   86.494791       5.720476  -4.531392  -3.128091
    73  0.18111517    4.928394  113.651578       6.027146  -6.650015   0.347407
    74  0.13721374    3.733776   86.102997       6.102210  -5.988196  -1.163467
    75  0.18250211    4.966135  114.521898       6.722804  -5.723955  -2.752102
    76  0.13188381    3.588741   82.758410       6.678941   5.568124  -0.346136
    77  0.18051442    4.912047  113.274605       7.293349   1.755908   1.216727
    78  0.13078300    3.558786   82.067638       7.375707   3.389894   0.659848
    79  0.17486165    4.758228  109.727436       8.123169   4.752691   0.180334
