 Number of surface minima:    66
   #       a.u.         eV      kcal/mol           X/Y/Z coordinate(Angstrom)
     1  0.11864705    3.228551   74.452213      -6.643609  -3.420600   1.453771
     2  0.11426143    3.109212   71.700190      -6.514625  -4.091082  -0.664376
     3  0.10254095    2.790281   64.345473      -5.730379  -2.239831   1.308466
     4  0.09445239    2.570180   59.269816      -5.592539  -3.126474  -1.179925
     5  0.09951637    2.707978   62.447514      -5.357396  -3.379004   1.742608
     6  0.08857557    2.410264   55.582056      -5.255326   3.122960   0.342752
     7  0.09292741    2.528683   58.312877      -5.122535  -4.251534  -0.753951
     8  0.09009106    2.451502   56.533042      -4.934102  -2.338430  -1.450236
     9  0.10105281    2.749787   63.411649      -5.053549  -1.442978   1.061472
    10  0.08962135    2.438721   56.238292      -4.820276   2.774787   1.415294
    11  0.09321191    2.536425   58.491406      -4.559020   3.562407  -0.315824
    12  0.09981750    2.716172   62.636480      -4.340934  -3.593425   1.872081
    13  0.09172356    2.495925   57.557450      -4.201907  -4.517000  -0.629729
    14  0.11401117    3.102402   71.543148      -4.178210  -0.412364   0.474334
    15  0.10298883    2.802469   64.626522      -4.297264   0.257328   0.616441
    16  0.10927352    2.973484   68.570229      -3.872544  -1.706739   1.182914
    17  0.10589444    2.881534   66.449819      -3.935947  -1.211337  -1.551444
    18  0.09208009    2.505627   57.781179      -3.917341   2.839697   1.777632
    19  0.08902509    2.422496   55.864137      -3.769864   1.248613  -1.435139
    20  0.09725567    2.646461   61.028904      -3.678246  -2.534874  -1.300930
    21  0.11150606    3.034234   69.971168      -3.494995  -2.643061   1.542448
    22  0.09915880    2.698248   62.223138      -3.332589  -3.559053  -0.921290
    23  0.09244859    2.515654   58.012414      -3.108393   0.449929   0.849631
    24  0.11465750    3.119989   71.948727      -3.047033  -0.699976  -0.575680
    25  0.08375907    2.279200   52.559656      -2.579215   1.383881  -1.035282
    26  0.08519666    2.318319   53.461759      -2.314627   0.976666   0.055057
    27  0.02866214    0.779936   17.985776      -2.126247  -0.140932  -1.087767
    28  0.15588657    4.241889   97.820382      -1.785450   5.126641   0.020737
    29  0.05463580    1.486716   34.284513      -1.313786   0.595321   0.848053
    30  0.15490705    4.215235   97.205724      -1.381972   4.235898   0.628363
    31  0.06387828    1.738216   40.084260      -0.991545  -0.405536   2.335100
    32  0.13003267    3.538369   81.596800      -0.870612   3.021986  -1.648121
    33  0.10738995    2.922229   67.388267      -0.607025  -2.639871  -0.684309
    34  0.15116385    4.113378   94.856829      -0.607666   5.141617   0.342886
    35  0.13353927    3.633788   83.797225      -0.322110   3.994045  -2.020279
    36  0.05239261    1.425675   32.876887      -0.156259   0.822229   1.859753
    37 -0.00634625   -0.172690   -3.982336      -0.047265  -0.508224  -3.340804
    38  0.16658220    4.532932  104.531993       0.084539   6.117486  -0.285542
    39  0.15735445    4.281832   98.741489       0.331259   5.181850  -2.232119
    40  0.06868305    1.868961   43.099299       0.451792  -2.674250   1.271771
*   41 -0.01186385   -0.322832   -7.444684       0.442471  -1.740475  -3.134160
    42  0.16226532    4.415464  101.823112       0.625501   5.039284   0.521674
    43  0.05251181    1.428919   32.951684       0.798535  -2.257640   3.420535
    44  0.14000251    3.809662   87.852975       0.963279   3.902693  -1.823827
    45  0.07309330    1.988970   45.866775       1.095654  -0.075017   2.003826
    46  0.13838075    3.765532   86.835306       1.363766   3.026497  -1.409521
    47  0.14802276    4.027904   92.885759       2.051085   0.181658   1.069853
    48  0.02190341    0.596022   13.744606       2.079351   0.785128  -2.107421
    49  0.15715881    4.276509   98.618722       1.990028   1.782425   2.070206
    50  0.15693024    4.270289   98.475296       2.765397   1.729620   2.731677
    51  0.04913371    1.336996   30.831895       3.327627  -2.267329  -1.794037
    52  0.15131025    4.117361   94.948694       3.354688  -0.017282   2.078796
    53  0.15011008    4.084703   94.195575       3.558679   0.705191   2.784034
    54  0.05657430    1.539465   35.500939       3.682693  -3.271919  -1.479435
    55  0.17237634    4.690599  108.167876       3.727472   3.017087   0.482674
    56  0.06677369    1.817004   41.901157       3.824264  -3.791819  -0.417145
    57  0.16906044    4.600368  106.087116       4.035500   1.711189   3.576768
    58  0.16282135    4.430594  102.172028       4.564677  -0.065851   2.806758
    59  0.16408687    4.465031  102.966149       4.472839   2.942293   1.144146
    60  0.15424935    4.197338   96.793012       5.093854   1.049717   0.423912
    61  0.15294749    4.161913   95.976079       5.264395   1.881729   1.144146
    62  0.17044278    4.637984  106.954546       5.409536   2.688342   2.231814
    63  0.07594178    2.066481   47.654225       5.865606  -1.473008  -1.516280
    64  0.15696087    4.271122   98.494514       5.846113   0.778526   1.242258
    65  0.07267036    1.977461   45.601380       6.219062  -2.455375  -1.401586
    66  0.07570379    2.060005   47.504883       6.326779  -2.889989  -0.288412
 
 Number of surface maxima:    76
   #       a.u.         eV      kcal/mol           X/Y/Z coordinate(Angstrom)
     1  0.18515143    5.038227  116.184376      -7.622362  -3.983968   0.470786
     2  0.14199140    3.863783   89.101024      -6.974423  -2.531475  -0.063526
     3  0.19029763    5.178262  119.413668      -7.003009  -0.934697  -0.601071
     4  0.18617507    5.066081  116.826718      -6.907681   1.075506   0.771319
     5  0.13927589    3.789890   87.397011      -6.212778  -4.700554   0.747263
     6  0.13803428    3.756104   86.617892      -6.147338   1.716096  -0.574221
     7  0.18059257    4.914174  113.323641      -6.084335   2.439487  -2.096385
     8  0.12289579    3.344164   77.118337      -5.469512   0.416632  -0.031269
     9  0.13794236    3.753602   86.560210      -5.498429   0.912520   1.683153
    10  0.14052348    3.823838   88.179887      -5.385133  -0.720540  -0.575680
    11  0.18295804    4.978541  114.808001      -5.222267  -5.963397   1.289552
    12  0.15143670    4.120802   95.028047      -4.598809  -2.665950   0.954159
    13  0.14532342    3.954451   91.191896      -4.423154  -3.169770  -0.570279
    14  0.18392041    5.004729  115.411895      -4.553767   0.665853   3.119642
    15  0.13867099    3.773430   87.017435      -4.423218   2.907960  -2.019470
    16  0.14054858    3.824521   88.195642      -4.030891   2.775947   0.486200
    17  0.17388154    4.731557  109.112404      -3.913084   0.104121  -0.846929
    18  0.14259817    3.880294   89.481779      -3.616260  -5.140060   1.032005
    19  0.14318413    3.896238   89.849473      -3.659259   1.284593  -0.050990
    20  0.14033547    3.818722   88.061911      -3.176644   1.314306   2.531132
    21  0.19103254    5.198260  119.874831      -2.997742   3.509198  -2.560095
    22  0.13887493    3.778979   87.145405      -2.853918  -1.438576  -0.858845
    23  0.17683756    4.811995  110.967336      -2.469917   3.827897  -0.972563
    24  0.22678775    6.171208  142.311581      -2.484452   5.283135  -1.253238
    25  0.17929789    4.878944  112.511221      -2.203021   3.547258  -1.290330
    26  0.19431911    5.287692  121.937185      -2.034759  -4.891519   1.014344
    27  0.17274772    4.700704  108.400921      -1.974929  -3.448289   0.690078
    28  0.17760372    4.832843  111.448110      -1.791617  -1.994363   1.275893
    29  0.15831083    4.307857   99.341627      -1.778829  -2.655303  -1.105354
    30  0.18078497    4.919409  113.444375      -1.741854  -2.743222   3.548177
    31  0.19123863    5.203868  120.004153      -1.540712   1.698964   2.555765
    32  0.19823455    5.394236  124.394163      -1.179986   2.316652   1.011852
    33  0.15415705    4.194827   96.735093      -1.086645   1.594698  -0.540934
    34  0.13177679    3.585829   82.691253      -0.983802   0.524894  -0.573306
    35  0.05948746    1.618736   37.328977      -0.960056   1.598386  -3.326512
    36  0.18629948    5.069467  116.904786      -0.727095  -3.532844   0.482674
    37  0.12390565    3.371644   77.752031      -0.754216  -2.309973   2.192080
    38  0.18690685    5.085994  117.285915      -0.857024   5.676260  -1.231802
    39  0.10697103    2.910830   67.125392      -0.661929  -1.134120  -1.568868
    40  0.16427700    4.470204  103.085458      -0.462507  -0.427654   0.830553
    41  0.14960824    4.071047   93.880670      -0.327372  -1.994460  -0.177606
    42  0.18163837    4.942631  113.979895      -0.175173  -0.092769   4.631960
    43  0.23146772    6.298557  145.248310       0.054262   3.804548   0.421221
    44  0.21224577    5.775501  133.186342       0.242449   3.187092  -1.046320
    45  0.23176432    6.306628  145.434430       0.442478   6.561786  -1.634035
    46  0.11801658    3.211394   74.056583       0.528497  -0.340577   3.193504
    47  0.16683657    4.539854  104.691615       0.732934   1.445534  -0.713443
    48  0.03637511    0.989817   22.825746       1.257319  -3.516550  -2.363767
    49  0.11876520    3.231766   74.526354       1.257319  -0.248517  -1.845511
    50  0.17010968    4.628920  106.745524       1.394166   0.391937   0.621136
    51  0.19659244    5.349552  123.363724       1.626312   5.483396  -0.855427
    52  0.13671335    3.720159   85.788996       1.806331  -1.077770  -0.302182
    53  0.22741691    6.188329  142.706386       2.440056   3.694313   0.609753
    54  0.16110888    4.383996  101.097432       2.578410  -2.255353   1.144526
    55  0.17149680    4.666665  107.615957       2.524245  -0.461537   0.321786
*   56  0.25564741    6.956520  160.421305       2.602857   4.385829   2.350225
    57  0.22697986    6.176436  142.432129       2.925714   1.130580   1.673323
    58  0.24999620    6.802743  156.875116       3.093920   4.879889  -0.454181
    59  0.18994781    5.168743  119.194149       3.754588   0.381907  -0.732054
    60  0.16834954    4.581024  105.641022       3.912609   0.249067  -2.405169
    61  0.23258500    6.328960  145.949411       3.882317   1.801601   0.608955
    62  0.20368520    5.542556  127.814500       3.808640   3.346504   2.750374
    63  0.12096459    3.291614   75.906488       3.910635  -2.517813  -0.441062
    64  0.19945124    5.427344  125.157651       4.458127  -1.840508   2.765851
    65  0.18403523    5.007853  115.483945       4.432383  -0.752901   1.722825
    66  0.11491791    3.127075   72.112141       4.543677  -1.213999  -2.743329
    67  0.18013556    4.901738  113.036864       4.829265  -0.713364   1.673323
    68  0.15677001    4.265929   98.374747       4.990820  -2.631462  -3.712456
    69  0.23842505    6.487876  149.614103       5.109363   2.775925   3.660062
    70  0.11262242    3.064612   70.671697       5.358443  -3.643963  -2.427800
    71  0.19294381    5.250268  121.074169       5.296214   1.282948   2.801743
    72  0.17170575    4.672351  107.747078       5.490737  -4.725782   1.541029
    73  0.12806505    3.484827   80.362102       5.453207  -2.004185  -0.466480
    74  0.11940829    3.249265   74.929897       5.609775  -4.540896  -0.060364
    75  0.16161918    4.397881  101.417650       5.784135  -5.132522  -1.614892
    76  0.23005422    6.260094  144.361326       5.962693  -0.140932   2.409868
