 Number of surface minima:    60
   #       a.u.         eV      kcal/mol           X/Y/Z coordinate(Angstrom)
     1  0.14005422    3.811069   87.885425      -7.138920  -2.330531  -0.478956
     2  0.13015016    3.541566   81.670525      -6.727021  -1.274146  -0.611472
     3  0.13341151    3.630312   83.717060      -6.449522  -1.828894   0.297750
     4  0.13475383    3.666838   84.559373      -5.877816  -2.546364   1.497111
     5  0.13398718    3.645977   84.078297      -5.664653  -3.518929  -1.672567
     6  0.18121338    4.931067  113.713209      -5.609197   1.495402  -2.143741
     7  0.12735988    3.465639   79.919600      -5.482100  -1.415072   1.232523
     8  0.11896502    3.237203   74.651738      -4.864638  -2.620260  -1.951386
     9  0.16794445    4.570001  105.386825      -4.746525   1.952529  -1.088531
    10  0.11987119    3.261861   75.220373      -4.486180  -3.111057  -0.866609
    11  0.12549292    3.414836   78.748064      -4.342668  -3.666503   0.574446
    12  0.17150414    4.666865  107.620564      -4.085053   0.474880  -3.359946
    13  0.10313558    2.806462   64.718606      -3.555876  -2.783182   0.024752
*   14 -0.04138602   -1.126171  -25.970140      -3.006400  -2.189708   4.436587
    15  0.14779796    4.021787   92.744700      -2.961331   0.701636  -2.604012
    16  0.02620811    0.713159   16.445853      -2.037422  -0.558089   2.158583
    17  0.16947944    4.611770  106.350044      -1.570495   2.556902   1.362626
    18  0.17434451    4.744155  109.402926      -1.463291   4.670466  -0.538432
    19 -0.00421014   -0.114564   -2.641906      -1.314527  -2.203800   2.835424
    20  0.16342170    4.446931  102.548749      -1.304931   3.354523   1.757051
    21  0.18299249    4.979479  114.829616      -1.059213   4.530819   2.133036
    22  0.18878488    5.137098  118.464401      -1.044006   5.728876   0.305802
    23  0.00748700    0.203732    4.698165      -0.745773  -3.227502  -0.721816
    24  0.00121093    0.032951    0.759873      -0.729515  -3.615895   0.751526
    25  0.17084296    4.648873  107.205669       0.154979   3.619957   1.776552
    26  0.02528692    0.688092   15.867794       0.298362   0.432822  -2.079250
    27  0.18009450    4.900621  113.011101       0.646599   4.141288  -0.946634
    28  0.10383681    2.825543   65.158637       1.074424   1.826599   1.761700
    29  0.05217653    1.419795   32.741292       1.209256  -0.616531   2.818507
    30  0.01779110    0.484120   11.164092       1.603602  -1.085213  -1.545658
    31  0.14435133    3.928000   90.581906       1.752847   1.892285   0.607810
    32  0.14496085    3.944585   90.964380       2.193863   5.525316  -0.426219
    33  0.06502624    1.769454   40.804618       2.421182   1.247421   3.379954
    34  0.14580404    3.967530   91.493494       2.514009   3.732245  -1.573732
    35  0.14165780    3.854705   88.891684       2.499897   4.141288   1.830173
    36  0.14484040    3.941308   90.888802       2.765753   2.024579   0.503194
    37  0.15036668    4.091685   94.356596       2.773844   4.802760  -0.929011
    38  0.08799447    2.394451   55.217409       3.078600   0.186340   0.861221
    39  0.09264457    2.520987   58.135396       3.081842  -2.719622  -2.325438
    40 -0.00407503   -0.110887   -2.557122       3.199668   0.198565  -3.519139
    41  0.15251765    4.150216   95.706353       3.163003   3.479817   1.303941
    42  0.15565963    4.235714   97.677975       3.329312   5.740743  -0.211842
    43  0.09061035    2.465633   56.858899       3.429117  -3.329598  -1.078886
    44  0.07894690    2.148254   49.539968       3.626022  -0.701810  -2.041781
    45  0.15590923    4.242506   97.834601       3.569331   4.660244   1.727468
    46  0.09472020    2.577468   59.437871       3.738577  -3.637856  -0.075235
    47  0.15568415    4.236381   97.693362       3.727756   3.750017  -1.529803
    48  0.16306736    4.437288  102.326398       4.117193   2.495642   0.116054
    49  0.08016879    2.181504   50.306719       4.167970  -3.481004  -2.051397
    50  0.09833106    2.675724   61.703724       4.482368  -0.944254  -0.765314
    51  0.10626634    2.891654   66.683192       4.806270  -1.273537   0.322096
    52  0.08702887    2.368176   54.611489       4.945274  -4.189517   0.185666
    53  0.08617664    2.344985   54.076700       5.085252  -3.886666  -1.789633
    54  0.08319590    2.263876   52.206259       5.160913  -1.044507  -1.684510
    55  0.08770703    2.386630   55.037036       5.501674  -4.264009  -0.591196
    56  0.09583047    2.607680   60.134581       5.935618  -1.739807   0.556477
    57  0.09075228    2.469495   56.947963       6.078483  -1.457155  -1.422836
    58  0.09404881    2.559198   59.016570       6.485151  -1.835554  -0.228331
    59  0.10798643    2.938460   67.762562       6.537769  -4.274952  -1.655788
    60  0.11160255    3.036860   70.031717       7.402920  -2.254711  -1.293528
 
 Number of surface maxima:    67
   #       a.u.         eV      kcal/mol           X/Y/Z coordinate(Angstrom)
     1  0.20858038    5.675761  130.886273      -7.170205  -3.543184  -1.437345
     2  0.17334423    4.716936  108.775239      -6.696395  -2.065468  -2.062146
     3  0.22943239    6.243173  143.971117      -6.552927  -0.860418  -3.219766
     4  0.16491415    4.487542  103.485281      -6.238026  -3.417841   0.035726
     5  0.19871464    5.407300  124.695422      -5.691692  -3.968989   1.352805
     6  0.20978585    5.708563  131.642717      -5.571731   0.035988  -2.498790
     7  0.24793588    6.746678  155.582245      -5.434737   1.225794  -3.551479
     8  0.19852227    5.402066  124.574708      -5.325852  -1.018189  -0.090420
     9  0.15799538    4.299273   99.143679      -4.481936  -2.870310   1.679543
    10  0.20900064    5.687197  131.149994      -4.225127   2.169297  -2.743185
    11  0.19127123    5.204755  120.024609      -4.214994  -1.809808  -0.883037
    12  0.24646056    6.706533  154.656465      -3.956154   0.979012  -0.344224
*   13  0.26397188    7.183040  165.644992      -3.595048   3.997436   0.677543
    14  0.19678574    5.354812  123.485021      -3.455641  -0.235090   1.183202
    15  0.26170695    7.121408  164.223731      -3.155396   3.338895  -2.594171
    16  0.22660019    6.166105  142.193886      -3.084670   0.172459  -1.413364
    17  0.24530561    6.675105  153.931722      -2.762110   2.899204  -0.751892
    18  0.15882318    4.321799   99.663135      -2.629816  -1.231628   0.466790
    19  0.16004954    4.355169  100.432685      -2.493579  -1.151390   0.176278
    20  0.21520736    5.856090  135.044771      -2.225510   4.797537   0.975529
    21  0.06836154    1.860212   42.897551      -1.782328  -2.317529  -2.417996
    22  0.12232908    3.328743   76.762720      -1.529354  -1.505259   0.460541
    23  0.17242810    4.692007  108.200356      -1.439167   0.010223  -0.550913
    24  0.25601620    6.966555  160.652724      -1.155333   6.028907   1.664904
    25  0.14693588    3.998328   92.203731      -0.777696  -0.651536   1.833567
    26  0.18731673    5.097147  117.543118      -0.482485   0.987650   0.608239
    27  0.17935324    4.880450  112.545954      -0.513107   1.170383   3.024212
    28  0.25703392    6.994249  161.291353      -0.503626   3.470487  -0.596706
    29  0.24561042    6.683399  154.122996      -0.377298   2.837125   0.825978
    30  0.03794724    1.032597   23.812272      -0.227242  -3.754490   2.555466
    31  0.22140769    6.024810  138.935542       0.154628   5.472545   1.238868
    32  0.11305276    3.076322   70.941738       0.532240  -2.229364   0.037547
    33  0.14245092    3.876287   89.389375       0.529216  -0.627547  -1.039784
    34  0.20760109    5.649113  130.271763       0.809553   2.156426  -1.413726
    35  0.18468195    5.025452  115.889773       1.190248   1.465690  -0.098487
    36  0.24118487    6.562974  151.345916       1.176645   6.468510   1.839919
    37  0.16268791    4.426963  102.088289       1.248417  -1.259353   1.274220
    38  0.15574916    4.238150   97.734156       1.212234   0.175089   0.179738
    39  0.21613137    5.881234  135.624598       1.709397   4.141288  -0.540175
    40  0.21636182    5.887505  135.769208       1.972055   3.347522   0.775123
    41  0.15810720    4.302316   99.213847       2.057672  -2.945417   0.231355
    42  0.14187055    3.860494   89.025188       2.407550   1.754920   1.385280
    43  0.18605786    5.062892  116.753165       2.587847  -2.176991   2.216768
    44  0.13205998    3.593535   82.868957       2.555947  -2.183743  -1.004604
    45  0.14870709    4.046526   93.315188       2.770094  -1.555031  -2.749404
    46  0.18891142    5.140541  118.543807       2.670132   5.862835   1.233749
    47  0.15755191    4.287205   98.865398       2.991911  -0.621307   0.675844
    48  0.17082580    4.648406  107.194897       3.482971  -2.182073   1.505279
    49  0.18666402    5.079386  117.133538       3.629076   2.156874  -0.863709
    50  0.17170557    4.672346  107.746961       3.762883   2.824732   0.719388
    51  0.20459963    5.567439  128.388311       4.006616   2.319645   1.376518
    52  0.18814638    5.119723  118.063737       4.252966  -0.478306   3.087531
    53  0.11848962    3.224267   74.353421       4.381782  -2.020685  -3.000895
    54  0.18728908    5.096395  117.525773       4.295435   4.305876   0.066030
    55  0.22559822    6.138840  141.565138       4.313993   5.793325   0.936442
    56  0.19324084    5.258351  121.260562       4.381763  -2.870261   2.556063
    57  0.13924334    3.789004   87.376590       4.688643  -3.343824  -0.726753
    58  0.22442847    6.107009  140.831109       4.911722   3.215394  -0.884004
    59  0.14414448    3.922371   90.452101       5.275692  -1.872404  -0.501612
    60  0.14042002    3.821023   88.114966       5.635917  -3.267193   1.692892
    61  0.17071803    4.645474  107.127273       5.667297  -2.355138  -3.850072
    62  0.10916563    2.970548   68.502522       6.256998  -4.293774  -1.527676
    63  0.13108411    3.566980   82.256587       6.630785  -2.893853  -2.519628
    64  0.17972417    4.890543  112.778715       7.226645  -3.861981   1.431500
    65  0.13444587    3.658458   84.366128       7.291117  -3.528498  -0.222257
    66  0.11342532    3.086460   71.175521       7.165646  -2.074493  -1.013986
    67  0.17892781    4.868873  112.278987       7.915035  -3.541101  -1.833091
