 Number of surface minima:    67
   #       a.u.         eV      kcal/mol           X/Y/Z coordinate(Angstrom)
     1  0.10455866    2.845186   65.611604      -7.141891  -5.095072  -0.866099
     2  0.08172678    2.223899   51.284375      -6.782589  -2.409325  -0.113663
     3  0.08335084    2.268092   52.303483      -6.649867  -3.029603   0.963591
     4  0.08981746    2.444057   56.361352      -6.136594  -4.639129  -1.423471
     5  0.11136954    3.030519   69.885502      -6.220648   5.213353  -1.523686
     6  0.08977446    2.442887   56.334374      -5.975394  -5.200610  -0.426356
     7  0.08369767    2.277529   52.521123      -6.006148  -1.876829  -0.542226
     8  0.08662505    2.357188   54.358087      -5.731015  -3.039641   1.489630
     9  0.09560462    2.601534   59.992854      -5.326751  -4.121864  -1.831969
    10  0.08827218    2.402008   55.391676      -5.412512   4.156874  -0.595891
    11  0.09086112    2.472457   57.016261      -5.206361   4.214392  -1.954565
    12  0.09753771    2.654136   61.205888      -5.019275  -5.207218   0.096213
    13  0.09781011    2.661548   61.376823      -4.980640  -2.546247   1.037359
    14  0.08030160    2.185118   50.390054      -4.942580   3.683717   0.030065
    15  0.11111086    3.023480   69.723177      -4.894427   6.942646  -1.260962
    16  0.01047811    0.285124    6.575119      -4.773579   1.481420  -1.011339
    17  0.09109760    2.478892   57.164653      -4.450204   3.672844  -2.237371
    18  0.09555472    2.600176   59.961542      -4.058271   3.138717   0.968665
    19  0.08706030    2.369031   54.631210      -3.937243   2.995156  -0.328095
    20  0.09021345    2.454833   56.609843      -3.909278   6.330479  -0.378896
    21  0.09269910    2.522471   58.169613      -3.563535   6.272230  -1.656171
    22  0.08376437    2.279345   52.562982      -3.397221   5.784181   0.541262
    23  0.09748933    2.652820   61.175530      -2.830516   4.919150   1.348836
    24  0.09424210    2.564458   59.137862      -2.860292   5.791933  -1.969920
    25  0.10239902    2.786419   64.256412      -2.608215   3.398124   1.160780
    26  0.18094112    4.923658  113.542364      -2.442570  -2.231725  -1.476007
    27  0.09617254    2.616988   60.349230      -2.457321   5.136550   0.016585
    28  0.15371579    4.182819   96.458195      -2.250892  -2.715833   1.372851
    29  0.18025921    4.905103  113.114459      -2.167188  -4.613465  -0.511256
    30  0.17339387    4.718287  108.806387      -2.162494  -3.680410  -1.053489
    31  0.10363932    2.820169   65.034707      -2.212269   5.117013  -1.089159
    32  0.01145289    0.311649    7.186801      -1.913143   2.799181   1.842324
    33  0.14946263    4.067085   93.789293      -1.340064   1.625263  -1.011659
    34  0.15706174    4.273867   98.557813      -1.185822  -2.959850   1.549816
    35 -0.00348026   -0.094703   -2.183896      -1.197542   1.113415   3.624483
    36  0.15401648    4.191001   96.646879      -0.144386  -1.945844   1.378720
    37 -0.01499672   -0.408081   -9.410591      -0.210651   2.015359   3.955227
    38  0.19832196    5.396615  124.449015       0.128276  -4.582751  -0.591931
    39  0.07147499    1.944933   44.851268       0.116349   0.436848  -1.549798
    40  0.16103413    4.381961  101.050525       0.541472  -5.743870   1.132648
    41  0.17608083    4.791403  110.492482       0.673693  -4.059243  -2.447082
    42  0.08906332    2.423536   55.888124       0.836536   3.073714  -1.215417
    43  0.09086443    2.472547   57.018341       1.022654   0.557247  -1.818295
    44  0.16396577    4.461735  102.890158       1.316716  -2.731488  -3.506486
    45  0.15459779    4.206820   97.011659       1.417587  -4.205942   2.019669
    46  0.16940419    4.609722  106.302821       1.538366  -0.762821  -1.341438
    47  0.01567641    0.426577    9.837102       1.669415   0.232644   2.757896
    48  0.17074907    4.646318  107.146747       1.822010  -5.127647   0.436813
    49 -0.00805835   -0.219279   -5.056692       2.177869   2.398835   3.057074
    50  0.16776057    4.564997  105.271437       2.398511  -4.288987  -2.724598
    51  0.16764239    4.561781  105.197274       2.615475  -0.876817  -1.962524
    52  0.06259040    1.703171   39.276102       2.592099   2.799196  -2.076910
    53  0.16982405    4.621147  106.566287       3.285207  -0.307466  -1.544927
    54  0.18872131    5.135368  118.424512       3.813431  -1.291559  -2.603566
    55  0.17192139    4.678219  107.882394       4.159744  -1.343522   1.049435
    56  0.17199163    4.680130  107.926466       4.405612  -2.218058  -0.089690
*   57 -0.02733240   -0.743752  -17.151352       4.361949   2.546823   3.086633
    58  0.18094576    4.923785  113.545277       4.608150  -2.698981  -1.148044
    59  0.10060770    2.737675   63.132340       5.818498   0.983197  -1.000418
    60  0.08982299    2.444208   56.364823       6.628981   1.267546  -1.650498
    61  0.07692548    2.093249   48.271508       6.874638   1.111479   0.717085
    62  0.09115268    2.480390   57.199216       7.487616  -1.469775   0.429025
    63  0.08335920    2.268319   52.308730       7.518625   1.432920  -1.172936
    64  0.07809299    2.125018   49.004130       7.651471   1.359827   0.044092
    65  0.08959472    2.437996   56.221585       8.217803  -1.112432  -1.516444
    66  0.08737370    2.377559   54.827869       8.285218  -1.200026  -0.363248
    67  0.10293695    2.801057   64.593968       9.370745  -0.670750  -0.903164
 
 Number of surface maxima:    79
   #       a.u.         eV      kcal/mol           X/Y/Z coordinate(Angstrom)
     1  0.17438682    4.745307  109.429476      -8.526676  -4.474832  -0.377491
     2  0.13057222    3.553051   81.935375      -7.564591  -3.542917  -1.413681
     3  0.13064375    3.554997   81.980259      -7.281137  -4.853880   0.725356
     4  0.17886407    4.867139  112.238990      -7.266928  -2.605015  -2.721037
     5  0.17932306    4.879629  112.527013      -6.643335  -5.410092   2.176659
     6  0.18037995    4.908388  113.190223      -6.319351   6.698586  -1.624295
     7  0.17237143    4.690465  108.164794      -5.784482   5.851894   1.365547
     8  0.13983410    3.805079   87.747295      -5.578511  -2.845777   0.208651
     9  0.13244512    3.604015   83.110640      -5.708439   6.113073  -0.222876
    10  0.13721027    3.733681   86.100813      -5.189214   5.996935  -2.608409
    11  0.14528535    3.953415   91.168010      -5.170592  -4.175180  -0.606857
    12  0.11277671    3.068810   70.768511      -4.499067   6.808721  -1.261657
    13  0.12462773    3.391293   78.205148      -4.460185   4.721218   1.425520
    14  0.18474079    5.027053  115.926693      -4.407624   5.576724  -4.093082
    15  0.14182213    3.859176   88.994803      -4.318935   4.068702  -1.079116
    16  0.20225129    5.503537  126.914704      -4.062101  -1.760003  -2.603282
    17  0.19150770    5.211190  120.172997      -3.730400  -1.547153  -0.074786
    18  0.20686738    5.629148  129.811350      -3.470254  -4.446940   2.287794
    19  0.21066956    5.732610  132.197258      -3.396064  -1.755437  -1.082305
    20  0.15978532    4.347980  100.266888      -3.342806   3.860956   2.136952
    21  0.14399597    3.918330   90.358911      -3.355636   5.317901  -0.901180
    22  0.14671702    3.992373   92.066395      -3.150344   4.575821  -3.397047
    23  0.19496162    5.305176  122.340369      -3.012432  -3.805590   1.021152
    24  0.13376415    3.639908   83.938344      -2.871805   2.809125   0.368014
    25  0.06741926    1.834571   42.306258      -2.459944  -0.687022   2.953079
    26  0.24725682    6.728200  155.156129      -2.135365  -5.390303   0.704539
    27  0.17318371    4.712569  108.674513      -2.202417   1.819508  -0.780424
    28  0.17957789    4.886563  112.686921      -1.862309  -0.086333   0.315744
    29  0.20559432    5.594506  129.012492      -1.874271   3.522283  -3.345361
    30  0.21107542    5.743654  132.451935      -1.718271  -0.630527  -1.370166
    31  0.22991583    6.256328  144.274484      -1.345094  -2.056578   0.760479
    32  0.14566918    3.963860   91.408865      -1.473414   0.961210   0.573539
*   33  0.25607993    6.968289  160.692716      -1.212799  -2.400918  -0.801727
    34  0.10222952    2.781807   64.150048      -1.072241   2.033418   2.041892
    35  0.21241287    5.780048  133.291197      -0.790434   2.445814  -2.030476
    36  0.21778853    5.926327  136.664479      -0.715558  -4.785543   0.557557
    37  0.17963175    4.888028  112.720716      -0.770738   3.780364  -0.464116
    38  0.18627986    5.068933  116.892474      -0.547417   1.755258  -0.353093
    39  0.17951640    4.884890  112.648337      -0.175860  -0.511084   0.933582
    40  0.23876819    6.497213  149.829424      -0.054416  -2.625266  -2.621533
    41  0.13734370    3.737312   86.184547       0.076463   2.884726   0.954714
    42  0.21878553    5.953457  137.290110       0.126787  -4.987987   2.459895
    43  0.12351852    3.361110   77.509108       0.486583   0.681404   2.521862
    44  0.22907940    6.233568  143.749616       0.568380  -2.054418  -1.351280
    45  0.23546757    6.407398  147.758257       0.649655  -5.645762  -0.582478
    46  0.13792153    3.753036   86.547142       0.843055   2.015359  -2.267254
    47  0.24848353    6.761581  155.925902       1.049145  -2.994741  -0.608945
    48  0.18994083    5.168553  119.189768       1.064865   0.310808   0.100288
    49  0.02829558    0.769962   17.755762       1.045830   3.485643   3.886197
    50  0.18272473    4.972193  114.661596       1.198710  -4.052238  -2.971644
    51  0.22157960    6.029488  139.043416       1.226252  -2.747236   0.761830
    52  0.20054638    5.457145  125.844861       1.238193   1.586310  -3.988824
    53  0.24254869    6.600086  152.201730       1.567911  -4.862234  -1.411644
    54  0.17581468    4.784161  110.325468       1.579149  -5.267753   1.104659
    55  0.12536363    3.411318   78.666934       1.623545   1.412051   1.423711
    56  0.15524321    4.224382   97.416664       1.673147   3.957498   0.297244
    57  0.17707984    4.818588  111.119371       2.226853   0.748352   0.732136
    58  0.10505459    2.858681   65.922809       2.106750   3.076222  -1.005243
    59  0.23455093    6.382455  147.183055       2.435349  -3.597094   0.808192
    60  0.23689415    6.446218  148.653445       2.497998  -0.610374  -0.761820
    61  0.23074351    6.278850  144.793862       2.888263  -3.144034  -3.661467
    62  0.18893067    5.141065  118.555885       2.856748  -0.630527   1.832882
    63  0.25197189    6.856504  158.114879       3.008324  -1.712683   0.300270
    64  0.21741273    5.916101  136.428662       3.285207  -2.945617  -2.100447
    65  0.21622969    5.883909  135.686294       3.839062   0.416447  -2.459769
    66  0.25323691    6.890927  158.908694       4.608150  -2.505463  -2.661693
    67  0.20143133    5.481225  126.400175       4.603102  -0.900570  -1.959305
    68  0.18630816    5.069703  116.910235       4.584209   0.547610   0.303302
    69  0.20118402    5.474496  126.244987       4.753485  -0.356217   0.975758
    70  0.21973961    5.979419  137.888806       4.980285  -0.371787  -3.277778
    71  0.18715890    5.092853  117.444082       5.666504  -0.782585   2.258276
    72  0.13810028    3.757900   86.659306       6.702499   0.656735  -0.626455
    73  0.14484958    3.941557   90.894558       7.117772  -0.900644  -0.752449
    74  0.13194776    3.590481   82.798537       7.171962  -0.340552   1.812650
    75  0.18308222    4.981921  114.885927       8.181602   0.428978  -3.662136
    76  0.17034733    4.635387  106.894655       8.900512   0.060029   1.953669
    77  0.13144339    3.576757   82.482045       8.848538   0.428677  -2.202781
    78  0.12593825    3.426954   79.027513       9.212801   0.289226   0.289712
    79  0.17258702    4.696332  108.300079      10.108354   0.681007  -1.053149
