 Number of surface minima:    49
   #       a.u.         eV      kcal/mol           X/Y/Z coordinate(Angstrom)
     1  0.20032974    5.451249  125.708915      -6.386169  -0.914155  -1.480607
     2  0.19106536    5.199153  119.895422      -5.619569  -1.455003  -0.429045
     3  0.20032955    5.451244  125.708793      -5.561500  -0.172947  -0.554547
     4  0.18990928    5.167694  119.169974      -5.471560  -2.752314  -0.422253
     5  0.18874999    5.136148  118.442503      -4.847562  -1.973347   0.284350
     6  0.19385051    5.274941  121.643135      -4.962888  -1.061163  -3.072671
     7  0.18097341    4.924537  113.562624      -4.059913  -2.963351  -2.030798
     8  0.17767112    4.834677  111.490404      -3.923220  -1.601040  -2.410774
     9  0.18514583    5.038074  116.180863      -3.789208  -0.434100  -2.463470
    10  0.20461664    5.567902  128.398990      -3.455435   5.015577  -0.088480
    11  0.20433286    5.560180  128.220911      -3.286222   3.809801  -0.738675
    12  0.19739204    5.371311  123.865479      -3.141508   4.348772   1.937272
    13  0.18866678    5.133884  118.390289      -2.985782   0.112744  -1.881877
    14  0.18780883    5.110538  117.851919      -2.874962   2.919868   1.689291
    15  0.19008985    5.172608  119.283283      -2.802580   1.840514   1.358140
    16  0.19627203    5.340833  123.162659      -2.322380   4.495153  -0.663401
*   17 -0.00408075   -0.111043   -2.560711      -2.201676  -5.254206   1.479040
    18  0.05201987    1.415533   32.642988      -2.084302  -0.944032   2.200702
    19  0.18275437    4.972999  114.680194      -1.871524   3.625903   1.760019
    20  0.19504002    5.307309  122.389564      -1.138882   4.094208  -0.941391
    21  0.19645148    5.345717  123.275269      -1.140083   5.169164  -0.391730
    22  0.18800038    5.115750  117.972115      -0.814990   4.518106   1.625905
    23  0.05265126    1.432714   33.039192      -0.250811   0.640484  -1.924455
    24  0.03232379    0.879575   20.283502       0.183705  -0.279127   3.290299
    25  0.01982404    0.539440   12.439783       0.311651  -3.167553  -1.083737
    26  0.03868792    1.052752   24.277057       0.865151  -1.714161   2.784915
    27  0.03296214    0.896945   20.684074       0.995389  -3.142885   0.415298
    28  0.03590250    0.976957   22.529176       1.525693  -0.669159  -1.479613
    29  0.03756204    1.022115   23.570557       2.093679  -3.786204   2.488222
    30  0.09794705    2.665275   61.462755       2.709937  -1.311548   1.972015
    31  0.11341725    3.086240   71.170461       2.603129  -0.498574  -1.480607
    32  0.08029299    2.184883   50.384653       2.851240  -2.128315   0.551660
    33  0.01639858    0.446228   10.290270       3.127100   3.454865  -0.530446
    34  0.10847856    2.951852   68.071382       3.399832   0.649865  -2.361520
    35  0.10695818    2.910480   67.117328       3.589380  -1.517860  -1.890373
    36  0.09745237    2.651814   61.152334       3.997181   1.148996  -1.224863
    37  0.10150243    2.762022   63.693792       4.280745  -1.401577  -0.686841
    38  0.09995154    2.719820   62.720590       4.385724   1.389210  -0.289958
    39  0.10529101    2.865114   66.071159       4.715391  -1.155356   0.271106
    40  0.08894984    2.420448   55.816916       4.678156   1.050028  -2.272209
    41  0.09003667    2.450022   56.498913       4.968424  -1.546578  -1.730856
    42  0.09368018    2.549167   58.785247       5.623495   1.204258  -1.993438
    43  0.09259036    2.519512   58.101374       5.608193   1.590456  -0.147320
    44  0.09472869    2.577699   59.443200       5.971784  -1.391030  -1.628503
    45  0.09580270    2.606924   60.117149       5.972731  -0.991560   0.371513
    46  0.09330077    2.538843   58.547168       6.265159   1.509265  -0.951430
    47  0.09477518    2.578964   59.472374       6.552390  -1.070919  -0.417911
    48  0.11335593    3.084572   71.131982       7.192480   1.178603  -2.005151
    49  0.11346174    3.087451   71.198377       7.432081  -0.969133  -1.620092
 
 Number of surface maxima:    57
   #       a.u.         eV      kcal/mol           X/Y/Z coordinate(Angstrom)
     1  0.26565443    7.228825  166.700808      -6.459603  -0.813632  -2.847016
     2  0.22238395    6.051375  139.548150      -5.710409  -2.065102  -1.946571
     3  0.19774590    5.380940  124.087528      -5.514379  -2.128568  -0.293574
     4  0.23663426    6.439146  148.490364      -5.531223   0.514318  -2.161900
     5  0.25623054    6.972387  160.787224      -5.373913  -3.582766  -1.612247
     6  0.29171628    7.938004  183.054882      -5.282713   2.493471   0.479251
*    7  0.29183515    7.941238  183.129477      -4.955307   2.017217  -1.998035
     8  0.27599613    7.510237  173.190334      -4.330432  -0.678941  -0.137998
     9  0.23876282    6.497067  149.826059      -4.319300   3.826494   0.638871
    10  0.22538046    6.132914  141.428492      -4.163997  -3.285692  -0.401918
    11  0.27401538    7.456338  171.947392      -4.053796   1.761423  -0.819136
    12  0.27580701    7.505090  173.071655      -4.173048   1.717349  -0.551471
    13  0.26872729    7.312441  168.629063      -3.905558   5.402003   1.160775
    14  0.21601747    5.878134  135.553125      -3.353251  -1.699835   1.083820
    15  0.26103332    7.103078  163.801021      -3.367285  -0.947957  -1.365937
    16  0.22746778    6.189713  142.738304      -2.221810   5.249708   0.894612
    17  0.27979303    7.613555  175.572923      -2.090038   3.031162  -0.608243
    18  0.19487641    5.302857  122.286896      -1.999225  -1.996021  -0.025370
    19  0.26740129    7.276359  167.796983      -1.928403   2.642434   0.912025
    20  0.19186065    5.220794  120.394474      -1.672499  -0.434011  -0.601291
    21  0.20369324    5.542775  127.819547      -1.528819   4.766425  -0.660656
    22  0.19850110    5.401490  124.561425      -1.275616   0.705349   0.691586
    23  0.06912540    1.880998   43.376882      -1.100440  -2.620731  -2.518123
    24  0.15326433    4.170535   96.174902      -0.974640  -3.150283   2.113115
    25  0.15154511    4.123752   95.096075      -0.959244  -1.944238   0.397283
    26  0.15485856    4.213916   97.175293      -0.677384  -0.868612   1.826750
    27  0.26328648    7.164390  165.214901      -0.685203   5.738284   0.829632
    28  0.22246626    6.053615  139.599805      -0.480147   2.503575  -1.209752
    29  0.20227232    5.504110  126.927903       0.067791   1.837092   0.387331
    30  0.23458537    6.383392  147.204664       0.024485   4.311589   0.228990
    31  0.08011848    2.180135   50.275146       0.216898   1.987923   3.051100
    32  0.15727424    4.279650   98.691157       0.381580  -0.206530  -1.083724
    33  0.16209316    4.410779  101.715081       0.650351   0.856006   0.341183
    34  0.08122655    2.210287   50.970472       0.870102  -3.413605   2.246420
    35  0.13002053    3.538038   81.589180       1.105682  -1.656414  -0.082645
    36  0.18014926    4.902111  113.045461       1.388305  -0.523185   1.192811
    37  0.13491367    3.671188   84.659677       1.888980  -1.365858   0.617892
    38  0.17465961    4.752730  109.600652       2.429122   1.183512   0.372995
    39  0.17380164    4.729383  109.062268       2.730277  -0.637546  -2.785052
    40  0.14376884    3.912149   90.216387       2.767992   0.385276  -1.008946
    41  0.14615820    3.977167   91.715730       2.824816  -1.332896   0.241156
    42  0.14347320    3.904104   90.030868       2.939991  -0.946383  -0.702767
    43  0.19565664    5.324088  122.776496       2.932164   0.375266   2.178601
    44  0.17545710    4.774431  110.101085       3.753717   0.255116   1.430284
    45  0.17296244    4.706547  108.535659       3.944480  -2.021614   3.281988
    46  0.16505037    4.491249  103.570756       4.030171  -3.710147   0.633119
    47  0.13409573    3.648930   84.146409       4.290283  -0.535141  -3.066881
    48  0.19642113    5.344891  123.256224       4.954225   0.663893   2.357326
    49  0.14586149    3.969093   91.529542       5.116459   0.824107  -0.951430
    50  0.14818628    4.032354   92.988375       5.339099  -0.732957  -0.686841
    51  0.17966149    4.888838  112.739379       5.566253  -0.553353  -4.052371
    52  0.14300749    3.891432   89.738633       6.237785   0.638178   1.377972
    53  0.13645398    3.713102   85.626237       6.799589  -0.143768  -2.806545
    54  0.11509729    3.131957   72.224702       7.058925  -1.126488  -1.508559
    55  0.13757391    3.743576   86.329002       7.725926   0.395770  -0.677285
    56  0.18220519    4.958055  114.335580       7.920061   0.717235   0.968060
    57  0.18197849    4.951887  114.193322       8.201521   0.096393  -2.274373
