 Number of surface minima:    74
   #       a.u.         eV      kcal/mol           X/Y/Z coordinate(Angstrom)
     1  0.09803824    2.667756   61.519977      -7.624048  -2.367253   1.227643
     2  0.09258058    2.519246   58.095238      -7.621365   0.876981  -0.499301
     3  0.10383529    2.825502   65.157684      -7.550483  -3.490207  -0.262567
     4  0.08871920    2.414172   55.672184      -7.553871   0.210645   1.088230
     5  0.10135878    2.758113   63.603647      -6.973317  -0.635369  -2.890633
     6  0.10204358    2.776747   64.033366      -6.906310  -2.581445  -2.694721
     7  0.09182925    2.498801   57.623773      -6.404028   1.255500   0.613048
     8  0.11003330    2.994158   69.046997      -5.500699  -1.708252  -3.279592
     9  0.06893069    1.875700   43.254699      -5.107773   3.131191   0.007950
    10  0.14684386    3.995825   92.145988      -4.446302  -2.482846   1.528809
    11  0.15942797    4.338256  100.042643      -4.379703  -3.494491  -0.432703
    12  0.12267324    3.338109   76.978688      -4.084496  -1.190111   1.164442
    13  0.11902871    3.238936   74.691703      -4.025917  -0.208687   0.736392
    14  0.14571547    3.965120   91.437915      -3.935138  -2.389074  -1.183644
    15  0.14881530    4.049470   93.383090      -3.917125  -1.380043  -1.625612
    16  0.04213702    1.146607   26.441400      -3.547774   2.378439   0.763158
    17  0.05252018    1.429147   32.956939      -3.531649   3.562474  -0.770293
    18  0.09193928    2.501795   57.692820      -3.400638   1.064544  -4.092158
    19  0.15328337    4.171053   96.186850      -3.266471  -2.909017  -0.901022
    20  0.12917543    3.515042   81.058874      -3.090382  -1.908925   1.549746
    21  0.07200061    1.959236   45.181104      -2.726517   2.662956  -2.882152
*   22 -0.00186118   -0.050645   -1.167908      -2.202676   2.921525   2.543711
    23  0.12985485    3.533530   81.485214      -2.064887  -1.576512   1.485142
    24  0.03977100    1.082224   24.956698      -1.800416   1.782108  -1.028479
    25 -0.00092243   -0.025101   -0.578836      -1.384113   4.263514   0.827819
    26  0.04153048    1.130102   26.060791      -1.006650   1.069211  -1.765990
    27  0.03041064    0.827516   19.082980      -0.616241  -0.375047   2.563058
    28  0.01453694    0.395570    9.122074      -0.345178   3.517599   2.517719
    29  0.15536962    4.227822   97.495992       0.242303  -1.253782  -1.293067
    30  0.06945444    1.889951   43.583356       0.420533   0.661307  -1.348324
    31  0.09486549    2.581421   59.529047       0.649707  -1.243260   3.866411
    32  0.16194384    4.406716  101.621377       0.825316  -3.871315   0.029876
    33  0.02500294    0.680365   15.689598       0.768734   4.539512   1.011494
    34  0.06678603    1.817340   41.908903       0.947627   0.399325   2.529476
    35  0.12100221    3.292638   75.930097       1.044646   3.120508  -0.524735
    36  0.16244385    4.420322  101.935143       1.218130  -1.896480  -1.689950
    37  0.17220495    4.685935  108.060325       1.801077  -4.427135  -0.631596
    38  0.13878074    3.776416   87.086299       1.643716   2.925277   0.698323
    39  0.02950532    0.802881   18.514886       1.799486   4.136743   3.508260
    40  0.15896105    4.325550   99.749650       1.847480  -3.749728   0.502709
    41  0.16147632    4.393994  101.328003       1.927345  -3.020578   1.349483
    42  0.09324710    2.537383   58.513487       1.881940  -0.137407   4.632124
    43  0.11516084    3.133686   72.264580       1.792795   0.554779   2.160761
    44  0.10261134    2.792197   64.389645       2.149128  -1.841263   4.754703
    45  0.07789583    2.119653   48.880414       2.070537   2.542087   2.699921
    46  0.17622617    4.795358  110.583681       2.302104  -2.853045  -2.086833
    47  0.16306681    4.437273  102.326053       2.411429  -1.758080  -1.160773
    48  0.12250535    3.333540   76.873330       2.570654   1.735708  -2.872495
    49  0.16056895    4.369303  100.758619       2.697666  -1.048544  -0.232460
    50  0.15973381    4.346578  100.234561       2.964309  -0.376300  -1.169379
    51  0.09790386    2.664099   61.435650       3.110548   1.485929   2.950343
    52  0.11969789    3.257145   75.111624       3.072750   2.656743  -2.670171
    53  0.11655255    3.171556   73.137891       3.206432   0.924570  -3.720626
    54  0.12138666    3.303099   76.171342       3.491356  -4.619444   2.477539
    55  0.14254819    3.878933   89.450414       3.931685   0.683600  -0.872435
    56  0.11789846    3.208180   73.982462       4.132839   1.189172  -4.115351
    57  0.11077451    3.014328   69.512113       4.174391   3.063120  -3.127183
    58  0.13578228    3.694824   85.204741       4.325378   1.622590  -0.591339
    59  0.11465522    3.119927   71.947297       4.549711  -5.355911   1.485113
    60  0.13905260    3.783814   87.256900       4.601360   0.038178  -1.638301
    61  0.11419284    3.107345   71.657150       4.651091   1.061679   1.861205
    62  0.11233069    3.056674   70.488632       4.691832   2.401781  -3.791444
    63  0.12121812    3.298513   76.065580       4.946594  -5.233817  -1.138588
    64  0.11621888    3.162476   72.928507       5.092694  -3.949442   2.548695
    65  0.12427720    3.381755   77.985187       5.349114  -3.821995  -2.091850
    66  0.12875038    3.503476   80.792150       5.375279  -0.510887   0.180565
    67  0.13180310    3.586545   82.707765       5.414247   0.213922  -2.016062
    68  0.12043778    3.277279   75.575912       5.435254   1.988846  -1.045675
    69  0.13307883    3.621259   83.508299       5.612451   1.604378  -4.457206
    70  0.12142211    3.304064   76.193588       5.984362   1.321243  -1.738240
    71  0.12141309    3.303818   76.187927       6.145774  -1.571295  -0.763470
    72  0.11877071    3.231915   74.529808       6.211625  -1.723277   1.059769
    73  0.12850157    3.496706   80.636022       6.434353   2.411894  -1.672276
    74  0.13917094    3.787034   87.331159       6.603309   0.672328  -2.771565
 
 Number of surface maxima:   108
   #       a.u.         eV      kcal/mol           X/Y/Z coordinate(Angstrom)
     1  0.16113412    4.384682  101.113273      -8.462734  -2.251744  -0.129915
     2  0.15440676    4.201621   96.891783      -8.477167  -0.399322  -0.140017
     3  0.16056575    4.369216  100.756613      -8.079528  -1.591340  -2.256437
     4  0.13700152    3.728001   85.969824      -7.341518  -1.288918  -0.744146
     5  0.10156342    2.763681   63.732059      -7.295715   0.997979   0.487821
     6  0.11602228    3.157127   72.805139      -7.169105  -3.505712   0.823642
     7  0.12642705    3.440255   79.334235      -6.955327  -1.178247   0.829776
     8  0.13363594    3.636419   83.857889      -6.705568  -2.636833  -1.298961
     9  0.11625219    3.163383   72.949412      -6.449453  -1.716333  -3.309567
    10  0.16641374    4.528348  104.426285      -6.144299  -2.483250   2.045715
    11  0.15835660    4.309102   99.370350      -6.194828   1.400673  -1.160773
    12  0.14993344    4.079896   94.084733      -6.064015   0.128796   1.827216
    13  0.17816779    4.848192  111.802070      -5.857452  -4.090267  -0.499301
    14  0.17285356    4.703584  108.467336      -5.700611   0.659008  -2.113204
    15  0.17230634    4.688694  108.123954      -5.372362  -0.121437  -3.070697
    16  0.17405290    4.736220  109.219935      -5.369847  -3.167526  -2.482293
    17  0.13300044    3.619126   83.459103      -5.283967   1.819077   0.912036
    18  0.15724866    4.278954   98.675104      -5.107773  -2.131406   0.898447
    19  0.13452177    3.660524   84.413756      -5.121933   3.467886  -1.700809
    20  0.17027108    4.633312  106.846804      -5.002173  -2.686925  -0.508250
    21  0.22053259    6.000997  138.386405      -4.816831  -3.919685   0.842515
    22  0.16272239    4.427901  102.109927      -4.914766   0.143151  -0.438589
    23  0.16645134    4.529371  104.449879      -4.684946  -0.628289  -1.553563
    24  0.07153582    1.946589   44.889445      -4.553123   3.351130   0.046198
    25  0.14698686    3.999716   92.235726      -4.292637   2.270440  -3.786715
    26  0.05022755    1.366761   31.518293      -3.463051   1.126402   2.865247
    27  0.18952676    5.157286  118.929940      -3.194820  -3.764845   0.691347
    28  0.19910020    5.417792  124.937365      -3.023770  -1.057701   0.642464
    29  0.21780771    5.926849  136.676515      -2.831294  -1.650624  -0.837839
    30  0.14819404    4.032565   92.993242      -2.762718   0.881268  -0.112807
    31  0.16805540    4.573020  105.456446      -2.681584  -0.386026  -3.542070
    32  0.09879143    2.688251   61.992608      -2.457522   1.475908  -3.810758
    33  0.09006201    2.450712   56.514813      -2.471816   2.278226   0.023552
    34  0.11868969    3.229711   74.478966      -1.917113   1.870546   0.303992
    35  0.24416779    6.644143  153.217727      -1.669850  -4.209842   0.955516
    36  0.12327357    3.354444   77.355396      -1.444322   2.119967  -2.510013
    37  0.17395710    4.733614  109.159822      -1.289713  -0.129190   0.792657
    38  0.21273586    5.788837  133.493880      -1.145347  -2.507435  -1.031934
    39  0.21422740    5.829424  134.429838      -1.106925  -2.989200  -0.346665
    40  0.09228592    2.511228   57.910336      -1.006650   2.858787   1.461426
    41  0.04595996    1.250634   28.840336      -1.006650   4.555198  -1.246733
    42  0.21071135    5.733747  132.223478      -0.949696  -2.899618   0.616007
*   43  0.25100483    6.830189  157.508039      -0.811119  -3.630147  -2.023596
    44  0.13860557    3.771649   86.976379      -0.318952   0.959131   2.312186
    45  0.14030870    3.817994   88.045115      -0.312564   1.598388  -0.836348
    46  0.18542201    5.045590  116.354168       0.061971  -0.110065   0.053673
    47  0.20353482    5.538464  127.720138       0.838642  -3.697772  -1.827390
    48  0.14936213    4.064350   93.726233       0.845470   0.338437   3.835733
    49  0.15873498    4.319399   99.607789       0.840435   1.343071   3.729047
    50  0.16277682    4.429382  102.144080       0.808418   2.519297   0.400265
    51  0.22883385    6.226886  143.595530       0.948552  -2.635029   0.632133
    52  0.14338917    3.901818   89.978139       0.984958   6.378981   2.552195
    53  0.18104607    4.926514  113.608218       1.173395  -1.645633   2.146585
    54  0.14798962    4.027002   92.864964       1.151956   1.102210   1.111319
    55  0.17499501    4.761856  109.811121       1.397401  -2.859827   3.625168
    56  0.22528701    6.130371  141.369850       1.287250  -1.531778  -0.499301
    57  0.10921736    2.971956   68.534987       1.506942  -1.312086   4.722237
    58  0.18121291    4.931054  113.712912       1.431990   2.524449  -1.632608
    59  0.18274587    4.972768  114.674862       1.750822  -0.157179   0.946472
    60  0.12281134    3.341867   77.065345       1.756573   1.061332   2.427467
    61  0.12238903    3.330375   76.800342       1.703368   3.117758   0.887774
    62  0.22467764    6.113790  140.987467       1.880662  -0.832643  -2.100764
    63  0.16898690    4.598367  106.040968       1.834313   0.999700  -1.759462
    64  0.23842904    6.487984  149.616604       2.176475  -4.345450  -2.081703
    65  0.17924433    4.877486  112.477608       2.140015  -2.370441  -1.867375
    66  0.14565865    3.963573   91.402261       2.281202   1.598388   1.172478
    67  0.11710854    3.186685   73.486777       2.365167   3.450509   1.485113
    68  0.19242314    5.236100  120.747446       2.374254   3.708126   0.016223
    69  0.17675747    4.809815  110.917081       2.570163   0.682308  -0.626677
    70  0.18783161    5.111158  117.866213       2.766077  -3.957972  -0.344330
    71  0.19623958    5.339950  123.142297       2.752336   1.760128   0.349210
    72  0.18476342    5.027668  115.940893       2.904214  -5.338880   1.193144
    73  0.18507020    5.036016  116.133402       3.101799  -2.860269  -1.300723
    74  0.19329665    5.259869  121.295578       3.137800  -5.369883  -1.139653
    75  0.18615470    5.065527  116.813933       3.147095  -2.502735   1.537734
    76  0.18805787    5.117315  118.008197       3.204897   2.864765  -0.423574
    77  0.17756457    4.831778  111.423542       3.329239  -0.851460  -2.816855
    78  0.19067368    5.188495  119.649638       3.471280  -1.451101   0.809068
    79  0.16354305    4.450233  102.624896       3.424732  -0.849533   4.858141
    80  0.16097076    4.380237  101.010759       3.407202  -0.386026  -1.244927
    81  0.17339632    4.718354  108.807922       3.541240   4.798722   1.485113
    82  0.16801296    4.571865  105.429815       3.782637   1.730683  -2.956196
    83  0.18764867    5.106180  117.751414       3.858388  -2.955766   3.016497
    84  0.15127965    4.116529   94.929493       3.793082  -0.765633   3.109782
    85  0.12506399    3.403164   78.478906       3.903089   1.620264   1.631395
    86  0.20214219    5.500569  126.846245       4.000912  -2.888223  -2.622040
    87  0.20728449    5.640498  130.073093       4.125306   4.202274  -0.644632
    88  0.12847109    3.495876   80.616894       4.308738  -4.751738   2.462224
    89  0.19516222    5.310634  122.466247       4.360344  -1.973558   2.519282
    90  0.18556635    5.049517  116.444743       4.287368   0.546593   0.292968
    91  0.15063351    4.098946   94.524034       4.549711  -4.674847   0.162170
    92  0.21731538    5.913452  136.367571       4.430402  -1.445056  -3.940999
    93  0.13705550    3.729470   86.003694       4.662326  -4.630134  -2.110562
    94  0.18510413    5.036940  116.154695       4.686753  -0.898956  -1.428996
    95  0.16799517    4.571381  105.418650       4.581390   0.822513   3.352613
    96  0.17785585    4.839704  111.606322       4.551418   1.069912  -1.688365
    97  0.15620144    4.250457   98.017964       4.983682  -2.597941  -1.160773
    98  0.18713235    5.092130  117.427423       5.065952  -0.941117   1.817172
    99  0.15810217    4.302179   99.210695       5.242980   3.598378  -1.657539
   100  0.15843526    4.311243   99.419710       5.355864  -3.555142   0.295413
   101  0.16542970    4.501571  103.808789       5.475771  -0.157248  -3.830010
   102  0.17573031    4.781865  110.272529       5.965476  -4.633033   1.334930
   103  0.13395619    3.645133   84.058849       5.968505  -0.922577   0.137373
   104  0.18126132    4.932371  113.743292       6.189379  -4.354855  -0.871724
   105  0.15685383    4.268210   98.427346       6.466292   2.059732  -3.277482
   106  0.17814201    4.847491  111.785895       6.743524  -2.767324  -0.134036
   107  0.20333800    5.533108  127.596631       6.815667   0.664582  -4.223244
   108  0.19687664    5.357286  123.542062       6.689825   3.594011  -2.600470
