 Number of surface minima:    71
   #       a.u.         eV      kcal/mol           X/Y/Z coordinate(Angstrom)
     1  0.12759067    3.471919   80.064424      -7.016144  -0.370639  -2.588196
     2  0.13411383    3.649423   84.157766      -6.727332   1.603668  -1.632219
     3  0.11830542    3.219254   74.237832      -6.532203  -1.370796  -0.577057
     4  0.12831653    3.491670   80.519903      -6.330449   0.676854   0.311417
     5  0.10945243    2.978352   68.682496      -6.088709  -1.143981  -1.743352
     6  0.12036937    3.275417   75.532982      -5.699510   1.264657  -0.707644
     7  0.11141569    3.031775   69.914458      -5.645090  -0.706874  -2.924647
     8  0.10492970    2.855282   65.844434      -5.483636  -1.582338  -1.021715
     9  0.12157214    3.308146   76.287735      -5.339121   1.737240  -1.935555
    10  0.12091408    3.290240   75.874797      -5.148393   0.877440  -0.019824
    11  0.13476187    3.667057   84.564419      -5.114394   1.970119  -3.038782
    12  0.11439035    3.112720   71.781089      -4.719017  -0.790774  -3.140626
    13  0.13819815    3.760563   86.720724      -4.723396  -0.011805   0.945701
    14  0.10576057    2.877891   66.365815      -4.743248   0.613535   2.761506
    15  0.11949151    3.251529   74.982116      -4.630776  -1.933450  -0.024563
    16  0.11851732    3.225020   74.370801      -4.249952  -1.695206  -1.219044
    17  0.12605154    3.430037   79.098603      -4.280771   1.671973  -2.200148
    18  0.10262566    2.792586   64.398630      -4.091452   2.051517   4.045548
    19  0.13590468    3.698154   85.281547      -3.953957   0.745628  -0.282801
    20  0.12416913    3.378814   77.917373      -3.908355  -1.316632  -2.241169
    21  0.14035404    3.819228   88.073565      -3.572835   1.136245  -1.358481
    22  0.03701363    1.007192   23.226420      -2.568181  -1.709652   1.174241
    23  0.10160349    2.764772   63.757209      -2.435103  -2.826034  -1.148245
    24  0.15208518    4.138448   95.434971      -2.459166   1.438247   0.533314
    25  0.12038147    3.275746   75.540579      -2.298427  -0.381543   1.766611
    26  0.16399512    4.462534  102.908579      -2.172977   2.225002  -0.356942
    27  0.03302456    0.898644   20.723240      -1.923242  -3.842893   0.248181
    28  0.08992119    2.446880   56.426448      -1.700148   1.866306   5.337403
    29  0.13517111    3.678193   84.821221      -1.733390   3.915354  -2.284215
    30  0.04556999    1.240022   28.595624      -1.544603  -4.911669  -1.981839
    31  0.15033956    4.090947   94.339575      -1.549574   4.857244  -2.916067
    32  0.10089559    2.745509   63.312992      -1.097243  -2.223128  -2.031721
    33  0.17336991    4.717635  108.791350      -0.981910   2.224989  -1.282584
    34  0.14880276    4.049129   93.375220      -0.986838   2.914460   2.152140
    35  0.07084720    1.927850   44.457326      -0.868214   0.084441   4.652062
    36  0.15972838    4.346430  100.231154      -0.721908   3.708567   1.226421
    37  0.14436028    3.928243   90.587521      -0.629804   3.660797  -2.924794
    38  0.14754115    4.014799   92.583544      -0.402199   6.115767  -1.525856
    39  0.13150345    3.578391   82.519733      -0.313832   5.439586  -0.614506
*   40 -0.01792437   -0.487747  -11.247719      -0.184326  -3.294626   3.483829
    41  0.13783967    3.750808   86.495772       0.206271   2.784626  -2.872583
    42  0.17079864    4.647667  107.177854       0.216643   3.721059   0.445147
    43  0.06246134    1.699660   39.195118       0.345482  -3.955467  -1.207056
    44  0.06029903    1.640820   37.838243       0.516672  -2.232254  -1.407042
    45  0.01753774    0.477226   11.005105       0.529684  -0.455616   2.990918
    46  0.15119882    4.114329   94.878771       0.530210   3.641984  -3.601437
    47  0.14119940    3.842231   88.604035       0.738451   5.168926  -1.282049
    48  0.10807172    2.940781   67.816087       0.878920  -3.025146  -3.191471
    49  0.11127463    3.027937   69.825946       1.069877  -2.277159  -2.101273
    50 -0.01050142   -0.285758   -6.589744       1.154703  -3.278540   3.026362
    51  0.13540967    3.684685   84.970922       1.625187   4.325120  -1.203482
    52  0.14928470    4.062243   93.677640       1.658009   5.030130  -2.214611
    53  0.17714844    4.820454  111.162418       1.844841  -0.180147  -1.792725
    54  0.11606686    3.158340   72.833118       1.937045  -1.370796  -4.052284
    55  0.09635974    2.622082   60.466700       2.464288  -3.090622  -0.217683
    56  0.13677298    3.721782   85.826414       2.646680   0.481324   1.267972
    57  0.10263976    2.792970   64.407474       2.800567  -2.961020  -4.255409
    58  0.10826124    2.945938   67.935011       3.599873  -1.624446   0.272459
    59  0.14436410    3.928347   90.589917       3.565960  -0.577030  -2.185045
    60  0.13485453    3.669578   84.622568       3.823994   0.349030   1.107942
    61  0.12686863    3.452271   79.611334       3.837996   3.510841  -0.313116
    62  0.08403311    2.286657   52.731615       4.014246  -4.759231  -0.942467
    63  0.11200735    3.047875   70.285732       3.990208   2.338770   2.097547
    64  0.15038125    4.092082   94.365739       4.253909   0.482236  -1.734488
    65  0.13943353    3.794179   87.495933       4.520723   4.315824   0.254349
    66  0.09591688    2.610031   60.188799       4.660738  -4.291409  -2.667636
    67  0.15238859    4.146704   95.625365       4.669055  -0.703212  -2.138959
    68  0.12986371    3.533771   81.490777       5.015162   3.259504  -0.480232
    69  0.11899970    3.238147   74.673502       5.150946   2.201150   1.909310
    70  0.11887377    3.234720   74.594477       5.678438   2.333444  -1.000671
    71  0.10835142    2.948392   67.991600       5.819111   1.142796   1.392102
 
 Number of surface maxima:    90
   #       a.u.         eV      kcal/mol           X/Y/Z coordinate(Angstrom)
     1  0.19735658    5.370346  123.843229      -7.782472   1.012216  -2.395314
     2  0.19275702    5.245185  120.956961      -7.253262  -0.433298   0.510506
     3  0.15271168    4.155496   95.828105      -7.198248   0.246872  -1.074762
     4  0.12937792    3.520552   81.185939      -6.692744  -0.530448  -2.641355
     5  0.15664234    4.262455   98.294633      -6.315003   1.150882  -3.177517
     6  0.13731228    3.736457   86.164827      -6.273231   1.671973  -1.603939
     7  0.15022180    4.087743   94.265679      -5.633294  -0.673642   0.645064
     8  0.20386112    5.547343  127.924894      -5.275180   1.415833  -4.517544
     9  0.16614340    4.520992  104.256645      -4.894090  -0.717862  -1.885895
    10  0.12133711    3.301751   76.140247      -4.800731   1.936561   2.864150
    11  0.17347416    4.720472  108.856768      -4.597343   0.761937  -1.329393
    12  0.15768336    4.290783   98.947888      -4.486114   0.589481   4.236588
    13  0.18541873    5.045500  116.352106      -4.314079  -1.339263   1.349543
    14  0.17986857    4.894473  112.869328      -4.371800   1.214516   1.113667
    15  0.16904256    4.599882  106.075899      -3.818573   0.887095  -3.732425
    16  0.17743743    4.828318  111.343763      -3.698441  -3.623143  -2.406269
    17  0.18016333    4.902493  113.054290      -3.572132   3.359612   3.018256
    18  0.15825262    4.306273   99.305100      -3.266422  -1.453373  -0.231278
    19  0.23690627    6.446548  148.661056      -3.231941   3.656387   1.337913
    20  0.17466792    4.752956  109.605864      -2.891442   1.936251   1.438337
    21  0.22650598    6.163541  142.134766      -2.903079   5.253864  -0.405435
    22  0.12418200    3.379164   77.925445      -2.809820   0.430006   3.820127
    23  0.12962501    3.527276   81.340990      -2.740856   1.828471   3.987002
    24  0.12770016    3.474898   80.133126      -2.714775  -0.680929   2.388582
    25  0.16362543    4.452474  102.676593      -2.528867  -1.961847  -1.089341
    26  0.14333611    3.900374   89.944845      -2.361620   0.481324   5.454103
    27  0.03378369    0.919301   21.199603      -2.293306  -2.853924   3.820127
    28  0.18277930    4.973678  114.695841      -2.229325   2.523157   2.290014
    29  0.20410615    5.554011  128.078648      -2.276486   3.920976   0.248181
    30  0.20523287    5.584670  128.785679      -2.203697   0.107643  -2.119736
    31  0.22712493    6.180384  142.523164      -2.221437   0.483270  -3.582194
    32  0.21952552    5.973593  137.754460      -1.735154   0.419461  -0.559310
    33  0.17693893    4.814753  111.030946      -1.812067   5.500130  -1.596800
    34  0.10499674    2.857107   65.886507      -1.680663  -2.548750   0.792024
    35  0.16603840    4.518135  104.190754      -1.389171   3.187702   4.123994
    36  0.14004618    3.810850   87.880380      -1.303265  -0.926406   1.618632
    37  0.17213592    4.684057  108.017011      -1.408197   0.093718   1.322579
    38  0.21642308    5.889171  135.807645      -1.049625   6.329451  -2.904959
    39  0.18658921    5.077351  117.086596      -0.918489  -3.209222  -3.958784
    40  0.23168486    6.304466  145.384566      -0.929090  -0.321410  -2.244678
    41  0.08548665    2.326210   53.643730      -0.796068  -4.843355  -0.950571
    42  0.23640549    6.432921  148.346812      -0.895502   1.549751  -0.015007
    43  0.19054501    5.184993  119.568898      -0.667868  -1.779038  -0.593938
    44  0.10009936    2.723842   62.813351      -0.743858   1.701094   5.154997
    45  0.20252817    5.511072  127.088451      -0.617138   3.181840  -1.681604
    46  0.18933373    5.152033  118.808806      -0.494691  -0.295135   0.281777
    47  0.14296372    3.890241   89.711163       0.037811  -5.172841   0.655286
    48  0.23468291    6.386047  147.265873      -0.075735   2.380809   1.060942
    49  0.10472223    2.849637   65.714248       0.029447  -3.361494   1.583131
    50  0.11420290    3.107619   71.663460       0.254930  -1.571444   2.428831
    51  0.20264257    5.514185  127.160241       0.261848   4.049600  -0.689907
    52  0.17596795    4.788332  110.421651       0.209530   5.301476  -3.059176
    53  0.14182230    3.859181   88.994914       0.478167   0.878207   3.983938
    54  0.18242157    4.963943  114.471362       0.674758  -1.217987  -3.048798
    55  0.13046550    3.550147   81.868404       1.003601  -2.635876   0.041456
    56  0.11837977    3.221277   74.284487       1.239961  -3.076926  -2.378679
    57  0.16195329    4.406973  101.627312       1.328457  -0.980716   0.771938
    58  0.21927489    5.966773  137.597184       1.368031   1.428357  -1.173404
    59  0.13926854    3.789690   87.392400       1.460232  -3.753778  -0.805350
    60  0.19868844    5.406587  124.678981       1.575216   2.539902   0.499205
    61  0.21892108    5.957145  137.375165       1.607210   4.714742  -3.783504
    62  0.16125128    4.387870  101.186790       1.707421  -4.072277  -3.863850
    63  0.12197250    3.319040   76.538962       1.712944  -2.178578  -4.298795
    64  0.21097321    5.740873  132.387800       1.742160   1.948508   0.913438
    65  0.15304486    4.164562   96.037178       1.881059  -2.034547  -0.267835
    66  0.18732758    5.097443  117.549928       1.833687  -1.134500  -1.877311
    67  0.22297092    6.067347  139.916484       1.835265   2.187617  -0.285232
    68  0.23064646    6.276209  144.732962       1.756800   3.519879   1.315343
    69  0.18379223    5.001241  115.331461       1.897222   3.401820  -2.672994
    70  0.13003235    3.538360   81.596601       2.436324  -3.835827  -2.242097
*   71  0.23764554    6.466664  149.124951       2.586289   2.068856  -2.101778
    72  0.22767322    6.195303  142.867225       2.908191   0.334671  -1.119840
    73  0.20611918    5.608788  129.341849       3.033357  -0.312442   0.309557
    74  0.05106505    1.389551   32.043832       3.204857  -2.956999   1.973242
    75  0.15263079    4.153295   95.777348       3.392767  -5.141600  -2.464268
    76  0.13154948    3.579643   82.548615       3.459330  -3.158208  -2.994468
    77  0.17328968    4.715452  108.741005       3.487037  -1.476808  -4.102308
    78  0.17421600    4.740658  109.322279       3.988507  -1.704512  -1.937655
    79  0.17679980    4.810967  110.943640       4.384014   1.417963   1.041471
    80  0.18899994    5.142950  118.599351       4.298286   2.114046  -0.413290
    81  0.20637944    5.615870  129.505161       4.625315   4.840318   1.679648
    82  0.14818126    4.032217   92.985222       4.725982  -3.648146   0.059596
    83  0.10544394    2.869276   66.167128       5.041969  -4.262579  -1.726449
    84  0.17181641    4.675362  107.816514       5.282576  -2.576619  -2.666467
    85  0.18532803    5.043032  116.295191       5.580719  -0.180147  -0.810008
    86  0.22026581    5.993738  138.219001       5.734107  -1.490359  -1.465939
    87  0.16065602    4.371673  100.813257       5.822799   3.785879   1.030001
    88  0.20859606    5.676187  130.896111       7.050953   0.200007  -0.690542
    89  0.15897974    4.326059   99.761379       6.914146   1.683051   0.125288
    90  0.20076547    5.463106  125.982342       7.361428   3.247022   0.736434
