 Number of surface minima:    56
   #       a.u.         eV      kcal/mol           X/Y/Z coordinate(Angstrom)
     1  0.10516344    2.861643   65.991111      -6.603824  -1.397899  -0.267954
     2  0.10900442    2.966161   68.401363      -6.223132  -2.193152   0.535883
     3  0.16213067    4.411800  101.738618      -5.826265   1.437132  -1.525051
     4  0.10398161    2.829483   65.249498      -5.297088  -1.950553   1.275620
     5  0.09844729    2.678887   61.776659      -4.968704  -2.461123  -2.115948
     6  0.14651480    3.986870   91.939501      -4.900205   1.830726  -0.602280
     7  0.10094778    2.746929   63.345741      -4.514162  -3.242607  -1.167994
     8  0.15732361    4.280993   98.722141      -4.443198   0.581646  -3.042008
     9  0.09249952    2.517040   58.044371      -3.577262  -3.047393  -0.453215
    10  0.09430588    2.566194   59.177883      -3.577262  -2.623216   3.118489
    11  0.13572371    3.693230   85.167984      -3.180918   0.852194  -2.392345
    12  0.10029409    2.729141   62.935542      -2.974639  -2.064240  -0.528416
    13  0.08963479    2.439087   56.246726      -2.511781  -3.895417   1.732345
    14  0.09782961    2.662079   61.389060      -2.353210  -2.832626   0.440375
    15  0.14766031    4.018041   92.658322      -1.717191   4.556745  -0.387098
    16  0.02879420    0.783530   18.068652      -1.621470   0.440626   2.202600
    17  0.16195717    4.407079  101.629744      -1.312886   5.633225   0.391312
    18  0.09591623    2.610013   60.188391      -1.281215  -1.762552   1.880349
    19  0.12244238    3.331827   76.833817      -1.190466   3.232422   1.860566
    20  0.03302088    0.898544   20.720934      -0.767918  -3.345708  -0.497786
    21  0.03384283    0.920910   21.236714      -0.520686  -1.015768  -2.354458
    22  0.16264774    4.425870  102.063085      -0.523808   2.311192  -1.572083
    23  0.03542539    0.963974   22.229789      -0.392836   0.201629  -1.845697
    24  0.04653342    1.266239   29.200188      -0.339419  -3.192109   0.989601
    25  0.03985299    1.084455   25.008152       1.157127  -4.048654   2.994588
*   26  0.00843172    0.229439    5.290987       1.185333  -0.133064   3.308118
    27  0.08278982    2.252826   51.951443       1.306471  -3.524397   0.378082
    28  0.03192717    0.868782   20.034616       1.320672  -1.665978   2.647267
    29  0.10858758    2.954818   68.139795       1.722087   5.750196  -0.648539
    30  0.10261479    2.792290   64.391806       1.824224   2.291256   0.498540
    31  0.11338758    3.085433   71.151840       2.025456   4.021298  -1.805001
    32  0.03450094    0.938818   21.649685       2.300117  -0.057629   0.983251
    33  0.09688868    2.636475   60.798616       2.378779   4.424261   1.587091
    34  0.11539710    3.140115   72.412832       2.305421   5.009092  -1.260448
    35  0.08943219    2.433574   56.119595       2.436814  -2.664879   1.323704
    36  0.10775506    2.932164   67.617380       2.369481   1.904671  -3.305530
    37  0.09976845    2.714838   62.605699       2.774782   2.707032   0.395231
    38  0.10438430    2.840441   65.502193       3.057520   3.624415   0.839801
    39  0.12730574    3.464165   79.885622       3.191155   4.328689  -1.851359
    40  0.11115391    3.024652   69.750189       3.552779   0.994557  -1.969425
    41  0.10705965    2.913241   67.181002       4.228102  -3.064844   0.265350
    42  0.11127943    3.028067   69.828958       4.197759  -1.799651  -2.042939
    43  0.10988954    2.990246   68.956783       4.266866  -0.839570   1.371645
    44  0.10427007    2.837333   65.430513       4.335579  -2.064240   0.876331
    45  0.11221352    3.053485   70.415103       4.393243  -0.741297  -1.391180
    46  0.09919245    2.699164   62.244257       5.134863  -2.328828  -2.420294
    47  0.09744791    2.651693   61.149540       5.259511  -3.784066  -0.185174
    48  0.09334935    2.540165   58.577652       5.444349  -1.667357   1.110706
    49  0.10081858    2.743413   63.264670       5.439402  -0.305335  -1.189888
    50  0.11136073    3.030280   69.879973       6.080222  -3.122594  -2.709379
    51  0.09897583    2.693269   62.108320       6.108476  -2.007034  -2.248242
    52  0.09650612    2.626065   60.558558       6.223604  -3.370842   0.027123
    53  0.10133229    2.757392   63.587027       6.231419  -0.873591  -1.548053
    54  0.09693587    2.637759   60.828226       6.320972  -2.196534   0.745295
    55  0.11741884    3.195129   73.681497       7.420603  -1.678680  -1.823259
    56  0.11515994    3.133661   72.264013       7.452718  -2.858006   0.050314
 
 Number of surface maxima:    70
   #       a.u.         eV      kcal/mol           X/Y/Z coordinate(Angstrom)
     1  0.19111911    5.200616  119.929155      -7.217875  -3.720438  -1.353657
     2  0.15158431    4.124819   95.120672      -6.821012  -2.094327  -1.920046
     3  0.20826496    5.667178  130.688346      -6.839997  -0.715510  -2.865091
     4  0.14581885    3.967933   91.502784      -6.069120  -3.776139  -0.117402
     5  0.23081209    6.280716  144.836896      -5.848594   1.362870  -2.971963
     6  0.18746693    5.101235  117.637373      -5.757240   0.040862  -2.271044
     7  0.17069739    4.644912  107.114320      -5.308266  -1.262122   0.014078
     8  0.18620036    5.066770  116.842590      -5.232152  -4.512895   1.059115
     9  0.19189699    5.221783  120.417282      -4.522822   2.169178  -2.299565
    10  0.16612164    4.520400  104.242992      -4.248837  -1.949679  -0.970020
    11  0.16013116    4.357391  100.483906      -3.988001  -4.054972   2.537748
    12  0.22446183    6.107917  140.852041      -4.059276   0.741041  -0.131533
    13  0.24011274    6.533800  150.673147      -3.736852   3.749296   1.040550
*   14  0.24406265    6.641282  153.151752      -3.469736   3.440969  -1.983654
    15  0.17470271    4.753902  109.627697      -3.343687  -0.671969   1.260737
    16  0.21377582    5.817136  134.146463      -3.180379   0.135252  -1.239399
    17  0.15618448    4.249996   98.007324      -2.953321  -1.293090   3.148205
    18  0.21791963    5.929895  136.746747      -2.988537   2.830649  -0.336574
    19  0.15800886    4.299640   99.152142      -2.508870  -1.409077   0.400738
    20  0.21196414    5.767837  133.009615      -2.453651   2.763612  -1.057594
    21  0.10676361    2.905186   66.995235      -2.374506  -2.978173   2.781168
    22  0.18798653    5.115374  117.963426      -2.384368   4.687526   1.195287
    23  0.13100311    3.564776   82.205759      -1.460553  -3.316448   1.167566
    24  0.16196053    4.407170  101.631855      -1.343768  -0.219833  -0.424671
    25  0.22796701    6.203298  143.051577      -1.338090   5.961401   1.834785
    26  0.06322857    1.720537   39.676560      -1.277330  -2.807076  -2.197313
    27  0.16569737    4.508855  103.976755      -1.180439   5.344241   0.035548
    28  0.12886913    3.506707   80.866665      -1.150380  -1.754066   0.686423
    29  0.16139578    4.391802  101.277464      -1.058750  -1.929278   3.306710
    30  0.22646928    6.162542  142.111735      -0.799082   3.412945  -0.528416
    31  0.14385331    3.914448   90.269389      -0.657114  -0.469109   1.997128
    32  0.17063838    4.643306  107.077287      -0.760449   0.998915   0.709902
    33  0.20055691    5.457431  125.851468      -0.422253   2.821578   0.893561
    34  0.18580053    5.055889  116.591688      -0.075804   5.538342   1.253216
    35  0.18456909    5.022380  115.818949       0.546358   2.068927  -1.410758
    36  0.16512097    4.493170  103.615063       0.753505  -1.981820   0.122459
    37  0.14951195    4.068427   93.820243       0.661548  -0.607231  -0.912345
    38  0.17023563    4.632347  106.824559       0.863562   1.493221  -3.069756
    39  0.20734036    5.642018  130.108151       0.917078   6.640644   1.699097
    40  0.13981488    3.804556   87.735235       1.126184   0.522498   0.366195
    41  0.15475493    4.211096   97.110266       1.185333   1.597153  -0.288907
    42  0.04910758    1.336285   30.815496       1.151974   1.978122   3.033345
    43  0.17436124    4.744611  109.413422       1.342952   4.285887  -0.739296
    44  0.10545330    2.869530   66.173003       1.356650  -0.853494   1.495022
    45  0.16818941    4.576666  105.540534       1.551965  -5.567584   0.730834
    46  0.18927902    5.150544  118.774480       1.687815  -3.300310  -1.330618
    47  0.16662489    4.534094  104.558784       1.779417   3.492121   0.594845
    48  0.18268112    4.971006  114.634230       2.379809  -1.257310  -1.595451
    49  0.15315238    4.167488   96.104647       2.294504   6.169951   0.955068
    50  0.14648434    3.986041   91.920385       2.619807  -2.207839   0.758739
    51  0.17389351    4.731883  109.119917       2.794066  -3.094413  -1.174768
    52  0.12244540    3.331909   76.835711       2.646395   0.843906  -2.781260
    53  0.17054984    4.640897  107.021733       2.904405   0.061574  -1.190123
    54  0.19633854    5.342643  123.204396       3.237078  -4.245912  -2.011571
    55  0.14379593    3.912886   90.233381       3.238528  -1.201694   0.598719
    56  0.16730018    4.552469  104.982533       3.634129  -3.716567   2.317263
    57  0.18082410    4.920474  113.468930       3.959860   0.558988   0.905227
    58  0.17506815    4.763847  109.857013       3.877476   2.335881  -2.751629
    59  0.15297459    4.162650   95.993086       3.948914   4.809934  -0.405930
    60  0.19468055    5.297527  122.163994       4.008371   6.182865   0.419399
    61  0.19818289    5.392831  124.361747       4.567838   3.624415  -1.454476
    62  0.14475484    3.938979   90.835108       4.909841  -4.140509  -1.943214
    63  0.14977640    4.075623   93.986189       5.171030  -2.466306   0.008279
    64  0.15159644    4.125149   95.128279       5.155193  -1.531346  -1.316420
    65  0.14171665    3.856306   88.928615       5.485071   0.118790   0.596259
    66  0.18403414    5.007824  115.483262       6.535541  -4.577832  -2.248242
    67  0.13998044    3.809062   87.839128       7.223124  -3.254889  -1.483816
    68  0.18590935    5.058851  116.659978       7.203521   0.249708   0.632675
    69  0.14097484    3.836121   88.463125       7.520117  -1.143084  -0.273193
    70  0.18482077    5.029229  115.976883       8.467636  -2.327513  -0.926043
