 Number of surface minima:    69
   #       a.u.         eV      kcal/mol           X/Y/Z coordinate(Angstrom)
     1  0.08625391    2.347088   54.125191      -6.587763  -2.884130  -0.460554
     2  0.08711379    2.370487   54.664775      -6.308412  -3.699671  -1.225718
     3  0.12322123    3.353020   77.322553      -6.312772   4.650623  -1.772277
     4  0.08544579    2.325098   53.618086      -5.792877  -4.477815   1.525386
     5  0.09147516    2.489166   57.401575      -5.793294  -2.174160  -0.190656
     6  0.08629606    2.348235   54.151638      -5.648278  -5.388897   0.731158
     7  0.11549795    3.142859   72.476120      -5.740560   4.036710   0.367193
     8  0.09279009    2.524947   58.226707      -5.376597  -3.792493  -1.651638
     9  0.10686739    2.908010   67.060357      -5.491978   3.756115  -0.834584
    10  0.10723772    2.918087   67.292742      -5.274285   3.717707  -2.181590
    11  0.08939605    2.432590   56.096915      -5.006018  -3.800965   1.777642
    12  0.11958163    3.253982   75.038667      -5.083932   3.899572  -3.317829
    13  0.11881015    3.232989   74.554557      -5.022587   6.457268  -1.523830
    14  0.10358860    2.818789   65.002881      -4.971476   3.332327  -0.041162
    15  0.10983481    2.988757   68.922443      -4.543190   3.249666  -2.542931
    16  0.11138247    3.030871   69.893615      -4.404793  -1.187286  -1.025688
    17  0.11875049    3.231365   74.517119      -3.993295   2.741207  -0.480226
    18  0.09874506    2.686990   61.963513      -4.062922   5.972154  -0.581285
    19  0.11598825    3.156201   72.783785      -3.892424   2.842077   0.894842
    20  0.09970606    2.713140   62.566550      -3.829501   5.927451  -1.920535
    21  0.12416468    3.378693   77.914575      -3.772399   2.697514  -1.627970
    22  0.09280635    2.525389   58.236914      -3.440729   5.513970   0.059296
    23  0.04860078    1.322494   30.497473      -3.169658  -0.117146   3.469158
    24  0.11280085    3.069467   70.783661      -2.991552   0.592645   0.254547
    25  0.10005822    2.722723   62.787536      -3.026237   5.437307  -2.314238
    26  0.05635359    1.533459   35.362442      -2.736459   1.897338   1.677268
    27  0.10733384    2.920702   67.353059      -2.728322   4.660931   1.012326
    28  0.17254239    4.695117  108.272076      -2.318545  -2.602248  -1.597757
    29  0.11510789    3.132245   72.231352      -2.458316   3.204351   0.891819
    30  0.10329236    2.810728   64.816986      -2.420299   4.843380  -0.355184
    31  0.15811818    4.302615   99.220741      -2.221347  -1.867574   0.934130
    32  0.09440086    2.568778   59.237481      -2.186489  -0.862842   1.684984
    33  0.10395826    2.828848   65.234846      -2.155646   0.279736   0.801106
    34  0.10844257    2.950872   68.048797      -2.191709   4.787420  -1.363983
    35  0.15700143    4.272226   98.519970      -1.933908  -3.141660   1.162696
    36  0.17005959    4.627557  106.714090      -1.856193  -3.567886  -1.431480
    37  0.16858061    4.587312  105.786019      -1.661769  -4.456990   1.170536
    38  0.18133745    4.934443  113.791063      -1.655128  -4.845422  -0.970102
    39  0.02582063    0.702615   16.202701      -1.405397   2.957105   1.539073
    40  0.02708872    0.737122   16.998444      -1.174140   1.204005   3.112819
    41  0.14484060    3.941313   90.888925      -1.059492   1.426777  -1.259261
    42  0.17360888    4.724138  108.941308      -0.756397  -3.946235  -1.368297
    43  0.16130604    4.389361  101.221153      -0.665952  -3.436172   1.213406
    44 -0.00125176   -0.034062   -0.785491      -0.176607   2.192183   3.645879
    45  0.16500671    4.490061  103.543358       0.138163  -2.638656   1.097520
    46  0.04740838    1.290048   29.749234       0.457866   0.445358  -1.645893
    47  0.04516522    1.229008   28.341626       1.323735   1.414309  -1.966557
*   48 -0.00796589   -0.216763   -4.998677       1.695085   3.534698   1.793759
    49  0.15387024    4.187022   96.555114       1.879776  -0.993050  -1.728031
    50  0.01973819    0.537104   12.385913       1.940723   0.340683   2.383883
    51  0.00294650    0.080178    1.848958       1.947194   3.190211   0.405940
    52  0.04598134    1.251216   28.853752       2.743019   1.407568   2.058348
    53  0.15252361    4.150379   95.710092       2.908191  -1.094978  -2.175070
    54  0.16496954    4.489050  103.520038       3.650020  -3.027621  -0.537120
    55  0.13697539    3.727290   85.953426       3.741118   0.406560  -0.701300
    56  0.14689855    3.997313   92.180312       3.846245  -0.371599  -1.648274
    57  0.16133964    4.390275  101.242236       4.278805  -1.704678   0.776338
    58  0.16773891    4.564408  105.257844       4.280163  -1.440089  -2.667664
    59  0.15564669    4.235362   97.669855       4.607601  -2.366150  -0.108717
    60  0.16592226    4.514974  104.117879       4.915090  -2.879586  -1.242376
    61  0.08142233    2.215614   51.093324       6.275370   0.583641   0.361904
    62  0.08349856    2.272111   52.396182       6.135114   0.854926  -0.841444
    63  0.07464123    2.031091   46.838116       6.872686   1.155304  -1.390734
    64  0.07279173    1.980764   45.677536       7.305113   0.680376   0.738547
    65  0.08106991    2.206024   50.872179       7.700725  -1.901512   0.141688
    66  0.07076613    1.925644   44.406456       7.851940   1.229924  -0.971132
    67  0.06966065    1.895563   43.712755       8.116579   0.965879   0.220183
    68  0.07651019    2.081948   48.010909       8.367421  -1.299088  -1.636880
    69  0.07609277    2.070590   47.748976       8.630096  -1.563218  -0.448219
 
 Number of surface maxima:    74
   #       a.u.         eV      kcal/mol           X/Y/Z coordinate(Angstrom)
     1  0.17392284    4.732681  109.138321      -8.189018  -4.885286   0.328178
     2  0.12976756    3.531155   81.430441      -7.380825  -3.624946   1.064140
     3  0.17825242    4.850495  111.855176      -7.116237  -2.198714   2.093489
     4  0.13102503    3.565372   82.219515      -6.931971  -5.374417  -0.560074
     5  0.18857610    5.131417  118.333387      -6.543222   6.100686  -1.866644
     6  0.18092803    4.923302  113.534148      -6.081898  -6.387485  -1.698400
     7  0.12596884    3.427787   79.046708      -6.082255   4.325628  -1.659495
     8  0.14325218    3.898090   89.892177      -5.916194   5.533938  -0.466160
     9  0.18471617    5.026383  115.911247      -5.779681   5.301908   1.259951
    10  0.14546833    3.958395   91.282832      -5.402831   5.445444  -2.838920
    11  0.14227261    3.871435   89.277488      -5.274470  -3.287327  -0.590952
    12  0.14106613    3.838605   88.520410      -4.862960  -4.332477   0.599637
    13  0.18778108    5.109783  117.834507      -4.993024   0.151193   1.398335
    14  0.19041313    5.181405  119.486145      -4.629587   5.028933  -4.338585
    15  0.12037599    3.275597   75.537139      -4.708894   6.371037  -1.499269
    16  0.13914917    3.786442   87.317498      -4.470350   4.380860   1.202455
    17  0.15948570    4.339827  100.078874      -4.299077   3.618549  -1.224571
    18  0.18635409    5.070953  116.939056      -4.108033  -1.104250   1.649208
    19  0.19889450    5.412195  124.808289      -4.080252   0.554313  -1.380441
    20  0.16569039    4.508665  103.972377      -4.073388   2.131829   3.778131
    21  0.15297383    4.162629   95.992605      -3.467215   4.987113  -1.144748
    22  0.19858017    5.403641  124.611040      -3.279702  -1.769410   0.273790
    23  0.15277074    4.157103   95.865167      -3.302892   4.105469  -3.669089
    24  0.13009488    3.540062   81.635838      -3.271067  -0.115374   1.397700
    25  0.17525942    4.769051  109.977039      -3.172623   3.573858   1.881973
    26  0.18702515    5.089213  117.360154      -3.139934  -2.095329  -1.247561
    27  0.21050148    5.728037  132.091784      -2.954940  -5.276624  -1.910482
    28  0.19718580    5.365698  123.736060      -2.609671  -4.339187  -0.712777
    29  0.19083995    5.193019  119.753980      -2.246300   1.673316  -1.046079
    30  0.20675281    5.626030  129.739457      -2.061948   3.232040  -3.720773
    31  0.18595074    5.059977  116.685952      -1.980952   2.753180  -2.179971
    32  0.14353143    3.905689   90.067407      -1.988773   3.708634   0.281141
    33  0.24177121    6.578929  151.713852      -1.789111  -5.623538   0.238491
    34  0.19019857    5.175566  119.351507      -1.721580  -0.309048   0.146620
    35  0.20545569    5.590734  128.925499      -1.542435  -0.898171  -1.608163
    36  0.15774221    4.292384   98.984813      -1.337099   0.799170   0.314358
    37  0.24124993    6.564745  151.386745      -1.013389  -2.353031   0.493677
    38  0.24878954    6.769908  156.117925      -0.983830  -2.609630  -1.054515
    39  0.12084323    3.288311   75.830333      -0.898404   1.908440   1.807113
    40  0.20390433    5.548519  127.952004      -0.804425   2.253829  -2.360398
    41  0.17319402    4.712849  108.680979      -0.872353   3.729735  -0.835589
    42  0.17555701    4.777149  110.163782      -0.501521  -1.361203   2.852113
    43  0.18012756    4.901520  113.031843      -0.389461   1.593918  -0.620018
    44  0.21049336    5.727816  132.086686      -0.211583  -4.845999  -0.037004
    45  0.18656974    5.076821  117.074378      -0.106112  -0.632715   0.731463
    46  0.11289436    3.072012   70.842342       0.257746   2.736059   0.589098
    47  0.14096677    3.835901   88.458055       0.534217   0.531504   2.281448
    48  0.16935030    4.608256  106.269009       1.248219   0.174425  -0.151697
*   49  0.26245525    7.141771  164.693293       1.350599  -4.691981   0.104755
    50  0.03203744    0.871783   20.103817       1.235064   3.326291   3.647538
    51  0.23878055    6.497549  149.837184       1.354716  -3.143370  -0.843953
    52  0.11754634    3.198598   73.761501       1.728494   1.333704   1.115797
    53  0.26198441    7.128958  164.397835       1.852728  -3.564600  -2.490415
    54  0.16203045    4.409073  101.675726       2.509402   0.630976   0.592182
    55  0.06581057    1.790797   41.296794       2.484719   2.505796  -1.645893
    56  0.22513736    6.126299  141.275947       2.798755  -0.780556  -0.978041
    57  0.24022987    6.536987  150.746646       3.202719  -1.884344   0.073933
    58  0.18403979    5.007977  115.486808       3.129518  -0.851819   1.661465
    59  0.20599783    5.605486  129.265701       3.353755  -2.987274  -2.281839
    60  0.15411716    4.193741   96.710060       4.515056   1.600763   2.583308
    61  0.16003915    4.354887  100.426166       4.583620   0.469988  -0.058361
    62  0.23492038    6.392509  147.414885       4.935587  -2.755934  -2.687472
    63  0.18122968    4.931510  113.723435       5.054839  -1.175501  -1.949106
    64  0.18477079    5.027869  115.945517       4.935795  -0.769735   0.872799
    65  0.19383807    5.274602  121.635327       5.292453  -0.131591  -3.287846
    66  0.18553015    5.048532  116.422026       6.029305  -1.430714   2.182411
    67  0.12496473    3.400463   78.416617       7.013584   0.404045  -0.480345
    68  0.13105892    3.566295   82.240786       7.310802  -1.164378  -0.847211
    69  0.12848441    3.496239   80.625252       7.496544  -1.043207   1.721872
    70  0.16979932    4.620474  106.550769       8.435289   0.617417  -3.557216
    71  0.16659706    4.533337  104.541321       9.187451  -0.757417   1.937549
    72  0.11958685    3.254124   75.041944       9.196764   0.320538  -2.042776
    73  0.11824631    3.217646   74.200745       9.483678  -0.219061   0.401649
    74  0.16322383    4.441546  102.424584      10.449667   0.273265  -0.870662
