 Number of surface minima:    69
   #       a.u.         eV      kcal/mol           X/Y/Z coordinate(Angstrom)
     1  0.07610108    2.070816   47.754187      -6.676760  -3.042080  -0.049446
     2  0.07518402    2.045861   47.178723      -6.456742  -3.494310   0.994312
     3  0.08001162    2.177227   50.208090      -5.870501  -2.491277  -0.570926
     4  0.11838297    3.221364   74.286495      -5.915620   3.642465  -1.037416
     5  0.07807026    2.124400   48.989870      -5.889099  -5.295454  -1.243893
     6  0.07761544    2.112024   48.704465      -5.717585  -5.775104  -0.175442
     7  0.11718371    3.188731   73.533949      -5.697132   5.446953  -2.108903
     8  0.07696316    2.094274   48.295154      -5.479470  -3.425864   1.541450
     9  0.11418056    3.107011   71.649441      -5.338910   6.508255  -0.173059
    10  0.08266057    2.249308   51.870332      -5.111339  -4.813077  -1.663893
    11  0.10272850    2.795385   64.463164      -5.112641   4.224798  -1.779226
    12  0.08428751    2.293580   52.891254      -4.839203  -5.723422   0.316850
    13  0.08627246    2.347593   54.136834      -4.839446  -2.389417  -0.064837
    14  0.08601456    2.340575   53.974998      -4.692381  -2.899640   1.012054
    15  0.10541852    2.868584   66.151173      -4.608721   3.421247  -1.441545
    16  0.09590582    2.609730   60.181864      -4.530323   5.451890   0.490046
    17  0.09855556    2.681833   61.844601      -4.367740   5.091020  -2.437306
    18  0.09212041    2.506724   57.806477      -4.202826   4.561016   0.939489
    19  0.09495262    2.583792   59.583718      -3.884447   6.361991  -0.153897
    20  0.10753012    2.926043   67.476228      -3.529631   3.293693   1.236144
    21  0.11157885    3.036215   70.016845      -3.411207   3.231229  -1.580947
    22  0.09796396    2.665735   61.473367      -3.403588   5.013467  -2.609259
    23  0.10124692    2.755069   63.533457      -2.859232   4.357762   0.735621
    24  0.09564394    2.602604   60.017529      -2.948811   6.230613  -0.276379
    25  0.10907587    2.968105   68.446198      -2.820429   3.979483  -2.133398
    26  0.06044477    1.644786   37.929700      -2.612849   0.587714  -0.387927
    27  0.10367622    2.821173   65.057865      -2.345866   5.135373   0.191570
    28  0.15719316    4.277443   98.640282      -2.167310  -2.900648  -1.482649
    29  0.02833181    0.770948   17.778496      -2.287772   1.482333   0.737757
    30  0.13749664    3.741474   86.280517      -2.041147  -3.037575   1.288093
    31  0.15099130    4.108682   94.748549      -1.954489  -3.984243  -1.161016
    32  0.16045197    4.366120  100.685214      -1.816771  -5.092803  -0.585186
    33  0.16019318    4.359078  100.522821      -1.791893  -4.503512   1.534911
*   34  0.00340794    0.092735    2.138519      -1.197293   1.117574   3.316997
    35  0.07641893    2.079465   47.953641      -1.250192   3.846884   1.546939
    36  0.15746771    4.284914   98.812563      -0.884131  -4.245428  -1.009643
    37  0.13981907    3.804670   87.737862      -0.875857  -3.461646   1.518935
    38  0.02425412    0.659988   15.219705      -0.477615   2.505336   2.861750
    39  0.14092439    3.834748   88.431464      -0.102738  -2.661535   1.353199
    40  0.02747848    0.747727   17.243019       0.060002   0.125866  -1.827307
    41  0.09021310    2.454823   56.609622       0.089682   4.250105   0.510541
    42  0.03810715    1.036948   23.912619       0.764070   4.620703   2.991921
    43  0.02197854    0.598066   13.791752       0.964947  -0.726959   2.457583
    44  0.02573895    0.700392   16.151446       0.911413   1.076211  -2.247367
    45  0.03453830    0.939835   21.673130       1.609097   3.152129   1.134640
    46  0.14776615    4.020921   92.724736       1.911574  -1.593295  -1.644179
    47  0.02322982    0.632115   14.576943       2.237403   2.832444  -0.163456
    48  0.16871436    4.590951  105.869947       2.555319  -3.060770   0.436594
    49  0.06374716    1.734649   40.001983       2.709418   0.921618   2.193759
    50  0.14259349    3.880166   89.478839       2.877876  -1.726254  -2.000730
    51  0.05954112    1.620196   37.362647       3.164111   1.845692   1.024464
    52  0.13287292    3.615656   83.379088       3.493099   0.015329  -0.864315
    53  0.15659180    4.261080   98.262920       3.552977  -3.313786  -0.002686
    54  0.13726508    3.735173   86.135209       3.807370  -1.021655  -1.732707
    55  0.15162133    4.125826   95.143898       4.425109  -2.516237   0.338313
    56  0.15328736    4.171161   96.189350       4.317662  -1.988613  -2.309455
    57  0.14820320    4.032814   92.998988       4.400385  -1.461666   1.070997
    58  0.16741415    4.555571  105.054052       4.643941  -3.492442  -0.763843
    59  0.07291196    1.984035   45.752982       5.351774   0.702517   1.446702
    60  0.09537167    2.595195   59.846679       6.391028  -1.336952  -1.805314
    61  0.08903973    2.422894   55.873321       6.569531  -1.043238   0.776040
    62  0.07631444    2.076622   47.888077       6.832644   0.410851  -2.137522
    63  0.07544448    2.052949   47.342167       6.963298   0.806976   0.505900
    64  0.08292870    2.256605   52.038586       7.489920  -1.708337  -1.878495
    65  0.07915940    2.154037   49.673314       7.618207  -1.315890   0.761269
    66  0.07429312    2.021619   46.619674       7.891721   0.130523  -2.172094
    67  0.07316034    1.990794   45.908842       7.993419   0.521139   0.466268
    68  0.07579645    2.062526   47.563029       8.145688  -1.051962  -2.018879
    69  0.07468664    2.032327   46.866613       8.325604  -0.604544   0.605463
 
 Number of surface maxima:    74
   #       a.u.         eV      kcal/mol           X/Y/Z coordinate(Angstrom)
     1  0.16724225    4.550893  104.946182      -8.294653  -5.173683  -0.070247
     2  0.12325756    3.354009   77.345348      -7.399913  -4.252139  -1.274957
     3  0.17341592    4.718887  108.820226      -7.091904  -3.420674  -2.705416
     4  0.12197248    3.319040   76.538951      -7.064319  -5.289221   1.015005
     5  0.18609535    5.063912  116.776693      -6.597038   3.690449   0.310538
     6  0.18441169    5.018097  115.720183      -6.422419   6.519166  -1.222981
     7  0.17031782    4.634584  106.876138      -6.355367  -5.760326   2.457583
     8  0.14094357    3.835270   88.443500      -6.160774   5.036376  -0.570627
     9  0.12839590    3.493830   80.569710      -5.467660  -3.392995   0.261665
*   10  0.25403031    6.912516  159.406561      -5.085447   1.183032  -1.634714
    11  0.14298834    3.890911   89.726614      -5.061122   2.942400   0.230535
    12  0.13225169    3.598752   82.989258      -4.946636  -4.750420  -0.442323
    13  0.13918537    3.787427   87.340212      -4.834384   6.746820  -1.774268
    14  0.13296304    3.618108   83.435636      -4.770324  -5.101343   2.125263
    15  0.13372125    3.638740   83.911420      -4.244302   2.436277  -0.788366
    16  0.18875869    5.136385  118.447967      -4.049938  -2.412199  -2.683627
    17  0.17690552    4.813844  111.009981      -4.071772   1.907358   0.737757
    18  0.15227982    4.143745   95.557110      -3.809990   4.354439  -1.525085
    19  0.18297569    4.979022  114.819076      -3.612701   7.596709  -2.437306
    20  0.14848864    4.040581   93.178108      -3.544450   5.084657  -0.124402
    21  0.15905996    4.328242   99.811718      -3.499994  -1.984911   0.081727
    22  0.18313387    4.983326  114.918336      -3.270954  -2.391189  -1.132735
    23  0.19126093    5.204475  120.018146      -3.191516  -4.738303   2.381128
    24  0.17703394    4.817338  111.090565      -2.786239  -4.372140   0.934285
    25  0.04570289    1.243639   28.679023      -2.390357  -0.604667   2.986760
    26  0.14172030    3.856405   88.930906      -2.393820   3.096111   0.532938
    27  0.14326840    3.898532   89.902356      -2.262013   6.402981  -2.040424
    28  0.22876884    6.225117  143.554734      -1.904866  -5.799666   0.756760
    29  0.15359683    4.179582   96.383545      -1.768861  -0.489190   0.122701
    30  0.16246286    4.420839  101.947070      -1.779870   5.288706   2.726096
    31  0.17475063    4.755206  109.657767      -1.524813  -1.183239  -1.519572
    32  0.13313662    3.622832   83.544557      -1.434569   0.513656   0.318385
    33  0.17565336    4.779771  110.224237      -1.420161   2.750729  -1.657698
    34  0.21484400    5.846202  134.816756      -1.202492  -2.459571   0.665911
    35  0.23066194    6.276631  144.742676      -0.982187  -2.887780  -0.840473
    36  0.11130045    3.028639   69.842148      -0.998352   1.919064   1.472600
    37  0.17231224    4.688855  108.127656      -1.078265   4.411665  -1.326571
    38  0.11897910    3.237586   74.660572      -0.760521   2.904046   1.002345
    39  0.19504676    5.307492  122.393790      -0.817345   5.718930  -2.013231
    40  0.19723218    5.366961  123.765166      -0.348403  -5.051895   0.468039
    41  0.14111495    3.839933   88.551043      -0.357157   1.307185  -0.885186
    42  0.16293835    4.433778  102.245446      -0.189255  -0.788207   0.774240
    43  0.16155440    4.396119  101.376999       0.035878   2.580737   0.196089
    44  0.18702352    5.089169  117.359129       0.080173   4.123012  -1.234748
    45  0.13269400    3.610787   83.266811       0.517491   0.583355   2.121306
    46  0.16947906    4.611760  106.349807       0.616260   6.103882   0.754435
    47  0.16039432    4.364551  100.649039       1.163330  -0.099450  -0.262323
    48  0.25154494    6.844886  157.846968       1.244978  -4.874940   0.622239
    49  0.22746629    6.189672  142.737369       1.237204  -3.496526  -0.477100
    50  0.08244151    2.243348   51.732870       1.182384   3.401047   2.918493
    51  0.12616872    3.433226   79.172134       1.629035   1.311756   0.852510
    52  0.25247764    6.870266  158.432245       1.816054  -4.191029  -1.886133
    53  0.15695712    4.271021   98.492165       1.860192   1.683102   3.199418
    54  0.15532395    4.226580   97.467331       2.385980   0.522749   0.550143
    55  0.05853811    1.592903   36.733247       2.518210   2.187191  -1.963513
    56  0.21947938    5.972338  137.725504       2.764555  -1.138411  -0.849775
    57  0.16901081    4.599018  106.055975       2.865673  -0.776201   1.699416
    58  0.22816818    6.208772  143.177817       3.033104  -2.060510   0.403501
    59  0.19820148    5.393337  124.373410       3.303713  -3.578375  -1.775835
    60  0.17225558    4.687313  108.092097       4.560208   0.262643  -0.187228
    61  0.23949878    6.517093  150.287879       4.747620   2.696775   3.176372
    62  0.22937951    6.241734  143.937938       4.948376  -3.354821  -2.195789
    63  0.15969546    4.345534  100.210495       4.862958  -0.505660   0.890245
    64  0.16867580    4.589902  105.845753       4.843248   1.838810  -0.839986
    65  0.18146027    4.937785  113.868135       5.266276  -2.520020  -0.670685
    66  0.19884292    5.410791  124.775919       6.251703  -3.638128  -0.188303
    67  0.12447965    3.387263   78.112224       6.423423   1.862705  -0.970675
    68  0.12848756    3.496324   80.627231       6.975174  -0.640526  -1.466468
    69  0.12735916    3.465619   79.919148       7.128456  -0.375256   0.133141
    70  0.16673672    4.537137  104.628957       7.975568   2.591614  -1.258912
    71  0.11935410    3.247790   74.895892       8.838307   1.231102  -1.089370
    72  0.17101663    4.653599  107.314645       9.320940  -2.918098  -0.451422
    73  0.12125359    3.299478   76.087841       9.506753  -1.197077  -0.690523
    74  0.16499598    4.489769  103.536628      10.280777   0.282369  -0.960657
