 Number of surface minima:    50
   #       a.u.         eV      kcal/mol           X/Y/Z coordinate(Angstrom)
     1  0.19478188    5.300284  122.227577      -5.958060  -1.164000  -1.946657
     2  0.17965012    4.888528  112.732245      -5.429702  -1.590214  -0.888302
     3  0.18289880    4.976929  114.770827      -5.294418  -2.843587  -0.756008
     4  0.19012662    5.173608  119.306357      -5.286736  -0.300002  -1.020596
     5  0.19292881    5.249860  121.064756      -4.429513  -1.487081  -3.397185
     6  0.18176050    4.945955  114.056534      -3.638825  -3.173106  -2.173875
     7  0.17652040    4.803364  110.768315      -3.379073  -2.020012  -2.480862
     8  0.18414014    5.010708  115.549777      -3.323768  -0.564590  -2.740422
     9  0.19094124    5.195775  119.817538      -3.219542   3.668827  -1.104866
    10  0.18316958    4.984298  114.940745      -3.214543   4.351723   1.528353
    11  0.16958748    4.614710  106.417841      -3.086946   2.895455   1.390752
    12  0.19316694    5.256340  121.214187      -3.190693   4.910725  -0.572464
    13  0.16805210    4.572930  105.454374      -2.939422   1.850877   1.146513
    14  0.18022384    4.904140  113.092260      -2.897427  -2.447780  -1.814362
    15  0.18484742    5.029954  115.993604      -2.631677  -0.065201  -2.078951
    16  0.02123270    0.577771   13.323733      -2.168808  -1.459140   2.146368
    17  0.06265167    1.704839   39.314547      -2.176968  -2.942005   1.363314
    18  0.18171100    4.944608  114.025470      -2.069050   4.451715  -0.918348
    19  0.16298491    4.435045  102.274663      -1.944458   3.656344   1.584683
    20  0.17435278    4.744380  109.408113      -1.658840  -1.087468  -0.742120
    21  0.18673790    5.081397  117.179901      -1.113442   5.006599  -0.604609
    22  0.16327700    4.442993  102.457953      -1.002067   3.267399   1.477694
    23  0.08593318    2.338361   53.923928      -0.648889  -1.093768  -1.734900
    24  0.07514204    2.044719   47.152381      -0.478853   0.085332  -1.691238
*   25 -0.01091477   -0.297006   -6.849130       0.346811  -1.596933   3.618980
    26  0.00067881    0.018471    0.425960       0.307414  -0.167708   3.558204
    27  0.06170076    1.678963   38.717841       0.834140  -3.001250  -2.795784
    28  0.11801290    3.211294   74.054273       0.741787   1.304650  -0.211726
    29  0.04931432    1.341911   30.945227       1.207907  -2.681299  -0.377421
    30  0.10302236    2.803381   64.647561       1.291809  -0.385185  -2.051152
    31  0.09521207    2.590852   59.746526       1.197807   2.610473   1.037855
    32  0.10799121    2.938590   67.765561       2.258557  -1.385029  -1.473340
    33  0.01860979    0.506398   11.677832       2.221287  -1.093768   1.664452
    34  0.10811212    2.941880   67.841437       3.240022  -0.944306   1.097305
    35  0.11575662    3.149898   72.638435       4.139455  -0.617657  -1.602840
    36  0.10619538    2.889723   66.638660       4.274803  -2.021642   0.423914
    37  0.10784138    2.934513   67.671546       4.196604  -1.345117  -0.728993
    38  0.10304499    2.803997   64.661764       4.399390  -0.362508   1.827372
    39  0.10262197    2.792486   64.396311       4.403739   0.701959   0.907424
    40  0.11146474    3.033110   69.945237       4.404190   1.416243   0.028102
    41  0.10427400    2.837440   65.432979       5.199599  -0.220565  -2.264103
    42  0.09249063    2.516798   58.038795       5.319743  -1.771857  -0.391743
    43  0.08931832    2.430475   56.048139       5.517641   0.287021   1.286252
    44  0.10166691    2.766497   63.797003       5.449476   1.807270  -0.555099
    45  0.09732911    2.648460   61.074988       6.126806  -1.407962  -0.937908
    46  0.10051481    2.735147   63.074050       6.030550  -0.563458  -1.945945
    47  0.09533172    2.594108   59.821609       6.321120   0.641309   0.733649
    48  0.09859885    2.683011   61.871767       6.348177   1.484754  -0.294195
    49  0.11605294    3.157961   72.824377       7.370812  -0.909120  -1.365126
    50  0.11500938    3.129564   72.169537       7.581164   0.832024  -0.020865
 
 Number of surface maxima:    53
   #       a.u.         eV      kcal/mol           X/Y/Z coordinate(Angstrom)
     1  0.26153474    7.116722  164.115665      -5.783363  -1.240101  -3.458850
     2  0.21931244    5.967795  137.620748      -5.158344  -2.348698  -2.407821
     3  0.27562016    7.500006  172.954404      -5.181289   2.360963  -0.198840
     4  0.22927906    6.239001  143.874903      -4.981395   0.096881  -2.794086
     5  0.25808233    7.022777  161.949245      -4.928558  -3.848735  -1.792358
*    6  0.28143809    7.658320  176.605213      -4.568440   1.697850  -2.603286
     7  0.22357714    6.083843  140.296892      -4.225642   3.801121   0.141325
     8  0.21728637    5.912663  136.349372      -4.063893  -3.280419  -0.359125
     9  0.26705028    7.266808  167.576723      -4.158558  -0.825941  -0.357739
    10  0.25968752    7.066457  162.956515      -3.913265   1.558895  -1.027434
    11  0.25652654    6.980442  160.972968      -3.903414   5.332660   0.674717
    12  0.21681266    5.899772  136.052111      -3.837163  -3.408814  -0.623713
    13  0.22536036    6.132367  141.415883      -3.759295  -1.885435   0.851574
    14  0.21857087    5.947616  137.155408      -3.380900  -3.352409  -0.893559
    15  0.26490740    7.208497  166.232044      -2.963277  -1.096687  -1.423561
    16  0.09780069    2.661292   61.370911      -2.683467  -4.141241   0.836114
    17  0.21573521    5.870454  135.376004      -2.183588   5.181538   0.592617
    18  0.23128795    6.293665  145.135502      -2.051294   1.213818  -1.491191
    19  0.22034932    5.996010  138.271401      -1.945719  -2.160070  -0.243346
    20  0.25516559    6.943409  160.118959      -1.918999   2.543883   0.764934
    21  0.27282926    7.424062  171.203087      -1.930619   2.875061  -0.781207
    22  0.18965420    5.160753  119.009904      -1.389822  -0.721708  -0.407857
    23  0.18327878    4.987269  115.009267      -1.361614   0.647420   0.733729
    24  0.18560831    5.050659  116.471068      -1.290598  -3.350408  -0.644583
    25  0.12739379    3.466561   79.940879      -0.926448  -0.762688   2.154467
    26  0.25761499    7.010060  161.655979      -0.614895   5.650960   0.686699
    27  0.07231943    1.967912   45.381163      -0.106134   2.153124   3.069910
    28  0.24531909    6.675472  153.940185      -0.191435   2.621946  -1.130130
    29  0.22407432    6.097372  140.608876      -0.066879   4.065710  -0.433523
    30  0.20512166    5.581644  128.715893       0.069015   1.829363   0.562015
    31  0.13248992    3.605234   83.138748       0.251011  -1.093768  -2.819415
    32  0.03453984    0.939877   21.674096       0.470356  -3.479345   3.215455
    33  0.20373742    5.543977  127.847268       0.728520  -0.299045  -0.494501
    34  0.16213950    4.412040  101.744157       0.776444   0.675616   0.592110
    35  0.11525159    3.136155   72.321527       1.123770  -1.818880   0.668559
    36  0.19559761    5.322482  122.739457       1.105457  -0.696885  -4.237383
    37  0.11339994    3.085769   71.159594       1.064203  -0.595536   1.962606
    38  0.22381274    6.090254  140.444735       1.654187   1.294165  -1.553571
    39  0.13226966    3.599240   83.000532       1.785241   2.848062  -0.290009
    40  0.16272637    4.428010  102.112427       2.331242  -0.906454  -0.985296
    41  0.18688692    5.085452  117.273410       2.451847   1.293330   0.306626
    42  0.14213086    3.867577   89.188533       3.224085   0.090364   0.937060
    43  0.18323825    4.986166  114.983835       3.335674  -2.296516  -2.630306
    44  0.21497077    5.849652  134.896310       3.369199   1.956269  -2.468154
    45  0.16419186    4.467888  103.032035       3.959889  -1.755239   1.815523
    46  0.15257158    4.151684   95.740191       5.194427  -0.496959  -1.085259
    47  0.15081124    4.103782   94.635560       5.325197   0.693450  -0.027144
    48  0.13000067    3.537498   81.576719       5.491587  -1.470347   1.386851
    49  0.19014922    5.174224  119.320540       6.602796   1.871667  -2.950051
    50  0.17636987    4.799268  110.673858       7.148166  -1.755239   1.385401
    51  0.14216516    3.868511   89.210059       7.272519   0.821564  -1.814362
    52  0.13675196    3.721210   85.813223       7.473896  -0.767671   0.170052
    53  0.18378998    5.001180  115.330052       8.501841   0.089628  -0.908144
