 Number of surface minima:    65
   #       a.u.         eV      kcal/mol           X/Y/Z coordinate(Angstrom)
     1  0.12638270    3.439048   79.306407      -7.720966  -0.285030  -1.778632
     2  0.11442683    3.113712   71.803981      -7.046201  -0.940917  -0.704469
     3  0.11054642    3.008121   69.368986      -6.790286   0.109647  -1.114329
     4  0.10708267    2.913868   67.195449      -6.531194  -1.614982   0.065517
     5  0.11011485    2.996377   69.098169      -5.737533  -2.092766  -2.659021
     6  0.10533303    2.866258   66.097532      -5.472944  -0.980241  -3.175137
     7  0.10174238    2.768551   63.844364      -5.340650  -2.870967  -1.981984
     8  0.10205585    2.777081   64.041067      -4.873248  -2.010722   2.979383
     9  0.09852961    2.681127   61.828317      -4.681566  -3.863163   2.848841
    10  0.12715659    3.460107   79.792033      -3.728509  -1.449490  -1.740377
    11  0.14807510    4.029328   92.918609      -3.739230   1.166583   0.350560
    12  0.09130046    2.484412   57.291954      -3.342755  -4.631179  -0.847757
    13  0.09287707    2.527314   58.281288      -3.334118  -2.785431   3.805009
    14  0.13216208    3.596313   82.933025      -3.229559  -0.197704  -2.065906
    15  0.09210887    2.506410   57.799239      -3.213820  -5.449331   0.872180
    16  0.12054933    3.280314   75.645910      -2.152133   0.263690  -1.621289
    17  0.15151668    4.122979   95.078232      -1.832850   2.820020  -1.053592
    18  0.07544282    2.052904   47.341126      -1.558779  -4.524314   0.038458
    19  0.09981348    2.716063   62.633955      -1.568296  -3.069077   0.598086
    20  0.11200205    3.047731   70.282408      -1.524578   6.321096  -0.340083
    21  0.11445295    3.114423   71.820371      -1.392872   2.079176   1.486952
    22  0.12772452    3.475561   80.148411      -1.375471   7.388799   0.065791
    23  0.01713386    0.466236   10.751665      -1.133392   0.052181   2.396400
    24  0.12812675    3.486506   80.400815      -1.104033   3.282453   1.659597
    25  0.10450599    2.843753   65.578555      -0.734632   5.649204   2.131966
    26  0.12395796    3.373068   77.784861      -0.718800   6.982037   2.171736
    27  0.11656340    3.171851   73.144696      -0.329411   6.580079  -0.621771
    28  0.02514918    0.684344   15.781360      -0.182531  -1.345628  -2.322248
    29  0.02784693    0.757754   17.474228      -0.049662  -3.606850  -0.321506
    30  0.02328032    0.633490   14.608636      -0.041341  -0.145244  -1.778756
    31  0.12464721    3.391823   78.217369       0.146333   3.810227   1.454768
    32  0.03721006    1.012537   23.349685       0.421160  -3.525099   0.935829
    33  0.11050776    3.007069   69.344723       0.405032   6.090987   1.845761
    34  0.11001820    2.993747   69.037520       0.588065   6.045746  -1.040812
    35  0.12386836    3.370630   77.728637       0.894086   3.297480   1.151982
    36  0.11577239    3.150327   72.648332       1.150306   4.342116   1.268089
    37  0.10267120    2.793826   64.427206       1.261219   5.523035   1.500763
    38  0.10957702    2.981742   68.760677       1.662144   3.824204  -3.123655
*   39  0.00463514    0.126129    2.908597       1.727327  -0.423191   3.300350
    40  0.02664204    0.724967   16.718145       1.891285  -1.903382   2.678021
    41  0.03657053    0.995135   22.948376       1.938148  -4.389805   2.845700
    42  0.08406691    2.287577   52.752827       2.098088  -3.700956   0.340576
    43  0.09041860    2.460415   56.738573       2.425420   1.675516   1.255561
    44  0.10313090    2.806335   64.715673       2.597009   2.280736  -3.444996
    45  0.03420935    0.930884   21.466706       2.836593  -0.216355   0.937216
    46  0.08089165    2.201174   50.760319       3.191788  -2.738886   1.259558
    47  0.09284780    2.526517   58.262921       3.221795   3.404201   1.467818
    48  0.10726843    2.918922   67.312013       3.445186   3.864638  -2.709272
    49  0.09652712    2.626636   60.571732       4.158190   1.953241   1.103160
    50  0.10639417    2.895133   66.763405       4.613069  -1.684266  -2.180094
    51  0.10408617    2.832329   65.315110       4.581181   3.413269  -0.061787
    52  0.10769943    2.930650   67.582466       4.713943  -0.811370  -1.660859
    53  0.10252508    2.789849   64.335514       4.872417  -3.025765   0.068909
    54  0.10766516    2.929718   67.560966       4.882967  -0.787154   1.174609
    55  0.10021482    2.726984   62.885803       4.948793  -2.010722   0.666814
    56  0.09512505    2.588484   59.691917       5.647464  -2.263073  -2.686703
    57  0.09786070    2.662925   61.408570       5.749482  -0.158602  -1.434907
    58  0.09368492    2.549296   58.788224       5.969722  -3.598254  -0.394913
    59  0.09037463    2.459219   56.710983       6.043512  -1.478204   0.867701
    60  0.09514483    2.589022   59.704331       6.547279  -1.746134  -2.484457
    61  0.09762375    2.656477   61.259881       6.627675  -0.687779  -1.853668
    62  0.09299330    2.530476   58.354228       6.831985  -3.063307  -0.200262
    63  0.09354529    2.545497   58.700608       6.940383  -2.010722   0.417955
    64  0.11409260    3.104618   71.594250       7.866772  -1.494215  -2.222846
    65  0.11189920    3.044932   70.217867       8.061501  -2.539900  -0.287548
 
 Number of surface maxima:    87
   #       a.u.         eV      kcal/mol           X/Y/Z coordinate(Angstrom)
     1  0.19513549    5.309907  122.449473      -8.020006  -0.691937  -3.266910
     2  0.19241532    5.235887  120.742539      -7.778742  -3.390460  -1.414687
     3  0.15023096    4.087992   94.271428      -7.614384  -1.885523  -2.196198
     4  0.15614054    4.248800   97.979748      -6.683162   0.357984  -2.889373
     5  0.15306024    4.164981   96.046829      -6.385634  -3.316828  -0.583777
     6  0.17237247    4.690494  108.165452      -5.737533  -0.751405  -0.656188
     7  0.21163792    5.758961  132.804909      -5.604809   1.691964  -2.971897
     8  0.17159447    4.669323  107.677248      -5.585120  -3.040985   1.812620
     9  0.20248997    5.510032  127.064482      -5.338995  -3.874576   0.475893
    10  0.16769426    4.563193  105.229823      -4.985581  -1.493182  -1.842867
    11  0.17035214    4.635518  106.897674      -4.735086  -4.405565   0.298351
    12  0.19085647    5.193469  119.764344      -4.560679   1.296635  -1.955611
    13  0.11001659    2.993704   69.036511      -4.540249  -2.800172   3.516407
    14  0.17844595    4.855761  111.976616      -4.294712  -2.543259   0.603223
    15  0.15941168    4.337812  100.032425      -3.658193  -1.144566   3.365148
    16  0.21106763    5.743442  132.447051      -3.621795  -0.016488   0.339834
*   17  0.23878214    6.497592  149.838181      -3.650253   2.487284  -1.981788
    18  0.23672539    6.441625  148.547548      -3.701871   3.309745   0.862675
    19  0.15562817    4.234858   97.658235      -3.231360  -4.252811   3.507045
    20  0.21089960    5.738870  132.341611      -3.313736   5.563049   1.421905
    21  0.10128021    2.755975   63.554344      -2.932394  -5.281762  -0.176799
    22  0.16889952    4.595990  105.986140      -2.820666  -1.204653   1.658894
    23  0.20335889    5.533677  127.609738      -2.856309  -0.609460  -0.911126
    24  0.19728276    5.368337  123.796902      -2.889812   2.222695  -0.523023
    25  0.12938361    3.520707   81.189507      -2.562469  -3.798352   2.053323
    26  0.18962108    5.159852  118.989123      -2.661015   4.207110   0.862675
    27  0.11796177    3.209903   74.022190      -2.435584  -2.805949   2.711395
    28  0.13878458    3.776520   87.088711      -2.284353  -3.984281  -1.369273
    29  0.15604101    4.246092   97.917296      -2.033292   6.703802   1.333171
    30  0.14742694    4.011691   92.511880      -1.910945  -5.307113   1.516841
    31  0.14931255    4.063001   93.695119      -1.698406  -1.878428   0.465792
    32  0.15029415    4.089712   94.311079      -1.256287  -2.683191   2.147910
    33  0.19563657    5.323542  122.763905      -1.366177   8.169706   1.389226
    34  0.15521877    4.223717   97.401328      -0.947100  -0.663182  -0.288792
    35  0.06032959    1.641652   37.857423      -0.832828  -3.198564  -2.046443
    36  0.21367082    5.814279  134.080576      -0.686402   3.039011  -0.689506
    37  0.13179203    3.586244   82.700818      -0.694128  -2.004890   0.740998
    38  0.16059010    4.369879  100.771896      -0.450788  -2.530325   3.260870
    39  0.17305888    4.709172  108.596179      -0.447114   5.266183  -0.329622
    40  0.15845712    4.311838   99.433428      -0.313466   0.690884   0.786101
    41  0.20110399    5.472318  126.194762      -0.392768   2.645011   0.783372
    42  0.13204497    3.593126   82.859537      -0.048878  -0.888947   2.116744
    43  0.16903069    4.599559  106.068447       0.013652   5.031804   1.189793
    44  0.15149973    4.122517   95.067593       0.130443   7.693787   0.753442
    45  0.17404703    4.736061  109.216253       0.536273   2.514531  -1.594944
    46  0.17447192    4.747622  109.482877       0.768755   1.975573  -1.486340
    47  0.13682536    3.723207   85.859280       1.114822  -0.830868  -0.898659
    48  0.16878122    4.592771  105.911904       1.026397   2.372070  -3.357193
    49  0.15375437    4.183869   96.482405       1.274690   1.430656   0.201456
    50  0.15936510    4.336545  100.003194       1.393006  -2.191176   0.177937
    51  0.13887665    3.779026   87.146485       1.577347   0.276973   0.353788
    52  0.04826592    1.313383   30.287349       1.774693   1.760570   2.914142
    53  0.18242192    4.963953  114.471581       1.709915   3.849193  -0.724857
    54  0.19482569    5.301477  122.255066       1.781427   7.852361   0.322187
    55  0.10552390    2.871451   66.217305       1.880735  -1.099192   1.495952
    56  0.09565768    2.602978   60.026149       2.210896   0.233137  -0.570868
    57  0.15667106    4.263236   98.312658       2.081818   6.198736  -0.053481
    58  0.18412160    5.010204  115.538147       2.235750  -3.419306  -1.366094
    59  0.06116303    1.664331   38.380412       2.245979   1.607077   1.551101
    60  0.17806472    4.845387  111.737391       2.356055   4.899969  -2.029076
    61  0.16069026    4.372604  100.834743       2.460246   0.605935  -1.283189
    62  0.16673248    4.537021  104.626298       2.560835  -5.641837   0.587949
    63  0.11895479    3.236924   74.645320       2.596624   3.555197  -3.379203
    64  0.17623834    4.795689  110.591318       2.841300  -1.362830  -1.687129
    65  0.20759593    5.648972  130.268521       2.906425   5.023361  -0.592563
    66  0.13207868    3.594044   82.880691       3.157778   2.119138   1.962894
    67  0.14140717    3.847885   88.734414       3.237274  -2.154356   0.692735
    68  0.16962604    4.615759  106.442034       3.382879  -3.072574  -1.392928
    69  0.14167404    3.855147   88.901880       3.390774   1.991868  -1.352567
    70  0.13691467    3.725638   85.915325       3.310395   3.465259  -1.202119
    71  0.17658764    4.805194  110.810511       3.410945   4.630842   0.218255
    72  0.19287116    5.248291  121.028580       3.892601  -4.314315  -2.059465
    73  0.14096397    3.835825   88.456301       3.788537  -1.217250   0.465648
    74  0.16797340    4.570789  105.404986       4.081400   2.369529  -2.835562
    75  0.11078199    3.014531   69.516808       4.383445   2.985673   0.929285
    76  0.16300835    4.435683  102.289370       4.456712  -3.725491   2.323511
    77  0.17989140    4.895094  112.883649       4.448593   0.634516   0.727270
    78  0.16895078    4.597385  106.018307       4.935891   1.958107  -0.486918
    79  0.14124216    3.843395   88.630868       5.507483  -4.059063  -2.111726
    80  0.14874311    4.047506   93.337787       5.669014  -1.481545  -1.587001
    81  0.14605901    3.974468   91.653489       5.772192  -2.275335  -0.195612
    82  0.13998418    3.809163   87.841472       5.878806   0.315182   0.278105
    83  0.18101559    4.925685  113.589091       7.111968  -4.367069  -2.565060
    84  0.18335471    4.989335  115.056916       7.561802   0.572773   0.306156
    85  0.13667067    3.718998   85.762210       7.839391  -2.936783  -1.783211
    86  0.13795115    3.753842   86.565726       7.990653  -0.829436  -0.611664
    87  0.18202051    4.953030  114.219688       8.994456  -1.843164  -1.355123
