 Number of surface minima:    82
   #       a.u.         eV      kcal/mol           X/Y/Z coordinate(Angstrom)
     1  0.07034960    1.914310   44.145077      -7.991705  -1.273449   0.534843
     2  0.07017855    1.909656   44.037743      -8.043559  -0.450220  -0.229460
     3  0.07268382    1.977827   45.609823      -7.910481  -3.094129  -1.418131
     4  0.07310917    1.989402   45.876733      -7.920620  -2.264693  -2.184234
     5  0.08008160    2.179131   50.252005      -7.115657  -3.488541  -1.018778
     6  0.07512018    2.044124   47.138663      -7.060691  -1.660864   0.941193
     7  0.07345732    1.998875   46.095202      -7.106606  -0.005474  -0.581267
     8  0.07814155    2.126340   49.034603      -6.937512  -1.824281  -2.539826
     9  0.07099002    1.931737   44.546944      -6.301446   2.383662  -0.439321
    10  0.07212484    1.962617   45.259061      -6.169368   1.325528  -0.042535
    11  0.07654434    2.082877   48.032341      -5.728259   2.684649  -1.340981
    12  0.11137757    3.030738   69.890537      -5.346911   0.005669  -0.699631
    13  0.06235004    1.696631   39.125276      -4.245567   3.149929   1.083957
    14  0.15769866    4.291199   98.957487      -4.066482  -3.443943  -1.930314
    15  0.07234588    1.968631   45.397762      -4.067845   0.793325   1.801751
    16  0.05997989    1.632136   37.637984      -4.110077   2.093100   1.484035
    17  0.15467140    4.208823   97.057850      -3.780151  -3.830866   0.172452
    18  0.14970193    4.073597   93.939459      -3.796972  -2.250648  -2.050632
    19  0.15775011    4.292599   98.989773      -3.794056  -1.059452  -1.913138
    20  0.06670113    1.815030   41.855624      -3.706211   3.551151   0.168075
    21  0.13231140    3.600376   83.026729      -3.576020  -2.406818   0.562854
    22  0.12585790    3.424768   78.977089      -3.530552  -1.192175   0.731390
    23  0.06792053    1.848212   42.620814      -3.498733   1.470927   1.024259
    24  0.07263878    1.976602   45.581561      -3.145831   2.903144  -0.226525
    25  0.15816459    4.303877   99.249861      -2.836058  -2.756874  -2.131066
    26  0.07297109    1.985644   45.790091      -2.896603   1.831975   0.058718
    27  0.13414281    3.650211   84.175952      -2.589683  -3.037866   0.491656
    28  0.04474009    1.217440   28.074854      -2.420969   2.663737   0.511147
    29  0.18272297    4.972145  114.660491      -2.195577  -0.385131  -1.758950
    30  0.05092220    1.385664   31.954190      -1.925060   1.579414  -0.165968
    31  0.13501995    3.674080   84.726369      -1.663443  -2.507923   0.559527
    32  0.04138722    1.126203   25.970894      -1.650016   4.917948   0.629119
    33 -0.01365852   -0.371667   -8.570859      -1.414593  -0.134150   3.900759
    34  0.09929704    2.702010   62.309885      -0.777201   2.852963  -0.842115
*   35 -0.02248774   -0.611923  -14.111283      -0.353906   0.526511   4.340839
    36  0.02615930    0.711831   16.415220      -0.277905   3.471674   2.008850
    37  0.17844830    4.855825  111.978090       0.454526  -0.799006  -2.008929
    38  0.17522849    4.768210  109.957632       0.689687  -3.222501  -0.964220
    39 -0.00099771   -0.027149   -0.626071       0.880347  -1.156430   2.518843
    40  0.17174270    4.673356  107.770259       1.487890  -0.966055  -2.551752
    41  0.04471484    1.216753   28.059011       1.552001   2.025537   1.566177
    42  0.16604816    4.518400  104.196878       1.646630  -3.434057  -1.625548
    43  0.12364116    3.364447   77.586066       2.040798   3.799039  -1.779112
    44  0.05006652    1.362379   31.417241       2.300605   0.408175   2.753327
    45  0.05096026    1.386699   31.978073       2.325772  -0.777684   2.610888
    46  0.11974314    3.258377   75.140019       2.437681   3.893651  -0.674827
    47  0.17796740    4.842739  111.676321       2.550614  -3.463188  -2.558751
    48  0.16263097    4.425414  102.052561       2.574910  -3.177957  -1.079948
    49  0.16349603    4.448953  102.595392       2.727256  -2.854832  -0.170454
    50  0.16430683    4.471016  103.104181       2.705048  -0.785874  -2.153424
    51  0.16637801    4.527376  104.403863       2.812728  -0.305506  -0.831926
    52  0.04196626    1.141960   26.334249       2.817287  -0.134832   3.424955
    53  0.11476506    3.122916   72.016224       2.758523   4.163046  -2.760086
    54  0.17393338    4.732968  109.144935       2.875403  -1.408729  -3.080929
    55  0.12287139    3.343500   77.103023       3.126426   3.891965   0.540779
    56  0.14000271    3.809668   87.853102       3.220027   1.485396  -2.011979
    57  0.06119874    1.665303   38.402824       3.248729  -2.497449   3.273642
    58  0.04921637    1.339245   30.883763       3.479475  -0.795285   4.088775
    59  0.13852075    3.769341   86.923153       3.597813   1.553745  -0.971015
    60  0.10726861    2.918927   67.312128       3.555994   4.371381  -0.567337
    61  0.05639461    1.534576   35.388185       3.711317  -1.868759   4.062964
    62  0.12352285    3.361228   77.511821       3.733343   1.687922  -2.957250
    63  0.11198780    3.047343   70.273462       3.628941   4.504882  -2.682877
    64  0.13750178    3.741614   86.283743       4.085037   1.990083   0.550842
    65  0.11096472    3.019504   69.631470       4.165173   4.653397  -1.486126
    66  0.12473719    3.394272   78.273837       4.647866   1.936175  -0.843352
    67  0.11850594    3.224711   74.363662       4.686684   2.073413  -2.840066
    68  0.12858889    3.499082   80.690813       5.083567   4.835992  -2.551752
    69  0.12079805    3.287082   75.801985       5.189764   2.219832  -1.633297
    70  0.07424080    2.020195   46.586844       5.330723  -1.991066   1.690438
    71  0.09157469    2.491874   57.464035       5.257019  -1.581863   0.135293
    72  0.06977441    1.898658   43.784141       5.612744  -0.391214   2.530079
    73  0.13202894    3.592690   82.849478       5.607416   2.536907  -0.424404
    74  0.09356756    2.546103   58.714577       5.764588  -0.107347  -2.259868
    75  0.06931468    1.886148   43.495656       5.821682  -1.474640   2.475432
    76  0.13383414    3.641812   83.982259       5.873578   2.777201  -2.683774
    77  0.08728100    2.375037   54.769703       6.141941  -3.169009  -0.699694
    78  0.08212594    2.234760   51.534846       6.194484  -1.184980   0.146697
    79  0.08660691    2.356694   54.346700       6.679469  -1.695714  -3.088710
    80  0.08800414    2.394714   55.223478       6.730779  -0.596123  -2.624366
    81  0.08109405    2.206681   50.887325       6.998068  -2.710131  -0.637250
    82  0.07962836    2.166798   49.967590       7.074012  -1.578668  -0.164861
 
 Number of surface maxima:    91
   #       a.u.         eV      kcal/mol           X/Y/Z coordinate(Angstrom)
     1  0.16229325    4.416224  101.840637     -10.205624  -1.818095  -0.907272
     2  0.11700494    3.183866   73.421768      -9.073174  -2.773010  -0.034894
     3  0.11755452    3.198821   73.766637      -9.058592  -0.914446  -1.749687
     4  0.16557646    4.505565  103.900886      -8.553297  -3.835667   1.161529
     5  0.16752283    4.558528  105.122253      -8.514495   0.287626  -2.791173
     6  0.12416940    3.378821   77.917538      -6.982369  -1.200682  -0.191015
     7  0.12699886    3.455815   79.693054      -6.861954  -2.307622  -1.370501
     8  0.15735334    4.281802   98.740793      -6.690626   2.579424   2.138713
     9  0.11318368    3.079884   71.023889      -6.136700   3.560131   0.875022
    10  0.16228827    4.416088  101.837513      -5.917822   5.004644  -0.044625
    11  0.11365483    3.092705   71.319544      -5.764566   1.196317   1.727032
    12  0.18620130    5.066795  116.843180      -5.241715  -3.808976   1.132925
    13  0.16320885    4.441139  102.415185      -5.221960  -0.365796   1.834604
    14  0.11710205    3.186509   73.482709      -5.235389   0.044758  -0.831926
    15  0.11564464    3.146851   72.568165      -5.233632   0.015147  -0.700471
    16  0.18602001    5.061862  116.729415      -5.210412   0.293352  -2.668620
    17  0.12619311    3.433889   79.187440      -5.123056   1.719791  -0.711483
    18  0.17174610    4.673449  107.772397      -4.724818  -3.080470  -0.170454
    19  0.12193158    3.317927   76.513284      -4.764232   4.371381  -1.154534
    20  0.17486204    4.758238  109.727678      -4.587856  -0.520295  -1.363503
    21  0.16192210    4.406124  101.607739      -4.578799  -0.525676   0.232270
    22  0.22394665    6.093898  140.528761      -4.244159  -4.559462  -1.031345
    23  0.11858787    3.226940   74.415073      -3.899987   2.260942   0.229352
    24  0.18011558    4.901194  113.024326      -3.745818   4.379849  -2.424039
    25  0.05500499    1.496762   34.516183      -3.407358  -0.925876   2.855620
    26  0.20893114    5.685305  131.106379      -2.573180  -1.838467   0.124446
    27  0.23116894    6.290427  145.060821      -2.559713  -1.556958  -1.451706
    28  0.15100021    4.108925   94.754140      -2.567733   0.182191   0.535246
    29  0.20055477    5.457373  125.850123      -2.615283   0.338105  -1.361103
    30  0.19370206    5.270901  121.549980      -2.557340  -4.222789  -1.087632
    31  0.20881457    5.682133  131.033231      -2.324914   1.436236  -2.609346
    32  0.13800759    3.755378   86.601145      -2.430890   2.919873   2.901362
    33  0.12533359    3.410500   78.648081      -2.044007   0.802815   1.028533
    34  0.07957938    2.165465   49.936855      -1.907825   4.006667   1.447187
    35  0.18771107    5.107878  117.790575      -1.763139   4.271056  -2.011218
    36  0.09871297    2.686117   61.943379      -1.134265   1.382931   2.794340
    37  0.24992362    6.800768  156.829571      -1.001971  -4.537968  -1.117312
    38  0.17200956    4.680618  107.937718      -1.074793  -0.788097   0.682784
    39  0.21333532    5.805149  133.870045      -0.818438  -0.736858  -1.493397
    40  0.23004362    6.259805  144.354673      -0.568452  -2.853269  -1.599006
    41  0.18480569    5.028818  115.967417      -0.453648   1.621604   0.080453
*   42  0.26118004    7.107070  163.893090      -0.347738  -2.775420  -3.349043
    43  0.10880949    2.960857   68.279043      -0.186050  -0.391214   2.521052
    44  0.23359837    6.356535  146.585312      -0.011880   1.490501  -2.090838
    45  0.18863696    5.133073  118.371576       0.463054   0.023113   0.089103
    46  0.10539916    2.868057   66.139026       0.457236   2.123411   1.682480
    47  0.17338004    4.717911  108.797710       0.656694   5.500869  -0.333285
    48  0.22902077    6.231972  143.712824       1.053491   2.109034  -3.642093
    49  0.16270036    4.427302  102.096104       1.038710   3.048438  -0.170454
    50  0.12826947    3.490390   80.490377       1.158400   0.559938   1.593034
    51  0.20697485    5.632072  129.878790       1.237431   1.712878  -2.167466
    52  0.21000720    5.714587  131.781619       1.359453  -2.646651  -3.245738
    53  0.23828499    6.484064  149.526213       1.527700  -1.012822  -1.213944
    54  0.22041495    5.997796  138.312587       1.511621   0.735049  -1.160900
    55  0.23253379    6.327566  145.917281       1.522519  -2.486998  -0.553948
    56  0.03055249    0.831376   19.171995       1.577530   1.526815   4.459847
    57  0.16236872    4.418278  101.887999       1.867929   2.773368   0.162931
    58  0.18112569    4.928681  113.658185       2.009021  -0.174164   0.614378
    59  0.18032483    4.906888  113.155635       2.219533  -0.065729   0.247741
    60  0.24134424    6.567311  151.445926       2.834564  -2.669110  -3.807886
    61  0.16961853    4.615555  106.437326       2.996717   1.652196   1.417078
    62  0.16651320    4.531054  104.488696       3.250118   3.733158  -1.745108
    63  0.10789145    2.935876   67.702966       3.363741  -1.317274   2.929235
    64  0.19167378    5.215709  120.277213       3.343485   2.636248   1.496070
    65  0.19318577    5.256852  121.226001       3.463431  -3.970906   0.830975
    66  0.19217947    5.229469  120.594537       3.516465  -2.889386  -2.009582
    67  0.18234841    4.961953  114.425453       3.598634  -0.574119  -0.445517
    68  0.20313806    5.527668  127.471166       3.892918   3.244679  -5.001396
    69  0.20719939    5.638182  130.019686       3.988868  -4.235764  -2.308455
    70  0.17281327    4.702488  108.442056       3.900784   2.264528  -1.750862
    71  0.19302334    5.252432  121.124075       4.164751   0.810899  -0.159891
    72  0.15276748    4.157014   95.863121       4.497267   3.152993   0.566189
    73  0.12015367    3.269548   75.397630       4.633907  -1.062838   1.908827
    74  0.15630384    4.253244   98.082221       4.650969   1.663651   3.917999
    75  0.13028449    3.545221   81.754821       4.729069   4.823251  -2.384216
    76  0.15641902    4.256378   98.154498       4.953114   3.572972  -3.732074
    77  0.10858578    2.954769   68.138661       5.191644   0.080457   4.270047
    78  0.16434065    4.471936  103.125400       5.480322  -3.959955   3.534334
    79  0.11241385    3.058936   70.540812       5.585005  -2.379772   4.041077
    80  0.14056957    3.825092   88.208808       5.721219  -1.331648  -2.197728
    81  0.14161246    3.853471   88.863233       5.863125   0.643503  -0.572261
    82  0.13537761    3.683812   84.950805       5.983777  -1.992798  -0.742173
    83  0.15479474    4.212179   97.135248       5.890424   3.852377  -1.484803
    84  0.15660624    4.261473   98.271983       6.074158  -1.152545   5.053555
    85  0.19590679    5.330895  122.933470       6.031142   3.854490   0.239171
    86  0.19862979    5.404991  124.642178       6.343185   4.175761  -3.011960
    87  0.17877915    4.864828  112.185705       7.327198  -4.259089  -2.844801
    88  0.18251823    4.966574  114.532014       7.527085   0.993950  -0.598929
    89  0.12901337    3.510632   80.957177       7.925412  -2.772512  -2.287163
    90  0.13005536    3.538986   81.611041       7.974894  -0.397726  -1.374437
    91  0.17330970    4.715997  108.753571       9.077581  -1.563051  -2.005638
