 Number of surface minima:    69
   #       a.u.         eV      kcal/mol           X/Y/Z coordinate(Angstrom)
     1  0.12790007    3.480338   80.258572      -7.781477  -0.795118  -0.672502
     2  0.10166482    2.766440   63.795692      -6.571860  -3.279717  -1.187066
     3  0.11695319    3.182458   73.389299      -6.559872  -0.992836   0.187348
     4  0.12774930    3.476235   80.163965      -6.714430  -0.008202  -1.998872
     5  0.10119991    2.753790   63.503955      -6.488623  -2.702900  -2.184188
     6  0.11424991    3.108898   71.692959      -6.572346  -0.354766  -0.928823
     7  0.13638355    3.711185   85.582040      -6.361296   0.122577   0.591483
     8  0.14885415    4.050527   93.407469      -6.259722  -0.990283   2.174315
     9  0.13477301    3.667360   84.571411      -6.195551   0.637999   3.623555
    10  0.10867930    2.957314   68.197347      -5.656180  -3.560040  -0.664295
    11  0.12037839    3.275662   75.538641      -5.638131  -1.266572   0.707377
    12  0.10521149    2.862950   66.021264      -5.504186  -2.454666  -2.597426
    13  0.12744528    3.467963   79.973190      -5.556098  -0.538483   1.161370
    14  0.11866151    3.228944   74.461282      -5.555927  -0.165819  -1.211926
    15  0.11360871    3.091450   71.290602      -5.532008   1.590113   2.769219
    16  0.12865134    3.500781   80.730000      -5.231572   0.054788   0.399598
    17  0.11334442    3.084259   71.124758      -5.219200   2.166948   2.024189
    18  0.13714361    3.731867   86.058987      -4.749413  -1.076269   1.920077
    19  0.11538886    3.139890   72.407662      -4.721446   0.963448   3.598869
    20  0.15111052    4.111926   94.823365      -4.042446  -1.670954   3.059822
    21  0.12139587    3.303350   76.177120      -3.847437   2.234154   1.947201
    22  0.13850817    3.768999   86.915260      -3.662359  -1.048904   1.877529
    23  0.11059116    3.009339   69.397061      -3.576847   1.045802   3.538829
    24  0.14848424    4.040462   93.175344      -3.386613  -0.383650   1.076080
    25  0.11867040    3.229186   74.466866      -3.158994   1.716974   2.630215
    26  0.17344424    4.719658  108.837995      -2.556540  -0.726752   0.188843
    27  0.17903349    4.871749  112.345304      -2.344656  -4.080373  -0.661487
    28  0.18873340    5.135697  118.432096      -2.349069  -3.167341   1.325264
    29  0.17543867    4.773929  110.089521      -2.366353  -1.724976   0.778725
    30  0.15706198    4.273874   98.557960      -2.380877  -0.957431   2.232261
    31  0.16995537    4.624721  106.648694      -2.204745  -3.131521  -1.422160
    32  0.17182015    4.675464  107.818863      -2.194001  -2.052730  -2.063195
    33  0.12836583    3.493012   80.550841      -2.249696   1.006398   3.244936
    34  0.18466343    5.024947  115.878147      -1.991415  -0.671644  -2.569281
    35  0.08362817    2.275638   52.477515      -1.781093   3.064946  -2.078479
    36  0.17147648    4.666112  107.603204      -1.400960  -2.227589   1.222195
    37  0.14054130    3.824323   88.191069      -1.546627   0.671964   2.128216
    38  0.03170272    0.862675   19.893776      -1.441781   5.022746  -2.539021
    39  0.17072973    4.645792  107.134616      -1.149627  -3.546985  -1.059976
    40  0.01734688    0.472033   10.885343      -0.581586   4.659255   0.047088
    41  0.18697932    5.087966  117.331392      -0.406510  -2.842090   1.513157
    42  0.17247499    4.693283  108.229784      -0.395030  -1.604411   1.022431
    43  0.04341136    1.181283   27.241063      -0.377397   1.215631   1.840473
    44  0.18424179    5.013474  115.613567      -0.140933  -2.919000  -1.248621
    45  0.01617428    0.440124   10.149519       0.683451   3.968684  -1.728113
    46  0.03476113    0.945898   21.812954       0.944367   0.136153  -2.514943
    47  0.02164597    0.589017   13.583061       1.633376   1.240739   1.759451
    48  0.01205964    0.328159    7.567542       1.664868   2.513540   2.293542
*   49 -0.00801723   -0.218160   -5.030893       1.998710   4.229589   0.129863
    50  0.15375805    4.183969   96.484713       2.287532  -1.703358  -1.568833
    51 -0.00439698   -0.119648   -2.759151       2.787938   3.418351  -1.470796
    52  0.16034606    4.363238  100.618754       3.227087  -3.042821   0.839286
    53  0.14749366    4.013507   92.553750       3.306995  -2.116761  -1.641509
    54  0.11097755    3.019853   69.639524       3.471056   0.788680  -0.390696
    55  0.15298229    4.162860   95.997914       3.965548  -1.322995   1.526386
    56  0.15246015    4.148652   95.670268       4.100713  -2.381349   1.134703
    57  0.12613605    3.432337   79.151634       4.026438  -0.097018  -0.804283
    58  0.14218949    3.869173   89.225325       4.224902  -1.322995  -1.261386
    59  0.16564794    4.507510  103.945741       4.412605  -2.758445  -1.567880
    60  0.16415414    4.466861  103.008364       4.512588  -3.427196   0.513626
    61  0.08707199    2.369349   54.638547       6.475232  -0.457224  -0.936577
    62  0.07365471    2.004247   46.219069       7.045749   0.785979   0.542694
    63  0.08092929    2.202198   50.783937       7.188450  -1.278466   2.238486
    64  0.07649011    2.081402   47.998311       7.452591  -0.619331  -1.201166
    65  0.08414437    2.289685   52.801434       7.569409  -2.649785   0.530910
    66  0.07059038    1.920862   44.296167       8.118962   0.582144   0.254072
    67  0.07693175    2.093419   48.275444       8.227466  -1.449857   1.972124
    68  0.07261651    1.975996   45.567583       8.246771  -0.132346  -0.624349
    69  0.07716964    2.099893   48.424719       8.380502  -2.202090   1.047838
 
 Number of surface maxima:    74
   #       a.u.         eV      kcal/mol           X/Y/Z coordinate(Angstrom)
     1  0.19108143    5.199590  119.905510      -8.781881  -1.822327  -1.141609
     2  0.15121538    4.114780   94.889163      -7.723846  -2.352766   0.121778
     3  0.14759208    4.016185   92.615507      -7.581339  -1.121251  -2.057776
     4  0.20475508    5.571669  128.485859      -7.389944   1.212268   0.912430
     5  0.20073638    5.462315  125.964085      -7.329843  -3.251052   1.444721
     6  0.19332014    5.260509  121.310322      -6.879584  -0.410893  -3.497886
     7  0.20886007    5.683371  131.061781      -6.836044  -0.786993   3.577499
     8  0.16352933    4.449859  102.616288      -6.797057   0.192209   2.136986
     9  0.16664976    4.534771  104.574391      -5.856370   1.719774   0.328664
    10  0.15922353    4.332693   99.914356      -5.508899  -2.597367  -1.284889
    11  0.16729924    4.552444  104.981947      -5.525128  -1.174384  -0.530412
    12  0.16712998    4.547838  104.875736      -5.198955  -0.987870   3.693724
    13  0.21904782    5.960594  137.454697      -4.732120   2.502572  -0.650745
    14  0.18247539    4.965408  114.505135      -4.320806  -0.086409   1.490657
    15  0.16939652    4.609514  106.298008      -4.324464   1.226521   2.406705
    16  0.22912048    6.234685  143.775393      -4.022295  -3.307409   1.633562
    17  0.21010365    5.717211  131.842140      -3.831236  -1.450123   4.486430
    18  0.22103519    6.014674  138.701795      -3.569843  -0.539929  -3.176016
    19  0.20686109    5.628977  129.807402      -3.421652  -3.176184  -0.013344
    20  0.20993196    5.712539  131.734402      -3.285077  -2.633180   0.544460
    21  0.21435380    5.832863  134.509152      -3.128369  -1.037439  -1.960483
    22  0.21545257    5.862763  135.198644      -3.274219  -0.525162  -1.465186
    23  0.17171001    4.672467  107.749747      -3.258043   5.179566  -0.520972
    24  0.21174177    5.761786  132.870076      -2.933563   2.508743  -0.954943
    25  0.25293939    6.882831  158.721998      -2.800715  -4.381100   0.778479
    26  0.16785414    4.567543  105.330153      -2.819718  -0.793817   3.365316
    27  0.26238019    7.139728  164.646196      -2.687526   0.529126  -2.104742
    28  0.22122147    6.019742  138.818683      -2.341263   0.820870  -0.527748
    29  0.18623491    5.067710  116.864270      -2.242744   2.753556   1.038216
    30  0.12502735    3.402167   78.455914      -2.094428   3.704189  -0.874559
    31  0.16070122    4.372903  100.841623      -1.902729   1.218447   1.901008
    32  0.20887337    5.683733  131.070126      -1.421413   0.412636  -0.795213
    33  0.24500173    6.666836  153.741036      -1.275785  -1.412078   0.164989
    34  0.19514758    5.310236  122.457056      -1.267550  -0.634351  -2.352239
    35  0.20744811    5.644950  130.175761      -1.330221  -0.275449   2.884315
    36  0.21647940    5.890704  135.842990      -1.192933  -4.020844   0.650955
    37  0.24580977    6.688824  154.248089      -1.022242  -2.223991  -1.193359
    38  0.16149372    4.394468  101.338924      -0.535674   2.187942  -3.378884
    39  0.14061110    3.826223   88.234872      -0.506896   2.735334   0.104360
    40  0.14284277    3.886950   89.635269      -0.530462   6.818660  -1.129463
    41  0.18415074    5.010996  115.556430      -0.126117   0.259203  -0.008152
    42  0.07342402    1.997969   46.074305      -0.088586   5.170444  -1.580026
*   43  0.26572645    7.230785  166.746008       0.426395  -4.112505   1.085040
    44  0.13449872    3.659896   84.399294       0.400506   1.579174   1.148572
    45  0.20104314    5.470662  126.156582       0.657182  -1.468404  -1.585085
    46  0.14572420    3.965357   91.443394       0.673665   1.584107  -2.010583
    47  0.24345179    6.624660  152.768436       0.957847  -3.046877  -0.131422
    48  0.20271087    5.516043  127.203095       1.021477  -1.249859   0.988679
    49  0.09329814    2.538771   58.545514       1.345324   3.175135  -0.804213
    50  0.03852547    1.048331   24.175115       1.517235   4.269409   2.123810
    51  0.26026171    7.082081  163.316827       1.713765  -4.285311  -1.080244
    52  0.16679745    4.538789  104.667067       1.615193   0.393514  -0.805512
    53  0.11570343    3.148451   72.605062       2.185682   1.756565   0.140524
    54  0.15093816    4.107236   94.715207       2.700074   0.836027   0.019279
    55  0.23224303    6.319654  145.734827       2.906332  -1.719878   0.734718
    56  0.17406675    4.736597  109.228624       2.932756  -0.421108   1.661541
    57  0.22168263    6.032291  139.108066       2.985567  -1.190700  -0.751471
    58  0.20366005    5.541872  127.798718       3.204183  -3.842089  -0.806771
    59  0.04916659    1.337891   30.852527       3.797489   1.719774  -2.391814
    60  0.21127693    5.749138  132.578385       4.050826   1.250313   1.205080
    61  0.18154260    4.940025  113.919794       4.643081  -0.269816   1.308956
    62  0.17668386    4.807812  110.870891       4.813602   0.151122   0.800282
    63  0.23516368    6.399129  147.567563       4.933727  -3.976583  -0.801731
    64  0.18880709    5.137702  118.478339       5.066156   0.512174   2.495574
    65  0.18343676    4.991568  115.108401       5.181759  -2.278521  -0.863167
    66  0.18237234    4.962604  114.440465       5.319697  -2.651296  -0.266314
    67  0.20051400    5.456263  125.824539       5.947895  -2.919790  -1.784511
    68  0.13112846    3.568187   82.284420       7.181904  -1.560491   1.063695
    69  0.12764026    3.473268   80.095538       7.192390  -0.346997  -0.010517
    70  0.16632099    4.525824  104.368083       8.315650   1.005546   2.879321
    71  0.11868733    3.229646   74.477485       9.085469   0.067123   1.776484
    72  0.17077290    4.646967  107.161701       9.298612  -2.528625  -1.474355
    73  0.12037224    3.275495   75.534787       9.547471  -1.402009  -0.221825
    74  0.16413529    4.466348  102.996537      10.438731  -0.537372   0.894565
