 Number of surface minima:    65
   #       a.u.         eV      kcal/mol           X/Y/Z coordinate(Angstrom)
     1  0.10243683    2.787448   64.280133      -8.038619   1.930208   0.057771
     2  0.10518974    2.862358   66.007615      -7.841557   2.093355   1.967348
     3  0.09221535    2.509307   57.866052      -7.372181  -0.445844  -1.260205
     4  0.10325148    2.809616   64.791336      -6.932992  -0.040389   3.392260
     5  0.09310416    2.533493   58.423792      -6.809586  -1.779786  -0.420559
     6  0.10258090    2.791368   64.370540      -6.536516  -1.632451   2.360044
     7  0.08737628    2.377630   54.829492      -5.597894  -0.891834  -1.413867
     8  0.11087404    3.017036   69.574567      -5.359125  -0.688389   3.406824
     9  0.16052195    4.368024  100.729129      -4.829314   2.742684  -0.471597
    10  0.16749313    4.557720  105.103615      -4.661522   2.884588   1.701895
    11  0.14255020    3.878988   89.451673      -4.388305   1.448703  -0.650719
    12  0.15559856    4.234052   97.639649      -4.158767   1.684517   1.964064
    13  0.13349713    3.632642   83.770787      -4.040097   0.177757  -0.608864
    14  0.15734881    4.281679   98.737951      -3.979510   0.400777   2.010250
    15  0.12577226    3.422437   78.923348      -3.457522  -0.913353  -0.400004
    16  0.16268407    4.426859  102.085880      -3.480659  -0.815856   1.837366
    17  0.14775554    4.020633   92.718081      -3.597600   2.242288  -0.806146
    18  0.16207703    4.410340  101.704954      -3.363180   2.485615   1.812975
    19  0.12986728    3.533868   81.493014      -2.806630  -0.260864  -0.670634
    20  0.15304497    4.164565   96.037246      -2.532448   1.984316  -0.936701
    21 -0.00766278   -0.208515   -4.808470      -1.885521  -2.274986  -3.329202
    22  0.03943710    1.073138   24.747172      -1.476079  -1.698426   1.440141
    23  0.05122838    1.393995   32.146318      -0.703005  -2.962206   1.368881
    24  0.01700873    0.462831   10.673146      -0.557757   0.253398  -2.907543
*   25 -0.00890262   -0.242253   -5.586486      -0.467592  -2.674030  -3.605650
    26  0.18322793    4.985886  114.977361      -0.244703   3.285117  -0.482854
    27  0.02826040    0.769005   17.733684      -0.039386  -4.124166  -1.074129
    28  0.04403765    1.198325   27.634067       0.100190  -5.310860   1.049461
    29  0.17777159    4.837411  111.553449       0.354066   1.437220   1.305143
    30  0.07166357    1.950065   44.969605       0.474938  -0.835174   1.140249
    31  0.18981102    5.165021  119.108315       0.471394   2.491351   2.065280
    32  0.17090327    4.650514  107.243509       0.619938   3.877654  -0.279685
    33  0.09900417    2.694041   62.126110       1.275383  -2.933188   1.305636
    34  0.17530324    4.770244  110.004538       1.413704   2.030649   1.440141
    35  0.09625540    2.619243   60.401227       1.545998  -3.839195  -0.243225
    36  0.16921938    4.604693  106.186851       1.545998   3.622850  -0.941156
    37  0.16344741    4.447630  102.564886       1.559732   2.765625  -1.855205
    38  0.18268156    4.971018  114.634508       1.793200   4.442709   0.117198
    39  0.17543693    4.773882  110.088431       2.357324   1.826495   0.788981
    40  0.17039693    4.636736  106.925780       2.350011   0.910902  -0.137823
    41  0.18737419    5.098711  117.579178       2.472058   2.947731   1.572436
    42  0.12490862    3.398937   78.381411       2.736647  -2.006655   2.303975
    43  0.11636058    3.166333   73.017430       3.140917  -1.448930   3.309341
    44  0.12300498    3.347136   77.186855       3.151620   5.301257  -1.717705
    45  0.12302371    3.347645   77.198609       3.459297  -2.668126   1.765909
    46  0.14924519    4.061168   93.652847       3.553342   0.004045   0.791647
    47  0.13841711    3.766521   86.858124       3.907128   0.715084   1.912878
    48  0.12040173    3.276298   75.553289       4.087966   0.827174  -3.134511
    49  0.11667427    3.174868   73.214268       4.166436  -1.536562   3.689144
    50  0.14206171    3.865696   89.145143       4.324223  -0.683940   0.250317
    51  0.14535589    3.955335   91.212273       4.368778   1.080714   3.051691
    52  0.11295745    3.073729   70.881931       4.452485   4.609839  -2.650939
    53  0.13414778    3.650347   84.179075       4.564961   1.950185   1.665446
    54  0.11884676    3.233985   74.577528       4.692770   5.265313  -0.958389
    55  0.11309340    3.077428   70.967240       4.770148  -2.883628   2.150700
    56  0.11227591    3.055183   70.454259       4.853356   2.065762  -3.374273
    57  0.13221097    3.597643   82.963703       4.997144   0.526789   2.247493
    58  0.11293674    3.073165   70.868931       5.048190  -2.340998   3.027673
    59  0.11754405    3.198536   73.760066       5.382533   0.831264  -2.295693
    60  0.12436521    3.384149   78.040410       5.517564  -0.808951   0.652298
    61  0.12444783    3.386398   78.092259       5.513328   3.417120   0.910138
    62  0.12290872    3.344516   77.126451       5.779416   1.506751   0.351376
    63  0.12436326    3.384097   78.039192       5.901451  -0.291274   1.583667
    64  0.13929170    3.790320   87.406937       6.304920   0.109608   2.764102
    65  0.13113091    3.568253   82.285955       6.594315  -1.193365   1.055974
 
 Number of surface maxima:    86
   #       a.u.         eV      kcal/mol           X/Y/Z coordinate(Angstrom)
     1  0.16364622    4.453040  102.689639      -8.666154   1.028650   1.159075
     2  0.15764304    4.289685   98.922585      -8.131890  -0.955110   0.103291
     3  0.16244538    4.420363  101.936098      -7.907012  -0.743826   2.336432
     4  0.11913597    3.241855   74.759013      -7.704236   2.753154   0.916564
     5  0.14145401    3.849159   88.763805      -7.263502   0.031978   1.071932
     6  0.13253686    3.606511   83.168204      -7.120046   0.836905  -0.214305
     7  0.10252452    2.789834   64.335160      -6.683280  -1.221016  -1.253160
     8  0.13823762    3.761637   86.745492      -6.781653   1.037383   2.243615
     9  0.17491159    4.759586  109.758772      -6.680662   2.698382  -0.676567
    10  0.13162173    3.581609   82.593950      -6.399299  -1.082390   1.042694
    11  0.18049275    4.911457  113.261003      -6.300845   2.864514   2.311096
    12  0.11734614    3.193151   73.635875      -6.155557  -0.948300   3.370957
    13  0.15726972    4.279527   98.688322      -6.159459   0.567914  -1.867216
    14  0.17460089    4.751132  109.563803      -5.490526   0.896066   3.643253
    15  0.17397938    4.734220  109.173798      -5.447476   1.980618   0.124207
    16  0.17820574    4.849225  111.825886      -5.333305   2.025025   1.370697
    17  0.23233391    6.322127  145.791851      -5.279713   3.682000   0.674591
    18  0.16275468    4.428780  102.130188      -5.046939  -1.753238  -0.002168
    19  0.17854597    4.858483  112.039379      -4.782776  -1.632503   2.091616
    20  0.18828284    5.123437  118.149368      -4.833519  -0.597383   0.900573
    21  0.22603758    6.150795  141.840842      -3.848080  -1.832219   0.938712
    22  0.05288021    1.438944   33.182863      -3.895197  -1.613446  -2.410020
    23  0.20224122    5.503263  126.908388      -3.601893   3.674952   0.521856
    24  0.21933237    5.968337  137.633255      -3.095810   1.166990  -0.287572
    25  0.23334036    6.349514  146.423409      -2.950282   1.302116   1.310109
    26  0.15781978    4.294495   99.033489      -2.698945  -1.006093  -0.037041
    27  0.17928107    4.878486  112.500665      -2.778557  -0.395059   1.745886
    28  0.15518518    4.222804   97.380255      -2.391806  -3.969988  -0.128135
    29  0.25862337    7.037500  162.288752      -2.054797   4.288805   0.234551
    30  0.13216413    3.596369   82.934314      -1.872639  -1.994615  -0.266996
    31  0.16133544    4.390161  101.239604      -1.763261  -0.282556  -0.810186
    32  0.24315101    6.616475  152.579689      -1.232182   2.945256   0.703397
    33  0.20620484    5.611119  129.395597      -0.991617   0.903820   1.244530
    34  0.08646372    2.352797   54.256848      -0.884898  -4.569846   0.619088
    35  0.10250830    2.789393   64.324983      -0.898533  -2.800421  -1.798156
    36  0.11660936    3.173102   73.173541      -0.729231  -0.948300  -2.452930
*   37  0.26629366    7.246219  167.101932      -0.570711   3.794313   2.045330
    38  0.14451216    3.932376   90.682824      -0.198028  -1.752686   0.605322
    39  0.19186017    5.220781  120.394176      -0.017083   0.000186  -0.112834
    40  0.24143612    6.569811  151.503582       0.606983   2.620700  -0.805306
    41  0.18001746    4.898524  112.962755       0.744501   1.724583  -2.269198
    42  0.16157899    4.396788  101.392429       0.884527  -2.363119  -0.789738
    43  0.21681360    5.899798  136.052704       0.993991   3.800864   1.554086
    44  0.18984001    5.165809  119.126506       1.149115   0.051414  -1.233451
    45  0.24232833    6.594089  152.063450       1.162028   1.554910   0.274189
    46  0.22392184    6.093223  140.513194       1.356305   0.374643   2.334812
    47  0.18040763    4.909141  113.207593       1.705091  -4.101224   2.933443
    48  0.17002923    4.626731  106.695041       1.809387  -1.348723   1.443167
    49  0.04872519    1.325880   30.575542       1.872243  -2.535832  -3.587042
    50  0.17973567    4.890856  112.785928       2.215182   3.408300  -1.448818
    51  0.22965499    6.249230  144.110803       2.339764   0.429013  -2.606612
    52  0.19074826    5.190524  119.696443       2.234648   2.504262   1.462496
    53  0.19075396    5.190679  119.700016       2.604353   2.018471  -2.075508
    54  0.25263103    6.874440  158.528498       2.579567   4.416827   1.381202
    55  0.17389191    4.731839  109.118911       2.606562  -5.445968   0.249139
    56  0.21118654    5.746678  132.521665       2.737397  -0.818416  -0.667763
    57  0.17385131    4.730735  109.093435       2.657647   0.506937   3.027673
    58  0.18037996    4.908388  113.190230       2.768537   4.359831  -2.893681
    59  0.19733284    5.369700  123.828329       3.001236  -2.869013  -1.142043
    60  0.19400420    5.279123  121.739575       3.001236   1.124970  -1.228615
    61  0.18567252    5.052406  116.511365       2.996860   1.578801   0.238092
    62  0.17963187    4.888032  112.720796       3.169393   2.100906  -3.567182
    63  0.20711326    5.635839  129.965644       3.133990   3.417606   0.249623
    64  0.19995536    5.441062  125.473988       3.261695   5.094819   0.101771
    65  0.21212765    5.772287  133.112222       3.560051   0.957126   4.403922
    66  0.19107556    5.199430  119.901825       3.551818  -1.995754  -0.420378
    67  0.16979154    4.620263  106.545891       3.930743  -1.744600   2.373461
    68  0.20493039    5.576439  128.595869       3.807188   3.539819   1.565985
    69  0.19315541    5.256026  121.206952       4.054100  -0.032193  -1.451884
    70  0.12972337    3.529952   81.402711       4.051518   5.399963  -1.719692
    71  0.14882644    4.049773   93.390080       4.294120   3.152823  -2.446686
    72  0.18122234    4.931311  113.718832       4.474818  -0.527072   1.453809
    73  0.19203081    5.225424  120.501252       4.426025   0.573905   0.778670
    74  0.12637832    3.438929   79.303659       4.742237   0.940406  -3.021279
    75  0.20855017    5.674939  130.867316       4.817958  -3.072991  -0.595697
    76  0.15457431    4.206181   96.996925       4.985650   1.514514  -0.808862
    77  0.16333043    4.444447  102.491478       5.009545   0.132678   3.966745
    78  0.15943976    4.338577  100.050046       5.153101   2.912572  -1.181913
    79  0.14005738    3.811155   87.887407       5.362926   2.214269   1.399234
    80  0.15997463    4.353131  100.385681       5.793780  -2.548419   0.637634
    81  0.17627793    4.796766  110.616166       5.753102   4.470120  -1.752581
    82  0.17764668    4.834012  111.475065       6.118002   2.214738  -2.301552
    83  0.18095032    4.923908  113.548132       6.465139   2.773416  -0.130957
    84  0.15707771    4.274302   98.567836       6.582678  -1.339429   2.773788
    85  0.20254275    5.511469  127.097602       6.600930  -0.392964   4.100135
    86  0.19796186    5.386816  124.223047       7.232955  -2.396328   1.577238
