 Number of surface minima:    54
   #       a.u.         eV      kcal/mol           X/Y/Z coordinate(Angstrom)
     1  0.12600704    3.428826   79.070680      -6.881990  -1.034827  -0.642641
     2  0.13689199    3.725021   85.901094      -6.749696   0.558817  -1.827178
     3  0.13098055    3.564162   82.191603      -6.197369  -0.634119  -3.549290
     4  0.11815508    3.215163   74.143496      -6.080896  -0.116097  -0.804109
     5  0.11615047    3.160615   72.885584      -5.678653  -0.821747  -0.163915
     6  0.11065165    3.010985   69.435018      -5.415084  -1.580004  -2.922093
     7  0.12539983    3.412303   78.689647      -5.294459   0.836001  -1.285405
     8  0.10969824    2.985041   68.836744      -5.055157  -2.283729  -2.305554
     9  0.15105645    4.110455   94.789436      -5.135597   3.301170  -0.133653
    10  0.11501843    3.129811   72.175214      -4.629236  -0.684365  -3.335441
    11  0.12950291    3.523953   81.264369      -4.478917  -0.775984   0.145379
    12  0.14549446    3.959106   91.299229      -4.479805   4.649131   1.469371
    13  0.12740139    3.466768   79.945646      -4.338653   0.922783  -1.046934
    14  0.13627711    3.708289   85.515247      -4.259297   2.570701  -0.212176
    15  0.14743082    4.011797   92.514313      -4.046317   3.475502  -1.027201
    16  0.13606957    3.702641   85.385014      -3.950754  -0.002104  -0.285647
    17  0.15617671    4.249784   98.002449      -3.905660   4.674513  -1.812605
    18  0.11860114    3.227301   74.423402      -3.725436  -2.281005  -1.890962
    19  0.11367591    3.093279   71.332772      -3.706927  -0.614514  -3.132802
    20  0.12977094    3.531247   81.432563      -3.428019   4.234392   1.703604
    21  0.12045262    3.277682   75.585224      -3.177750  -1.421823  -2.352580
    22  0.14009337    3.812134   87.909991      -3.264952   5.042781   0.921730
    23  0.15082325    4.104109   94.643097      -3.213292   6.004486  -0.169407
    24  0.14355440    3.906314   90.081824      -2.979986   3.748067  -1.746166
    25  0.13637962    3.711078   85.579574      -2.150961   5.393433   0.181507
    26  0.12283732    3.342573   77.081646      -1.488862  -1.222138   1.252340
    27  0.08817137    2.399265   55.328419      -1.458187  -2.666885  -1.745756
    28  0.06142587    1.671483   38.545348      -1.325630  -0.621560   2.884135
    29  0.17603870    4.790257  110.466044      -1.127675   2.293021  -1.283623
    30  0.06720634    1.828778   42.172653      -0.724707  -0.611369  -1.084694
    31  0.04018133    1.093390   25.214188      -0.514359  -5.161654  -1.868110
    32  0.02505881    0.681885   15.724653      -0.399570  -4.333795   0.424103
    33  0.15935404    4.336244   99.996251      -0.153938   1.429809  -1.091672
    34  0.00890772    0.242391    5.589680       0.242814  -0.301216   2.965594
*   35 -0.01478496   -0.402319   -9.277712       0.465431  -3.196706   3.219958
    36  0.04345701    1.182525   27.269706       0.518821  -2.821270  -1.728961
    37  0.17126130    4.660257  107.468178       0.570590   3.058095   0.919356
    38  0.19027126    5.177544  119.397118       0.716370   3.872477  -0.026340
    39  0.02895591    0.787930   18.170125       1.119707  -1.677430  -1.682127
    40 -0.01246764   -0.339262   -7.823567       1.717139  -2.799823   2.953113
    41  0.16907557    4.600780  106.096612       2.397183   2.112053  -1.192342
    42  0.12955123    3.525268   81.294692       2.520977   1.176575   1.316552
    43  0.07592966    2.066151   47.646623       3.179672  -2.658530  -0.413389
    44  0.14195866    3.862891   89.080476       3.802270   1.376786   1.164309
    45  0.13091594    3.562404   82.151063       4.206688  -0.477044   0.312025
    46  0.12142296    3.304087   76.194119       5.832773   3.021126  -1.318444
    47  0.11435375    3.111724   71.758121       6.219801   0.917352  -2.279939
    48  0.11315903    3.079214   71.008421       6.190412   1.962772   1.110514
    49  0.10594414    2.882887   66.481005       6.586771  -0.021643   0.182064
    50  0.12396605    3.373288   77.789939       6.584473   2.095066  -1.804170
    51  0.11708740    3.186110   73.473517       6.848759   1.036711   0.576406
    52  0.13513440    3.677194   84.798190       7.137047   3.156197  -1.211370
    53  0.12899389    3.510102   80.944953       7.395266   1.032343  -2.158951
    54  0.13060119    3.553839   81.953552       7.382193   2.346598   0.855104
 
 Number of surface maxima:    67
   #       a.u.         eV      kcal/mol           X/Y/Z coordinate(Angstrom)
     1  0.19482495    5.301456  122.254605      -7.540059  -2.135954  -1.479018
     2  0.20194703    5.495258  126.723781      -7.119249   0.514726  -3.317592
     3  0.15474630    4.210861   97.104852      -6.998583  -0.803797  -2.266461
     4  0.15526345    4.224933   97.429365      -6.037124  -2.484134  -0.658343
     5  0.21677667    5.898793  136.029526      -5.786797   4.506998   0.660740
     6  0.16273103    4.428136  102.115347      -5.559047   1.081750  -3.069109
     7  0.20340448    5.534917  127.638344      -5.027360  -3.341800   0.247655
     8  0.17335898    4.717338  108.784491      -4.765282  -0.220613  -1.019076
     9  0.17681992    4.811515  110.956267      -4.851784   3.188800   1.330243
    10  0.21981819    5.981557  137.938112      -4.614270   1.979191   2.217917
    11  0.17752451    4.830687  111.398402      -4.632987   5.070905  -0.357858
    12  0.16608803    4.519485  104.221897      -4.343715  -1.199060  -2.223388
    13  0.21316560    5.800531  133.763546      -4.220514   1.996042  -3.465992
    14  0.22010581    5.989384  138.118596      -3.971516   6.154364  -1.481577
    15  0.18331962    4.988381  115.034896      -3.688909  -2.525963   0.128578
    16  0.18012916    4.901564  113.032847      -3.184559  -0.175457   3.565804
    17  0.19275054    5.245009  120.952891      -3.091480  -3.214337   0.762537
    18  0.17236533    4.690299  108.160970      -3.144818   1.181540  -2.399136
    19  0.20433356    5.560199  128.221351      -3.049181   1.299649   1.294008
    20  0.17272852    4.700182  108.388872      -2.976783  -5.244742  -1.148316
    21  0.19227431    5.232050  120.654052      -2.888806  -1.037246   0.810177
    22  0.20617577    5.610328  129.377356      -2.934305   3.106531  -0.470112
    23  0.19844984    5.400095  124.529261      -2.623953   2.082831   2.216144
    24  0.20275541    5.517255  127.231050      -2.415099   4.012762   0.700707
    25  0.18389855    5.004134  115.398181      -2.387353   5.403754  -1.615246
    26  0.16523917    4.496387  103.689234      -2.105538  -0.942628  -1.356245
    27  0.17473231    4.754708  109.646269      -1.854807  -3.530127  -3.598286
    28  0.04203895    1.143938   26.379859      -1.854807  -3.270294   3.339724
    29  0.22181554    6.035908  139.191470      -1.749337   0.897272  -1.764008
    30  0.18964104    5.160395  119.001648      -1.356307  -0.072465   1.285244
    31  0.15843059    4.311116   99.416780      -1.081237  -2.577341   0.491504
    32  0.24735204    6.730791  155.215881      -1.064006   1.564912  -0.027455
    33  0.14106476    3.838567   88.519546      -1.024763  -1.057461   1.428897
    34  0.18762946    5.105657  117.739361      -0.960047   1.685415   2.560344
    35  0.23797729    6.475691  149.333129      -0.784681   5.178887  -2.016421
    36  0.24795783    6.747276  155.596019      -0.561078   2.440104   1.154320
    37  0.22076428    6.007301  138.531792      -0.496168   3.982882  -1.216989
    38  0.14341798    3.902602   89.996217      -0.116898  -1.726184  -0.795588
    39  0.17722894    4.822645  111.212932      -0.106829  -0.128313   0.146832
    40  0.08167889    2.222596   51.254321       0.526490  -4.585509  -1.244003
    41  0.11252756    3.062031   70.612171       0.627593  -1.410904   2.288640
    42  0.09729476    2.647525   61.053434       0.793229  -3.193851   1.299146
*   43  0.26420993    7.189518  165.794371       0.996892   3.756116  -1.613872
    44  0.19948083    5.428149  125.176216       1.207954   1.186948  -1.187428
    45  0.15958198    4.342447  100.139289       1.550530  -0.432909   0.707666
    46  0.22507324    6.124554  141.235708       1.501989   2.805976  -0.132659
    47  0.12656540    3.444020   79.421054       1.670278  -2.138352  -0.026340
    48  0.14810585    4.030165   92.937901       2.008012  -4.267900  -0.410628
    49  0.16061342    4.370513  100.786528       2.500600  -1.358143  -0.274894
    50  0.18415310    5.011061  115.557914       2.434476  -0.390845  -1.954889
    51  0.25431785    6.920341  159.586994       2.515816   3.813095   0.899031
    52  0.23497577    6.394016  147.449648       3.046892   1.175497  -1.065239
    53  0.22042716    5.998128  138.320249       3.238088   0.507534   0.303960
    54  0.17213718    4.684091  108.017801       3.687499  -3.129214  -2.302085
    55  0.04797574    1.305486   30.105255       3.730222  -2.116865   2.106568
    56  0.20504526    5.579565  128.667953       3.895346   3.214918   0.432041
    57  0.18311777    4.982888  114.908231       4.519194  -0.557515  -1.891338
    58  0.17709070    4.818883  111.126187       4.670595  -1.079997  -0.820756
    59  0.22212004    6.044194  139.382545       4.892202   4.281533   0.837184
    60  0.18472725    5.026684  115.918197       5.420877   1.701012  -1.217870
    61  0.17749602    4.829912  111.380525       5.529067   1.032344   0.219104
    62  0.19926120    5.422173  125.038397       6.204675  -1.520330  -1.897147
    63  0.16555121    4.504877  103.885039       6.390680   3.593544   0.257892
    64  0.15539806    4.228596   97.513834       7.060369  -0.286232  -1.613872
    65  0.15718367    4.277185   98.634323       7.971241   1.856050  -0.665156
    66  0.20209110    5.499179  126.814188       8.056519   3.415277  -0.033048
    67  0.19718259    5.365611  123.734048       8.587406   0.526513  -1.348679
