 Number of surface minima:    59
   #       a.u.         eV      kcal/mol           X/Y/Z coordinate(Angstrom)
     1  0.12241085    3.330969   76.814033      -5.893210  -4.289163   0.142612
     2  0.16808366    4.573789  105.474176      -5.833516  -1.222426  -1.175997
     3  0.15059598    4.097925   94.500483      -5.462303   1.017463  -3.041716
     4  0.16155500    4.396135  101.377379      -5.568820   2.099786   0.160356
     5  0.12418389    3.379215   77.926630      -5.346646  -4.548112  -1.606705
     6  0.15306692    4.165163   96.051023      -5.184692  -1.510635  -0.035208
     7  0.15360997    4.179940   96.391795      -5.233010   3.619131   0.755765
     8  0.14833284    4.036342   93.080343      -4.776434   2.091544   1.856538
     9  0.16181752    4.403279  101.542112      -4.538635   2.315140  -2.511720
    10  0.15226098    4.143232   95.545288      -4.399836  -2.013959   0.956184
    11  0.11745653    3.196155   73.705146      -4.049799  -4.987436  -0.254270
    12  0.14690397    3.997460   92.183712      -3.447932   1.161353  -3.434935
    13  0.15164894    4.126578   95.161227      -3.266213  -2.351730   1.796502
    14  0.13700954    3.728219   85.974855      -3.282885  -2.236107  -1.709508
    15  0.14242534    3.875590   89.373322      -3.200277  -1.314096  -2.060753
    16  0.18430334    5.015149  115.652190      -2.558880   2.333235  -1.213596
    17  0.17354919    4.722514  108.903855      -2.557854   3.525554  -0.948987
    18  0.17906495    4.872605  112.365046      -2.566158   4.725804  -0.449468
    19  0.14380086    3.913020   90.236479      -2.274217  -0.506534  -1.517780
    20  0.15864776    4.317025   99.553058      -2.159212   1.542154   1.303590
    21  0.17340891    4.718696  108.815826      -2.178831   4.182708   1.669903
    22  0.16021083    4.359558  100.533897      -2.032544   2.860750   1.549654
    23  0.16738615    4.554809  105.036485      -1.694207   4.064333  -0.997204
    24  0.02203910    0.599714   13.829756      -1.452529  -1.570021   2.391616
    25  0.15962807    4.343701  100.168209      -1.181348   3.435129   1.513849
    26  0.17382666    4.730064  109.077966      -0.692157   3.409120  -1.313543
    27  0.03801171    1.034351   23.852730      -0.423966  -0.433948  -1.710037
    28  0.15805197    4.300813   99.179193      -0.041145   2.733745   1.173506
    29  0.14310707    3.894141   89.801116      -0.003452   6.098359   1.232858
    30  0.14372383    3.910924   90.188139       0.271516   6.048747  -0.726681
    31  0.09823678    2.673159   61.644560       0.371669   1.881834   1.963611
    32 -0.00307220   -0.083599   -1.927835       0.595265  -3.608737  -0.030674
    33  0.18856246    5.131045  118.324830       0.519240   2.750858  -1.447164
    34  0.13813380    3.758812   86.680340       0.888458   1.279629   0.650327
*   35 -0.01303506   -0.354702   -8.179631       1.047593  -3.725937   1.343707
    36  0.13576024    3.694224   85.190909       1.105714   0.829549  -0.413464
    37  0.14800510    4.027424   92.874680       1.429519   5.387074   0.671361
    38 -0.00199505   -0.054288   -1.251916       1.700139  -1.886087   3.318702
    39  0.03924357    1.067872   24.625735       1.882199  -0.169085   2.711497
    40  0.06369861    1.733327   39.971517       2.385854   2.102533   3.092872
    41  0.01149547    0.312808    7.213521       2.466030  -2.153500   0.613533
    42  0.09785848    2.662865   61.407176       3.132103   0.602307   1.323136
    43  0.10360372    2.819201   65.012371       3.532660  -1.759885   0.397815
    44  0.10705868    2.913215   67.180394       4.357705  -0.806596  -2.096037
    45  0.09867254    2.685016   61.918008       4.365303  -2.537280  -0.495453
    46  0.09790576    2.664151   61.436844       4.446693  -1.631691  -1.488009
    47  0.10403108    2.830830   65.280542       4.895847  -1.338897   1.237192
    48  0.10672255    2.904068   66.969470       4.840830  -0.097403   0.611178
    49  0.11552950    3.143717   72.495914       4.787753   0.807347  -0.071604
    50  0.08589138    2.337223   53.897698       5.461988  -2.222658  -1.249489
    51  0.09868126    2.685254   61.923475       5.463639  -0.236593  -2.767862
    52  0.09150150    2.489883   57.418109       5.912330  -0.577030   0.793028
    53  0.10498697    2.856841   65.880373       5.835456   1.322885  -0.635908
    54  0.09235870    2.513208   57.956008       6.344405  -1.715465  -1.800650
    55  0.09583281    2.607743   60.136045       6.293514  -0.707015  -2.556038
    56  0.10004604    2.722391   62.779894       6.739513   0.916799  -0.506960
    57  0.09635543    2.621965   60.463995       6.739530  -0.158696   0.307975
    58  0.11283751    3.070465   70.806665       7.542889  -1.176789  -2.188034
    59  0.11508542    3.131634   72.217253       7.970141   0.153201  -0.461162
 
 Number of surface maxima:    64
   #       a.u.         eV      kcal/mol           X/Y/Z coordinate(Angstrom)
     1  0.19508837    5.308624  122.419903      -6.511507  -3.459949  -1.183751
     2  0.23305476    6.341743  146.244193      -5.810137  -1.588785  -2.617925
     3  0.22310875    6.071098  140.002973      -5.797840   1.815329  -1.577214
     4  0.16714183    4.548161  104.883170      -5.577396   2.610946   0.803128
     5  0.13471884    3.665886   84.537422      -5.329594  -4.933312  -0.659054
     6  0.18594328    5.059774  116.681265      -5.298257  -2.542419  -1.567230
     7  0.22496184    6.121523  141.165805      -5.189338   3.274436  -0.917099
     8  0.16620986    4.522800  104.298347      -5.174261  -2.287483   0.273123
     9  0.20024639    5.448982  125.656615      -5.140279  -0.280606  -2.084552
    10  0.22181206    6.035813  139.189284      -4.898597   0.761902   0.807243
    11  0.18538657    5.044625  116.331926      -4.673406  -4.534797   1.163924
    12  0.20982464    5.709619  131.667058      -4.632659   0.145360  -3.908655
    13  0.16654277    4.531859  104.507254      -4.651012   1.947189  -3.030458
    14  0.21432145    5.831983  134.488855      -4.560061   3.659588   2.072708
    15  0.22972565    6.251153  144.155143      -3.936823  -0.905631   0.142612
    16  0.18160090    4.941612  113.956380      -3.845411  -4.809322  -1.846841
    17  0.18219698    4.957832  114.330425      -3.677128  -3.424116   0.671790
    18  0.20882339    5.682373  131.038763      -3.597160   3.842596   0.429424
    19  0.23197495    6.312359  145.566599      -3.519763   1.418446  -0.673828
    20  0.20837114    5.670067  130.754975      -3.398631   1.087799   0.671790
    21  0.16923473    4.605111  106.196486      -3.032234  -1.596656   1.644474
    22  0.22513913    6.126347  141.277057      -2.943602   2.343049  -2.376393
    23  0.20993971    5.712750  131.739269      -2.867615  -1.423955  -0.915742
    24  0.24315441    6.616568  152.581822      -2.920062   5.285886   0.949692
    25  0.20867624    5.678369  130.946430      -2.688707   1.144735  -1.478753
    26  0.21038451    5.724854  132.018387      -2.547002  -3.473836   1.597192
    27  0.15125980    4.115988   94.917034      -1.672110  -2.212864   0.644853
    28  0.24261359    6.601852  152.242457      -1.493707   2.609095  -0.817358
    29  0.20135040    5.479023  126.349390      -1.460174   5.018213   0.686614
    30  0.16608120    4.519299  104.217612      -1.224573  -0.845907  -0.264697
    31  0.23134929    6.295334  145.173995      -1.242419   2.334101   0.762430
    32  0.21097541    5.740933  132.389177      -1.091059   6.472325   0.025739
    33  0.06013097    1.636247   37.732783      -0.646438  -3.443699  -1.821449
    34  0.18029737    4.906141  113.138405      -0.554391   0.547140   0.858838
    35  0.14420610    3.924048   90.490772      -0.289803  -0.830557   2.190748
    36  0.17205610    4.681885  107.966926      -0.367439   0.654852   3.449970
    37  0.20048694    5.455527  125.807557       0.243524   1.813234  -1.315530
    38  0.18945275    5.155272  118.883496       0.703700   1.418446   0.077760
    39  0.20544070    5.590326  128.916091       0.792431   5.012165   2.029421
    40  0.21796485    5.931125  136.775123       0.841134   3.657042  -0.160083
    41  0.15713204    4.275780   98.601924       0.821609   6.101805   0.432678
    42  0.02695404    0.733457   16.913927       1.004679  -3.526624   3.317676
    43  0.15785456    4.295441   99.055312       0.901362  -0.697798  -0.781259
    44  0.10911061    2.969051   68.467996       1.033140   1.788875   2.848851
    45  0.10038682    2.731664   62.993735       1.297729  -2.208468   0.515561
    46  0.18524797    5.040854  116.244953       1.306690   0.240481   0.150769
    47  0.21677038    5.898622  136.025580       1.558871   4.873281  -0.908896
    48  0.10731972    2.920318   67.344197       1.693500  -0.953994   1.597096
*   49  0.26417592    7.188592  165.773030       1.719640   2.495776  -0.633724
    50  0.23575332    6.415174  147.937566       1.959200   1.348337  -1.312625
    51  0.17971854    4.890390  112.775180       2.498166  -0.680923  -1.703596
    52  0.21725115    5.911704  136.327268       2.618383   3.537469   0.671223
    53  0.15183515    4.131645   95.278076       3.086088   0.296331   0.608028
    54  0.21962160    5.976208  137.814752       3.671066   1.960377  -2.368638
    55  0.16004614    4.355077  100.430551       4.191703  -2.591657   0.936378
    56  0.18058120    4.913864  113.316506       4.619281   1.561777   2.269928
    57  0.14814192    4.031147   92.960539       5.420911  -0.784450  -1.663401
    58  0.15222495    4.142251   95.522677       5.635630   0.154735  -0.386565
    59  0.12734661    3.465277   79.911270       5.794793  -2.291100   0.538482
    60  0.18974173    5.163135  119.064832       6.971297   1.942351  -2.884337
    61  0.17473434    4.754763  109.647543       7.377442  -2.668461   0.413305
    62  0.14120555    3.842399   88.607897       7.585747   0.597867  -2.106391
    63  0.13509821    3.676209   84.775479       7.809626  -1.344171  -0.625275
    64  0.18269012    4.971251  114.639876       8.788038  -0.446374  -1.477672
