 Number of surface minima:    79
   #       a.u.         eV      kcal/mol           X/Y/Z coordinate(Angstrom)
     1  0.07324375    1.993064   45.961186      -6.845606  -2.889984   0.537159
     2  0.07345314    1.998762   46.092582      -6.694688  -3.296367   1.579153
     3  0.07327808    1.993998   45.982725      -6.295434  -5.273460  -0.533974
     4  0.07299979    1.986425   45.808096      -6.055390  -5.672677   0.536301
     5  0.07617964    2.072953   47.803485      -6.033474  -2.372313  -0.141331
     6  0.07862600    2.139522   49.338600      -5.979319  -0.297894  -0.884534
     7  0.07858301    2.138352   49.311624      -5.622658  -3.179058   1.970210
     8  0.07735950    2.105059   48.543863      -5.458458  -4.787149  -1.153174
     9  0.07824154    2.129061   49.097351      -5.560397  -0.928564  -0.220881
    10  0.08121685    2.210023   50.964385      -5.550018  -0.124420  -1.994986
    11  0.11338648    3.085403   71.151150      -5.328461   5.917250  -1.957235
    12  0.08015781    2.181205   50.299825      -5.072475  -5.594467   0.955771
    13  0.09679995    2.634061   60.742937      -4.863907   4.553827  -1.632282
    14  0.08662519    2.357191   54.358175      -4.765140  -0.593943  -2.301312
    15  0.10980016    2.987814   68.900698      -4.667940   6.872718  -0.057881
    16  0.09445366    2.570215   59.270615      -4.462168   3.572685  -1.241205
    17  0.09362029    2.547538   58.747665      -4.112210   5.282217  -2.309853
    18  0.08973341    2.441770   56.308611      -4.060181   5.699524   0.621046
    19  0.10425821    2.837010   65.423067      -3.954544   2.443285  -0.521593
    20  0.07715366    2.099458   48.414691      -3.807413   0.853866   0.790341
    21  0.08616448    2.344655   54.069072      -3.883075   1.797825  -1.164918
    22  0.08590954    2.337717   53.909093      -3.667190   4.765710   1.010175
    23  0.08955438    2.436899   56.196271      -3.364186   6.566922  -0.110016
    24  0.10030805    2.729521   62.944302      -3.269223   3.311667  -1.502222
    25  0.10034417    2.730504   62.966972      -3.177306   3.474353   1.270937
    26  0.09260849    2.520005   58.112755      -3.142273   5.083868  -2.555514
    27  0.06985436    1.900834   43.834310      -3.008383   0.325460   0.526569
    28  0.08148378    2.217286   51.131886      -2.999263   1.202876  -1.362010
    29  0.15237850    4.146430   95.619034      -2.554762  -2.924063  -1.255531
    30  0.10261665    2.792341   64.392972      -2.709470   4.037317  -2.100151
    31  0.07400746    2.013845   46.440422      -2.529478   0.497150  -0.618194
    32  0.09373542    2.550670   58.819912      -2.524821   4.488308   0.732773
    33  0.14479363    3.940035   90.859454      -2.333850  -4.049695  -0.920819
    34  0.12784599    3.478866   80.224640      -2.305795  -2.030451   1.210687
    35  0.08975794    2.442438   56.324008      -2.389428   6.343528  -0.322482
    36  0.15425928    4.197608   96.799241      -2.246062  -5.155005  -0.311410
    37  0.02329838    0.633981   14.619966      -2.183006   1.548106   0.712448
    38  0.13311326    3.622196   83.529902      -2.143860  -3.084902   1.522421
    39  0.15456430    4.205908   96.990642      -1.905101  -4.548713   1.734139
    40  0.09689676    2.636695   60.803689      -1.886924   5.123720   0.162257
    41  0.15158026    4.124709   95.118126      -1.261712  -4.302916  -0.912042
    42  0.13524520    3.680209   84.867718      -0.872042  -3.508351   1.584579
*   43  0.00077909    0.021200    0.488889      -0.754369   1.199503   3.264917
    44  0.06636316    1.805833   41.643544      -0.821363   3.798317   1.362557
    45  0.13575700    3.694136   85.188875      -0.092929  -2.719544   1.296412
    46  0.02828407    0.769649   17.748534      -0.066298  -0.096727  -1.892343
    47  0.01862848    0.506907   11.689557       0.055377   2.467292   2.694551
    48  0.08852614    2.408919   55.551038       0.305656   4.159521   0.242072
    49  0.02528877    0.688142   15.868956       0.633634   0.763162  -2.479156
    50  0.02177707    0.592584   13.665327       0.832806  -0.869768   2.219181
    51  0.13599906    3.700723   85.340768       1.522078  -1.649196  -1.832606
    52  0.03168539    0.862203   19.882897       1.442472   4.458158   2.583357
    53  0.02876314    0.782685   18.049160       1.866998   2.926884   0.626587
    54  0.01934945    0.526525   12.141974       2.287269   2.526170  -0.656083
    55  0.13505026    3.674904   84.745389       2.443516  -1.913055  -2.368882
    56  0.08161364    2.220820   51.213372       3.016037   1.258177   2.948537
    57  0.14967815    4.072950   93.924534       3.236961  -3.631422  -0.517481
    58  0.06610788    1.798887   41.483357       3.199897   1.522766   0.524847
    59  0.12697708    3.455222   79.679385       3.381587  -0.447101  -1.289114
    60  0.13278241    3.613193   83.322288       3.425453  -1.255415  -2.048377
    61  0.15478825    4.212003   97.131176       3.615850  -2.459465  -2.932356
    62  0.06803011    1.851194   42.689577       3.625311   2.325890   2.794227
    63  0.05851060    1.592155   36.715990       3.726865   2.448826   0.656775
    64  0.06156377    1.675235   38.631881       3.933932   2.845709   1.751731
    65  0.14269450    3.882915   89.542228       4.167120  -3.024024  -0.248355
    66  0.14891388    4.052153   93.444946       4.167707  -2.171595   0.539321
    67  0.15297811    4.162746   95.995296       4.442994  -3.641875  -1.272855
    68  0.07909052    2.152163   49.630095       5.417217   0.067528   2.693215
    69  0.07171086    1.951352   44.999284       5.940475   0.993588   2.820737
    70  0.07062440    1.921788   44.317518       6.037806   1.115063   0.816474
    71  0.06850621    1.864149   42.988333       6.283829   1.577036   1.790330
    72  0.07622839    2.074280   47.834074       6.821883   0.066185  -2.234272
    73  0.07173284    1.951950   45.013076       7.077595  -0.006416   0.044696
    74  0.07899188    2.149478   49.568197       7.148242  -2.578358  -2.294417
    75  0.07505357    2.042311   47.096866       7.377502  -2.664577  -0.087733
    76  0.07083354    1.927479   44.448752       7.707445   0.152324  -1.846756
    77  0.06955820    1.892775   43.648465       7.910671   0.118468  -0.613620
    78  0.07155371    1.947075   44.900667       8.109212  -2.486774  -1.977742
    79  0.07124221    1.938599   44.705199       8.268243  -2.519165  -0.880787
 
 Number of surface maxima:    93
   #       a.u.         eV      kcal/mol           X/Y/Z coordinate(Angstrom)
     1  0.16375193    4.455917  102.755974      -8.558856  -4.967944   0.661625
     2  0.11900829    3.238380   74.678895      -7.743617  -4.167036  -0.516117
     3  0.16831421    4.580062  105.618848      -7.479624  -3.475587  -2.102788
     4  0.11883610    3.233695   74.570842      -7.273497  -5.022963   1.736060
     5  0.17271578    4.699835  108.380878      -6.557704   1.007425   1.351807
     6  0.17746345    4.829026  111.360089      -6.616897   2.316531  -1.600413
     7  0.16794867    4.570116  105.389473      -6.401019  -5.369151   3.218957
     8  0.12983804    3.533073   81.474668      -6.219848   1.522766  -0.116061
     9  0.18325564    4.986640  114.994746      -6.250071   4.192362   0.569629
    10  0.18111485    4.928386  113.651382      -5.899481   6.953505  -1.042110
    11  0.12805608    3.484583   80.356470      -5.821572  -3.107535  -1.902506
    12  0.12630155    3.436840   79.255485      -5.605884  -3.206888   0.700281
    13  0.13672494    3.720475   85.796266      -5.732023   5.509681  -0.364909
    14  0.12397354    3.373492   77.794636      -5.289612  -0.197060   1.407634
    15  0.12899102    3.510024   80.943158      -5.277449   1.787354  -2.416737
    16  0.12690034    3.453134   79.631231      -5.224056  -4.693124   0.149507
    17  0.12998705    3.537127   81.568171      -4.734747  -0.482942  -1.075458
    18  0.13421458    3.652164   84.220988      -4.806881   3.394115   0.557153
    19  0.18286683    4.976059  114.750762      -4.428015  -2.577332  -2.366330
    20  0.16985895    4.622097  106.588192      -4.298747  -1.242243   2.120938
    21  0.17590972    4.786747  110.385106      -4.295819   1.526995  -3.811471
    22  0.13495094    3.672202   84.683064      -4.299715   7.029954  -1.703592
    23  0.12815627    3.487309   80.419339      -3.785681   0.726921  -0.523162
    24  0.16460707    4.479186  103.292584      -3.781413   2.179224   0.952076
    25  0.14515921    3.949983   91.088855      -3.566899   4.504585  -1.439004
    26  0.17156767    4.668594  107.660431      -3.482016  -2.556757  -0.903856
    27  0.16312373    4.438822  102.361769      -3.499640  -1.925370   0.673580
    28  0.18719102    5.093727  117.464237      -3.323237  -4.535204   2.844832
    29  0.13326255    3.626258   83.623583      -3.241361   0.397790  -3.093157
    30  0.14187028    3.860487   89.025021      -3.094171   5.250085  -0.105323
    31  0.17157454    4.668781  107.664742      -2.968356  -4.305943   1.224375
    32  0.17944364    4.882910  112.602681      -2.997221   7.696716  -2.497358
    33  0.04849349    1.319575   30.430153      -2.195484  -0.469402   3.073004
    34  0.22204922    6.042266  139.338105      -2.130112  -5.832821   0.942294
    35  0.18787846    5.112433  117.895615      -1.945182  -1.317961  -1.439004
    36  0.18484005    5.029754  115.988979      -2.035723  -0.745349  -3.035291
    37  0.13316685    3.623654   83.563530      -2.044208   3.243844   0.544820
    38  0.13891572    3.780089   87.171006      -1.918418   6.417655  -2.171849
    39  0.14542140    3.957118   91.253384      -1.762745  -0.563300   0.295769
    40  0.22172207    6.033364  139.132813      -1.371452  -2.948907  -0.767329
    41  0.12619103    3.433833   79.186133      -1.428803   0.588081   0.389939
    42  0.17099942    4.653131  107.303844      -1.407408   2.707366  -1.734079
    43  0.20679814    5.627263  129.767898      -1.281184  -2.585854   0.771219
    44  0.15657239    4.260551   98.250739      -0.987015   5.357450   2.791271
    45  0.16654162    4.531828  104.506534      -0.816334   4.344676  -1.439004
    46  0.19029857    5.178287  119.414253      -0.626672  -5.141841   0.531121
    47  0.10946793    2.978774   68.692219      -0.728279   1.918811   1.338686
    48  0.13525444    3.680461   84.873516      -0.435023   1.150255  -1.002769
    49  0.11500969    3.129573   72.169732      -0.463181   2.854119   0.830565
    50  0.19041885    5.181561  119.489735      -0.497207   5.608576  -2.232769
    51  0.15707539    4.274239   98.566380      -0.278913  -0.858532   0.729678
    52  0.15469611    4.209495   97.073355       0.258037   2.376277  -0.116061
    53  0.18137848    4.935559  113.816810       0.315295   3.902630  -1.441904
    54  0.12515863    3.405740   78.538293       0.704025   0.583723   1.958190
    55  0.24420075    6.645040  153.238410       0.983640  -5.064638   0.427663
    56  0.21783345    5.927550  136.692668       0.981308  -3.654155  -0.649315
    57  0.15985772    4.349950  100.312317       1.021144  -0.435478  -0.474132
    58  0.16580353    4.511743  104.043373       1.045132   5.888478   0.333898
*   59  0.24457273    6.655162  153.471835       1.231475  -4.302794  -2.246718
    60  0.12773286    3.475788   80.153648       1.757417   0.987047   0.527734
    61  0.07406092    2.015300   46.473967       1.806878   3.255058   2.410049
    62  0.14091034    3.834365   88.422645       2.382176   1.522766   2.729296
    63  0.05676568    1.544673   35.621031       2.447294   1.655060  -2.422365
    64  0.20689661    5.629943  129.829692       2.578820  -1.385138  -1.176124
    65  0.14752000    4.014223   92.570272       2.452737   0.196114   0.150927
    66  0.09212491    2.506846   57.809302       2.711883   0.781487   2.450018
    67  0.19025598    5.177128  119.387527       2.839580  -3.805743  -2.257576
    68  0.22003516    5.987461  138.074262       2.906303  -2.383938   0.016234
    69  0.18349313    4.993102  115.143776       2.976471  -1.123120   1.402356
    70  0.18006778    4.899893  112.994331       3.087681  -1.435464   3.046976
    71  0.11583642    3.152069   72.688514       3.768383   1.530644   1.741171
    72  0.22175007    6.034126  139.150389       4.431709  -3.690492  -2.815726
    73  0.15997607    4.353170  100.386581       4.361218  -0.135257  -0.645238
    74  0.16356563    4.450847  102.639067       4.431709   1.026501   4.976249
    75  0.17131136    4.661619  107.499594       4.670497  -2.059109  -2.278869
    76  0.16677573    4.538198  104.653439       4.704619   1.264933  -1.560436
    77  0.16885891    4.594885  105.960655       4.850847  -1.367261   0.445941
    78  0.18839220    5.126413  118.217992       4.935526  -1.532428  -3.740112
    79  0.11455726    3.117262   71.885828       5.055491   2.171307   3.922139
    80  0.12190178    3.317116   76.494588       5.215078   0.744468   1.737298
    81  0.11620442    3.162083   72.919438       5.239139   2.326323  -0.383594
    82  0.17884541    4.866631  112.227283       5.754652  -1.682842   1.814005
    83  0.11312643    3.078327   70.987967       5.736783   3.340662   1.859971
    84  0.15994455    4.352312  100.366803       5.821720   3.574248   3.522954
    85  0.16100835    4.381260  101.034352       5.998509   3.724976   0.268206
    86  0.12308749    3.349381   77.238630       6.919290  -0.498294  -1.181831
    87  0.12470265    3.393332   78.252161       6.995595  -2.131181  -1.256415
    88  0.12408124    3.376422   77.862218       7.281331  -1.418567   1.278324
    89  0.16742208    4.555787  105.059030       8.106079  -1.001958  -4.259587
    90  0.11727402    3.191188   73.590619       8.913428  -0.998402  -2.738419
    91  0.16441599    4.473987  103.172679       8.986374  -1.227203   1.395836
    92  0.11599665    3.156429   72.789055       9.284828  -1.133720  -0.271104
    93  0.16177141    4.402024  101.513180      10.195627  -0.885082  -1.703592
