 Number of surface minima:    70
   #       a.u.         eV      kcal/mol           X/Y/Z coordinate(Angstrom)
     1  0.10971028    2.985369   68.844299      -8.028609   0.075579  -1.796944
     2  0.10286865    2.799198   64.551107      -7.924098  -0.440392   0.870705
     3  0.10903660    2.967037   68.421560      -7.132182  -1.034600  -3.030861
     4  0.09670296    2.631421   60.682075      -7.031960  -1.992733   1.399882
     5  0.10571836    2.876743   66.339325      -6.528814  -0.429415   1.931055
     6  0.09640334    2.623268   60.494063      -5.856796  -3.592816  -0.442221
     7  0.10203552    2.776528   64.028308      -5.810404  -3.152474  -2.304359
     8  0.17162015    4.670022  107.693361      -5.205427   1.936526  -1.242582
     9  0.16657552    4.532750  104.527802      -4.950442   1.211600  -0.123189
    10  0.16669222    4.535926  104.601032      -4.547044   0.365842   0.881644
    11  0.16476870    4.483584  103.394005      -4.266656   2.109551  -0.415887
    12  0.10359381    2.818931   65.006150      -4.278811  -3.220799  -1.374513
    13  0.16553238    4.504365  103.873225      -4.175585   0.731193  -2.724435
    14 -0.00561865   -0.152891   -3.525762      -3.744270  -3.490458   2.883407
    15  0.15777186    4.293191   99.003422      -3.627499  -0.248835  -1.848213
    16  0.17709130    4.818899  111.126564      -3.551788   2.999260  -1.037999
    17  0.15637084    4.255067   98.124266      -3.362911  -1.158493  -0.905750
    18  0.14870369    4.046433   93.313054      -2.951690   0.626248  -2.152931
    19  0.04820504    1.311726   30.249142      -1.835705  -0.633012   2.530205
    20  0.04882757    1.328666   30.639787      -1.752906  -2.673272   2.737078
    21  0.15919707    4.331972   99.897751      -1.378496   3.620212   0.341527
    22  0.08586533    2.336515   53.881355      -1.314195  -3.418860  -0.452238
    23  0.15946251    4.339195  100.064318      -0.844188   1.554839   1.933935
    24  0.14357882    3.906978   90.097148      -0.717025   4.376762   1.135293
    25  0.03432216    0.933953   21.537497      -0.610776   0.704130  -2.446141
    26  0.09645578    2.624695   60.526964      -0.557079  -0.946272  -1.887956
    27  0.14135661    3.846509   88.702684       0.076741   4.775172   0.738410
    28  0.14884328    4.050232   93.400647      -0.045862   4.871654   1.805395
    29  0.06189740    1.684314   38.841237       0.341330  -3.825854   2.512426
    30  0.00901463    0.245301    5.656772       0.525361   2.073199  -3.178682
    31  0.14066411    3.827665   88.268138       0.603647   4.601692  -0.715739
    32  0.11664222    3.173996   73.194158       0.980178   0.481460  -0.469789
    33  0.15320420    4.168898   96.137165       1.223120   3.131554   2.546260
    34  0.05483687    1.492187   34.410682       1.685336  -3.315153   1.657187
    35  0.14721207    4.005844   92.377048       1.603403   2.734671   1.471307
    36  0.09592863    2.610351   60.196174       1.796567   6.505807  -1.378299
    37  0.14080095    3.831389   88.354006       1.999572   2.470082   0.052457
    38  0.17144346    4.665214  107.582488       2.342978  -1.474332  -1.097584
    39  0.12534329    3.410764   78.654165       2.393353  -0.637372  -1.246004
    40  0.09508414    2.587371   59.666249       2.493586   7.411829  -0.026889
    41  0.09669770    2.631278   60.678777       2.483629  -0.438150   1.675392
    42  0.10269049    2.794350   64.439307       2.627271   6.752976   2.486588
    43  0.13621212    3.706520   85.474470       2.750279  -3.469767   1.281756
    44  0.11891460    3.235831   74.620102       3.165433  -4.892476  -0.165933
    45  0.12284478    3.342776   77.086326       3.220157  -4.731576  -1.259853
    46  0.13478413    3.667663   84.578392       3.276747  -1.202203  -0.431497
    47  0.12387113    3.370705   77.730372       3.328302  -4.994195   1.236755
    48  0.09860868    2.683279   61.877932       3.314141   1.411728   0.271570
*   49 -0.01207242   -0.328507   -7.575564       3.304921   3.660731  -3.971068
    50  0.08960593    2.438301   56.228617       3.496245   6.431021  -1.221642
    51  0.10456743    2.845424   65.617105       3.589422   5.218097   3.192736
    52  0.10446149    2.842542   65.550632       4.099748  -5.545693   0.395705
    53  0.10475617    2.850560   65.735543       4.164568   2.583876   0.198501
    54  0.10983836    2.988854   68.924668       4.208322  -5.191325  -2.010105
    55  0.12910222    3.513050   81.012936       4.545782  -2.694298   0.191107
    56  0.13258749    3.607889   83.199975       4.513441  -2.486113  -0.877975
    57  0.09389543    2.555024   58.920319       4.863838   4.336587  -0.463284
    58  0.10817336    2.943547   67.879867       4.851610  -5.861225  -0.184337
    59  0.10823391    2.945194   67.917860       4.911490  -5.660010  -1.539511
    60  0.10116248    2.752771   63.480467       4.950723   3.781719   1.471521
    61  0.11768867    3.202472   73.850817       5.022492  -5.945891   1.030397
    62  0.12084831    3.288450   75.833522       5.154366  -5.417134  -2.650800
    63  0.11121637    3.026351   69.789386       5.438076  -3.281304   0.841931
    64  0.11601213    3.156851   72.798771       5.545152  -2.909639  -1.622045
    65  0.12497193    3.400659   78.421138       6.130573  -6.196794  -0.916868
    66  0.12152829    3.306953   76.260215       6.137480  -4.017494   1.386109
    67  0.11291285    3.072515   70.853944       6.199593  -3.601723   0.113231
    68  0.11275012    3.068087   70.751829       6.269648  -3.414118  -1.176961
    69  0.12405854    3.375805   77.847976       6.323406  -3.470651  -2.416856
    70  0.12758711    3.471822   80.062186       7.185681  -4.285724  -0.606214
 
 Number of surface maxima:    87
   #       a.u.         eV      kcal/mol           X/Y/Z coordinate(Angstrom)
     1  0.16377064    4.456426  102.767717      -8.189820  -1.827650   0.179926
     2  0.16950819    4.612552  106.368082      -8.189879  -1.430826  -1.939472
     3  0.11388422    3.098947   71.463486      -7.334876  -0.835658   1.650324
     4  0.14109432    3.839372   88.538094      -7.271445  -0.175804  -0.584533
     5  0.12479523    3.395851   78.310254      -7.328847   0.224046  -2.832887
     6  0.16357935    4.451220  102.647675      -7.113889  -3.227691  -1.406504
     7  0.14662248    3.989800   92.007070      -6.988110  -1.639676  -0.882040
     8  0.18430345    5.015152  115.652261      -6.966058   1.483600  -1.438721
     9  0.17524342    4.768616  109.967000      -6.833124   0.954696   0.942850
    10  0.13008416    3.539770   81.629113      -6.255702  -2.250120   0.076939
    11  0.13998665    3.809230   87.843023      -6.175334  -1.639856  -2.226942
    12  0.15368592    4.182007   96.439454      -5.620181  -1.606496   2.054891
    13  0.18179094    4.946783  114.075635      -5.611914  -0.287940  -3.456513
    14  0.18621311    5.067116  116.850586      -5.577703   0.769212  -0.976046
    15  0.11296913    3.074046   70.889257      -5.227509  -3.633481  -1.520249
    16  0.23538336    6.405107  147.705410      -5.317173   1.573978  -2.694426
    17  0.18364737    4.997299  115.240560      -4.924862  -0.121481  -1.985447
    18  0.20378022    5.545142  127.874127      -4.736292  -1.386230   0.464423
    19  0.17191626    4.678079  107.879172      -4.421265  -2.316913  -2.747280
    20  0.15304379    4.164533   96.036508      -4.307792  -3.230017   0.160113
    21  0.19835477    5.397508  124.469604      -3.984760   2.205494  -2.132442
    22  0.24620327    6.699532  154.495013      -3.495205   1.047370   0.241758
    23  0.20083624    5.465032  126.026752      -3.076472  -0.158976   1.694475
    24  0.23395014    6.366107  146.806055      -2.833734   0.165059  -0.905141
    25  0.23931405    6.512067  150.171961      -2.701306   3.263991  -2.171965
    26  0.19965328    5.432842  125.284428      -2.158808  -1.207536   0.484303
    27  0.23956165    6.518804  150.327330      -1.907673   2.470082   2.648971
    28  0.23350046    6.353871  146.523873      -1.888817   1.685513   1.127470
    29  0.22160911    6.030290  139.061931      -1.675464   2.602377  -1.050176
    30  0.13644144    3.712760   85.618367      -1.531485  -2.433332  -2.078809
    31  0.20550343    5.592033  128.955456      -1.309211  -1.958639   1.002999
    32  0.21329699    5.804106  133.845992      -0.981613   0.405287  -0.003442
    33  0.18919772    5.148332  118.723464      -0.569829   3.275067   2.610297
    34  0.10199017    2.775294   63.999853      -0.432519  -3.086278   3.950279
    35  0.04346155    1.182649   27.272558      -0.479832   1.258107  -3.117191
    36  0.23487799    6.391355  147.388291      -0.407300  -0.308098  -0.010220
    37  0.22009683    5.989139  138.112960      -0.265042   3.583536  -0.132550
    38  0.20916311    5.691618  131.251946      -0.089892  -2.879722   0.724060
    39  0.23241522    6.324340  145.842875      -0.023141  -0.558265   2.100947
    40  0.17270497    4.699541  108.374096       0.076741   1.764395   1.796765
    41  0.17251567    4.694390  108.255306       0.262762   3.528437  -1.853749
    42  0.22233015    6.049911  139.514390       0.589169   4.316794   3.224970
    43  0.21888233    5.956091  137.350854       0.645643   2.337788   0.381252
    44  0.16514887    4.493929  103.632569       0.857863   6.848843   0.075385
*   45  0.25233181    6.866298  158.340732       0.939412  -1.262527  -0.319944
    46  0.22029802    5.994614  138.239210       0.870921   1.411641   2.193510
    47  0.17467358    4.753110  109.609421       0.962154   6.291688   2.440347
    48  0.16676147    4.537810  104.644488       1.134515   4.985633   1.534859
    49  0.19627211    5.340836  123.162712       1.294453  -1.611768   1.810624
    50  0.17595105    4.787872  110.411042       1.399684   2.001883  -1.317321
    51  0.20096252    5.468468  126.105989       1.533615  -3.747238  -0.848680
    52  0.22615332    6.153945  141.913468       1.670421  -2.147507  -2.173703
    53  0.15485978    4.213949   97.176060       1.954140   0.774266  -0.933275
    54  0.16957314    4.614320  106.408838       1.813649   3.799231   1.938454
    55  0.13174796    3.585044   82.673165       2.299677   6.401072   1.124023
    56  0.19027759    5.177716  119.401088       2.378595   4.110465  -0.716827
    57  0.10520617    2.862805   66.017922       2.470459   7.094745  -0.958414
    58  0.17771164    4.835780  111.515834       2.570525   3.883965   3.384296
    59  0.14344720    3.903397   90.014552       2.556359   5.501176  -2.093708
    60  0.11860364    3.227369   74.424970       2.604458   5.800551   3.391058
    61  0.18622660    5.067484  116.859055       2.908879  -1.709378  -0.133692
    62  0.19221998    5.230572  120.619962       3.251804  -3.772875   2.271358
    63  0.21502826    5.851217  134.932385       3.241458  -2.802912  -3.239400
    64  0.19502339    5.306856  122.379129       3.229961   0.882551  -2.349588
    65  0.15452825    4.204928   96.968025       3.408523  -0.428494   0.759971
    66  0.13467106    3.664586   84.507439       3.653757   4.324381   1.931092
    67  0.12329930    3.355145   77.371542       3.786818   5.119370  -0.318870
    68  0.13923840    3.788870   87.373490       3.717295   5.581459   0.971322
    69  0.17210445    4.683200  107.997264       3.885873   2.547157   1.796765
    70  0.14259479    3.880202   89.479657       3.934426  -0.581751  -1.515806
    71  0.15232791    4.145053   95.587286       4.034625   3.110486  -1.168109
    72  0.15714435    4.276115   98.609653       4.008581   7.089508   0.187417
    73  0.16373420    4.455434  102.744849       4.138292   6.427457   2.300136
    74  0.16429606    4.470723  103.097418       4.294123  -4.836681  -0.723426
    75  0.14935411    4.064132   93.721199       4.729751  -4.522299   1.826560
    76  0.15921235    4.332388   99.907339       4.712483  -3.608206  -3.084605
    77  0.11370352    3.094030   71.350098       4.969803   3.267738   0.346106
    78  0.16875335    4.592012  105.894415       5.032055  -3.422737  -0.557267
    79  0.21255223    5.783840  133.378648       5.034883  -0.440392  -0.085228
    80  0.15979837    4.348335  100.275072       5.290140   5.169889   0.895700
    81  0.12742003    3.467275   79.957346       5.735839  -6.131305  -0.865875
    82  0.19050445    5.183890  119.543449       6.141766  -5.339334   2.046037
    83  0.19463555    5.296303  122.135751       6.162279  -4.441943  -3.562527
    84  0.14904502    4.055721   93.527243       6.617965  -5.335282   0.400330
    85  0.15032990    4.090685   94.333516       6.599313  -4.938399  -2.039770
    86  0.13062387    3.554456   81.967785       6.882179  -3.953910  -0.556716
    87  0.19303603    5.252778  121.132041       7.547640  -5.732164  -0.817639
