 Number of surface minima:    55
   #       a.u.         eV      kcal/mol           X/Y/Z coordinate(Angstrom)
     1  0.14861410    4.043995   93.256832      -7.585288  -2.256314  -1.495308
     2  0.13949214    3.795774   87.532711      -6.791523  -2.671375  -0.455132
     3  0.13648736    3.714010   85.647180      -6.772320  -1.408331  -0.921285
     4  0.14637893    3.983173   91.854242      -6.278116  -2.874150  -3.174174
     5  0.12672857    3.448460   79.523447      -5.999734  -3.256776   0.410274
     6  0.13907955    3.784547   87.273811      -5.444404  -4.662540  -1.799982
     7  0.13962653    3.799431   87.617043      -5.336285  -3.864715   0.865119
     8  0.13561881    3.690376   85.102161      -5.261768  -3.444406  -2.418812
     9  0.13168463    3.583321   82.633423      -5.207291  -2.320512  -2.877057
    10  0.12203585    3.320764   76.578716      -4.485588  -3.991169  -1.642631
    11  0.18574888    5.054484  116.559280      -3.881048   0.430716   0.507096
    12  0.20393833    5.549444  127.973340      -3.566692   3.095792  -0.591442
    13  0.16563540    4.507168  103.937867      -3.329091  -1.003566  -1.939045
    14  0.13845237    3.767481   86.880248      -2.621747   6.006267  -0.704850
    15  0.15030995    4.090142   94.320999      -2.517852   7.221193  -0.336367
    16  0.15741951    4.283603   98.782317      -2.293516  -0.281253  -1.504662
    17  0.18826364    5.122914  118.137317      -2.364058   2.302026  -1.240928
    18  0.14684857    3.995953   92.148944      -2.009457   6.947732   1.766412
    19  0.16347320    4.448332  102.581066      -1.889200   3.228565   1.481129
    20  0.13147089    3.577505   82.499301      -1.922493   5.597190   1.827534
    21  0.15399290    4.190360   96.632086      -1.775916   1.899671   1.322694
*   22 -0.00896078   -0.243835   -5.622978      -1.499750  -4.905164   2.867440
    23  0.14182922    3.859369   88.999255      -1.379590   6.529178  -0.927517
    24  0.03330656    0.906318   20.900199      -1.086172  -0.184083   2.541981
    25  0.13629642    3.708814   85.527364      -0.728896   6.126892   1.567643
    26  0.12989685    3.534673   81.511571      -0.294582   6.019576  -1.282796
    27  0.14417949    3.923323   90.474069      -0.071866   7.064621  -0.955822
    28  0.03902309    1.061872   24.487376       0.069293  -0.099611  -1.856095
    29  0.02309215    0.628369   14.490553       0.352370  -3.578454   0.020263
    30  0.03385738    0.921306   21.245847       0.273466  -1.613412  -2.228740
    31  0.12337894    3.357312   77.421516       0.296041   5.712905   1.286877
    32  0.14373064    3.911110   90.192416       0.718778   5.609384  -1.358872
    33  0.02982593    0.811605   18.716070       1.255163  -3.397463   1.321812
    34  0.00822582    0.223836    5.161783       1.807607   0.116075   3.195326
    35  0.02141535    0.582741   13.438346       2.056221  -1.272200   2.924749
    36  0.02918799    0.794246   18.315754       2.736841  -3.649808   3.192192
    37  0.02760978    0.751300   17.325413       2.772384   0.597324   0.453579
    38  0.06434161    1.750824   40.375001       3.584459  -1.609777   1.740089
    39  0.01251099    0.340441    7.850768       3.908179   2.827670  -1.578972
    40  0.09016772    2.453588   56.581147       4.329452   1.124701  -1.305457
    41  0.09284031    2.526313   58.258222       4.473018  -0.192596  -1.936117
    42  0.09789626    2.663893   61.430880       4.697633  -1.281583  -2.264435
    43  0.09628588    2.620072   60.420352       4.997755   0.587199   0.682367
    44  0.09217735    2.508273   57.842208       5.229447  -0.751046   0.516739
    45  0.09678122    2.633551   60.731183       5.312225  -1.866425   0.217523
    46  0.08070226    2.196020   50.641475       5.436134   0.582200  -2.039865
    47  0.08846002    2.407120   55.509546       5.700619  -1.767709  -2.701440
    48  0.08184599    2.227143   51.359179       6.187156  -0.066106   0.436796
    49  0.08707862    2.369530   54.642708       6.283129   0.182999  -2.372567
    50  0.08893170    2.419954   55.805528       6.467399  -2.301119  -0.202845
    51  0.08844931    2.406828   55.502826       6.447578  -1.132334  -2.747414
    52  0.08697351    2.366669   54.576745       7.027747  -0.476154   0.080925
    53  0.08822559    2.400740   55.362440       7.217757  -1.674210  -0.269109
    54  0.10783966    2.934466   67.670466       7.729047  -0.343860  -2.686442
    55  0.10752525    2.925911   67.473171       8.321626  -0.856255  -0.609611
 
 Number of surface maxima:    69
   #       a.u.         eV      kcal/mol           X/Y/Z coordinate(Angstrom)
     1  0.21493432    5.848660  134.873437      -7.740420  -2.737219  -2.942377
     2  0.17115569    4.657383  107.401909      -6.993605  -3.721005  -1.862554
     3  0.20849248    5.673369  130.831116      -6.723797  -5.171023  -1.070636
     4  0.18087152    4.921764  113.498687      -6.714276  -1.299568  -2.680671
     5  0.23782767    6.471620  149.239243      -6.130051   0.271439  -2.757917
     6  0.20161543    5.486235  126.515697      -5.472893  -2.058242  -0.362118
     7  0.16650395    4.530803  104.482892      -5.336285  -4.709572  -0.311511
     8  0.22503960    6.123639  141.214598      -4.898866   0.192784  -1.810920
     9  0.19737643    5.370886  123.855685      -4.674814  -2.542592  -1.649292
*   10  0.27419923    7.461341  172.062760      -4.277931   1.567965  -1.964152
    11  0.27298028    7.428171  171.297853      -4.350081   2.626759   0.549440
    12  0.23801134    6.476618  149.354498      -4.344552   5.048167   0.946323
    13  0.20240405    5.507694  127.010568      -4.121211  -4.933392   0.681734
    14  0.20691392    5.630414  129.840557      -3.694886  -3.200467   1.000190
    15  0.25416202    6.916100  159.489209      -3.624564  -0.724439   0.445915
    16  0.24394850    6.638176  153.080125      -3.351871   1.551891  -0.617288
    17  0.24436747    6.649577  153.343030      -3.419054   1.573372  -0.311509
    18  0.22500553    6.122712  141.193218      -3.416217   3.825212   0.485094
    19  0.20348115    5.537004  127.686457      -3.193371  -3.485354   0.303364
    20  0.18113871    4.929035  113.666352      -3.341207   6.257539   0.815992
    21  0.24061340    6.547423  150.987312      -2.800679  -1.264653  -0.743630
    22  0.21615519    5.881882  135.639543      -2.690399   7.944683   0.925941
    23  0.19382474    5.274239  121.626964      -2.581925  -1.542065   1.834616
    24  0.17615134    4.793322  110.536726      -1.320856  -2.063686   0.707765
    25  0.25674280    6.986327  161.108676      -1.309902   2.756464  -0.848243
    26  0.20447342    5.564005  128.309118      -1.322088   5.125575  -0.595840
    27  0.17263762    4.697709  108.331834      -1.095488   7.603667   0.555200
    28  0.17491111    4.759573  109.758469      -0.933725  -0.712960  -0.198120
    29  0.24016282    6.535163  150.704569      -0.994246   2.557540   0.640507
    30  0.19898035    5.414531  124.862162      -0.967399   4.950507   0.950829
    31  0.17765563    4.834256  111.480686      -0.573690   0.714495   0.742720
    32  0.06410071    1.744269   40.223837      -0.414920  -3.371086  -1.806423
    33  0.14538689    3.956178   91.231726      -0.151528  -2.577766   3.183789
    34  0.13583875    3.696360   85.240175      -0.274667  -2.029251   0.965221
    35  0.14003418    3.810524   87.872848       0.096545  -0.733790   2.148359
    36  0.19864775    5.405480  124.653450       0.375646   1.915293  -1.520261
    37  0.21082694    5.736893  132.296011       0.471860   7.988974   0.144005
    38  0.17679175    4.810748  110.938594       0.928540   1.534171   0.053602
    39  0.21059695    5.730634  132.151690       0.925537   3.933548  -0.994102
    40  0.16989319    4.623029  106.609676       0.939735   6.461338  -0.213007
    41  0.14705693    4.001623   92.279697       1.019927  -0.734732  -0.909426
    42  0.05646087    1.536378   35.429762       1.287333   2.312179   2.674282
    43  0.20710570    5.635633  129.960897       1.159953   3.896128  -0.105443
    44  0.13987650    3.806233   87.773900       1.385306   0.649800   0.270579
    45  0.07206987    1.961121   45.224566       1.579124  -3.111591   3.058793
    46  0.16379313    4.457038  102.781829       1.833113  -1.897373   0.174615
    47  0.20793538    5.658209  130.481529       2.040475   5.337837  -0.530326
    48  0.12105800    3.294156   75.965105       2.126083  -0.715084   1.397093
    49  0.18553129    5.048563  116.422742       2.757102  -3.222162  -0.754556
    50  0.12485536    3.397487   78.347987       2.627959  -1.512596   0.985396
    51  0.16931491    4.607293  106.246801       2.790866  -1.239550  -1.642364
    52  0.13466469    3.664413   84.503439       3.633772  -1.329572   0.754377
    53  0.16763596    4.561607  105.193244       3.815520  -2.677608  -1.026492
    54  0.13257964    3.607675   83.195048       3.894410  -0.362858   0.265524
    55  0.16728313    4.552006  104.971839       4.188905  -4.505384   1.150511
    56  0.15571587    4.237244   97.713264       4.188905   1.575890   0.087892
    57  0.19068960    5.188928  119.659632       4.558111  -3.919223  -1.452048
    58  0.15562767    4.234844   97.657918       4.968043  -2.200989   3.187142
    59  0.13985162    3.805556   87.758291       5.632025  -0.747053  -1.852696
    60  0.12172500    3.312306   76.383653       5.763251   1.454777  -0.400190
    61  0.13770943    3.747264   86.414043       6.065893  -3.341008  -1.786237
    62  0.14042518    3.821163   88.118204       6.060653  -1.133566  -0.370503
    63  0.17209012    4.682810  107.988270       7.216255   2.035494  -0.782955
    64  0.10916400    2.970504   68.501504       7.389061  -0.343860  -2.708670
    65  0.17745574    4.828816  111.355254       7.758764  -3.394848  -2.226538
    66  0.13019747    3.542853   81.700213       7.855544   0.561856  -1.308198
    67  0.10880023    2.960605   68.273232       8.003234  -0.876594  -0.393077
    68  0.13241931    3.603313   83.094438       8.068964  -1.799097  -1.937543
    69  0.17727023    4.823768  111.238839       9.029079  -0.488512  -1.869110
