 Number of surface minima:    63
   #       a.u.         eV      kcal/mol           X/Y/Z coordinate(Angstrom)
     1  0.12730347    3.464103   79.884198      -7.027049  -2.712147  -0.604645
     2  0.11405318    3.103545   71.569511      -6.584672  -1.570427  -0.608080
     3  0.11689057    3.180754   73.350000      -6.264323  -2.050675   0.234614
     4  0.12182646    3.315067   76.447325      -5.790907  -2.874031   1.356024
     5  0.16696650    4.543389  104.773148      -5.650153   1.261815  -2.145529
     6  0.11217084    3.052324   70.388322      -5.399144  -1.746472   1.173753
     7  0.15169036    4.127705   95.187217      -4.864847   1.734231  -1.139958
     8  0.10328587    2.810551   64.812916      -4.648634  -2.712147  -2.062765
     9  0.05629922    1.531980   35.328323      -4.627843  -2.189554   2.993648
    10  0.10467158    2.848259   65.682466      -4.335669  -3.311672  -1.026382
    11  0.11569809    3.148305   72.601707      -4.203375  -3.972169   0.297535
    12  0.15755662    4.287334   98.868357      -4.071081   0.398321  -3.401927
    13  0.09531684    2.593703   59.812269      -3.471405  -2.976735  -0.162269
    14  0.05516194    1.501033   34.614667      -3.159048  -3.527313   2.346776
    15  0.10022550    2.727274   62.892502      -2.997779  -2.196068  -0.302125
    16  0.13230019    3.600071   83.019690      -3.012786   0.598517  -2.669170
    17  0.03512426    0.955780   22.040825      -2.370742  -1.128471   2.470740
    18  0.01615034    0.439473   10.134497      -2.035462  -0.279645   2.219029
    19  0.15509292    4.220293   97.322361      -1.674535   4.564040  -0.660229
    20  0.13700474    3.728088   85.971843      -1.624005   3.306875   1.689851
    21  0.17064806    4.643570  107.083365      -1.480972   5.698912   0.178837
    22  0.16191212    4.405853  101.601473      -1.354464   4.634771   2.086734
*   23  0.00664012    0.180687    4.166744      -0.366840  -3.198273  -0.956035
    24  0.01409413    0.383521    8.844206       0.155868  -1.391168  -2.533490
    25  0.02502300    0.680910   15.702180       0.314252  -3.333784   0.539037
    26  0.01466403    0.399029    9.201828       0.271948  -0.255436   3.277383
    27  0.01922510    0.523142   12.063943       0.177218   0.479921  -2.012454
    28  0.01413399    0.384605    8.869221       0.342426  -1.631308  -2.411272
    29  0.02552889    0.694676   16.019634       0.459241  -1.720895   2.813398
    30  0.01928877    0.524874   12.103899       0.544494   0.570703  -1.931464
    31  0.03376859    0.918890   21.190128       0.971172  -4.154455   2.755373
    32  0.02007286    0.546210   12.595919       1.327072  -1.535551  -1.373512
    33  0.04095980    1.114573   25.702687       1.599092   0.722637  -1.761669
    34  0.11060997    3.009850   69.408863       1.668297   2.233465   0.763791
    35  0.11975495    3.258698   75.147426       1.767049   5.754689  -0.390609
    36  0.11162872    3.037572   70.048137       1.999749   4.431746   1.923051
    37  0.05081947    1.382868   31.889725       2.053989   1.428508   1.974642
    38  0.07953153    2.164163   49.906833       2.257235  -2.985155   0.864028
    39  0.07625065    2.074886   47.848047       2.216492  -1.918381   2.288769
    40  0.11902672    3.238882   74.690458       2.273264   3.907698  -1.487752
    41  0.12352317    3.361236   77.512026       2.547534   5.106305  -0.833826
    42  0.10948139    2.979140   68.700667       2.599240   2.635231   0.819397
    43  0.10259899    2.791860   64.381892       2.913657  -3.306836  -1.367975
    44  0.11574012    3.149449   72.628085       2.915654   3.711841   1.366830
    45  0.13369824    3.638114   83.896983       2.960519   6.026541  -0.164010
    46  0.11925324    3.245046   74.832600       3.490525  -1.653792  -2.633287
    47  0.13026875    3.544793   81.744943       3.501854   4.196934  -1.313288
    48  0.09813707    2.670445   61.581991       3.710863  -3.160790  -0.294563
    49  0.13039034    3.548102   81.821243       3.860040   3.118037   0.626836
    50  0.08795586    2.393401   55.193180       4.273974  -3.753502  -1.100211
    51  0.10058545    2.737069   63.118377       4.288168  -2.791980   0.631497
    52  0.10722089    2.917629   67.282183       4.311800  -0.811687  -1.352918
    53  0.10560162    2.873566   66.266072       4.778240  -0.492235  -0.571677
    54  0.09955564    2.709047   62.472160       4.852223  -1.461912  -2.351686
    55  0.09228135    2.511103   57.907470       5.374861  -3.982043  -1.088329
    56  0.11081312    3.015378   69.536338       5.362414  -2.274664  -3.205038
    57  0.09301794    2.531147   58.369689       5.564201  -3.027152   0.763791
    58  0.09814371    2.670626   61.586159       5.848961  -1.656198  -2.266710
    59  0.09210094    2.506194   57.794262       5.969250  -3.538357  -0.029974
    60  0.09657107    2.627833   60.599314       6.043762  -0.727732  -0.498676
    61  0.09591928    2.610096   60.190310       6.516224  -1.239178  -1.233649
    62  0.11091500    3.018151   69.600271       6.762881  -4.057152  -1.095536
    63  0.11373977    3.095016   71.372842       7.210935  -2.145970  -2.146683
 
 Number of surface maxima:    68
   #       a.u.         eV      kcal/mol           X/Y/Z coordinate(Angstrom)
     1  0.19716880    5.365236  123.725396      -6.916384  -3.969918  -1.455546
     2  0.15914153    4.330461   99.862903      -6.498343  -2.460125  -2.158161
     3  0.21514647    5.854433  135.006563      -6.506731  -1.154388  -3.259391
     4  0.15229772    4.144232   95.568345      -5.945695  -3.826465  -0.162269
     5  0.19370774    5.271056  121.553546      -5.541761  -0.201755  -2.559334
     6  0.23478225    6.388750  147.328207      -5.509963   0.871957  -3.562786
     7  0.18957924    5.158714  118.962871      -5.383022  -4.278979   1.308160
     8  0.18117754    4.930092  113.690718      -5.249203  -1.259957  -0.161581
     9  0.13536524    3.683476   84.943044      -4.619912  -2.981112   1.692675
    10  0.13630090    3.708936   85.530179      -4.203375  -3.298713   1.425263
    11  0.17365998    4.725528  108.973373      -4.185860  -2.068822  -0.967773
    12  0.19478682    5.300419  122.230677      -4.318650   1.928920  -2.784731
    13  0.22970795    6.250671  144.144034      -4.021133   0.756116  -0.426857
*   14  0.24827215    6.755829  155.793256      -3.888641   3.809458   0.532077
    15  0.17648533    4.802410  110.746310      -3.417342  -0.471347   1.157727
    16  0.24760267    6.737611  155.373151      -3.269334   3.231649  -2.526315
    17  0.20913050    5.690730  131.231482      -3.012726   0.047891  -1.401752
    18  0.22616810    6.154347  141.922744      -3.012726   2.754796  -0.691446
    19  0.21665842    5.895575  135.955324      -2.638003  -2.592401   4.824503
    20  0.15118777    4.114029   94.871841      -2.483549  -1.325946   0.234614
    21  0.19703507    5.361597  123.641479      -2.612881   4.692263   0.900052
    22  0.13717444    3.732706   86.078331      -1.678542  -3.102972   1.830269
    23  0.23794635    6.474849  149.313712      -1.681965   6.034501   1.565967
    24  0.04947876    1.346385   31.048416      -1.529465  -2.422875  -2.530621
    25  0.15979592    4.348268  100.273535      -1.425195   0.046366  -0.601717
    26  0.12759699    3.472091   80.068390      -1.338188  -1.566786   0.476480
    27  0.23323145    6.346550  146.355067      -0.771364   3.530005  -0.572854
    28  0.12783536    3.478577   80.217967      -0.755518  -0.592609   1.821597
    29  0.16452280    4.476893  103.239704      -0.611963   1.004997   0.655602
    30  0.21335527    5.805692  133.882565      -0.664778   2.830401   0.838802
    31  0.19796943    5.387022  124.227794      -0.274754   5.621664   1.155801
    32  0.07627551    2.075562   47.863648      -0.096031  -3.490090   2.363710
    33  0.21950277    5.972974  137.740181       0.587048   6.728462   1.737565
    34  0.10008509    2.723454   62.804397       0.605652  -2.050675  -0.162269
    35  0.13408859    3.648736   84.141928       0.568109  -0.458895  -1.072466
    36  0.18121329    4.931064  113.713150       0.712755   2.212409  -1.312769
    37  0.16121314    4.386833  101.162860       1.097060   1.645347   0.016524
    38  0.15789941    4.296662   99.083461       1.328590  -1.005636   1.231002
    39  0.13791288    3.752800   86.541712       1.253666   0.363596   0.251254
    40  0.18673792    5.081397  117.179910       1.373058   4.293144  -0.528561
    41  0.06103210    1.660768   38.298256       1.376105   1.660078   3.016190
    42  0.18301466    4.980082  114.843532       1.633037   3.633598   0.904342
    43  0.16487890    4.486583  103.463159       2.165728   6.184534   1.307833
    44  0.16772511    4.564032  105.249184       2.357221  -2.473743  -2.465391
    45  0.13461454    3.663048   84.471973       2.523513  -2.351546   0.225539
    46  0.13637239    3.710881   85.575040       2.624506  -2.234393  -0.450004
    47  0.13834243    3.764489   86.811258       2.950954  -0.986602  -1.077920
    48  0.16225612    4.415214  101.817338       3.072812  -4.652745   1.175787
    49  0.16276801    4.429143  102.138552       3.108355  -2.940864   3.823381
    50  0.16987937    4.622653  106.601005       3.137917   0.131139   0.102320
    51  0.18499805    5.034053  116.088125       3.269274  -0.361329   2.018608
    52  0.14810171    4.030053   92.935305       3.597475   2.585228  -0.690723
    53  0.12516967    3.406040   78.545219       3.734283  -1.191273  -2.146683
    54  0.22929480    6.239429  143.884779       3.762463  -0.150054  -3.288831
    55  0.20424199    5.557707  128.163891       3.844833   6.223872   1.100680
    56  0.13397564    3.645663   84.071056       3.893943  -2.950031  -2.794309
    57  0.16126899    4.388352  101.197906       3.941821   4.817833   0.198034
    58  0.17013007    4.629475  106.758321       4.016100  -0.716239   1.176600
    59  0.20060348    5.458698  125.880693       4.734574   3.607045  -0.559152
    60  0.14349637    3.904735   90.045405       4.950253  -2.922992  -0.426857
    61  0.17956554    4.886227  112.679172       5.021509  -3.795947  -3.625365
    62  0.19465540    5.296843  122.148209       5.214412  -0.677767   2.136700
    63  0.14787923    4.023998   92.795694       5.236583  -1.474436  -1.088329
    64  0.13614211    3.704615   85.430533       6.247875  -3.442292  -2.612240
    65  0.14246747    3.876737   89.399761       6.351746  -1.395543   1.276551
    66  0.13673150    3.720653   85.800382       7.567215  -2.699465  -0.557017
    67  0.18162810    4.942352  113.973449       7.872782  -3.487016  -2.005624
    68  0.18208816    4.954871  114.262142       7.957929  -1.920808   0.889398
