 Number of surface minima:    54
   #       a.u.         eV      kcal/mol           X/Y/Z coordinate(Angstrom)
     1  0.13490940    3.671071   84.656996      -7.002622   0.133073  -1.321417
     2  0.12317531    3.351771   77.293736      -6.715437  -1.954198  -1.021587
     3  0.13119732    3.570061   82.327629      -6.364972  -0.118249  -3.399601
     4  0.11485223    3.125288   72.070920      -6.205262  -0.773154  -0.739723
     5  0.11972842    3.257976   75.130778      -5.966865  -2.102651  -3.166121
     6  0.12306932    3.348887   77.227229      -5.748857   0.316295  -0.686836
     7  0.11283096    3.070286   70.802554      -5.673716  -1.697761  -0.473106
     8  0.10991381    2.990907   68.972014      -5.414038  -1.034597  -3.260891
     9  0.15867856    4.317863   99.572381      -5.006550   3.598321   0.178637
    10  0.10732003    2.920327   67.344391      -4.885400  -1.962298  -2.997912
    11  0.11656786    3.171973   73.147501      -4.752877   0.153388  -3.129051
    12  0.12582734    3.423936   78.957917      -4.752836   0.418340  -0.351633
    13  0.12319660    3.352350   77.307097      -4.488800  -1.566335  -0.088024
    14  0.14977458    4.075574   93.985047      -4.215462   4.664577   1.900000
    15  0.12951642    3.524321   81.272847      -4.092147  -0.589029  -0.036886
    16  0.14717469    4.004827   92.353589      -4.151747   2.739429   0.043815
    17  0.11623269    3.162852   72.937177      -3.908097   0.285438  -2.866660
    18  0.15487076    4.214248   97.182953      -3.860776   3.849351  -0.763233
    19  0.11718610    3.188796   73.535449      -3.562970  -1.774940  -2.545740
    20  0.15841303    4.310638   99.405762      -3.645312   5.071638  -1.361470
    21  0.12152890    3.306970   76.260601      -3.189016  -0.780645  -2.502841
    22  0.13497839    3.672949   84.700287      -3.196813   4.112176   2.107527
    23  0.14393786    3.916748   90.322446      -2.998915   5.077759   1.382553
    24  0.08586050    2.336383   53.878324      -2.790018  -1.477335   1.499052
    25  0.14613975    3.976665   91.704153      -2.796617   4.114947  -1.421248
    26  0.15325457    4.170269   96.168778      -2.845520   6.162366   0.364382
    27  0.03901116    1.061548   24.479895      -2.627645  -3.535741   3.240236
    28  0.18323468    4.986069  114.981594      -2.132834   2.342865  -0.544644
    29  0.13950126    3.796022   87.538436      -1.872477   5.439152   0.693715
    30  0.11581993    3.151621   72.678166      -1.780588  -0.905211   0.837580
    31  0.07290304    1.983793   45.747388      -1.446261  -0.468228   2.557406
    32  0.03170283    0.862678   19.893842      -1.213853  -4.014178   1.300559
    33  0.03846888    1.046792   24.139609      -1.045123  -1.825232   2.957265
    34  0.17618810    4.794322  110.559793      -0.940851   2.525956  -1.189288
    35  0.07526678    2.048113   47.230660      -0.652495  -0.508328  -1.209216
    36  0.17611931    4.792450  110.516627      -0.207155   3.905842   0.886038
    37  0.15880170    4.321214   99.649652      -0.017367   1.549086  -1.073835
    38  0.01968690    0.535708   12.353729       0.779674  -0.389057   2.778292
    39  0.17370802    4.726836  109.003521       0.778460   2.926217   1.094036
    40  0.01555718    0.423332    9.762287       1.199625  -1.767712  -1.744747
*   41 -0.00993894   -0.270452   -6.236785       1.464214  -4.408203  -0.088480
    42 -0.00633985   -0.172516   -3.978320       2.427450  -3.766583   0.996763
    43  0.17025587    4.632898  106.837260       2.529350   2.153850  -1.153397
    44  0.03732435    1.015647   23.421403       2.590614  -2.556991  -1.279129
    45  0.13664999    3.718435   85.749236       2.664506   0.956754   1.254425
    46  0.14832278    4.036068   93.074029       3.910297   1.211498   1.166955
    47  0.12565807    3.419330   78.851693       6.069488   2.666735  -1.331029
    48  0.11722220    3.189778   73.558103       6.384384   0.550026  -2.287069
    49  0.11874228    3.231142   74.511967       6.332991   1.476086   1.047237
    50  0.10923871    2.972537   68.548385       6.601413  -0.508328   0.126394
    51  0.12746917    3.468612   79.988179       6.735986   1.608381  -1.850112
    52  0.12145266    3.304895   76.212757       7.001275   0.550026   0.531869
    53  0.13890179    3.779710   87.162262       7.417457   2.666735  -1.232731
    54  0.13509151    3.676027   84.771272       7.555218   1.877822   0.838404
 
 Number of surface maxima:    68
   #       a.u.         eV      kcal/mol           X/Y/Z coordinate(Angstrom)
     1  0.20148969    5.482813  126.436793      -7.450274   0.668098  -2.757909
     2  0.19300744    5.252000  121.114101      -7.247713  -2.604357  -2.318388
     3  0.15334536    4.172740   96.225749      -7.054081  -0.917377  -2.366932
     4  0.16374241    4.455658  102.750002      -6.007141   1.343792  -2.268062
     5  0.15312174    4.166655   96.085425      -5.633553  -2.975794  -1.786349
     6  0.22121083    6.019453  138.812010      -5.547384   4.557645   1.140958
     7  0.17099639    4.653048  107.301944      -4.947484  -0.640622  -0.882246
     8  0.21767747    5.923305  136.594792      -4.853121   2.578040  -2.044130
     9  0.18253341    4.966987  114.541543      -4.674189   3.171138   1.499052
    10  0.20120493    5.475065  126.258104      -4.461798  -3.912168  -1.255655
    11  0.18020359    4.903589  113.079553      -4.436078  -3.794092   1.155121
    12  0.16619593    4.522421  104.289607      -4.378697  -0.782584  -2.371226
    13  0.22718174    6.181930  142.558817      -4.339715   1.755878   2.301823
    14  0.18136286    4.935134  113.807008      -4.341462   5.305618   0.182352
    15  0.18016705    4.902595  113.056627      -4.096170  -1.327534   3.198182
    16  0.22200299    6.041009  139.309095      -3.695264   6.428602  -0.882246
    17  0.17745932    4.828914  111.357497      -3.693115   1.608770  -1.410787
    18  0.18040027    4.908941  113.202976      -3.450487  -2.800529  -0.749951
    19  0.11709962    3.186443   73.481183      -2.945916   0.000184   2.808643
    20  0.22014558    5.990466  138.143555      -2.835985   1.277012   1.299977
    21  0.21300450    5.796147  133.662454      -2.733110   3.230353  -0.207054
    22  0.18882339    5.138146  118.488568      -2.608820  -3.642646  -0.728292
    23  0.17457037    4.750301  109.544656      -2.603624  -0.347085  -0.337651
    24  0.21661757    5.894464  135.929689      -2.444782   1.899917   2.220357
    25  0.18577073    5.055079  116.572992      -2.232230   5.730432  -1.000200
    26  0.17017009    4.630564  106.783434      -2.190057  -0.458358  -1.279129
    27  0.23119789    6.291215  145.078990      -2.198266   1.370699  -0.991257
    28  0.20791693    5.657707  130.469955      -2.188564   4.041141   1.021337
    29  0.18138209    4.935658  113.819074      -1.867104  -1.970202  -1.840726
    30  0.07750792    2.109098   48.636993      -1.472680  -3.551097   3.030311
    31  0.20492618    5.576325  128.593230      -1.348137  -0.036823   1.089654
    32  0.15688789    4.269137   98.448720      -1.176661  -2.610971   0.047016
    33  0.15066626    4.099837   94.544583      -0.994945  -1.037505   1.102169
    34  0.21722307    5.910940  136.309650      -1.020322   1.496262   2.597795
    35  0.25409087    6.914164  159.444564      -0.935241   1.600390   0.010695
    36  0.23892882    6.501584  149.930223      -0.583970   5.513441  -1.543717
    37  0.25640572    6.977154  160.897153      -0.401994   2.399117   1.227926
    38  0.22319343    6.073402  140.056110      -0.252098   4.133325  -0.872566
    39  0.17784495    4.839407  111.599485      -0.105640  -0.225942   0.069931
    40  0.14030891    3.818000   88.045245      -0.010496  -1.707165  -1.049608
    41  0.03743808    1.018742   23.492767       0.261284  -4.742540  -1.810729
    42  0.13463255    3.663538   84.483273       0.300794  -3.801398   3.110566
    43  0.10088763    2.745292   63.307995       0.642377  -3.334520   1.090678
    44  0.12585169    3.424599   78.973197       0.594283  -1.642848   2.084358
    45  0.19556631    5.321630  122.719814       1.183123   1.600354   1.467764
*   46  0.26592179    7.236100  166.868581       1.190683   3.852660  -1.403801
    47  0.20019258    5.447517  125.622844       1.210094   0.953167  -1.143266
    48  0.11032077    3.001981   69.227389       1.663357  -2.228154  -0.286219
    49  0.15825478    4.306331   99.306455       1.659272  -0.710153   0.635756
    50  0.23069848    6.277625  144.765606       1.667750   2.737977  -0.120341
    51  0.16759110    4.560386  105.165089       2.503998  -1.470484  -0.366903
    52  0.20505247    5.579761  128.672474       2.896409  -0.388002  -2.125796
    53  0.25950030    7.061362  162.839033       2.906276   3.663542   0.944377
    54  0.24382177    6.634728  153.000600       3.113957   1.009121  -1.084622
    55  0.22777008    6.197939  142.928005       3.315197   0.420060   0.307280
    56  0.04852275    1.320371   30.448512       3.677335  -2.370210   2.008672
    57  0.19393643    5.277279  121.697049       4.242394  -0.665170  -1.992758
    58  0.21029399    5.722390  131.961580       4.162943   2.984167   0.332689
    59  0.18610263    5.064110  116.781259       4.548407  -1.302094  -0.840821
    60  0.22662660    6.166823  142.210455       5.304464   3.989174   0.835542
    61  0.18909512    5.145540  118.659080       5.450852   1.363921  -1.255124
    62  0.18323608    4.986107  114.982471       5.701970   0.703595   0.171475
    63  0.19915929    5.419400  124.974448       5.990321  -1.926373  -1.921337
    64  0.16990373    4.623316  106.616289       6.619981   3.195193   0.305851
    65  0.15721704    4.278093   98.655266       7.075139  -0.772917  -1.543717
    66  0.16066506    4.371919  100.818931       8.107578   1.364534  -0.731548
    67  0.20547310    5.591207  128.936427       8.293203   2.881010   0.020468
    68  0.19911330    5.418148  124.945587       8.604702  -0.102796  -1.402755
