 Number of surface minima:    54
   #       a.u.         eV      kcal/mol           X/Y/Z coordinate(Angstrom)
     1  0.11883034    3.233538   74.567226      -7.101780  -2.600537   0.507473
     2  0.10435519    2.839649   65.483925      -6.638468  -1.430340   0.456214
     3  0.16477639    4.483794  103.398833      -6.109291   1.450317  -0.998033
     4  0.10779384    2.933220   67.641712      -5.958816  -2.188957   1.194253
     5  0.09737027    2.649580   61.100821      -5.447819  -2.536118  -1.677111
     6  0.15874210    4.319592   99.612257      -4.957486   0.695488  -2.724723
     7  0.15056287    4.097024   94.479705      -4.981214   1.834897  -0.216571
     8  0.09920365    2.699469   62.251284      -4.719190  -3.194851  -0.880607
     9  0.09457475    2.573510   59.346600      -4.776072  -2.079163   1.823240
    10  0.10144558    2.760475   63.658115      -3.711566  -2.058598   2.115948
    11  0.13729579    3.736009   86.154484      -3.727993   0.814983  -2.330345
    12  0.07846552    2.135155   49.237900      -3.595699  -3.019748  -0.346069
    13  0.07804840    2.123805   48.976150      -2.674153  -2.707731   0.260836
    14  0.11856669    3.226364   74.401786      -2.263451  -0.837522  -0.664295
    15  0.02966182    0.807139   18.613086      -2.034252  -0.880711   2.179591
    16  0.15832815    4.308328   99.352498      -1.499239   4.411061  -0.858362
    17  0.15096148    4.107871   94.729839      -1.234940   3.606307   1.663173
    18  0.17347525    4.720502  108.857456      -1.076806   5.590879  -0.267577
    19  0.00113702    0.030940    0.713493      -0.817410  -3.403034  -0.542021
    20  0.17008377    4.628215  106.729269      -0.846804   4.928730   1.782905
*   21  0.00024879    0.006770    0.156117      -0.584792  -3.667783   0.716530
    22  0.02558232    0.696130   16.053161      -0.441542   0.173072  -2.011572
    23  0.01283491    0.349256    8.054032      -0.053783  -2.081127   3.236775
    24  0.15951973    4.340752  100.100223       0.705258   3.684834  -1.277108
    25  0.04536835    1.234535   28.469091       1.057606  -0.834911   2.756476
    26  0.09178600    2.497624   57.596636       1.192746   1.666380   1.588493
    27  0.03673412    0.999586   23.051026       1.270453  -1.421531  -1.527179
    28  0.12491140    3.399012   78.383151       1.563779   1.826482   0.772062
    29  0.13300589    3.619274   83.462529       1.952904   1.762093  -1.886688
    30  0.12171533    3.312043   76.377588       2.124939   5.128311  -1.080059
    31  0.05927203    1.612874   37.193789       2.460319   1.180958   3.362908
    32  0.11993436    3.263580   75.260012       2.421449   2.955823  -1.809920
    33  0.12001185    3.265688   75.308635       2.493591   4.279762   1.436621
    34  0.12448472    3.387402   78.115409       2.611475   2.156140   0.753504
    35  0.12918025    3.515173   81.061901       2.778868   4.169878  -1.443246
    36  0.13127621    3.572207   82.377134       3.038004   3.485000   1.076157
    37  0.09708239    2.641746   60.920169       3.135693   0.040662   0.881157
    38  0.11314945    3.078953   71.002414       3.284195  -1.938887  -2.535203
    39  0.10213979    2.779365   64.093740       3.655569  -2.775772  -1.485160
    40  0.10368490    2.821410   65.063314       4.050498  -3.319605  -0.608478
    41  0.11958998    3.254209   75.043906       4.448690  -0.542727  -0.345191
    42  0.09433522    2.566992   59.196295       4.512550  -2.549861  -2.512775
    43  0.11659445    3.172696   73.164186       4.714947  -1.065866   0.586907
    44  0.10967345    2.984366   68.821190       5.247285  -0.254798  -1.351439
    45  0.09541775    2.596449   59.875592       5.302341  -3.745637  -0.530458
    46  0.09827407    2.674174   61.667964       5.497036  -2.927499  -2.283435
    47  0.12196165    3.318745   76.532153       5.946410  -0.194402  -2.388119
    48  0.09654017    2.626992   60.579922       5.941743  -3.524675  -1.343241
    49  0.10515748    2.861480   65.987367       6.035846  -1.454449   0.631366
    50  0.10810559    2.941703   67.837342       6.193450  -0.616193  -1.212622
    51  0.10439759    2.840803   65.510534       6.623848  -1.264923  -0.123049
    52  0.11673309    3.176469   73.251184       6.961620  -3.168255  -2.151727
    53  0.11539553    3.140072   72.411852       7.046948  -2.012257   0.698870
    54  0.12199340    3.319609   76.552079       7.534204  -1.271676  -1.208197
 
 Number of surface maxima:    68
   #       a.u.         eV      kcal/mol           X/Y/Z coordinate(Angstrom)
     1  0.18861669    5.132521  118.358859      -7.385522  -3.744475  -0.528564
     2  0.20868462    5.678597  130.951684      -7.419879  -0.733283  -1.998730
     3  0.15146060    4.121453   95.043042      -7.117073  -2.153082  -1.161781
     4  0.23268051    6.331559  146.009347      -6.263174   1.488049  -2.464152
     5  0.14149813    3.850360   88.791490      -5.994568  -3.825523   0.364706
     6  0.18975186    5.163411  119.071189      -6.073895   0.067294  -1.727226
     7  0.16794677    4.570064  105.388281      -5.844702   1.348931  -0.600975
     8  0.17182765    4.675668  107.823566      -5.190534  -1.265987   0.526290
     9  0.17891483    4.868520  112.270847      -4.915358  -4.591877   1.313235
    10  0.19528073    5.313859  122.540608      -4.839070   2.294352  -1.926547
    11  0.16451495    4.476680  103.234778      -4.493649  -1.888675  -0.765079
    12  0.22764244    6.194466  142.847905      -4.127163   0.715706   0.116739
    13  0.12719423    3.461131   79.815654      -3.860287  -3.325063   1.433533
    14  0.24983169    6.798266  156.771882      -3.755176   3.430039  -1.873824
*   15  0.25191996    6.855091  158.082297      -3.637412   4.001868   0.612386
    16  0.21621396    5.883481  135.676421      -3.463405   0.122111  -1.135591
    17  0.16177665    4.402166  101.516465      -3.365187  -0.364697   1.381984
    18  0.22933384    6.240491  143.909277      -3.066522   2.847242  -0.418587
    19  0.22882141    6.226547  143.587724      -2.934227   2.895971  -0.610734
    20  0.14630802    3.981244   91.809748      -2.559088  -2.606008   1.944367
    21  0.14879352    4.048878   93.369421      -2.404521  -1.276839   0.111045
    22  0.20191352    5.494346  126.702753      -2.246734   4.851918   0.673720
    23  0.05311028    1.445204   33.327231      -1.641573  -2.743594  -2.327950
    24  0.15598210    4.244489   97.880325      -1.504483  -0.364772  -0.476069
    25  0.11917684    3.242967   74.784659      -1.442342  -1.770124   0.527351
    26  0.24128288    6.565641  151.407417      -1.082107   6.194590   1.006393
    27  0.14214421    3.867941   89.196912      -0.717589  -0.759992   1.916636
    28  0.23655860    6.437087  148.442885      -0.653656   3.220412  -0.751762
    29  0.18001890    4.898563  112.963661      -0.644799   0.861234   0.690240
    30  0.17946483    4.883486  112.615975      -0.530664   1.084140   3.011315
    31  0.23387965    6.364189  146.761822      -0.433786   2.818245   0.751334
    32  0.04173252    1.135600   26.187576      -0.153326  -3.785469   2.754206
    33  0.20281762    5.518948  127.270085       0.252450   5.484914   0.648531
    34  0.11710408    3.186564   73.483984       0.536742  -2.278411   0.035834
    35  0.13535654    3.683239   84.937583       0.390077  -0.729665  -1.087918
    36  0.17682104    4.811545  110.956970       0.530549   1.915482  -1.445006
    37  0.17627092    4.796576  110.611766       0.902479   1.251464   0.108702
    38  0.15543493    4.229600   97.536973       1.079308   0.222349   0.134580
    39  0.16502413    4.490535  103.554294       1.291027  -1.381115   1.163822
    40  0.22154931    6.028663  139.024409       1.272148   6.620970   0.896988
    41  0.19160068    5.213720  120.231344       1.666714   3.749589  -0.875479
    42  0.19027744    5.177712  119.400995       1.840086   3.357938   0.648782
    43  0.16811469    4.574633  105.493651       2.280434  -2.942237  -0.098815
    44  0.20282468    5.519140  127.274516       2.469801   0.548002  -1.220249
    45  0.18743540    5.100377  117.617588       2.622133  -2.550513   1.962710
    46  0.13081343    3.559614   82.086736       2.554675   1.500586   1.366074
    47  0.14591430    3.970530   91.562684       2.682104  -1.838397  -1.212353
    48  0.16825473    4.578444  105.581529       2.688116   5.799987   0.537719
    49  0.19300376    5.251899  121.111789       2.875184  -0.337084  -2.545185
    50  0.16204659    4.409512  101.685855       3.019016  -0.685151  -0.550881
    51  0.16753581    4.558881  105.130399       3.350765   1.765175  -0.947764
    52  0.17595164    4.787888  110.411415       3.608629  -2.304702   1.229380
    53  0.15082941    4.104277   94.646964       3.774985   2.686407   0.625479
    54  0.19645315    5.345762  123.276316       4.190520   1.978536   1.433533
    55  0.18444705    5.019060  115.742371       4.279466  -0.678616   3.223160
    56  0.16782117    4.566646  105.309461       4.255329   3.914088  -0.262159
    57  0.14829689    4.035363   93.057779       4.389624  -0.700753  -2.884514
    58  0.20764115    5.650203  130.296898       4.400262   5.527717   0.139261
    59  0.19648611    5.346659  123.297000       4.541091  -3.195172   2.095005
    60  0.15094703    4.107477   94.720768       4.901060  -2.691574  -1.191224
    61  0.21317056    5.800666  133.766659       4.832439   2.547665  -0.835070
    62  0.15839221    4.310071   99.392693       5.283927  -1.272646  -0.547420
    63  0.14591435    3.970531   91.562716       5.856940  -3.129715   1.228688
    64  0.19001823    5.170659  119.238336       5.802631  -0.740399  -3.848480
    65  0.14477727    3.939590   90.849182       6.723257  -1.487562  -2.745264
    66  0.14238813    3.874578   89.349973       7.515740  -2.727719  -0.682374
    67  0.18542580    5.045693  116.356542       7.528020  -3.518910   0.776379
    68  0.18778212    5.109811  117.835156       8.151693  -2.210428  -2.158167
