 Number of surface minima:    65
   #       a.u.         eV      kcal/mol           X/Y/Z coordinate(Angstrom)
     1  0.13977949    3.803593   87.713030      -6.563490  -1.276799  -2.232320
     2  0.13088540    3.561573   82.131899      -6.071281  -3.410163  -2.395473
     3  0.13091986    3.562511   82.153520      -5.914260  -1.317170   0.004516
     4  0.12790603    3.480500   80.262315      -5.862914   0.986544  -1.030595
     5  0.11726257    3.190877   73.583435      -5.758045   0.961862   0.939604
     6  0.12746379    3.468466   79.984802      -5.648406  -0.920572  -1.317068
     7  0.13205881    3.593503   82.868225      -5.601198   3.488431  -2.093267
     8  0.13059634    3.553707   81.950506      -5.206489  -0.728429  -2.613669
     9  0.10824458    2.945485   67.924559      -5.329212   2.978704   2.393273
    10  0.11237095    3.057769   70.513894      -5.073550  -3.504798  -1.422426
    11  0.12898605    3.509889   80.940036      -5.225852   4.938008  -0.906703
    12  0.14147108    3.849624   88.774520      -5.055189  -0.848395  -3.824560
    13  0.12437107    3.384309   78.044092      -4.940036  -0.840800  -0.345652
    14  0.11595864    3.155395   72.765206      -5.028029   4.735125   1.671939
    15  0.11547997    3.142370   72.464837      -4.742055  -3.332785  -2.779246
    16  0.13014741    3.541491   81.668800      -4.738443  -0.023996  -0.132772
    17  0.10727128    2.919000   67.313799      -4.460127  -3.439044  -0.525631
    18  0.13553186    3.688010   85.047599      -4.438990  -1.230640   0.733358
    19  0.13646223    3.713326   85.631417      -4.175195  -0.494166  -2.898250
    20  0.11538428    3.139766   72.404792      -3.920305   3.866784   2.654504
    21  0.11857099    3.226481   74.404480      -3.777171  -3.139273  -2.897350
    22  0.11908707    3.240524   74.728328      -3.645224  -3.082752   0.541152
    23  0.15315673    4.167607   96.107380      -3.502051  -0.472569  -1.827469
    24 -0.00985323   -0.268120   -6.182999      -3.363312  -0.110392   4.010392
    25  0.12145158    3.304865   76.212078      -3.114544  -3.133286  -0.778915
    26  0.12803457    3.483998   80.342972      -2.846449  -3.003850  -1.968492
    27  0.12806168    3.484735   80.359983      -2.717260  -1.816564   0.674071
    28  0.19304232    5.252949  121.135988      -2.650057   0.958452  -0.183507
    29  0.19877252    5.408875  124.731747      -2.482433   1.823370  -1.372111
    30  0.20477458    5.572200  128.498095      -2.465006   2.808070  -2.241416
    31  0.18640126    5.072236  116.968654      -2.084114   3.021279   1.281036
    32  0.20134885    5.478981  126.348416      -2.026907   4.439143  -0.891786
    33  0.03980493    1.083147   24.977994      -1.925398  -1.687434   1.409052
    34  0.19170069    5.216441  120.294098      -1.949873   3.817670   0.225307
    35  0.20175139    5.489934  126.601014      -1.421373   1.963354  -1.893598
    36  0.09773078    2.659390   61.327040      -1.266056  -3.535764  -0.250932
    37  0.19655784    5.348611  123.342007      -0.905612   3.981763  -0.285805
    38  0.20987904    5.711099  131.701196      -0.415045   1.410451  -1.520441
    39  0.03082080    0.838677   19.340358      -0.211437  -3.954749   1.221684
    40  0.02391435    0.650743   15.006494      -0.232617   0.550999   2.881622
    41  0.21695901    5.903755  136.143948      -0.302449   2.432151  -2.456587
    42  0.11547163    3.142143   72.459602      -0.012536  -2.817341  -1.514815
    43  0.20965909    5.705114  131.563175       0.018201   3.405219   0.133857
*   44 -0.01221992   -0.332521   -7.668124       0.576461  -1.822849   4.106173
    45  0.04385048    1.193232   27.516617       0.608568  -5.132454  -0.771558
    46  0.05649720    1.537367   35.452561       1.546173  -1.778793  -0.892148
    47  0.04433090    1.206305   27.818086       1.711421  -3.242770  -0.517202
    48 -0.00120777   -0.032865   -0.757891       1.911137  -1.422845   3.665821
    49  0.17247581    4.693306  108.230298       2.300596   2.013306   0.925217
    50  0.18835308    5.125348  118.193441       3.268927   2.576491  -1.792336
    51  0.16724957    4.551092  104.950775       3.378588   2.292347   0.822206
    52 -0.00565066   -0.153762   -3.545846       4.057107  -3.766547  -1.155838
    53  0.17961715    4.887631  112.711560       3.892198   0.431064  -1.969198
    54  0.18116122    4.929648  113.680478       4.160140   1.884513  -1.906923
    55  0.16282659    4.430737  102.175312       4.301337   1.627686   0.685663
    56  0.18849920    5.129324  118.285131       4.530222   3.061252  -1.626401
    57  0.17825098    4.850456  111.854275       4.679799   2.808353   0.537425
    58  0.11314904    3.078942   71.002152       5.513282  -0.477016  -3.386435
    59  0.08964884    2.439469   56.255543       5.684265  -0.893668   1.403806
    60  0.10006421    2.722886   62.791290       6.687272  -1.265051  -2.359213
    61  0.09191330    2.501088   57.676517       6.938320  -1.515832   0.296587
    62  0.10932548    2.974898   68.602834       6.993135   0.484090  -3.295382
    63  0.09632987    2.621269   60.447956       7.263728  -0.200699   1.395738
    64  0.11559729    3.145562   72.538458       7.732086   2.413690  -1.766366
    65  0.11166383    3.038527   70.070169       7.796607   2.213622   0.208791
 
 Number of surface maxima:    86
   #       a.u.         eV      kcal/mol           X/Y/Z coordinate(Angstrom)
     1  0.20121477    5.475332  126.264283      -7.233760  -2.485233  -2.779927
     2  0.18455047    5.021874  115.807266      -6.688110   1.884876  -0.120313
     3  0.19328460    5.259541  121.288018      -6.562249  -2.593919   0.439331
     4  0.15593697    4.243261   97.852005      -6.605720  -2.372239  -1.310968
     5  0.18875232    5.136212  118.443971      -6.423404   3.840805  -0.847855
     6  0.17807498    4.845667  111.743831      -6.283283   3.741253   1.213077
     7  0.14408951    3.920875   90.417611      -6.026521  -0.971286  -2.209413
     8  0.16133760    4.390219  101.240959      -5.808478  -2.107065  -3.606516
     9  0.13912476    3.785777   87.302178      -5.513832   0.294317  -0.262714
    10  0.16604589    4.518338  104.195454      -5.479509   2.949469   0.146589
    11  0.14735853    4.009829   92.468950      -5.237636   2.278627   1.072944
    12  0.14891725    4.052244   93.447063      -4.983662  -2.237289   0.622735
    13  0.16470041    4.481726  103.351154      -4.974737   2.279244  -1.314042
    14  0.20786477    5.656288  130.437223      -4.865575  -1.833150  -4.934308
    15  0.14686201    3.996319   92.157381      -4.862782   4.398104  -2.170159
    16  0.12489515    3.398570   78.372958      -4.714950   4.112934   2.475969
    17  0.15935780    4.336346   99.998611      -4.703578   4.324104   0.168877
    18  0.17438449    4.745243  109.428009      -4.438990   0.087167   1.202624
    19  0.18267102    4.970731  114.627891      -4.300167  -1.150308  -1.703398
    20  0.20248023    5.509767  127.058366      -4.320638   0.669449  -1.760923
    21  0.21050061    5.728013  132.091239      -4.022470   2.844082  -2.732696
    22  0.16989672    4.623125  106.611888      -4.033684  -2.729325  -1.828939
    23  0.16073243    4.373752  100.861206      -3.909812   2.480411   2.922450
    24  0.17822751    4.849817  111.839544      -3.626277  -2.067959   1.492996
    25  0.20608904    5.607968  129.322935      -3.533721   5.265531  -1.056802
    26  0.22051057    6.000398  138.372591      -3.434043   1.726638   1.070330
    27  0.18986342    5.166446  119.141195      -3.392255   5.057903   1.326678
    28  0.21435273    5.832834  134.508479      -3.111932   2.681104  -1.442473
    29  0.21326215    5.803158  133.824134      -2.851458   3.911586  -0.606837
    30  0.26801910    7.293171  168.184664      -2.473337   4.265810  -2.283367
    31  0.16236368    4.418140  101.884833      -2.349790  -2.274583   0.011975
    32  0.17687359    4.812975  110.989945      -2.081651  -5.134871  -1.063276
    33  0.16087252    4.377564  100.949114      -1.910055  -2.579951  -0.252613
    34  0.21588079    5.874415  135.467357      -1.774659  -0.863402  -2.111174
    35  0.16058257    4.369674  100.767171      -1.688469  -2.671384  -0.384908
    36  0.23381124    6.362327  146.718889      -1.772521  -1.285128  -3.836438
    37  0.23681919    6.444178  148.606408      -1.634672  -0.198300  -1.023946
    38  0.20208774    5.499087  126.812078      -1.424942   0.248157   1.056783
    39  0.03433519    0.934308   21.545673      -1.394924  -2.344950   4.241764
    40  0.27571650    7.502627  173.014859      -1.288535   1.566115  -0.571011
    41  0.20551168    5.592257  128.960635      -1.144421   1.880153   1.991481
    42  0.14289881    3.888474   89.670434      -0.999338  -0.580361   1.648225
    43  0.24014198    6.534596  150.691494      -0.990643   3.729686  -2.087091
    44  0.27031299    7.355591  169.624105      -0.895840   2.769002   0.397330
    45  0.11910395    3.240983   74.738919      -0.690316  -2.436766   1.225929
    46  0.24054757    6.545632  150.946006      -0.395241  -1.158256  -2.294403
    47  0.20870177    5.679064  130.962450      -0.314097   0.080359   0.192236
    48  0.18775659    5.109117  117.819138       0.032815  -3.948926  -3.079467
    49  0.20116630    5.474013  126.233864       0.046702  -1.576745  -0.302144
    50  0.12848411    3.496230   80.625062       0.609908  -0.348049   2.555538
*   51  0.29181031    7.940562  183.113888       0.648622   3.604339  -2.441188
    52  0.24074742    6.551071  151.071415       0.889051   0.990119  -1.295176
    53  0.08142489    2.215684   51.094936       1.108614  -4.568708   0.161937
    54  0.11402441    3.102762   71.551458       1.109318  -2.327307   2.240362
    55  0.26952500    7.334148  169.129631       1.085284   3.066819  -0.784586
    56  0.18648140    5.074417  117.018944       1.362784   0.422019   0.774709
    57  0.13547994    3.686597   85.015015       1.911137  -1.574091   0.621079
    58  0.28088370    7.643234  176.257332       1.914808   4.405844  -0.249492
    59  0.14266151    3.882017   89.521521       2.204073  -3.917600   1.611607
    60  0.18007462    4.900080  112.998628       2.587533  -0.901181   0.167891
    61  0.21347611    5.808980  133.958394       2.464668  -0.473854  -1.564808
    62  0.26445188    7.196102  165.946199       2.846577   1.362258  -1.290854
    63  0.24493213    6.664942  153.697364       2.987312   1.231836   0.281808
    64  0.22481400    6.117500  141.073036       3.439571   3.809830  -0.414461
    65  0.06542572    1.780324   41.055292       3.775595  -0.479516   2.540980
    66  0.19001132    5.170471  119.234004       4.413026   1.218026  -1.991109
    67  0.20646234    5.618126  129.557184       4.809991  -0.480330  -0.913315
    68  0.15882679    4.321897   99.665399       5.059672  -1.476288  -2.513518
    69  0.19810877    5.390814  124.315237       5.076655   2.150769  -1.428491
    70  0.25113602    6.833759  157.590363       5.053203   3.863926  -0.538694
    71  0.18983219    5.165597  119.121597       5.256804   2.186809   0.029509
    72  0.14492424    3.943589   90.941412       5.423609  -1.879202   0.247124
    73  0.18520320    5.039635  116.216861       5.481738   1.364268  -3.428697
    74  0.16299756    4.435389  102.282600       6.013949   0.828052   1.864746
    75  0.19459353    5.295159  122.109386       6.146506   3.211976  -2.108147
    76  0.12001910    3.265886   75.313185       6.298587  -0.482077  -3.399516
    77  0.18589457    5.058449  116.650703       6.284136   2.939123   0.795380
    78  0.13077726    3.558630   82.064037       6.551296  -0.738716  -1.038744
    79  0.10469850    2.848991   65.699353       6.808509  -0.886465   1.331759
    80  0.14746681    4.012776   92.536898       6.808062   1.355096  -2.099490
    81  0.14005626    3.811125   87.886702       7.101782   1.103234   0.282319
    82  0.14915972    4.058842   93.599214       7.258051   0.429275  -1.017849
    83  0.13048772    3.550752   81.882352       7.407934   3.147892  -0.678859
    84  0.16724509    4.550970  104.947964       7.997716  -0.232010  -2.369535
    85  0.16203892    4.409303  101.681042       8.190763  -0.463996   0.011975
    86  0.17226991    4.687703  108.101093       8.517165   1.369734  -1.035646
