 Number of surface minima:    68
   #       a.u.         eV      kcal/mol           X/Y/Z coordinate(Angstrom)
     1  0.10713944    2.915412   67.231069      -7.929010  -1.740440  -1.190253
     2  0.10059584    2.737352   63.124896      -7.399832  -2.151665   1.441290
     3  0.10512186    2.860511   65.965019      -6.902089  -2.673106  -2.519802
     4  0.09637726    2.622559   60.477695      -6.060843  -3.497594   1.782035
     5  0.10425930    2.837040   65.423752      -5.928703  -1.799440   2.332308
     6  0.16957433    4.614352  106.409587      -5.680007   0.481493  -0.952735
     7  0.15392789    4.188591   96.591288      -5.075967   0.116062   0.137071
     8  0.09305580    2.532177   58.393444      -4.869210  -4.434241  -1.909942
     9  0.09087898    2.472943   57.027472      -4.653240  -4.782928  -0.202380
    10  0.16586792    4.513496  104.083781      -4.621652   1.014801  -0.154838
    11  0.14975606    4.075070   93.973424      -4.621652   2.747679  -2.848266
    12  0.15795034    4.298047   99.115419      -4.244390   3.739979   0.447546
    13  0.17543761    4.773900  110.088855      -3.677948   1.527694   0.220144
    14  0.13687933    3.724676   85.893147      -3.551137  -1.127859  -1.638908
    15  0.08602239    2.340788   53.979907      -3.350075  -3.795335  -1.128440
    16  0.14231085    3.872475   89.301483      -3.353039   3.426521   2.046623
    17  0.15910468    4.329459   99.839780      -3.330333   3.681488  -2.186794
    18  0.14888184    4.051281   93.424846      -3.298709   5.122453   0.910045
    19  0.14524341    3.952274   91.141695      -3.155076  -0.234271  -1.928671
    20  0.13814170    3.759027   86.685297      -3.020253  -1.688586  -0.868494
    21  0.14463224    3.935643   90.758177      -2.769532   2.318424  -3.322336
    22  0.07103392    1.932931   44.574498      -2.089846  -2.873132   0.997150
    23  0.07051976    1.918940   44.251853      -2.085709  -1.929744   2.057332
    24  0.14211421    3.867124   89.178090      -2.085135   0.292510  -1.532324
    25  0.17738199    4.826809  111.308972      -1.441666   3.100754  -1.135338
    26  0.02291374    0.623515   14.378603      -1.165320  -0.077832   2.598588
    27  0.13960973    3.798974   87.606502      -1.075113   2.144511   1.340499
    28  0.16802375    4.572159  105.436582      -1.011849   4.036573  -0.945220
    29  0.02532272    0.689066   15.890262      -0.537741  -3.698027  -0.202380
    30  0.14419680    3.923794   90.484934      -0.535487   3.216263   1.482514
    31  0.17126043    4.660233  107.467634      -0.596785   5.332971  -0.410930
    32  0.02603200    0.708367   16.335341      -0.123646  -1.678627  -2.269585
    33  0.02829384    0.769915   17.754670       0.167156  -0.204196  -1.886002
    34  0.15646035    4.257503   98.180437       0.063590   4.406911  -1.073498
    35  0.13624111    3.707309   85.492661       0.532077   3.504088   1.375092
    36  0.04549776    1.238057   28.550300       0.704796  -3.751210   1.270750
    37  0.01930325    0.525268   12.112984       0.963911  -1.752157   3.163741
    38  0.11327585    3.082393   71.081726       1.199126  -2.852803  -0.599371
    39  0.13709832    3.730635   86.030568       1.173657   2.819380   1.064806
*   40  0.00747039    0.203280    4.687746       1.341835  -0.335814   3.364842
    41  0.02876499    0.782735   18.050322       1.537426  -4.118678   3.501861
    42  0.10927431    2.973505   68.570724       1.742992   7.471660  -0.216691
    43  0.10653181    2.898878   66.849776       2.096322   6.988137   1.585080
    44  0.06478344    1.762847   40.652255       2.257652   0.768537  -0.764282
    45  0.11009745    2.995904   69.087252       2.505621   4.390758  -2.724544
    46  0.10524426    2.863842   66.041826       2.792262   6.140596  -2.193726
    47  0.04006425    1.090204   25.140719       2.880851  -2.088376   2.307209
    48  0.03196057    0.869691   20.055577       2.817588  -0.179718   0.216525
    49  0.08710078    2.370133   54.656612       3.191085   3.080319   1.795968
    50  0.09458225    2.573714   59.351307       3.738718   4.821751   2.215225
    51  0.10356186    2.818061   64.986100       3.917769  -3.032086  -2.114209
    52  0.10302733    2.803516   64.650682       4.045581   4.671500  -1.789911
    53  0.10237004    2.785631   64.238225       4.217712  -1.954047  -2.096237
    54  0.11352243    3.089102   71.236459       4.484024  -0.548007  -1.849940
    55  0.09616015    2.616651   60.341453       4.548903   4.010028   1.008614
    56  0.10208110    2.777768   64.056913       4.708356  -3.166482   0.396204
    57  0.09438899    2.568455   59.230037       4.862043  -3.798067  -2.461020
    58  0.09775225    2.659974   61.340512       4.793800  -2.062283   0.463224
    59  0.10730181    2.919831   67.332962       4.914812  -0.750235   0.327313
    60  0.09292938    2.528737   58.314113       5.274209  -1.414038  -2.379329
    61  0.09439232    2.568546   59.232127       5.696793  -4.055939   0.062089
    62  0.09482512    2.580323   59.503712       5.842564  -3.386506  -2.697375
    63  0.08968671    2.440499   56.279305       5.947192  -1.684736   0.191112
    64  0.09631782    2.620941   60.440396       6.035361  -2.105395  -2.642503
    65  0.09372153    2.550292   58.811194       6.541102  -3.637642  -0.152347
    66  0.09432487    2.566710   59.189802       6.737552  -2.349223  -0.102338
    67  0.11447773    3.115097   71.835921       7.174328  -2.983505  -2.819817
    68  0.11363513    3.092169   71.307178       7.741622  -3.234116  -0.671653
 
 Number of surface maxima:    94
   #       a.u.         eV      kcal/mol           X/Y/Z coordinate(Angstrom)
     1  0.16569681    4.508839  103.976403      -7.760333  -3.229776  -1.374632
     2  0.16062166    4.370738  100.791701      -7.422700  -3.581384   0.843357
     3  0.12221707    3.325696   76.692433      -7.390104  -1.404592  -2.315094
     4  0.18242700    4.964091  114.474769      -7.132386  -0.082813  -0.989596
     5  0.13761107    3.744588   86.352322      -6.994187  -1.807327  -0.067217
     6  0.17279482    4.701986  108.430479      -6.738361  -0.568788   1.408747
     7  0.11225247    3.054545   70.439549      -6.604210  -2.338743   2.172678
     8  0.14157234    3.852379   88.838059      -6.384578  -3.154609  -0.473107
     9  0.15734082    4.281461   98.732936      -6.136614  -4.781120  -0.893531
    10  0.13301748    3.619590   83.469798      -5.824681  -3.008182  -1.799555
    11  0.17865532    4.861458  112.107997      -5.680976  -0.477694  -0.856944
    12  0.23408734    6.369840  146.892146      -5.744535   0.373554  -2.383617
    13  0.17823410    4.849997  111.843680      -5.676089  -1.543195  -3.116382
    14  0.12624115    3.435196   79.217585      -5.413954  -3.529800   0.459831
    15  0.17451958    4.748919  109.512783      -4.957050  -1.087964  -1.789911
    16  0.22106565    6.015502  138.720909      -4.753946   3.464047  -1.317147
    17  0.15943399    4.338419  100.046421      -4.748811  -2.732189   2.313124
    18  0.20175927    5.490149  126.605962      -4.669080   1.364142  -1.941589
    19  0.10270447    2.794731   64.448079      -4.260870  -4.637322  -1.268930
    20  0.18067037    4.916291  113.372467      -4.105746  -2.374407   0.446716
    21  0.20945174    5.699472  131.433059      -4.174289   1.650889  -3.723845
    22  0.15766175    4.290195   98.934328      -4.031520  -3.205203  -2.583677
    23  0.21920679    5.964920  137.554452      -4.053778   2.307384   0.999112
    24  0.16313695    4.439182  102.370070      -4.088290   4.145018   0.989373
    25  0.18093495    4.923490  113.538489      -3.594415  -2.402155   0.000152
    26  0.23740219    6.460042  148.972250      -3.625065   0.305788   0.326797
    27  0.16453431    4.477206  103.246922      -3.557380   3.344551  -2.835490
    28  0.22078674    6.007913  138.545889      -3.588420   4.803794  -0.661987
    29  0.14929855    4.062620   93.686330      -3.455678  -4.063327   0.440295
    30  0.20245639    5.509119  127.043410      -3.268036  -0.730261   1.689989
    31  0.09613587    2.615990   60.326219      -3.003895  -3.076918   1.971275
    32  0.21651788    5.891751  135.867132      -2.770823  -0.366894  -0.870587
    33  0.20776218    5.653496  130.372843      -2.668258   4.871318   2.246441
    34  0.20265921    5.514637  127.170678      -2.571666   2.025614   0.723680
    35  0.22715275    6.181141  142.540623      -2.621554   2.436238  -0.465177
    36  0.17575550    4.782550  110.288332      -1.950017  -1.691687   0.471494
    37  0.20406167    5.552801  128.050741      -1.909844   1.959242  -1.393029
    38  0.22087640    6.010352  138.602148      -1.851311   3.213896  -2.192197
    39  0.20129462    5.477505  126.314386      -1.717579   4.819552   0.598263
    40  0.05837225    1.588390   36.629172      -1.360821  -3.159585  -1.828961
    41  0.15373237    4.183270   96.468596      -1.201773  -3.139319   2.298141
    42  0.16173928    4.401150  101.493013      -1.049706  -0.512447  -0.256928
    43  0.13812667    3.758618   86.675867      -0.857963  -1.883766   0.855975
    44  0.23439149    6.378117  147.083003      -0.909909   5.880980   0.864916
*   45  0.23744779    6.461283  149.000864      -0.374163   2.939966  -0.834392
    46  0.16349642    4.448964  102.595641      -0.123646   0.764171   0.785181
    47  0.12545557    3.413820   78.724628      -0.006975  -0.757151   2.156932
    48  0.21532994    5.859426  135.121692      -0.012006   2.533576   0.714509
    49  0.18445675    5.019324  115.748457       0.204578   6.788209  -0.667922
    50  0.18041852    4.909438  113.214424       0.380457   5.282498  -0.202380
    51  0.17513001    4.765530  109.895832       0.592671   4.990934   1.043114
    52  0.13774249    3.748164   86.434792       0.911680  -1.025534  -0.899006
    53  0.20587274    5.602082  129.187206       0.959674   2.177536  -1.624028
    54  0.17827891    4.851216  111.871797       0.816714   6.130835   2.199481
    55  0.15327527    4.170832   96.181766       1.219460  -2.442465   0.212705
    56  0.12369741    3.365978   77.621362       1.185081   7.395459   0.830751
    57  0.17684638    4.812235  110.972870       1.248341   5.492623  -2.534633
    58  0.17382846    4.730113  109.079099       1.407392   1.231848   0.138009
    59  0.13264447    3.609440   83.235734       1.533119   0.149035   0.181638
    60  0.13462658    3.663375   84.479524       1.774767  -1.392927   1.415888
    61  0.18644339    5.073383  116.995090       1.881995  -4.055876  -0.189623
    62  0.05648392    1.537006   35.444225       2.044481   1.680149   2.729617
    63  0.14073173    3.829505   88.310570       2.034253   6.167927  -0.954956
    64  0.10967332    2.984363   68.821107       2.246967  -3.816465   1.463901
    65  0.16898982    4.598447  106.042803       2.274647  -2.457311  -1.500470
    66  0.18269485    4.971380  114.642848       2.150093   2.984124   0.352099
    67  0.15706602    4.273984   98.560496       2.281897   4.289309   2.703616
    68  0.13476084    3.667029   84.563776       2.553672   5.627337   1.397967
    69  0.17095234    4.651850  107.274303       2.990044  -3.856709  -0.497937
    70  0.11803602    3.211923   74.068784       3.156056   5.058358  -2.620666
    71  0.14495825    3.944514   90.962750       3.147278   5.720462   0.037847
    72  0.16829421    4.579518  105.606300       3.156740   7.309851   0.440676
    73  0.19366334    5.269847  121.525680       3.292814  -5.254706  -0.747953
    74  0.14294394    3.889702   89.698754       3.287646  -1.334472  -1.128440
    75  0.10537048    2.867277   66.121029       3.274247   1.750949  -1.152612
    76  0.16763751    4.561649  105.194211       3.337899   3.257165  -2.024647
    77  0.16937453    4.608915  106.284210       3.580595  -4.807566   1.828159
    78  0.14946830    4.067239   93.792854       3.558517  -2.878416   4.385890
    79  0.13833543    3.764298   86.806864       3.679425  -1.432474   0.167371
    80  0.13130088    3.572879   82.392618       3.633166   4.539206  -0.414397
    81  0.15601415    4.245361   97.900440       3.845183   2.631079   0.435621
    82  0.10515030    2.861285   65.982862       4.079996   4.005902   1.890416
    83  0.16549882    4.503452  103.852167       4.024678   6.254704  -1.252835
    84  0.18176048    4.945954  114.056521       4.376726   0.320530  -0.591546
    85  0.16088256    4.377837  100.955414       4.528932   5.607667   1.002649
    86  0.14189933    3.861277   89.043248       4.936863  -5.204962  -1.233060
    87  0.14697730    3.999456   92.229724       5.067578  -2.709056  -1.881253
    88  0.14609275    3.975386   91.674661       5.538467  -2.874783  -0.346297
    89  0.13834187    3.764474   86.810907       5.797441  -0.290299  -1.095966
    90  0.18161324    4.941948  113.964123       6.499956  -5.784980  -1.653836
    91  0.13749609    3.741459   86.280170       7.180428  -4.332736  -1.775283
    92  0.18345894    4.992172  115.122319       7.345725  -0.162500  -1.493544
    93  0.13853446    3.769714   86.931760       7.617243  -1.875396  -1.722092
    94  0.18291931    4.977487  114.783693       8.475484  -3.227569  -2.015911
