 Number of surface minima:    73
   #       a.u.         eV      kcal/mol           X/Y/Z coordinate(Angstrom)
     1  0.08060961    2.193499   50.583337      -6.838030  -2.725255  -0.058937
     2  0.08324565    2.265229   52.237478      -6.778142  -3.651316  -0.753213
     3  0.08396114    2.284699   52.686452      -6.001188  -2.043299   0.035158
     4  0.08131762    2.212765   51.027621      -5.895425  -4.164974   1.977726
     5  0.08900635    2.421986   55.852373      -5.884831  -3.848529  -1.315140
     6  0.08398095    2.285238   52.698888      -5.819507  -5.106553   1.263776
     7  0.11322848    3.081104   71.052006      -5.668442   5.996767  -0.554200
     8  0.07666904    2.086271   48.110592      -5.483317  -0.738518  -1.314346
     9  0.08338270    2.268959   52.323481      -5.109433  -3.519021   2.077910
    10  0.09568425    2.603701   60.042824      -5.145616   4.794549  -0.930039
    11  0.09246582    2.516123   58.023226      -4.978211  -5.250593   0.759710
    12  0.09316673    2.535196   58.463056      -4.917918   4.988667   0.294050
    13  0.07702017    2.095825   48.330927      -4.694182   0.640790   0.066491
    14  0.09753078    2.653948   61.201540      -4.732262   4.001693  -1.451899
    15  0.08751558    2.381420   54.916899      -4.362886   4.485345   0.933864
    16  0.10676037    2.905097   66.993200      -3.959778   3.335007  -0.667637
    17  0.11329610    3.082944   71.094437      -3.930046   7.316667  -1.054653
    18  0.09960200    2.710308   62.501249      -3.762464   3.495559   0.410736
    19  0.09030653    2.457366   56.668251      -3.325605   0.208944  -3.253919
    20  0.10158634    2.764305   63.746441      -3.360456   3.899429   1.733944
    21  0.06400626    1.741699   40.164566      -3.057378   0.473571   0.850842
    22  0.09658045    2.628088   60.605195      -3.070086   6.307321  -1.560172
    23  0.09373018    2.550528   58.816628      -2.906969   6.602733  -0.321692
    24  0.17414741    4.738792  109.279244      -2.595611  -2.613344  -1.720172
    25  0.09926615    2.701169   62.290501      -2.633724   5.553035  -2.006338
    26  0.17483372    4.757467  109.709908      -2.270978  -3.625812  -1.524696
    27  0.08856835    2.410067   55.577527      -2.275623   6.015057   0.282593
    28  0.16660941    4.533673  104.549069      -2.072915  -4.454691   1.030427
    29  0.15326045    4.170429   96.172463      -2.070541  -3.130164   1.030062
    30  0.18414644    5.010879  115.553733      -2.019400  -4.947587  -1.038756
    31  0.10548541    2.870404   66.193148      -1.887175   3.614647   1.342792
    32  0.10866208    2.956846   68.186543      -1.901359   4.821156  -1.301151
    33  0.11048215    3.006372   69.328656      -1.660114   0.747838  -0.505446
    34  0.10179436    2.769965   63.876978      -1.717079   5.054341  -0.138538
    35  0.10231159    2.784040   64.201547      -1.636793   5.089236   1.208104
    36  0.09647541    2.625229   60.539286      -1.476954   0.347447  -2.082846
    37  0.01672790    0.455189   10.496924      -1.239161   2.855148   1.867000
    38  0.17818369    4.848625  111.812050      -1.082696  -4.025439  -1.528637
    39  0.15636302    4.254854   98.119357      -1.013214  -3.394747   1.028675
    40  0.00133477    0.036321    0.837580      -0.927281   0.512469   3.510116
    41  0.16041615    4.365145  100.662735      -0.213104  -2.731277   0.907307
    42  0.09439226    2.568544   59.232090      -0.063882   3.815300  -0.727828
*   43 -0.01049656   -0.285626   -6.586697       0.062692   1.357982   3.859372
    44  0.06456736    1.756967   40.516667       0.072482   0.455843  -1.716346
    45  0.07564185    2.058320   47.466019       1.005332   1.259284  -1.571829
    46  0.04328739    1.177910   27.163269       1.414085   3.143078   0.452071
    47  0.01539465    0.418910    9.660295       1.553985  -0.582311   2.563345
    48  0.00720111    0.195952    4.518771       1.590770   3.295108   2.191632
    49  0.17777170    4.837414  111.553521       1.661050  -0.997966  -1.837526
    50  0.17454498    4.749610  109.528720       1.930255   0.179844  -0.236634
    51  0.06180671    1.681846   38.784329       2.204242   3.638447  -1.831961
    52  0.02940264    0.800087   18.450451       2.402187  -0.211664   3.182867
    53  0.17274313    4.700580  108.398043       2.612602  -1.085883  -2.373494
    54  0.02862398    0.778898   17.961832       3.026218   1.640457   2.389101
    55  0.18146266    4.937850  113.869632       3.243476  -3.189750  -0.918257
    56  0.16925083    4.605549  106.206587       3.516557   0.202871  -0.662167
    57  0.17063203    4.643134  107.073305       3.648308  -0.467147  -1.835563
    58  0.17839122    4.854272  111.942278       3.956211  -1.270018  -2.851407
    59  0.17731069    4.824869  111.264230       4.169536  -2.660637  -0.521374
    60  0.18913330    5.146579  118.683039       4.301830  -3.165844  -1.868471
    61  0.17106935    4.655034  107.347728       4.230536  -2.063784   0.465686
    62  0.05809635    1.580882   36.456042       5.905959  -0.335107   2.792288
    63  0.09272704    2.523231   58.187144       6.271710  -0.220333   0.376560
    64  0.09066422    2.467099   56.892704       6.402864   0.977554  -2.248462
    65  0.09848498    2.679913   61.800309       6.531706  -1.275450   0.133300
    66  0.09670262    2.631412   60.681858       7.054066  -1.137724  -2.698236
    67  0.08193524    2.229571   51.415181       7.006418   0.613170   0.331094
    68  0.08630030    2.348351   54.154302       7.466114   0.708954  -2.524515
    69  0.08775179    2.387848   55.065123       7.607425  -1.535256  -0.124784
    70  0.08788644    2.391512   55.149620       7.769382  -0.473236  -2.765734
    71  0.07934526    2.159094   49.789946       8.036324   0.345134   0.050764
    72  0.08218553    2.236382   51.572242       8.334908  -0.873135  -0.192537
    73  0.10174151    2.768527   63.843816       8.687178   0.452490  -2.639441
 
 Number of surface maxima:    73
   #       a.u.         eV      kcal/mol           X/Y/Z coordinate(Angstrom)
     1  0.17069706    4.644903  107.114112      -8.430961  -4.583700   1.044163
     2  0.12503265    3.402312   78.459241      -7.467572  -3.252814   1.597191
     3  0.12849675    3.496574   80.632998      -7.274502  -5.249255   0.099694
     4  0.17060446    4.642383  107.056005      -7.075480  -1.858992   2.461599
     5  0.17928817    4.878679  112.505120      -6.623198  -6.374097  -1.027101
     6  0.13753410    3.742493   86.304026      -5.661710  -3.254433  -0.298253
     7  0.12988947    3.534472   81.506939      -5.511892  -1.700431   1.852943
     8  0.11475005    3.122508   72.006802      -5.571215   5.658313  -0.628017
     9  0.18181457    4.947426  114.090461      -5.483782   7.459976  -0.916382
    10  0.09534070    2.594352   59.827241      -5.295827  -1.607074  -2.049078
    11  0.13907132    3.784323   87.268643      -5.091065  -4.117611   0.933864
    12  0.18680048    5.083099  117.219168      -4.853418   5.594779  -3.496405
    13  0.13917217    3.787067   87.331927      -4.865320   6.403051  -2.015454
    14  0.13472606    3.666082   84.541948      -4.566188   6.909243   0.381768
    15  0.17324776    4.714311  108.714700      -4.108227  -0.948652   1.652113
    16  0.20762521    5.649769  130.286894      -4.032711   0.392623  -1.636913
    17  0.14733422    4.009168   92.453698      -4.032551   4.418803  -0.389315
    18  0.17466727    4.752938  109.605461      -4.157199   6.792127   1.986193
    19  0.22940393    6.242398  143.953260      -3.768122  -1.270018  -0.205770
    20  0.14936173    4.064339   93.725981      -3.752922   4.299491  -3.013222
    21  0.21086542    5.737940  132.320159      -3.489800  -5.387393  -1.721274
    22  0.12800632    3.483229   80.325246      -3.137637   5.465795   1.808507
    23  0.19979909    5.436810  125.375928      -2.951458  -4.307127  -0.782724
    24  0.23167338    6.304153  145.377365      -2.963090  -1.389380  -2.104816
    25  0.17362291    4.724520  108.950115      -2.743688   1.896492  -0.412185
    26  0.20606476    5.607307  129.307696      -2.836342   2.969976  -3.165145
    27  0.14811944    4.030535   92.946433      -2.803369   5.370244  -0.767081
    28  0.07628361    2.075783   47.868727      -2.543870  -0.990152   2.543097
    29  0.11669877    3.175535   73.229642      -2.198287   0.798591  -3.034965
    30  0.24362375    6.629339  152.876338      -2.062078  -5.659273   0.133522
    31  0.21259894    5.785111  133.407958      -2.124759  -0.023538  -0.465542
    32  0.16236648    4.418217  101.886590      -2.114323   4.352610   2.323074
    33  0.21024834    5.721148  131.932939      -1.519119   1.838855  -2.042802
    34  0.15107462    4.110949   94.800835      -1.451321   0.764431   0.500765
    35  0.25406905    6.913570  159.430869      -1.273141  -2.599388  -1.213859
    36  0.23314637    6.344235  146.301678      -1.286298  -2.341171   0.354951
    37  0.11220291    3.053196   70.408448      -0.857648   1.696688   2.048450
    38  0.21455450    5.838325  134.635096      -0.551121  -4.918062  -0.221216
    39  0.15219093    4.141326   95.501329      -0.716721   3.496840  -0.383525
    40  0.19678905    5.354902  123.487094      -0.481094   1.495076  -0.424792
    41  0.18126329    4.932425  113.744527      -0.180128  -0.860245   0.575737
    42  0.11814382    3.214857   74.136428       0.219957   2.601658   0.953488
    43  0.19220316    5.230114  120.609407       0.231353   3.239964  -3.693543
    44  0.12406410    3.375956   77.851463       0.511557   0.185219   2.303069
    45  0.17687851    4.813109  110.993034       0.616877   5.502380  -1.433066
    46  0.26944441    7.331955  169.079063       0.993026  -4.837713  -0.254672
    47  0.25226233    6.864407  158.297134       1.026063  -3.192883  -1.121295
    48  0.19137252    5.207511  120.088170       1.126767  -0.032997  -0.124491
*   49  0.27538996    7.493742  172.809953       1.365586  -3.448594  -2.832244
    50  0.03518749    0.957500   22.080505       1.414221   2.852212   3.855338
    51  0.14386478    3.914760   90.276590       1.686757   1.001138   1.215634
    52  0.24715289    6.725372  155.090910       2.569523  -0.875753  -1.043558
    53  0.20868007    5.678473  130.948831       2.714298   0.249674   0.998319
    54  0.22201395    6.041307  139.315976       2.913552  -2.922885  -2.703418
    55  0.25311415    6.887586  158.831659       2.887551  -2.196078  -0.215826
    56  0.06672521    1.815685   41.870737       2.986169  -1.660259   3.451803
    57  0.19753373    5.375166  123.954391       3.155081   1.279629  -0.096130
    58  0.21683566    5.900398  136.066545       4.037241  -1.589204   1.565613
    59  0.17677654    4.810334  110.929047       4.542834   0.178503   2.777230
    60  0.25030962    6.811271  157.071787       4.574678  -2.587118  -3.156586
    61  0.22801597    6.204630  143.082298       4.607242   0.093748   0.536981
    62  0.19175880    5.218022  120.330567       4.572630   1.771310  -0.386672
    63  0.20328010    5.531533  127.560298       4.971663  -2.317306  -1.441941
    64  0.21231707    5.777441  133.231083       5.984025  -3.523089  -1.469645
    65  0.13601090    3.701045   85.348199       6.182662   1.962364  -0.743383
    66  0.08312689    2.261998   52.162952       6.366374  -1.005430   1.700741
    67  0.14357713    3.906932   90.096086       6.690518  -0.335361  -1.957991
    68  0.13725624    3.734932   86.129665       7.079514  -0.471647  -0.390055
    69  0.17354857    4.722497  108.903463       7.707517   2.771891  -0.932943
    70  0.12673218    3.448558   79.525710       8.589985   1.430606  -1.287013
    71  0.17987556    4.894663  112.873713       9.077293  -2.704038  -1.959527
    72  0.12967564    3.528654   81.372760       9.227027  -0.981178  -1.822454
    73  0.17160856    4.669706  107.686090       9.980064   0.578622  -1.718851
