 Number of surface minima:    57
   #       a.u.         eV      kcal/mol           X/Y/Z coordinate(Angstrom)
     1  0.15303332    4.164248   96.029938      -7.326309  -2.567331  -1.788747
     2  0.14420736    3.924082   90.491559      -6.616920  -2.935882  -0.731403
     3  0.14127219    3.844212   88.649715      -6.556324  -1.746092  -1.127275
     4  0.13093959    3.563047   82.165902      -5.831561  -3.458185   0.216462
     5  0.15216224    4.140545   95.483329      -5.941748  -3.205822  -3.382765
     6  0.14506784    3.947497   91.031522      -5.028015  -4.877437  -1.877322
     7  0.14279977    3.885779   89.608281      -5.079903  -3.995096   0.805252
     8  0.14321826    3.897167   89.870887      -4.895721  -3.685201  -2.537207
     9  0.13944316    3.794441   87.501974      -4.895721  -2.501703  -3.073535
    10  0.20770160    5.651848  130.334831      -4.700978   0.767499  -0.862687
    11  0.13047151    3.550310   81.872179      -4.156539  -4.259684  -1.656452
    12  0.18913308    5.146573  118.682897      -3.903714   0.370616   0.327962
    13  0.14265880    3.881943   89.519824      -3.651368  -4.656567  -0.730392
    14  0.14793813    4.025601   92.832657      -2.841683   7.117626  -0.528475
    15  0.13611921    3.703992   85.416167      -2.707310   5.895153  -0.923279
    16  0.18927916    5.150548  118.774565      -2.407417   2.355031  -1.311810
    17  0.14397640    3.917797   90.346628      -2.405515   6.845066   1.614668
    18  0.12876304    3.503821   80.800097      -2.220068   5.688169   1.691673
    19  0.17371977    4.727155  109.010895      -2.244729  -0.290272  -1.650631
    20  0.15204896    4.137463   95.412241      -1.970103   1.839125   1.274902
    21  0.16158500    4.396951  101.396202      -1.990755   3.299187   1.384367
    22  0.13929318    3.790360   87.407865      -1.617564   6.456154  -1.059860
*   23 -0.01677215   -0.456393  -10.524690      -1.403170  -4.788861   3.026747
    24  0.01750954    0.476459   10.987412      -1.159178  -1.084621   2.642095
    25  0.13319369    3.624385   83.580373      -1.081553   6.180633   1.479992
    26  0.12805451    3.484540   80.355487      -0.493016   6.092657  -1.341836
    27  0.14213693    3.867743   89.192346      -0.285938   7.107462  -1.025031
    28  0.12066203    3.283381   75.716628      -0.010086   5.791732   1.251466
    29  0.00253968    0.069108    1.593677       0.051306  -3.016898   2.841554
    30  0.14721593    4.005949   92.379470       0.115529   3.273883   0.961475
    31  0.04123981    1.122192   25.878396       0.541051  -3.209669   0.483267
    32  0.05222853    1.421211   32.773924       1.079382  -4.117650  -1.916898
    33 -0.00707116   -0.192416   -4.437222       1.217126  -1.162465   3.689770
    34  0.05994993    1.631321   37.619181       1.226993  -1.576623  -1.656452
    35  0.04251738    1.156957   26.680080       1.217476   0.517770  -1.370711
    36  0.00139917    0.038073    0.877990       1.374876   0.238322   3.423496
    37  0.06739871    1.834012   42.293366       2.353542  -3.262456   0.266836
    38  0.03540941    0.963539   22.219759       2.498011   0.730952  -0.347730
    39  0.11858020    3.226731   74.410259       2.926176  -2.535578   0.331494
    40  0.10775870    2.932263   67.619660       3.376606   0.340855  -0.862687
    41  0.01216844    0.331120    7.635819       3.899406   3.117290  -1.259570
    42  0.10464828    2.847625   65.667843       4.032541   0.038277  -2.385674
    43  0.09971147    2.713287   62.569945       4.466683  -1.236653  -1.812415
    44  0.09105171    2.477643   57.135856       4.617956   1.365043  -0.754297
    45  0.10278746    2.796989   64.500159       4.800714  -2.110638  -1.241980
    46  0.08722081    2.373399   54.731930       5.128358  -0.624173  -2.651242
    47  0.08952486    2.436095   56.177747       5.198368   0.391572   0.114555
    48  0.09306437    2.532410   58.398822       5.626324  -0.484648   0.663346
    49  0.07942413    2.161240   49.839436       5.924735   0.970390  -0.659796
    50  0.09123849    2.482725   57.253063       6.050315  -2.550499  -1.454409
    51  0.09045691    2.461458   56.762615       6.055758  -0.960857  -2.766417
    52  0.09040899    2.460154   56.732547       6.638360  -1.987885  -2.171945
    53  0.08492346    2.310885   53.290318       6.909521  -0.933397   0.488919
    54  0.08547218    2.325816   53.634651       6.904060   0.650602  -0.840168
    55  0.08571430    2.332405   53.786581       7.420340  -0.403389  -0.191673
    56  0.10906988    2.967942   68.442440       7.508298  -1.225312  -2.896655
    57  0.10640088    2.895315   66.767619       8.215126   0.111385  -1.256745
 
 Number of surface maxima:    66
   #       a.u.         eV      kcal/mol           X/Y/Z coordinate(Angstrom)
     1  0.21946949    5.972068  137.719298      -7.411001  -2.938514  -3.244873
     2  0.17595527    4.787986  110.413691      -6.623402  -3.996767  -2.190523
     3  0.21241978    5.780236  133.295538      -6.429564  -5.396644  -1.365996
     4  0.18607159    5.063265  116.761784      -6.446379  -1.594349  -2.942522
     5  0.24315219    6.616508  152.580433      -5.821177  -0.026544  -3.111358
     6  0.20843854    5.671901  130.797268      -5.340824  -2.275270  -0.598098
     7  0.17120782    4.658802  107.434622      -5.100508  -4.861354  -0.333509
     8  0.23128797    6.293666  145.135511      -4.727265  -0.020604  -2.036785
     9  0.23635969    6.431674  148.318071      -4.564086   4.839133   0.724845
    10  0.20620620    5.611156  129.396455      -4.366544  -2.773023  -1.720428
    11  0.27277006    7.422451  171.165942      -4.455375   2.519601   0.355960
*   12  0.27871801    7.584303  174.898336      -4.093016   1.419068  -2.160111
    13  0.20608202    5.607777  129.318525      -3.993944  -5.053450   0.667495
    14  0.20907822    5.689308  131.198673      -3.586705  -3.249803   0.989434
    15  0.25843899    7.032482  162.173048      -3.576321  -0.814939   0.340513
    16  0.22372689    6.087918  140.390861      -3.572778   3.739889   0.295941
    17  0.17936407    4.880745  112.552747      -3.572778   6.231204   0.609731
    18  0.24689229    6.718281  154.927382      -3.398316   1.453288  -0.565771
    19  0.20998041    5.713858  131.764809      -2.987825  -3.542437   0.251443
    20  0.21393898    5.821576  134.248850      -3.035089   7.901640   0.731016
    21  0.25813181    7.024124  161.980293      -2.646718  -1.282836  -0.796313
    22  0.19158794    5.213373  120.223351      -2.638186  -1.471722   1.784220
    23  0.20205684    5.498246  126.792686      -1.562163   5.133211  -0.677697
    24  0.17036237    4.635796  106.904092      -1.467637   7.628820   0.323738
    25  0.25592301    6.964019  160.594251      -1.343732   2.751914  -0.910740
    26  0.21191679    5.766549  132.979906      -1.277025  -1.986458  -1.345114
    27  0.19275355    5.245091  120.954780      -1.255487  -2.010681   0.592551
    28  0.19639684    5.344230  123.240980      -1.189129   5.002814   0.860366
    29  0.23983987    6.526375  150.501919      -1.078039   2.613824   0.588966
    30  0.19295115    5.250468  121.078775      -0.804703  -0.823564  -0.083981
    31  0.17583378    4.784681  110.337458      -0.774234   0.787454   0.752594
    32  0.12283101    3.342402   77.077687      -0.022219  -0.563390   2.278829
    33  0.20850428    5.673690  130.838522       0.058651   8.103169   0.093056
    34  0.19912856    5.418564  124.955162       0.424677   1.977320  -1.486695
    35  0.20982616    5.709660  131.668011       0.792934   4.074857  -0.918956
    36  0.16744659    4.556453  105.074409       0.722592   6.518107  -0.169390
    37  0.17452814    4.749152  109.518155       0.904554   1.693559   0.135943
    38  0.06539661    1.779532   41.037027       1.082478   2.405683   2.759912
    39  0.20517911    5.583208  128.751943       0.986660   3.966849  -0.007489
    40  0.13986614    3.805951   87.767404       1.218164  -0.545940  -0.683878
    41  0.09737459    2.649697   61.103530       1.336505  -4.101434  -0.078611
    42  0.13839821    3.766007   86.846260       1.453646   0.635152   0.328157
    43  0.04013345    1.092087   25.184143       1.791279  -3.069036   3.443016
    44  0.16741131    4.555493  105.052269       1.851289  -1.792549   0.569582
    45  0.20533956    5.587574  128.852626       1.839785   5.524477  -0.473241
    46  0.12239237    3.330466   76.802437       2.059116  -0.555444   1.726438
    47  0.11198971    3.047395   70.274665       2.230766  -2.449936  -1.788747
    48  0.16540229    4.500825  103.791592       2.481641  -5.376968  -0.201215
    49  0.15147483    4.121840   95.051971       3.091112  -1.829212  -0.681218
    50  0.17634338    4.798547  110.657234       3.567635  -3.334052  -2.447180
    51  0.15770349    4.291330   98.960516       3.440415   1.165554  -1.788080
    52  0.17444251    4.746822  109.464420       3.703409  -2.615507   1.518611
    53  0.13258102    3.607713   83.195913       3.802569   0.188935  -0.079923
    54  0.15883641    4.322159   99.671438       3.849436  -0.552142   1.387636
    55  0.16209905    4.410939  101.718776       4.487500  -2.253865   0.740863
    56  0.12389706    3.371411   77.746646       5.039436   1.159781  -2.280190
    57  0.18486482    5.030428  116.004523       5.530871  -3.255331   1.121728
    58  0.14238733    3.874556   89.349476       5.657365  -1.284413  -1.591656
    59  0.13759935    3.744269   86.344966       6.185877  -0.359528  -0.402183
    60  0.17350493    4.721309  108.876078       6.342695   1.560867  -3.242451
    61  0.13500000    3.673537   84.713851       6.785238  -2.814589   0.204434
    62  0.11059700    3.009497   69.400721       7.181223  -1.314142  -2.833039
    63  0.13106764    3.566532   82.246254       7.303317   0.409443  -2.690949
    64  0.13165341    3.582471   82.613829       8.232439  -1.598235  -1.505933
    65  0.17593402    4.787408  110.400355       8.410642  -2.859809  -0.388871
    66  0.17730158    4.824621  111.258517       8.767970  -0.405915  -2.582513
