 Number of surface minima:    55
   #       a.u.         eV      kcal/mol           X/Y/Z coordinate(Angstrom)
     1  0.13003402    3.538406   81.597649      -6.220667  -2.533877  -2.386343
     2  0.13825964    3.762236   86.759304      -6.266353  -0.357460  -2.683004
     3  0.13506561    3.675322   84.755019      -5.842582  -0.192741  -0.420803
     4  0.14550087    3.959280   91.303253      -5.525321   1.721628   0.633241
     5  0.12485047    3.397354   78.344917      -5.303863  -0.036011  -1.469102
     6  0.11151452    3.034464   69.976477      -5.171282  -2.681522  -1.337117
     7  0.12437365    3.384379   78.045707      -4.941928  -0.086262  -2.813824
     8  0.13796765    3.754291   86.576082      -4.935033   3.457683   1.934866
     9  0.11264929    3.065343   70.688558      -4.809054  -2.732258  -2.681438
    10  0.13591068    3.698318   85.285312      -4.712240  -0.322805  -3.917726
    11  0.12397676    3.373579   77.796659      -4.691712   0.022083  -0.702981
    12  0.10696439    2.910649   67.121226      -4.559765  -2.636897  -0.490203
    13  0.13084812    3.560558   82.108505      -4.554742   1.612325  -0.036929
    14  0.13682354    3.723158   85.858141      -4.344406   0.918129   0.948114
    15  0.11482485    3.124543   72.053743      -3.876198  -2.721026  -2.811075
    16  0.12798703    3.482704   80.313143      -3.875124  -0.058627  -3.059134
    17  0.14019016    3.814768   87.970730      -3.984333  -0.180519   0.510898
    18  0.12356889    3.362480   77.540714      -3.891182   3.766792   1.404090
    19  0.12181865    3.314854   76.442423      -3.758033  -2.355772   0.500946
    20  0.13964002    3.799798   87.625508      -3.600925   0.003085  -0.954291
    21  0.12631497    3.437205   79.263909      -3.692615   3.014121   2.376487
    22  0.11873382    3.230912   74.506659      -3.352174  -2.596735  -0.696183
    23  0.14323499    3.897622   89.881391      -3.185035  -0.034384  -1.997409
    24  0.12418021    3.379115   77.924327      -3.234480   0.153383   1.679693
    25  0.12433247    3.383259   78.019868      -2.971013  -2.637107  -1.813355
    26  0.11064633    3.010840   69.431681      -2.708288   2.301736   2.988770
    27  0.18699521    5.088398  117.341365      -2.350166   2.912369  -2.349418
    28  0.10775996    2.932298   67.620450      -2.122311  -0.158796   2.106610
    29  0.18253651    4.967071  114.543482      -1.860564   4.599846  -1.071103
    30  0.03842804    1.045680   24.113978      -1.744670  -1.506496   1.421743
    31  0.11138867    3.031040   69.897502      -1.674335   1.603785   3.146832
    32  0.17226468    4.687560  108.097812      -1.238793   2.048140  -2.029017
    33  0.09753345    2.654020   61.203217      -1.136400  -3.233280  -0.425114
    34  0.16582992    4.512462  104.059934      -0.681710   4.186438  -0.549673
    35  0.03199063    0.870509   20.074442      -0.234626  -3.571222   1.294712
    36  0.10861495    2.955563   68.156969       0.040809  -2.634315  -1.545975
    37  0.04608802    1.254119   28.920694       0.632493  -5.030624  -0.557408
    38  0.01651243    0.449326   10.361715       0.610325   1.128132   2.742497
*   39 -0.01625495   -0.442320  -10.200144       0.747712  -1.518032   4.062228
    40  0.06550021    1.782351   41.102035       1.526065  -1.575178  -1.148310
    41  0.06869814    1.869371   43.108769       1.886511  -3.233280  -0.361744
    42 -0.01063451   -0.289380   -6.673263       1.961539  -0.979503   3.673906
    43  0.17950907    4.884690  112.643736       2.378832   0.213184  -1.879091
    44  0.15982680    4.349108  100.292918       3.127500   2.714404  -2.148183
    45  0.13985856    3.805745   87.762644       3.425511   2.727884   0.503303
    46  0.11117620    3.025258   69.764178       4.322083  -1.519138  -2.302189
    47  0.17158092    4.668954  107.668746       4.491646   3.136395  -2.116452
    48  0.08937898    2.432126   56.086202       4.589807  -1.386643   0.348789
    49  0.16177704    4.402177  101.516708       4.704245   3.237645   0.050925
    50  0.12562709    3.418487   78.832252       5.093276  -2.319652  -2.207779
    51  0.11930817    3.246540   74.867071       5.451540  -0.956126  -2.485370
    52  0.10675256    2.904885   66.988300       5.815331  -0.972627   0.107546
    53  0.11381889    3.097170   71.422494       5.894110   0.193661  -2.591219
    54  0.10285372    2.798792   64.541735       6.292593   0.193808   0.054359
    55  0.12739964    3.466721   79.944551       6.717337  -0.584000  -2.535625
 
 Number of surface maxima:    69
   #       a.u.         eV      kcal/mol           X/Y/Z coordinate(Angstrom)
     1  0.20056188    5.457566  125.854584      -7.204954  -1.389681  -2.824278
     2  0.15733704    4.281359   98.730566      -6.568570  -1.278763  -1.351174
     3  0.20020756    5.447925  125.632248      -6.617499  -1.235006   0.359344
     4  0.21105564    5.743116  132.439523      -6.279079   2.711051   1.406303
     5  0.13162391    3.581669   82.595319      -5.889185  -2.641460  -2.229690
     6  0.14138386    3.847251   88.719788      -5.813278  -0.145706  -2.379274
     7  0.15854677    4.314277   99.489684      -5.738150  -1.392942  -3.643657
     8  0.16538761    4.500426  103.782382      -5.188456   1.793904   2.288952
     9  0.17481632    4.756994  109.698988      -5.169118   3.257620   0.245602
    10  0.15653466    4.259525   98.227065      -4.964742  -1.128229   0.577059
    11  0.20377405    5.544974  127.870255      -4.688589  -1.444206  -4.986167
    12  0.19948884    5.428367  125.181242      -4.722403   0.844830   3.543715
    13  0.23052730    6.272967  144.658188      -4.594327   4.042907  -1.153927
    14  0.16785509    4.567569  105.330750      -4.104995  -2.142713  -1.727053
    15  0.17704802    4.817722  111.099403      -4.107371  -0.545085  -1.748057
    16  0.19208602    5.226926  120.535896      -3.704178  -1.093560   1.465745
    17  0.14630253    3.981094   91.806300      -3.180101   0.773218   3.146832
    18  0.19731861    5.369313  123.819403      -3.223696   1.526894   0.489777
    19  0.21338695    5.806554  133.902447      -3.105137   3.634972  -1.109831
    20  0.19152593    5.211685  120.184434      -2.780227   2.755208   1.443735
    21  0.15837431    4.309584   99.381461      -2.409750  -1.905443  -0.021881
    22  0.25334890    6.893974  158.978966      -2.531554   4.313691  -2.399994
    23  0.19178271    5.218673  120.345569      -2.367659   2.491205  -1.990120
    24  0.17598443    4.788780  110.431991      -1.946635  -4.833214  -1.128794
    25  0.15158918    4.124951   95.123725      -1.877456   0.348842   3.405848
    26  0.16562502    4.506886  103.931358      -1.509501  -2.480992  -0.701513
    27  0.22580937    6.144586  141.697640      -1.603689  -1.373913  -3.857775
    28  0.20606471    5.607306  129.307668      -1.504660  -0.998415  -2.321821
    29  0.03741944    1.018235   23.481074      -1.351922  -1.800513   4.297535
    30  0.22413511    6.099027  140.647023      -1.370008   0.044239  -1.095206
    31  0.17609897    4.791897  110.503863      -1.214543   0.476186   1.163631
    32  0.25052554    6.817147  157.207281      -1.160264   1.720973  -0.630339
    33  0.21526789    5.857737  135.082752      -0.955375   3.779504  -2.279760
    34  0.14061825    3.826417   88.239358      -0.876502  -0.322805   1.559301
    35  0.24330907    6.620776  152.678872      -0.857521   2.979317   0.221100
    36  0.17123953    4.659664  107.454515      -0.765255   2.083723   1.881379
    37  0.11109732    3.023112   69.714681      -0.626502  -2.110977   1.294712
    38  0.23036081    6.268437  144.553715      -0.232320  -1.055323  -2.277234
    39  0.19321251    5.257580  121.242782      -0.130470   0.234951   0.116313
    40  0.19352116    5.265978  121.436460       0.274079  -1.478157  -0.275756
    41  0.18732540    5.097383  117.548561       0.500199  -3.918281  -2.982508
*   42  0.26485323    7.207023  166.198047       0.640857   3.690454  -2.684302
    43  0.11599051    3.156262   72.785205       0.733007  -0.125671   2.550201
    44  0.21659968    5.893977  135.918465       0.910062   1.004461  -1.349341
    45  0.10584930    2.880306   66.421494       1.168043  -2.160915   2.217326
    46  0.08778676    2.388799   55.087067       1.231157  -4.354441   0.368652
    47  0.23843360    6.488108  149.619467       1.211014   3.033897  -1.351174
    48  0.16418808    4.467785  103.029664       1.619069   0.399183   0.765535
    49  0.13143102    3.576420   82.474282       2.023118  -1.513454   0.633241
    50  0.25515143    6.943023  160.110071       1.961690   4.563823  -0.685276
    51  0.14533637    3.954804   91.200023       2.193175  -3.767317   1.799892
    52  0.18250463    4.966204  114.523482       2.418212  -0.455099  -1.549870
    53  0.17994652    4.896594  112.918241       2.726855  -2.615698  -0.832818
    54  0.15824483    4.306061   99.300214       2.718742  -0.587393   0.178363
    55  0.23898335    6.503068  149.964445       2.858906   1.397021  -1.525324
    56  0.22237806    6.051215  139.544456       3.177021   1.415951   0.013247
    57  0.20076045    5.462970  125.979190       3.472934   3.972874  -0.921724
    58  0.04877145    1.327139   30.604575       3.953550  -0.435143   2.635083
    59  0.14582376    3.968066   91.505868       4.219493  -2.550963  -1.074015
    60  0.17552236    4.776206  110.142038       4.204439   2.750838  -2.219048
    61  0.18329373    4.987676  115.018650       4.637337  -0.031503  -1.832186
    62  0.17262917    4.697478  108.326528       4.905412  -0.035688  -0.253318
    63  0.23735642    6.458797  148.943527       5.191897   3.972011  -1.186468
    64  0.19578033    5.327454  122.854117       5.460926   2.388920  -1.218879
    65  0.19135899    5.207143  120.079678       5.802772  -3.240277  -1.211987
    66  0.15068554    4.100362   94.556681       6.585736  -1.841986  -1.379757
    67  0.21367747    5.814460  134.084749       6.957558   2.319634  -1.502022
    68  0.15772909    4.292027   98.976581       7.174356   0.662698  -1.451307
    69  0.19505182    5.307630  122.396969       7.969554  -0.851982  -1.615762
