 Number of surface minima:    60
   #       a.u.         eV      kcal/mol           X/Y/Z coordinate(Angstrom)
     1  0.14157361    3.852414   88.838853      -6.653463  -0.937973  -2.629896
     2  0.12332217    3.355767   77.385897      -6.116450   1.046307   0.017986
     3  0.12226322    3.326951   76.721392      -5.944868  -1.557566  -1.657269
     4  0.11352231    3.089099   71.236386      -5.683741   1.084858   1.868339
     5  0.13364507    3.636667   83.863619      -5.698128   3.583165  -1.289125
     6  0.11938543    3.248643   74.915551      -5.462029  -2.293314  -1.104860
     7  0.13757649    3.743647   86.330621      -5.485878  -1.478375  -4.385159
     8  0.13406899    3.648203   84.129629      -5.462029  -0.439646  -1.762270
     9  0.12550623    3.415198   78.756415      -5.207271  -3.341680  -3.600055
    10  0.12975528    3.530821   81.422738      -5.065146   4.933859  -0.222636
    11  0.12461457    3.390935   78.196891      -4.906761  -0.010928   0.703076
    12  0.11016555    2.997757   69.129985      -4.800557   3.026396   3.133588
    13  0.11686547    3.180071   73.334251      -4.535969  -2.346846  -3.769492
    14  0.13089643    3.561873   82.138820      -4.282628  -1.990034  -0.495431
    15  0.11833595    3.220085   74.256993      -4.395764   4.750911   2.403343
    16  0.11384920    3.097994   71.441511      -4.129544  -3.050932  -3.277918
    17  0.12423580    3.380628   77.959207      -4.139062  -1.074705  -3.952634
    18  0.13914115    3.786223   87.312461      -3.985219  -0.948842  -0.660635
    19  0.12562385    3.418399   78.830220      -3.213025  -0.828389  -3.468584
    20  0.11970672    3.257385   75.117162      -3.241811   3.809487   3.136725
    21  0.00132950    0.036178    0.834275      -3.101618  -0.280961   4.478313
    22  0.12455844    3.389407   78.161665      -2.959375  -2.679108  -2.662601
    23  0.09431777    2.566517   59.185344      -2.846267  -1.663510   1.339162
    24  0.03812319    1.037385   23.922686      -2.680647  -3.311539   3.448599
    25  0.20076742    5.463159  125.983566      -2.748143   2.432925  -1.703607
    26  0.13018855    3.542611   81.694617      -2.564204  -1.725811  -2.745072
    27  0.19002725    5.170904  119.243999      -2.642569   1.471361  -0.887321
    28  0.17824966    4.850420  111.853446      -2.538010   0.648604   0.150495
    29  0.19650379    5.347140  123.308094      -1.989711   4.150378  -0.579625
    30  0.18279891    4.974211  114.708144      -1.831243   2.688352   1.662589
    31  0.18537958    5.044435  116.327543      -1.776153   3.546103   0.529331
    32  0.03938256    1.071654   24.712952      -1.360905  -1.540941   3.121951
    33  0.19391813    5.276781  121.685564      -1.469596   1.574906  -1.569006
    34  0.03470022    0.944241   21.774732      -0.964022  -3.925446   1.928095
    35  0.08784030    2.390256   55.120665      -0.426766  -0.795505  -1.183726
    36  0.02956606    0.804533   18.552996      -0.067288  -0.029154   2.880590
    37  0.20644589    5.617678  129.546859      -0.014172   3.074525   0.328936
    38  0.17464469    4.752324  109.591290      -0.025198   4.240303  -3.034074
    39  0.16909345    4.601267  106.107831       0.491215   2.434007  -3.354351
    40  0.17874757    4.863969  112.165886       1.258718   4.845637   0.404711
    41  0.18067497    4.916416  113.375353       1.417275   3.820162  -2.561800
    42  0.02824250    0.768517   17.722448       1.544981  -1.903351  -1.334162
    43  0.16442685    4.474282  103.179495       2.066700   1.300050   1.186088
    44  0.16002060    4.354382  100.414527       1.946281   4.084555   1.871352
    45 -0.00571564   -0.155530   -3.586621       2.212862  -3.981760   0.283556
    46  0.00127707    0.034751    0.801377       2.588920  -3.219186   1.730314
    47  0.16657768    4.532809  104.529161       2.889385   5.035893   0.428869
    48  0.16942997    4.610424  106.318998       3.966295   0.543855  -1.790009
*   49 -0.02659515   -0.723691  -16.688720       4.054686  -3.865712  -1.713128
    50  0.15238265    4.146543   95.621637       4.171770   1.029565   1.036015
    51  0.17172673    4.672922  107.760238       4.175832   1.825646  -1.470621
    52  0.18316250    4.984105  114.936302       4.767987   2.805162  -0.909841
    53  0.08232462    2.240167   51.659525       5.644328  -1.473678   1.348931
    54  0.10428502    2.837740   65.439896       5.652454  -0.147507  -3.290983
    55  0.09123402    2.482604   57.250257       6.841342  -1.146517  -2.304575
    56  0.08387037    2.282229   52.629495       6.974095  -1.867713   0.149060
    57  0.10296875    2.801922   64.613918       7.115654   0.657652  -3.020970
    58  0.09104274    2.477399   57.130229       7.279963  -0.802361   1.488207
    59  0.11195153    3.046356   70.250705       7.774403   2.402274  -1.054950
    60  0.10824030    2.945368   67.921872       7.782751   1.713319   0.816535
 
 Number of surface maxima:    93
   #       a.u.         eV      kcal/mol           X/Y/Z coordinate(Angstrom)
     1  0.20729674    5.640831  130.080777      -6.809623  -0.681425  -4.106477
     2  0.18111214    4.928312  113.649677      -6.658379   2.107678   0.942818
     3  0.19794788    5.386436  124.214273      -6.548056  -3.727186  -2.910716
     4  0.15932379    4.335421   99.977271      -6.402622  -2.136381  -3.302150
     5  0.18831701    5.124366  118.170808      -6.329307   3.952456   0.016219
     6  0.17875883    4.864275  112.172954      -5.812744   3.989945   2.162408
     7  0.13309330    3.621653   83.517377      -5.705085   0.389169   0.691165
     8  0.17187375    4.676923  107.852497      -5.527323   0.248216  -3.488728
     9  0.16488859    4.486847  103.469238      -5.329734   3.073396   0.856984
    10  0.16353135    4.449914  102.617556      -5.128635   2.301436  -0.538909
    11  0.15878104    4.320652   99.636688      -5.039079  -3.844045  -1.953231
    12  0.14854177    4.042027   93.211443      -4.946456   4.362400  -1.447998
    13  0.19005541    5.171671  119.261673      -4.830865   0.766752  -1.089963
    14  0.14625371    3.979766   91.775663      -4.859952   2.232630   1.941239
    15  0.18048230    4.911173  113.254447      -4.603940  -1.274993  -1.571313
    16  0.17237083    4.690449  108.164421      -4.467156  -1.471610   2.662105
    17  0.17131813    4.661803  107.503840      -4.425054   0.123338   1.998687
    18  0.23028403    6.266347  144.505534      -4.523183   1.563606  -3.408350
    19  0.15960253    4.343006  100.152181      -4.403674   4.286883   0.841362
    20  0.21693821    5.903189  136.130894      -4.289520   2.748558  -2.122723
    21  0.18296689    4.978782  114.813555      -4.032128  -4.307871   1.281081
    22  0.12783291    3.478510   80.216427      -3.983668   4.130281   3.104518
    23  0.17408810    4.737178  109.242025      -3.858537  -1.741823  -2.906485
    24  0.20743788    5.644672  130.169342      -3.871806  -4.501852  -1.032230
    25  0.16672521    4.536824  104.621734      -3.361627   2.386833   3.446206
    26  0.20715474    5.636967  129.991670      -3.390131   5.134677  -0.543397
    27  0.21845041    5.944338  137.079814      -3.277479   1.571159   1.603750
    28  0.20892701    5.685193  131.103791      -3.263189   2.606795  -0.960005
    29  0.18841332    5.126987  118.231241      -3.083955  -3.199368  -0.631534
    30  0.20745377    5.645104  130.179317      -2.833012   3.663119  -0.121310
    31  0.19364378    5.269315  121.513408      -2.811480   4.880204   1.740463
*   32  0.26440000    7.194690  165.913645      -2.551299   3.955222  -1.970830
    33  0.18257252    4.968051  114.566081      -2.519867  -0.761661  -0.632782
    34  0.19745884    5.373128  123.907399      -2.190361  -3.993581  -0.382916
    35  0.19676757    5.354318  123.473621      -2.252910   3.316614   1.093268
    36  0.24072309    6.550408  151.056143      -1.974662   0.825108  -1.680583
    37  0.17987976    4.894777  112.876351      -1.837537  -1.056419  -1.571313
    38  0.20091146    5.467079  126.073953      -1.508426  -0.041194   1.200884
    39  0.07918107    2.154626   49.686912      -1.435011  -3.191436   3.381765
    40  0.25232605    6.866141  158.337121      -1.388408   1.248454  -0.306486
    41  0.18842224    5.127230  118.236840      -1.349334  -2.394810  -1.689078
    42  0.23153458    6.300376  145.290265      -1.092381   3.694326  -1.699541
    43  0.16056367    4.369160  100.755308      -1.027650  -1.074727   1.206867
    44  0.16045019    4.366072  100.684100      -1.009132  -0.836430   1.074573
    45  0.23898699    6.503167  149.966728      -0.975990   3.023534  -3.562586
    46  0.16945818    4.611192  106.336706      -0.885142  -2.715673   0.384900
    47  0.20278882    5.518164  127.252012      -0.852914   1.297386   2.225730
    48  0.25992058    7.072799  163.102761      -0.870605   2.433684   0.665038
    49  0.19635840    5.343184  123.216857      -0.063399  -0.160579   0.089446
    50  0.14042546    3.821171   88.118378       0.202843  -3.059142   3.793149
    51  0.15341664    4.174679   96.270478       0.217783  -1.876949  -0.781971
    52  0.24130143    6.566146  151.419059       0.388958   3.710034   1.095326
    53  0.13378553    3.640489   83.951759       0.531143  -1.185760   2.315737
    54  0.24597257    6.693254  154.350249       0.592722   4.944256  -1.637868
    55  0.04521952    1.230486   28.375702       0.792505  -4.898545  -1.008393
    56  0.11334626    3.084309   71.125910       0.894836  -3.023433   1.626040
    57  0.18721323    5.094331  117.478176       0.808987   3.741051  -3.158845
    58  0.23174741    6.306168  145.423815       0.888588   1.704679  -1.437870
    59  0.22741828    6.188366  142.707242       0.979995   2.485807   0.745556
    60  0.25471340    6.931104  159.835203       1.123100   2.695555  -0.645253
    61  0.17343859    4.719504  108.834447       1.548156  -0.413561   0.809509
    62  0.18248881    4.965773  114.513556       1.737158   5.010811   0.677690
    63  0.11813628    3.214652   74.131699       1.946452  -1.909536   0.239765
    64  0.24170484    6.577123  151.672202       1.915563   2.354269  -2.512018
    65  0.24321717    6.618276  152.621207       2.079366   4.892142  -1.044138
    66  0.16590858    4.514602  104.109295       2.603755  -1.217265   0.029379
    67  0.19380746    5.273769  121.616119       2.526185  -0.494995  -1.653052
    68  0.23127829    6.293402  145.129437       2.984027   0.897787   0.508508
    69  0.25229708    6.865353  158.318938       2.915395   1.217159  -1.042136
    70  0.21847275    5.944946  137.093833       3.533984   3.555573  -0.054622
    71  0.22480274    6.117194  141.065966       3.471989   4.454248   1.674049
    72  0.06054352    1.647473   37.991666       3.599781  -1.440837   2.595608
    73  0.18107716    4.927360  113.627731       4.592338   1.237587  -1.640297
    74  0.19422573    5.285151  121.878589       4.856927  -0.624554  -0.988845
    75  0.19051314    5.184126  119.548899       5.121516   2.100336  -0.852515
    76  0.24646514    6.706657  154.659338       5.096588   3.491538   0.349066
    77  0.14623602    3.979285   91.764568       5.217697  -1.346332  -2.650252
    78  0.18381886    5.001965  115.348171       5.253981   1.703555   0.545459
    79  0.13286298    3.615386   83.372849       5.482818  -2.269905   0.127165
    80  0.17939075    4.881471  112.569491       5.650693   1.629376  -3.026550
    81  0.15869851    4.318406   99.584903       5.917219   0.114083   2.131797
    82  0.19141465    5.208657  120.114606       6.179870   3.212452  -1.306724
    83  0.18362546    4.996703  115.226809       6.338838   2.411756   1.518287
    84  0.11219745    3.053048   70.405024       6.446853  -0.141105  -3.284454
    85  0.09830938    2.675134   61.690117       6.820487  -1.471610   1.286992
    86  0.12234248    3.329108   76.771127       6.711245  -0.814648  -1.040173
    87  0.14203156    3.864875   89.126223       6.841342   1.438864  -1.633409
    88  0.13493263    3.671703   84.671572       7.020807   0.667714   0.724862
    89  0.14243539    3.875864   89.379634       7.310238   0.248216  -0.645253
    90  0.12777164    3.476843   80.177983       7.398085   2.908032   0.044456
    91  0.16093547    4.379277  100.988615       8.104797  -0.148667  -2.130924
    92  0.15619865    4.250381   98.016216       8.216696  -0.770035   0.183506
    93  0.16809629    4.574133  105.482103       8.561167   1.219674  -0.494966
