 Number of surface minima:    71
   #       a.u.         eV      kcal/mol           X/Y/Z coordinate(Angstrom)
     1  0.10749935    2.925206   67.456915      -7.710807   2.806008  -1.245460
     2  0.08572888    2.332801   53.795730      -6.780435   2.014703   1.272450
     3  0.08613873    2.343954   54.052911      -6.656971   3.197968   1.260696
     4  0.09362246    2.547597   58.749032      -6.666186   2.002156  -1.393488
     5  0.09231665    2.512064   57.929618      -6.538022   3.189704  -1.404533
     6  0.13623261    3.707078   85.487322      -6.532751  -1.581216  -2.451292
     7  0.12869178    3.501881   80.755378      -6.018168  -3.712768  -2.722973
     8  0.13482996    3.668910   84.607149      -6.114812  -1.845262  -0.215015
     9  0.10030110    2.729332   62.939940      -5.837007   1.368267  -1.351405
    10  0.09012452    2.452413   56.554039      -5.957071   1.361530   1.311942
    11  0.09129198    2.484181   57.286629      -5.571423   3.617697   1.296962
    12  0.12509460    3.403997   78.498115      -5.604756  -1.294543  -1.388550
    13  0.12169082    3.311376   76.362208      -5.338639  -1.035137  -2.579950
    14  0.13416831    3.650905   84.191956      -5.076514  -0.987403  -3.745832
    15  0.11068745    3.011959   69.457484      -4.969428  -3.855729  -1.666428
    16  0.09917203    2.698608   62.231442      -4.982026   1.725096   1.327661
    17  0.10189320    2.772655   63.939000      -4.749594   2.827595   1.313743
    18  0.11213461    3.051338   70.365591      -4.615041  -3.554765  -2.982006
    19  0.13788564    3.752059   86.524615      -4.296889  -1.628174   0.698631
    20  0.12584156    3.424323   78.966835      -4.282748  -0.723398  -2.824901
    21  0.10606010    2.886042   66.553775      -4.282582  -3.818740  -0.864745
    22  0.09841600    2.678036   61.757025      -4.126058   1.329477   2.454352
    23  0.14431375    3.926977   90.558320      -3.885865  -0.963749  -0.893072
    24  0.11801469    3.211343   74.055396      -3.536644  -3.554765   0.277689
    25  0.11522441    3.135416   72.304468      -3.611519  -3.292534  -3.110217
    26  0.11883728    3.233727   74.571584      -3.107105  -3.474751  -1.024193
    27  0.12410693    3.377121   77.878338      -2.795533  -3.230568  -2.128633
    28  0.17810561    4.846500  111.763049      -2.722357   0.533357  -0.228037
    29  0.18165891    4.943190  113.992781      -2.791273   2.164690  -2.036964
    30  0.17178005    4.674373  107.793702      -2.656932   1.256295  -1.243174
    31  0.16826136    4.578624  105.585685      -2.462581   2.600457   1.321095
    32  0.18618029    5.066223  116.829993      -2.430627   3.919542  -0.893434
    33  0.17072242    4.645593  107.130023      -2.191893   3.269515   0.402621
    34  0.03471469    0.944635   21.783814      -1.961592  -2.072747   1.383706
    35  0.05196071    1.413923   32.605865      -1.737253  -0.379701   2.870846
    36  0.18084718    4.921102  113.483411      -1.490234   1.381051  -1.651055
    37  0.18004139    4.899175  112.977770      -1.272705   3.520334  -0.140325
    38  0.00932933    0.253864    5.854249      -0.420049   0.170973   3.004196
    39  0.18259756    4.968732  114.581795      -0.426177   0.984858  -1.352858
    40  0.18854987    5.130703  118.316931      -0.328198   3.053368   0.314010
    41  0.02790193    0.759250   17.508738      -0.260418  -4.162735   1.119117
    42  0.16334965    4.444970  102.503538      -0.211018   4.332313  -2.849712
    43  0.10693706    2.909905   67.104072       0.077823  -2.896058  -1.514097
    44  0.16246599    4.420924  101.949033       0.479847   2.601669  -3.440288
*   45 -0.02032403   -0.553045  -12.753533       0.501983  -2.349393   4.040801
    46  0.04472214    1.216951   28.063592       0.665252  -5.353774  -0.865298
    47  0.16279335    4.429832  102.154453       1.069759   4.972806   0.325351
    48  0.04556305    1.239834   28.591270       1.555642  -1.945312  -0.853881
    49  0.16964950    4.616398  106.456756       1.431679   3.732228  -2.430669
    50 -0.01112694   -0.302779   -6.982264       1.670496  -1.702644   3.722283
    51  0.14397727    3.917821   90.347176       1.545890   4.123818   1.907570
    52  0.04934466    1.342737   30.964270       1.685566  -3.156166  -0.588862
    53  0.13827891    3.762761   86.771400       1.958548   1.472419   1.301978
    54  0.07239349    1.969927   45.427639       2.385382  -2.350555  -0.557653
    55  0.15084656    4.104744   94.657727       2.750410   5.084124   0.613295
    56  0.14178248    3.858098   88.969926       3.151099   1.869302   1.302852
    57  0.07153684    1.946616   44.890083       3.398204  -2.219474   0.472996
    58  0.16697914    4.543734  104.781082       3.694940   0.714497  -1.737930
    59  0.13525376    3.680442   84.873084       3.919499   1.143619   1.054906
    60  0.15653599    4.259561   98.227901       4.029798   2.001596  -1.436794
    61  0.16540900    4.501008  103.795803       4.508868   2.927656  -0.937400
    62  0.08401590    2.286189   52.720819       6.168502  -0.704247  -0.660666
    63  0.08272061    2.250942   51.908009       6.304661  -0.238193   0.460511
    64  0.07589198    2.065126   47.622975       6.975893  -1.013132  -1.262180
    65  0.08410225    2.288539   52.775001       7.074347   1.439056  -2.332251
    66  0.07329602    1.994486   45.993984       7.229762  -0.119945   0.863687
    67  0.08484193    2.308666   53.239160       7.491452   2.264115  -0.334439
    68  0.07141033    1.943174   44.810695       7.904043  -0.876031  -0.865298
    69  0.07071386    1.924222   44.373652       8.124119  -0.438736   0.193057
    70  0.07793396    2.120691   48.904339       8.133339   1.564118  -1.923652
    71  0.07693266    2.093444   48.276013       8.287890   2.008816  -0.862421
 
 Number of surface maxima:    85
   #       a.u.         eV      kcal/mol           X/Y/Z coordinate(Angstrom)
     1  0.17723244    4.822740  111.215126      -8.845748   2.927656  -0.104148
     2  0.13500036    3.673547   84.714076      -7.910662   1.460026  -0.106369
     3  0.18829949    5.123890  118.159813      -7.613148  -0.176088  -0.132507
     4  0.13349155    3.632490   83.767283      -7.531870   3.986011  -0.145591
     5  0.19935658    5.424768  125.098245      -7.243968  -2.772969  -2.878671
     6  0.18257267    4.968055  114.566175      -6.664045   5.508539  -0.104513
     7  0.19532926    5.315179  122.571065      -6.622936  -3.140021   0.193057
     8  0.15564852    4.235412   97.671005      -6.586678  -2.788340  -1.409971
     9  0.13945776    3.794839   87.511137      -6.293770  -1.469840  -2.060837
    10  0.14898241    4.054017   93.487951      -5.945326  -0.057865  -0.043236
    11  0.15753169    4.286655   98.852709      -5.809749  -2.334259  -3.715242
    12  0.13762084    3.744853   86.358452      -5.865824  -1.584035  -0.472456
    13  0.13035978    3.547270   81.802064      -5.639855  -3.741813  -2.728595
    14  0.14838478    4.037755   93.112935      -5.579136   2.419608  -0.830584
    15  0.14265867    3.881940   89.519740      -5.605691   2.460128   0.783883
    16  0.15074390    4.101950   94.593303      -4.944219  -2.732750   0.508737
    17  0.20372439    5.543623  127.839092      -4.838935  -1.848247  -5.012964
    18  0.19531735    5.314855  122.563590      -4.282748  -0.604400   0.082102
    19  0.17462693    4.751840  109.580142      -4.282347  -1.439529  -1.656464
    20  0.15553185    4.232237   97.597788      -4.182153  -1.101209  -0.131568
    21  0.16706940    4.546190  104.837721      -4.015496  -3.025208  -1.921170
    22  0.18092477    4.923213  113.532104      -3.754761  -2.614378   1.381815
    23  0.16727678    4.551833  104.967853      -3.641760   0.008063   3.374330
    24  0.19993099    5.440399  125.458695      -3.424215   0.743420   0.557067
    25  0.21264503    5.786365  133.436882      -3.426220   4.842538  -0.039732
    26  0.17976951    4.891777  112.807166      -3.199411   1.986944   1.506259
    27  0.19935888    5.424831  125.099691      -3.164609   3.384323  -0.468415
*   28  0.24971390    6.795061  156.697969      -2.803964   3.601322  -2.300904
    29  0.15827286    4.306824   99.317803      -2.287101  -2.737903  -0.212194
    30  0.15716452    4.276664   98.622308      -2.015397  -2.853811  -0.336120
    31  0.17531596    4.770590  110.012521      -1.921027  -5.281237  -1.407947
    32  0.20801959    5.660501  130.534372      -1.741363  -1.276567  -2.284545
    33  0.22496608    6.121638  141.168463      -1.769156  -0.450720  -0.966084
    34  0.15746099    4.284732   98.808348      -1.708081  -2.964513  -0.539634
    35  0.22822047    6.210195  143.210629      -1.744252  -1.303592  -3.758486
    36  0.18360638    4.996184  115.214841      -1.662902  -0.156383   1.107987
    37  0.03104572    0.844797   19.481498      -1.568921  -2.825352   4.161886
    38  0.24843822    6.760348  155.897465      -1.407186   1.144922  -0.479688
    39  0.18676020    5.082003  117.193892      -1.450810   1.627689   2.098935
    40  0.24852590    6.762734  155.952488      -1.236875   2.402411   0.460149
    41  0.21727356    5.912314  136.341329      -1.325110   3.503997  -1.923652
    42  0.13317839    3.623968   83.570771      -1.107684  -0.995411   1.694056
    43  0.22810416    6.207030  143.137644      -0.968175   3.196782  -3.640559
    44  0.10704453    2.912830   67.171512      -0.728090  -2.764607   1.240030
    45  0.23218047    6.317952  145.695565      -0.446213  -1.173467  -2.270065
    46  0.19277620    5.245707  120.968995      -0.380396  -0.276947   0.258873
    47  0.19112145    5.200679  119.930620       0.082964  -1.895439  -0.264327
    48  0.22535560    6.132238  141.412893       0.093391   3.859454   0.986138
    49  0.18555959    5.049333  116.440500       0.355015  -4.074922  -3.231658
    50  0.11383125    3.097506   71.430250       0.457472  -0.783250   2.671278
    51  0.23291692    6.337992  146.157695       0.593166   4.879670  -1.533343
    52  0.20994981    5.713025  131.745606       0.763656   2.568637   0.760097
    53  0.22133223    6.022756  138.888190       0.751411   1.618349  -1.380700
    54  0.23725213    6.455959  148.878086       0.881480   2.804755  -0.466249
    55  0.17739572    4.827183  111.317589       0.876730   3.721422  -3.071463
    56  0.10446386    2.842606   65.552119       1.009024  -2.711216   2.177471
    57  0.08341024    2.269708   52.340758       1.265088  -4.718847   0.075898
    58  0.16758343    4.560177  105.160277       1.306453  -0.086869   1.003401
    59  0.16673862    4.537189  104.630151       1.538202   5.111993   0.789862
    60  0.23321589    6.346127  146.345300       1.744572   2.133890  -2.452829
    61  0.12443344    3.386006   78.083230       1.810930  -1.830482   0.591913
    62  0.22622066    6.155777  141.955727       2.096656   4.973379  -0.997592
    63  0.14216202    3.868425   89.208091       2.123243  -4.292666   1.571864
    64  0.16466795    4.480843  103.330784       2.492237  -1.041173   0.245939
    65  0.19648889    5.346735  123.298746       2.454237  -0.515503  -1.530767
    66  0.24155896    6.573154  151.580662       2.697152   1.267724  -0.997592
    67  0.21493935    5.848797  134.876594       2.832836   0.936893   0.579973
    68  0.20782289    5.655148  130.410940       3.091123   4.508283   1.892952
    69  0.20279336    5.518288  127.254859       3.364901   3.663147   0.047041
    70  0.05210273    1.417787   32.694983       3.618990  -0.784334   2.818719
    71  0.16940025    4.609615  106.300352       4.051793  -2.958336  -1.327224
    72  0.18960287    5.159357  118.977700       4.448676  -0.008916  -1.457168
    73  0.16067604    4.372217  100.825823       4.614090  -0.495366  -0.048808
    74  0.23154333    6.300614  145.295756       4.911493   3.655062   0.258991
    75  0.19478973    5.300498  122.232505       4.987539  -0.239959  -3.112431
    76  0.17658680    4.805171  110.809981       5.084531   1.861528   0.578540
    77  0.18847536    5.128675  118.270173       5.771619   1.931627   1.975208
    78  0.12578566    3.422802   78.931761       6.964269  -0.112743  -0.466302
    79  0.13268137    3.610444   83.258889       7.027566   1.405422  -1.064589
    80  0.13070543    3.556676   82.018966       7.331764   1.729301   1.504600
    81  0.17098079    4.652624  107.292156       8.195205  -0.497352  -3.591704
    82  0.12066067    3.283344   75.715777       8.997001   0.045878  -2.188241
    83  0.16783319    4.566973  105.317008       9.091998   1.612143   1.650664
    84  0.11936944    3.248208   74.905515       9.386204   0.963396   0.103402
    85  0.16418539    4.467712  103.027972      10.307323   0.311281  -1.105312
