 Number of surface minima:    60
   #       a.u.         eV      kcal/mol           X/Y/Z coordinate(Angstrom)
     1  0.13252638    3.606226   83.161628      -6.935038  -1.088776  -2.030341
     2  0.12117040    3.297214   76.035637      -6.333421  -3.023334  -1.528952
     3  0.11199607    3.047568   70.278654      -6.076014  -1.839868  -1.264363
     4  0.13097708    3.564067   82.189425      -5.903737  -1.247980  -3.963182
     5  0.11894798    3.236739   74.641046      -5.737133  -0.545918  -1.206042
     6  0.11025877    3.000294   69.188483      -5.409183  -2.559341  -0.867480
     7  0.16115406    4.385225  101.125781      -5.408811   2.796165  -1.030721
     8  0.12034253    3.274687   75.516141      -4.943367  -0.285064  -0.818686
     9  0.14968368    4.073100   93.928009      -4.952454   4.567629   0.142143
    10  0.10998094    2.992733   69.014138      -4.811073  -2.005397  -3.595793
    11  0.11679144    3.178057   73.287795      -4.546485  -0.727847  -3.557717
    12  0.15554665    4.232640   97.607077      -4.641373   1.702417   0.082432
    13  0.14831612    4.035887   93.069847      -4.569056   2.161437  -0.875471
    14  0.10727290    2.919044   67.314819      -4.217728  -2.691635  -3.248778
    15  0.12128807    3.300416   76.109476      -4.281126  -2.168433  -0.339864
    16  0.15918474    4.331637   99.890015      -4.223360   2.923261  -1.999594
    17  0.14543396    3.957459   91.261264      -4.161402   3.371243   1.452457
    18  0.12453801    3.388852   78.148847      -4.017307  -1.079588  -0.285998
    19  0.08106679    2.205939   50.870219      -3.885013  -0.574926   2.784856
    20  0.16093205    4.379184  100.986471      -3.963056   3.977332  -3.062232
    21  0.13313753    3.622856   83.545131      -3.872477   4.236250   0.617039
    22  0.11774587    3.204028   73.886712      -3.752719  -0.472440  -3.183063
    23  0.14519991    3.951091   91.114397      -3.651142   4.914551  -0.405186
    24  0.15494201    4.216186   97.227658      -3.635099   5.618900  -1.666231
    25  0.07405584    2.015162   46.470780      -3.256499   2.191528   4.109076
    26  0.11838212    3.221341   74.285962      -3.160042  -2.262202  -2.719601
    27  0.14849090    4.040643   93.179528      -3.190497   3.147662  -2.688831
    28  0.10033314    2.730204   62.960051      -2.958953  -2.090699   1.056398
    29  0.12334762    3.356459   77.401867      -2.916280  -1.336217  -2.667318
    30  0.04173696    1.135720   26.190360      -2.655928  -3.318432   3.415732
    31  0.14110598    3.839689   88.545411      -2.628805   5.179287  -1.066510
    32  0.09080560    2.470946   56.981422      -2.032893  -3.675289   1.059340
    33  0.05661873    1.540674   35.528822      -1.741835  -1.324120   2.881332
    34  0.18029905    4.906187  113.139458      -1.229878   1.940105  -1.792778
    35  0.02462782    0.670157   15.454204      -0.577655  -3.684267   2.143159
    36  0.08540597    2.324015   53.593102      -0.509939  -0.639504  -1.132069
    37  0.16285958    4.431635  102.196018      -0.212396   1.136304  -1.319078
    38  0.18552336    5.048347  116.417763       0.193102   3.248984   0.304546
    39  0.02939710    0.799936   18.446975       0.340308   0.347619   2.822716
    40  0.20160454    5.485938  126.508863       0.271038   3.978007  -0.974931
    41  0.02988175    0.813124   18.751100       1.310145  -1.752963  -1.486945
*   42 -0.00171313   -0.046617   -1.075008       1.665022  -4.130049   0.978351
    43  0.02601461    0.707893   16.324426       2.078149  -2.937183  -1.516367
    44  0.14241106    3.875202   89.364365       2.178365   1.409488   1.202582
    45  0.18074987    4.918454  113.422351       2.364131   2.203254  -1.337989
    46  0.00038359    0.010438    0.240707       2.461264  -3.082723   1.913924
    47  0.19482270    5.301395  122.253191       2.780394   3.526197  -0.684494
    48  0.15295050    4.161995   95.977968       3.429704   1.841712   1.298901
    49  0.02978879    0.810594   18.692764       3.726252  -3.018028   0.058580
    50  0.13062944    3.554608   81.971281       3.920351  -0.241850   0.587757
    51  0.05970974    1.624785   37.468461       4.870359  -1.985976  -3.336885
    52  0.12103659    3.293573   75.951669       5.641151   2.468573   1.648565
    53  0.12817385    3.487788   80.430373       5.785498   3.407766  -0.842127
    54  0.12666045    3.446606   79.480696       6.169354   0.014628  -1.733164
    55  0.10946878    2.978797   68.692755       6.284007   0.351134   0.948287
    56  0.12441290    3.385447   78.070339       6.412255   1.527891   1.336432
    57  0.11620456    3.162087   72.919524       6.466327   1.283582  -1.531998
    58  0.12963004    3.527413   81.344144       6.569007   2.345264  -1.136746
    59  0.13780387    3.749834   86.473309       6.939094   2.852873   1.603655
    60  0.14120936    3.842502   88.610286       7.035193   3.598270  -0.470598
 
 Number of surface maxima:    72
   #       a.u.         eV      kcal/mol           X/Y/Z coordinate(Angstrom)
     1  0.20082093    5.464615  126.017142      -7.272711  -0.678149  -3.461413
     2  0.15227973    4.143742   95.557053      -6.633541  -2.149379  -2.963088
     3  0.19204759    5.225881  120.511784      -6.502345  -3.860166  -2.832779
     4  0.22191007    6.038480  139.250790      -6.180666   4.041655  -0.632140
     5  0.16280440    4.430133  102.161391      -6.062242   0.218839  -2.912415
     6  0.21911921    5.962537  137.499496      -5.184038   1.704129  -2.567107
     7  0.18143766    4.937170  113.853945      -5.210049   2.999766   0.327909
     8  0.15195429    4.134887   95.352838      -4.959121  -3.883979  -2.068856
     9  0.21921437    5.965126  137.559211      -4.930912   2.078374   1.515091
    10  0.18315301    4.983847  114.930344      -5.008396   4.452257  -1.726275
    11  0.16860868    4.588075  105.803630      -4.812092  -1.367609  -1.262759
    12  0.17948815    4.884121  112.630610      -4.554714  -2.003612   2.056226
    13  0.22448683    6.108597  140.867733      -4.377615   5.372556  -2.973073
    14  0.11051944    3.007387   69.352055      -4.266600  -0.567784   1.521936
    15  0.11455633    3.117236   71.885246      -4.129055  -3.473739   1.128732
    16  0.16523224    4.496198  103.684881      -4.017307  -1.472199  -2.656393
    17  0.20017832    5.447129  125.613896      -3.689830  -4.543755  -1.287073
    18  0.10265839    2.793477   64.419167      -3.736163   3.115042   3.093413
    19  0.17100420    4.653261  107.306848      -3.385681  -4.990022   1.503618
    20  0.19745130    5.372923  123.902664      -3.355836   0.748017   3.278421
    21  0.25173611    6.850088  157.966928      -3.367257   1.669893   1.372917
    22  0.21374411    5.816273  134.126568      -3.096870   2.731494  -1.267257
    23  0.17906543    4.872618  112.365350      -2.812497  -3.349456  -0.992185
    24  0.16329261    4.443418  102.467747      -2.699041  -1.543763   0.307270
    25  0.19341436    5.263073  121.369448      -2.667068   2.655764   1.684629
    26  0.20841325    5.671213  130.781401      -2.792819   3.938221  -0.305666
    27  0.18814028    5.119557  118.059905      -2.760491   4.849140  -2.785727
    28  0.17023307    4.632277  106.822956      -2.561131  -0.705579  -0.469773
    29  0.22899668    6.231317  143.697707      -2.382679   1.008073  -1.256291
    30  0.17367129    4.725836  108.980473      -2.108655  -0.782983  -1.396658
    31  0.18903831    5.143994  118.623429      -1.930082  -3.944850  -0.665458
    32  0.22694850    6.175583  142.412450      -1.874041   0.133665   1.681449
    33  0.08336954    2.268601   52.315220      -1.629446  -2.686053   3.506933
    34  0.22930456    6.239694  143.890903      -1.606293   1.955779   2.600161
    35  0.18516896    5.038704  116.195376      -1.459793  -2.139508  -1.793541
    36  0.07858064    2.138288   49.310137      -1.225771   0.099196   4.180498
    37  0.25044923    6.815070  157.159394      -1.261912   1.491877  -0.388209
    38  0.15332578    4.172207   96.213459      -1.030345  -0.707221   1.116934
    39  0.24172802    6.577754  151.686747      -1.069402   4.621982  -3.116484
    40  0.16908170    4.600947  106.100460      -0.866679  -2.569451   0.452545
    41  0.25494158    6.937313  159.978393      -0.779597   2.662783   0.518109
    42  0.22698276    6.176515  142.433954      -0.711776   3.666604  -2.041445
    43  0.19001191    5.170487  119.234372      -0.154726  -0.023771   0.095753
    44  0.14679858    3.994593   92.117579       0.067893  -2.037282   3.997877
    45  0.15154389    4.123719   95.095304       0.193297  -1.773316  -0.774735
    46  0.13677168    3.721747   85.825596       0.469349  -0.974314   2.305143
    47  0.04847790    1.319151   30.420369       0.732154  -4.873546  -0.761429
    48  0.10212648    2.779003   64.085390       0.883826  -2.832600   1.666529
*   49  0.27151244    7.388229  170.376770       0.804164   3.526197  -2.263841
    50  0.23568189    6.413230  147.892741       1.248930   2.856563  -0.605673
    51  0.17083007    4.648523  107.197578       1.539299  -0.175878   0.720387
    52  0.12609833    3.431310   79.127964       1.830011  -1.881203   0.180991
    53  0.06702515    1.823847   42.058949       1.951273  -2.416386  -2.848624
    54  0.26567572    7.229404  166.714174       2.100571   4.095516   0.609801
    55  0.19722246    5.366696  123.759067       2.795516  -1.567466  -0.602892
    56  0.22347814    6.081149  140.234767       2.998950   0.899475   0.450110
    57  0.24524578    6.673477  153.894180       3.025516   1.277194  -1.068238
    58  0.22004704    5.987785  138.081721       3.177870  -0.574926  -2.271433
    59  0.21515465    5.854656  135.011692       3.533848   3.540706   0.463713
    60  0.05699001    1.550777   35.761801       3.606219  -1.247913   2.545319
    61  0.17730966    4.824841  111.263587       4.184939  -2.507187  -2.138270
    62  0.22972224    6.251060  144.153000       4.458276   4.711598   0.982545
    63  0.22537842    6.132859  141.427210       4.853780  -0.839515  -0.859266
    64  0.18496738    5.033218  116.068881       5.243294   1.478822   0.720051
    65  0.19216208    5.228996  120.583625       5.375588   1.938665  -0.789599
    66  0.08794888    2.393211   55.188799       5.393691  -0.704308  -3.259815
    67  0.17263121    4.697534  108.327812       5.929562   4.065475   0.743870
    68  0.19435928    5.288785  121.962391       6.459657  -1.205313  -0.983527
    69  0.15708516    4.274505   98.572507       7.228876   0.087825  -0.470375
    70  0.20805040    5.661339  130.553708       7.645510   3.942088   0.869498
    71  0.16248223    4.421366  101.959224       7.772742   2.346796   0.332537
    72  0.19973706    5.435122  125.337004       8.548366   0.886718  -0.071438
