 Number of surface minima:    52
   #       a.u.         eV      kcal/mol           X/Y/Z coordinate(Angstrom)
     1  0.14222577    3.870160   89.248093      -6.674459   1.581607  -1.145497
     2  0.12928228    3.517950   81.125925      -6.570271  -0.383731  -0.458254
     3  0.12712450    3.459234   79.771895      -6.172340  -0.962024  -2.595941
     4  0.13877054    3.776139   87.079904      -6.215077   1.009433  -3.138077
     5  0.12320530    3.352587   77.312560      -5.861951   0.702425  -0.420354
     6  0.12031333    3.273892   75.497821      -5.508791  -0.251257  -0.061811
     7  0.11874340    3.231172   74.512673      -5.318696  -0.087725  -2.894159
     8  0.13379820    3.640834   83.959706      -5.255988   1.729872  -0.608915
     9  0.11673824    3.176609   73.254415      -4.934444  -1.014776  -2.535883
    10  0.13727777    3.735518   86.143173      -4.568507  -1.985330  -1.937896
    11  0.12618391    3.433639   79.181668      -4.686855   0.954535  -3.059945
    12  0.13952648    3.796709   87.554264      -4.275696   1.753767  -0.400317
    13  0.13543675    3.685421   84.987916      -4.181564  -0.249644   0.209003
    14  0.12647039    3.441434   79.361435      -3.631690   1.010843  -2.872077
    15  0.12822604    3.489208   80.463122      -3.617252  -0.907918  -2.276872
    16  0.01292569    0.351726    8.110999      -3.109441  -0.264019   3.967770
    17  0.13392956    3.644409   84.042136      -3.084052  -0.091282  -2.405623
    18  0.21190160    5.766136  132.970373      -2.666271   2.960938   0.785512
    19  0.02999421    0.816184   18.821666      -1.779570  -3.784959   3.078231
    20  0.06204373    1.688296   38.933059      -1.824638  -1.831248   2.223490
    21  0.20486811    5.574745  128.556788      -1.898637   2.012557   0.506088
    22  0.14159337    3.852952   88.851257      -1.719900  -2.095836   0.563334
    23  0.21268189    5.787369  133.460015      -1.678832   3.189828  -0.173056
    24  0.20664920    5.623211  129.674437      -1.672624   3.937139   2.435516
    25  0.21765158    5.922601  136.578542      -1.442735   4.489145  -0.614738
    26  0.13531598    3.682135   84.912132      -1.369684  -2.208816  -0.802213
    27  0.03121114    0.849298   19.585301      -1.118099  -4.025564   0.426056
    28  0.20205433    5.498178  126.791115      -0.740968   3.056717   2.585804
    29  0.09330084    2.538845   58.547209      -0.456627   0.216877  -1.284747
    30  0.21260108    5.785170  133.409304      -0.532031   3.353588  -0.894683
    31  0.20464273    5.568612  128.415360      -0.491765   4.242047   1.895195
    32  0.21283103    5.791427  133.553597      -0.476735   5.269145   1.121636
    33  0.21199562    5.768694  133.029371       0.274738   2.339770  -0.881679
    34  0.02426771    0.660358   15.228231       0.363195  -3.395457   1.964356
    35  0.22343909    6.080087  140.210263       0.569357   3.711275  -1.405429
    36  0.21101909    5.742121  132.416587       0.575232   4.376645   1.247175
    37  0.22348268    6.081273  140.237619       1.249028   3.456550   1.292691
    38  0.04440799    1.208403   27.866458       1.325454  -0.975227  -1.947673
    39  0.05706288    1.552760   35.807530       1.466442   0.153167   2.559027
    40  0.00474343    0.129075    2.976552       1.600445  -3.743005  -0.746622
    41  0.00862426    0.234678    5.411806       2.518668  -3.353959   0.833073
    42  0.19092432    5.195315  119.806921       3.216288   1.476110   1.094154
*   43 -0.01839097   -0.500444  -11.540518       3.649413  -3.280901  -3.196304
    44  0.20361080    5.540532  127.767815       4.040165   2.808972  -1.351888
    45  0.18842863    5.127404  118.240847       4.142589   0.883112  -2.338337
    46  0.18606297    5.063031  116.756371       4.359422   1.608404   0.954001
    47  0.19213991    5.228393  120.569716       4.706169   2.009605  -1.870265
    48  0.17689151    4.813463  111.001190       4.966917   0.688184   0.369686
    49  0.18819275    5.120985  118.092830       5.333000   0.814638  -2.334269
    50  0.20185546    5.492766  126.666317       5.496616   2.799053  -1.291020
    51  0.17777830    4.837594  111.557663       5.631876  -0.101169  -0.426394
    52  0.19379175    5.273342  121.606260       5.735014   1.857766   0.572346
 
 Number of surface maxima:    56
   #       a.u.         eV      kcal/mol           X/Y/Z coordinate(Angstrom)
     1  0.19895363    5.413804  124.845393      -7.309053  -1.152099  -1.596968
     2  0.20739089    5.643393  130.139857      -7.124814   2.005287  -2.429884
     3  0.16025247    4.360691  100.560028      -6.877365   0.447641  -1.948245
     4  0.16076460    4.374627  100.881393      -5.716826  -1.685262  -1.062985
     5  0.17147927    4.666188  107.604957      -5.485999   2.538465  -2.274057
     6  0.21073429    5.734372  132.237875      -4.516627  -2.703841  -0.516417
     7  0.18286128    4.975909  114.747283      -4.545989   0.683928  -0.694838
     8  0.17814313    4.847521  111.786594      -4.293162   0.224337  -2.203347
     9  0.22601002    6.150045  141.823547      -4.197683   3.588349  -2.275837
    10  0.17489475    4.759128  109.748202      -3.802519  -3.958933   1.275456
    11  0.19375102    5.272233  121.580702      -3.378201  -1.704180  -0.273330
    12  0.27755249    7.552587  174.166961      -3.033966   3.857407   1.826607
    13  0.20091385    5.467144  126.075449      -2.738850  -2.638625  -0.161904
    14  0.20291249    5.521530  127.329615      -2.567164  -0.772717   0.652113
    15  0.24750136    6.734855  155.309579      -2.309404   2.402361   2.091747
    16  0.19325616    5.258767  121.270171      -2.226505   0.544945  -0.299910
    17  0.18655692    5.076472  117.066331      -1.910400   0.286101  -1.348834
    18  0.19381731    5.274037  121.622299      -1.810012  -1.309738  -1.655725
    19  0.24208965    6.587594  151.913674      -1.909720   4.521360   0.902401
    20  0.12791140    3.480646   80.265681      -1.685376  -2.364821   0.622925
    21  0.25181058    6.852114  158.013654      -1.595050   2.057513  -1.322841
    22  0.14726000    4.007148   92.407123      -1.415564  -5.980084   1.814178
    23  0.22497737    6.121945  141.175547      -1.246625   3.860692  -0.686433
    24  0.28154633    7.661265  176.673138      -1.111568   5.741679  -0.142921
    25  0.22519613    6.127898  141.312826      -0.956373   0.611003   1.226089
    26  0.21326029    5.803108  133.822966      -1.096109   3.877900   2.364538
    27  0.18053105    4.912500  113.285038      -0.913455  -1.891192   0.077696
    28  0.16716006    4.548657  104.894610      -0.652183  -0.508305   1.165136
    29  0.07913577    2.153394   49.658489      -0.521963  -4.344839   1.929443
    30  0.28843035    7.848589  180.992927      -0.485129   2.388071   0.182112
    31  0.15981126    4.348686  100.283166      -0.130348  -1.240380   3.475829
    32  0.22734157    6.186279  142.659110      -0.087440   1.460876   2.555340
    33  0.05676720    1.544714   35.621986       0.055133  -3.826210  -2.156078
    34  0.16449939    4.476256  103.225013       0.179485  -0.917324  -1.131765
    35  0.20723881    5.639255  130.044425       0.232385   0.576421   0.115431
    36  0.28871816    7.856421  181.173532       0.264891   2.991394   1.429724
    37  0.25019523    6.808158  157.000006       0.317956   4.877340  -0.422396
    38  0.11306384    3.076624   70.948690       0.979237  -2.786838   0.759321
    39  0.16005738    4.355383  100.437609       0.975925  -1.047610   1.918706
    40  0.13701295    3.728312   85.976998       1.868338  -1.566659  -0.554690
    41  0.19418254    5.283976  121.851485       1.904414   0.018978   0.494253
*   42  0.30016940    8.168025  188.359298       1.811280   4.524895  -1.069153
    43  0.28233986    7.682858  177.171086       2.151468   3.324392  -0.052214
    44  0.21494331    5.848905  134.879076       2.607019   0.172881  -2.109905
    45  0.18923922    5.149461  118.749505       2.718436  -0.905187  -0.630735
    46  0.27922945    7.598220  175.219274       3.366333   1.608404  -1.242352
    47  0.29482951    8.022719  185.008464       3.365904   4.190723   0.873626
    48  0.26391180    7.181405  165.607294       3.657679   0.946933   0.136763
    49  0.06991097    1.902374   43.869830       4.005669  -1.840583   1.541681
    50  0.23859551    6.492514  149.721067       4.619520   3.377194   0.288039
    51  0.21867560    5.950466  137.221128       4.828524  -0.366923  -1.988262
    52  0.19732914    5.369599  123.826008       4.860878   1.343816  -2.224438
    53  0.21862445    5.949074  137.189031       4.912019  -0.508305  -1.745339
    54  0.22175458    6.034249  139.153218       5.984938   1.600045  -0.979366
    55  0.26594941    7.236852  166.885916       6.283315   3.061606  -0.162347
    56  0.25348345    6.897635  159.063397       6.422677   0.235168  -1.663338
