 Number of surface minima:    63
   #       a.u.         eV      kcal/mol           X/Y/Z coordinate(Angstrom)
     1  0.16709232    4.546813  104.852102      -6.204922   0.199113  -1.751644
     2  0.15771661    4.291687   98.968749      -5.773502  -1.569359  -0.693290
     3  0.15078197    4.102986   94.617195      -5.582530  -0.381398  -0.633788
     4  0.16032317    4.362615  100.604391      -5.252160   0.905969  -0.759803
     5  0.15441306    4.201793   96.895738      -5.053353  -0.958397   0.021717
     6  0.09879266    2.688285   61.993382      -5.016218  -3.488390   2.349479
     7  0.10385149    2.825943   65.167850      -4.852822  -1.805698   2.614068
     8  0.16125384    4.387940  101.188398      -4.788764  -0.245556  -3.270834
     9  0.10018055    2.726051   62.864298      -4.596177  -5.052763  -0.031818
    10  0.13803206    3.756043   86.616495      -3.838547  -1.008462  -2.517744
    11  0.14644855    3.985068   91.897932      -3.465821   0.291298  -2.593188
    12  0.09524392    2.591719   59.766514      -3.420810  -2.709138   3.055962
    13  0.13304678    3.620387   83.488185      -3.257250  -1.597127  -1.807661
    14  0.09203533    2.504409   57.753091      -2.804350  -4.812385  -0.921796
    15  0.10725425    2.918537   67.303114      -2.806465  -1.674509   1.831081
    16  0.14767639    4.018479   92.668414      -2.659185   0.700069  -2.022375
    17  0.14472363    3.938130   90.815524      -2.383209   2.318204   1.323992
    18  0.16230767    4.416616  101.849688      -2.401929   4.284314  -0.809545
    19  0.14456339    3.933770   90.714975      -2.291560   3.338566   1.641920
    20  0.16082662    4.376315  100.920314      -2.178466   4.795264   1.895346
    21  0.16890004    4.596004  105.986467      -2.225613   5.520048  -0.164112
    22  0.03252609    0.885080   20.410444      -1.989287   0.062091   2.113275
    23  0.10600358    2.884504   66.518309      -1.991609  -2.728080  -0.403411
    24  0.15335015    4.172870   96.228752      -1.351925   4.811766  -0.694195
    25  0.13688248    3.724762   85.895123      -1.108919   3.882957   1.771347
    26  0.15771384    4.291612   98.967013      -0.401519   4.294741  -0.911232
    27  0.03477689    0.946327   21.822843      -0.290758  -3.189847  -0.957878
    28  0.03606542    0.981390   22.631413      -0.261895  -0.747344  -2.625250
    29  0.03914168    1.065099   24.561794      -0.387995   0.476686  -1.874465
    30  0.13236595    3.601861   83.060958      -0.287935   3.360030   1.553707
    31  0.16048100    4.366910  100.703433      -0.290758   5.338194  -0.365474
    32  0.04514306    1.228405   28.327723      -0.024644  -3.260461   0.497563
*   33  0.01203229    0.327415    7.550382       0.697827  -0.350461   3.338065
    34  0.03349032    0.911318   21.015511       1.103424  -1.734459   2.553013
    35  0.11267737    3.066107   70.706178       1.143163   1.719319  -1.487055
    36  0.11061621    3.010020   69.412780       1.092409   3.353779  -2.882069
    37  0.04163291    1.132889   26.125065       1.296774  -4.186996   2.418960
    38  0.10792297    2.936733   67.722746       1.332209   1.929350   1.069843
    39  0.08875017    2.415015   55.691620       1.561362   0.634404  -0.634484
    40  0.09073083    2.468911   56.934501       1.796048  -3.142339   0.050043
    41  0.04612438    1.255108   28.943509       2.102302   0.199645   1.166297
    42  0.11193727    3.045968   70.241753       2.313461   5.003808   1.676061
    43  0.10560932    2.873776   66.270902       2.351512   2.158312  -2.553555
    44  0.08658559    2.356114   54.333327       2.566081  -2.256217   1.264680
    45  0.10761161    2.928261   67.527360       2.673208   4.068742  -2.280821
    46  0.10282334    2.797965   64.522676       3.146495   3.627268   1.819044
    47  0.10907775    2.968156   68.447377       3.355660   4.883489   0.365065
    48  0.11458054    3.117895   71.900434       4.208799  -0.076374   1.550403
    49  0.11318923    3.080036   71.027376       4.342692  -0.610082  -1.888740
    50  0.11456270    3.117410   71.889238       4.307788   0.178716  -1.283285
    51  0.10897424    2.965340   68.382423       4.465010  -2.181158   0.217804
    52  0.10693247    2.909780   67.101194       4.466729  -1.273122   0.890658
    53  0.10370438    2.821940   65.075537       5.270279   0.829551  -0.941203
    54  0.09628370    2.620013   60.418987       5.421937  -0.747344   1.209193
    55  0.10099207    2.748134   63.373535       5.497587  -1.011933  -2.351487
    56  0.09921059    2.699658   62.255640       5.641597  -2.599464  -0.207336
    57  0.10359685    2.819014   65.008062       6.112671   0.443305  -1.301459
    58  0.09937110    2.704025   62.356361       6.336980  -0.996332   0.912240
    59  0.10063019    2.738287   63.146453       6.298141  -0.541173  -2.074650
    60  0.11271239    3.067060   70.728155       6.483168  -1.541110  -2.628009
    61  0.09821772    2.672640   61.632604       6.527032  -2.131801   0.038963
    62  0.11883877    3.233768   74.572519       7.514606  -0.085873  -1.572733
    63  0.11683897    3.179350   73.317620       7.684595  -1.276521   0.270465
 
 Number of surface maxima:    78
   #       a.u.         eV      kcal/mol           X/Y/Z coordinate(Angstrom)
     1  0.23295532    6.339036  146.181790      -6.176214   0.311010  -3.139093
     2  0.17063140    4.643116  107.072909      -5.895879  -2.349113   1.396106
     3  0.22604118    6.150893  141.843101      -5.718649  -2.600215  -1.754248
     4  0.17603139    4.790058  110.461458      -5.653890  -3.657819  -0.725226
     5  0.18738689    5.099057  117.587146      -5.700085  -0.997212  -2.268365
     6  0.19869936    5.406884  124.685833      -5.070089   1.369365  -2.462240
     7  0.11133380    3.029547   69.863071      -4.656470  -2.579959   2.918069
     8  0.18414685    5.010891  115.553989      -4.735455  -2.281566  -0.296407
     9  0.25127483    6.837536  157.677472      -4.657889   3.392449   0.356249
    10  0.13356831    3.634578   83.815449      -4.458930  -3.724867   0.894242
*   11  0.25227502    6.864752  158.305099      -4.260193   2.816841  -2.273158
    12  0.11158392    3.036353   70.020026      -4.227741  -4.967060  -1.060633
    13  0.16764046    4.561729  105.196062      -4.134807  -2.613092  -1.264389
    14  0.22808747    6.206576  143.127167      -4.247664   0.039695  -0.299311
    15  0.22423397    6.101717  140.709057      -3.776423   2.295425  -0.450330
    16  0.15867861    4.317865   99.572416      -3.626710  -4.236496   2.614068
    17  0.18222526    4.958602  114.348173      -3.630035  -1.021678   0.979743
    18  0.22553412    6.137095  141.524915      -3.645040   2.427719  -0.712542
    19  0.15724203    4.278773   98.670945      -3.496452  -1.065088   2.736546
    20  0.19841482    5.399142  124.507285      -3.542525   4.412134   0.629653
    21  0.15797430    4.298699   99.130454      -3.231416  -5.371385   0.623373
    22  0.21622897    5.883889  135.685841      -3.170212  -0.327514  -1.448443
    23  0.15762827    4.289283   98.913318      -3.092864  -3.930027  -2.181694
    24  0.13495537    3.672322   84.685846      -3.028668  -3.790113   1.066807
    25  0.23367181    6.358533  146.631398      -2.828069   5.969384   1.147036
    26  0.16317161    4.440125  102.391820      -2.120327  -1.551046  -0.152118
    27  0.14870729    4.046531   93.315309      -1.551232  -2.996347   0.865364
    28  0.16961452    4.615446  106.434807      -1.481407  -0.242431  -0.607453
    29  0.23017160    6.263288  144.434980      -1.481407   3.353779  -0.613304
    30  0.21619656    5.883008  135.665502      -1.341469   2.830714   0.904279
    31  0.16773139    4.564203  105.253124      -1.257492  -2.485470   2.746362
    32  0.18861254    5.132408  118.356253      -1.245495   5.555740   0.884238
    33  0.14413915    3.922226   90.448757      -1.175725  -1.764605   0.384830
    34  0.06625447    1.802876   41.575339      -0.906817  -2.554051  -2.632291
    35  0.14479069    3.939955   90.857606      -0.819935  -0.725764   1.859525
    36  0.16910383    4.601549  106.114342      -0.949556   0.974121   0.761231
    37  0.18654631    5.076183  117.059676      -0.047105   2.948538  -1.255653
    38  0.18680687    5.083274  117.223181       0.107702   2.567404  -1.208102
    39  0.22858520    6.220120  143.439502       0.344290   5.816916   0.882597
    40  0.16230432    4.416525  101.847582       0.418006   1.766248   0.512317
    41  0.05518462    1.501650   34.628903       0.599020   1.837240   3.265806
    42  0.15218786    4.141242   95.499403       0.636474  -0.216943  -0.955661
    43  0.16410468    4.465516  102.977330       0.744839   1.973792  -2.734748
    44  0.17069145    4.644751  107.110591       0.749055   4.139657   1.018974
    45  0.18764146    5.105984  117.746890       0.742251   4.348060  -0.164112
    46  0.14961688    4.071282   93.886088       0.850050   0.790347   0.472924
    47  0.16925510    4.605665  106.209265       1.020238  -1.691464  -0.035524
    48  0.11754855    3.198659   73.762890       1.200540  -0.728304   1.459480
    49  0.17595879    4.788082  110.415899       1.231517   4.876054  -2.148527
    50  0.13930073    3.790566   87.412602       1.402921   1.175378   0.365065
    51  0.13393717    3.644616   84.046913       1.714148  -1.805698   0.650145
    52  0.16092498    4.378991  100.982036       1.825951   3.915414   2.547144
    53  0.18111142    4.928292  113.649225       1.840113   5.729172   0.116103
    54  0.19291103    5.249376  121.053598       2.112387  -2.687062  -1.574653
    55  0.11962521    3.255168   75.066017       2.119701   3.245545  -2.906081
    56  0.17163779    4.670502  107.704428       2.370771  -5.094140   0.111175
    57  0.18386980    5.003352  115.380141       2.361557  -0.604846  -1.600701
    58  0.15977464    4.347689  100.260187       2.417526   1.501659   0.295169
    59  0.14187720    3.860675   89.029360       2.543120   4.070948  -0.693290
    60  0.15081485    4.103881   94.637825       2.773120  -1.673404   0.674775
    61  0.14783793    4.022875   92.769781       2.787632   2.713012  -0.288395
    62  0.11889961    3.235423   74.610695       2.989506   4.873935   1.356043
    63  0.14941888    4.065894   93.761841       3.164704  -0.603154   0.650409
    64  0.17738827    4.826980  111.312911       3.172070  -2.179199  -1.479438
    65  0.19074488    5.190432  119.694317       3.665710   1.322635   1.138317
    66  0.17162552    4.670168  107.696732       3.649607   2.816228  -1.769189
    67  0.16785785    4.567644  105.332477       3.812010  -3.391078   2.349942
    68  0.19884525    5.410854  124.777381       3.914823  -3.326459  -2.214050
    69  0.17427272    4.742202  109.357872       4.088774   3.494259   0.367973
    70  0.14644145    3.984874   91.893472       5.146684   1.120785   0.904838
    71  0.15484032    4.213419   97.163848       5.290358  -0.439011  -1.222467
    72  0.15267438    4.154481   95.804698       5.397897  -1.330886   0.100476
    73  0.14643778    3.984775   91.891174       5.502764  -2.903403  -2.026616
    74  0.18807691    5.117833  118.020139       6.780024   1.560843   1.085721
    75  0.18534668    5.043540  116.306895       7.142943  -2.949406  -2.380653
    76  0.14267011    3.882251   89.526920       7.406672   0.334097   0.119777
    77  0.14137666    3.847055   88.715269       7.576377  -1.673404  -1.354761
    78  0.18602982    5.062129  116.735572       8.590009  -0.470497  -0.682519
